data/trial7/ashley.rci
NCOLS 382
NROWS 266
XLLCORNER 157819.328125
YLLCORNER 384678.625000
CELLSIZE 30.000000
NODATA_VALUE -1
[rows 208 to 233 of 266, columns 180 to 239 of 382]
00495.583 00606.050 00359.520 00096.084 00315.923 00170.820 00517.900 00364.075 00136.211 00132.708 00135.463 00137.833 00139.079 00139.386 00226.142 00383.800 00455.694 00611.735 00594.698 00583.610 00546.131 00485.814 00454.744 00577.670 00599.204 00519.606 00134.235 00334.212 00167.598 00434.327 00633.305 00392.396 00618.938 00329.613 00541.914 00294.482 00580.864 00420.419 00259.996 00543.187 00234.299 00476.990 00249.889 00505.686 00264.081 00525.704 00316.845 00610.497 00410.523 00208.797 00541.637 00409.314 00283.205 00148.464 00481.146 00321.856 00163.976 00481.373 00138.040 00136.122
00396.777 00559.013 00306.056 00482.498 00220.428 00462.205 00314.891 00163.173 00476.006 00279.719 00546.736 00129.998 00132.058 00132.107 00131.930 00141.157 00613.759 00605.108 00590.829 00570.062 00533.818 00441.125 00476.220 00580.615 00600.887 00290.382 00132.716 00141.046 00526.662 00369.123 00632.289 00431.154 00207.930 00457.273 00204.091 00482.799 00289.579 00603.297 00455.237 00305.904 00153.521 00345.412 00560.365 00328.066 00585.471 00352.741 00618.838 00428.470 00243.509 00534.288 00320.663 00610.173 00465.329 00319.918 00177.919 00138.094 00136.564 00135.123 00133.602 00131.407
00300.770 00504.651 00259.273 00461.640 00201.307 00395.600 00193.583 00490.945 00334.440 00157.618 00453.471 00243.880 00501.207 00257.533 00518.257 00373.740 00603.613 00596.367 00584.295 00550.485 00503.234 00397.416 00418.466 00413.134 00441.881 00450.744 00500.019 00132.972 00137.423 00291.304 00602.653 00455.211 00270.132 00554.623 00342.052 00617.353 00448.363 00283.669 00616.254 00474.141 00511.847 00228.944 00442.149 00173.882 00407.032 00145.336 00402.639 00172.511 00453.706 00248.043 00530.556 00139.269 00137.684 00136.239 00134.342 00132.666 00130.426 00170.191 00226.024 00555.121
00209.228 00451.577 00213.262 00427.009 00618.144 00390.232 00117.696 00441.578 00258.987 00544.755 00375.591 00193.298 00485.967 00289.282 00574.203 00334.332 00125.554 00579.533 00560.766 00529.160 00451.973 00287.879 00427.782 00088.116 00582.499 00128.363 00486.871 00223.536 00130.365 00135.058 00138.419 00249.487 00426.266 00603.789 00420.212 00237.106 00479.541 00190.681 00380.441 00566.022 00286.584 00492.892 00202.669 00421.757 00156.739 00381.131 00138.809 00137.874 00137.069 00136.118 00134.643 00133.069 00131.907 00130.199 00405.186 00328.826 00178.168 00508.463 00350.215 00191.803
00578.925 00399.561 00168.896 00392.140 00606.191 00405.429 00194.020 00437.369 00202.635 00540.000 00364.335 00178.158 00483.277 00314.432 00144.975 00449.526 00266.761 00092.310 00531.231 00379.553 00210.192 00584.375 00558.370 00332.737 00507.968 00365.968 00215.807 00550.159 00400.463 00219.566 00130.850 00133.479 00135.829 00137.905 00138.678 00139.580 00600.513 00139.633 00138.963 00139.004 00138.749 00138.260 00137.219 00136.351 00135.571 00134.743 00133.404 00131.506 00130.477 00129.184 00372.335 00203.345 00489.287 00293.621 00591.624 00438.302 00282.089 00125.676 00458.259 00302.491
00483.392 00306.944 00605.146 00357.445 00550.224 00403.454 00198.027 00375.843 00482.903 00148.676 00398.524 00121.901 00461.501 00153.318 00324.770 00514.490 00383.250 00242.898 00530.796 00581.706 00563.106 00626.606 00634.573 00629.487 00450.746 00236.665 00525.317 00388.767 00247.750 00571.511 00380.987 00174.719 00428.802 00129.794 00131.301 00132.342 00133.314 00133.039 00132.715 00132.401 00132.356 00131.595 00130.711 00129.130 00359.475 00310.383 00552.577 00272.862 00501.090 00260.409 00522.610 00324.046 00126.928 00422.442 00234.406 00542.123 00383.651 00222.673 00543.064 00382.143
00394.500 00217.918 00515.234 00308.236 00516.287 00631.198 00258.006 00426.839 00592.979 00224.953 00336.553 00444.352 00545.965 00313.906 00492.564 00255.842 00486.259 00366.917 00250.655 00621.835 00629.584 00639.150 00640.526 00592.982 00487.834 00229.752 00464.621 00308.750 00122.776 00451.258 00277.199 00576.707 00354.864 00122.656 00350.161 00571.718 00310.979 00540.451 00294.641 00524.475 00231.861 00466.542 00238.051 00465.257 00165.868 00415.909 00190.366 00417.988 00143.108 00386.768 00146.957 00431.499 00240.906 00539.100 00351.000 00161.132 00467.576 00297.241 00115.386 00400.152
00355.155 00631.165 00428.762 00225.094 00444.757 00612.539 00282.767 00470.696 00198.923 00329.605 00451.284 00579.240 00269.301 00469.573 00228.633 00454.941 00204.209 00520.439 00167.463 00551.027 00638.119 00639.975 00157.551 00384.331 00600.921 00198.719 00359.935 00479.367 00098.787 00404.396 00212.601 00490.220 00283.977 00554.969 00314.092 00557.860 00323.278 00573.470 00336.327 00586.477 00299.099 00523.476 00309.079 00582.383 00283.067 00502.101 00286.645 00556.009 00385.964 00508.306 00282.328 00525.368 00331.658 00140.808 00433.719 00091.632 00157.758 00427.710 00311.203 00185.286
00317.228 00597.593 00362.646 00632.857 00340.386 00554.762 00299.329 00510.185 00261.031 00429.605 00560.500 00210.809 00407.998 00606.498 00382.951 00158.802 00403.287 00169.727 00414.315 00207.446 00636.665 00641.264 00645.312 00215.615 00465.359 00623.211 00365.673 00523.168 00202.665 00408.849 00191.270 00501.096 00283.128 00543.513 00307.089 00554.915 00332.400 00109.709 00372.783 00149.543 00368.826 00574.162 00374.166 00175.154 00409.403 00114.072 00380.949 00173.574 00545.905 00516.522 00510.727 00514.494 00258.897 00033.712 00593.136 00504.404 00344.615 00600.453 00467.372 00330.137
00281.253 00565.758 00335.284 00566.828 00241.042 00493.318 00255.290 00522.416 00312.463 00523.797 00181.572 00325.375 00516.564 00266.833 00516.212 00306.594 00574.333 00356.023 00620.183 00443.234 00296.465 00179.799 00640.920 00643.454 00368.213 00591.829 00362.570 00566.757 00249.894 00489.315 00291.260 00531.841 00344.747 00089.263 00329.817 00114.899 00386.441 00175.792 00444.114 00223.273 00471.685 00192.895 00439.789 00242.665 00039.848 00155.574 00239.931 00439.357 00476.334 00397.278 00288.297 00298.620 00235.040 00560.477 00507.375 00261.585 00580.240 00393.205 00609.364 00472.447
00248.774 00535.557 00309.386 00539.283 00202.667 00442.818 00217.790 00509.506 00313.177 00570.255 00259.862 00431.710 00603.036 00381.608 00631.377 00435.870 00238.922 00521.011 00320.340 00612.873 00482.778 00609.918 00422.460 00325.972 00289.797 00564.682 00359.122 00598.696 00310.965 00459.436 00359.887 00169.951 00431.384 00215.320 00439.082 00251.639 00481.155 00305.257 00530.303 00358.040 00184.789 00374.300 00547.334 00395.962 00240.392 00439.214 00555.466 00373.632 00206.926 00400.877 00180.672 00579.419 00604.298 00606.648 00592.301 00409.020 00336.187 00526.105 00312.819 00597.497
00277.779 00511.146 00284.604 00513.669 00184.379 00445.612 00202.202 00498.251 00313.038 00588.524 00286.909 00473.814 00173.492 00462.530 00264.130 00548.508 00364.184 00178.856 00478.879 00294.795 00587.220 00380.388 00202.141 00541.824 00394.899 00524.140 00355.424 00623.996 00358.755 00544.904 00204.607 00316.291 00516.671 00309.977 00574.556 00369.085 00162.069 00437.090 00238.448 00513.992 00320.823 00593.979 00322.418 00560.306 00387.077 00213.245 00335.763 00507.778 00311.303 00583.888 00313.399 00627.937 00632.028 00635.643 00638.133 00640.959 00511.183 00192.017 00458.641 00259.032
00229.383 00489.486 00262.876 00489.455 00167.433 00445.492 00213.910 00379.558 00327.021 00606.107 00315.625 00512.259 00221.189 00375.785 00331.035 00629.875 00458.440 00285.654 00600.661 00430.908 00262.247 00580.896 00424.227 00286.366 00159.040 00386.509 00482.272 00632.636 00399.017 00616.241 00302.730 00439.760 00594.110 00398.667 00197.595 00478.520 00281.362 00563.218 00374.114 00184.862 00472.001 00281.936 00541.732 00265.779 00528.431 00358.085 00188.440 00620.974 00241.711 00348.474 00629.264 00633.728 00641.055 00645.431 00647.157 00388.708 00545.383 00328.621 00560.971 00382.451
00185.206 00469.924 00244.547 00473.916 00659.631 00446.778 00223.617 00423.240 00566.893 00180.797 00372.372 00564.159 00264.653 00436.899 00586.652 00258.992 00424.361 00595.444 00266.412 00432.305 00607.859 00318.791 00589.610 00460.630 00344.334 00212.889 00417.303 00607.032 00398.000 00177.500 00386.945 00556.152 00202.992 00478.157 00288.391 00577.972 00390.357 00200.595 00498.646 00317.941 00616.246 00428.850 00240.433 00483.017 00206.303 00498.850 00332.120 00165.699 00457.249 00571.654 00290.377 00636.479 00642.805 00530.254 00441.981 00649.142 00650.587 00313.880 00553.567 00268.014
00667.154 00450.384 00228.303 00455.241 00642.346 00451.705 00234.270 00459.569 00637.247 00263.059 00443.928 00643.531 00346.833 00522.526 00167.031 00361.947 00559.081 00276.347 00457.838 00623.757 00312.337 00531.282 00296.898 00601.838 00459.230 00264.571 00423.314 00585.798 00385.693 00176.218 00412.628 00633.546 00310.797 00453.177 00577.780 00217.334 00489.957 00308.795 00610.449 00437.830 00264.706 00569.141 00383.539 00196.914 00421.047 00630.902 00467.832 00305.435 00497.672 00309.842 00638.975 00641.108 00254.295 00242.492 00318.447 00341.607 00373.126 00214.225 00560.046 00333.216
00633.726 00425.704 00210.108 00434.246 00623.728 00220.563 00244.135 00491.550 00197.075 00338.806 00512.277 00223.336 00428.837 00626.220 00276.272 00471.388 00188.354 00417.576 00645.447 00319.544 00499.302 00194.198 00464.521 00252.098 00558.123 00382.567 00202.123 00591.459 00380.090 00176.421 00429.384 00180.151 00360.737 00523.351 00188.475 00364.730 00584.229 00410.273 00234.599 00455.397 00603.425 00273.404 00522.460 00338.672 00638.188 00359.937 00598.044 00439.853 00282.311 00573.212 00269.955 00596.174 00480.278 00437.172 00168.689 00622.788 00584.295 00492.700 00570.832 00375.113
00610.702 00401.742 00189.564 00414.344 00604.835 00206.202 00335.944 00522.120 00245.393 00416.498 00578.732 00296.651 00508.622 00216.848 00382.456 00566.963 00304.916 00542.886 00293.292 00504.703 00183.662 00377.978 00602.741 00404.723 00208.879 00518.972 00333.433 00555.700 00410.306 00199.896 00455.237 00208.600 00406.170 00581.821 00258.639 00450.351 00644.662 00322.891 00476.176 00622.154 00293.376 00469.182 00167.173 00466.204 00282.951 00558.109 00279.382 00558.741 00405.845 00254.190 00523.595 00337.232 00168.519 00523.613 00427.435 00364.947 00316.102 00304.326 00437.963 00443.369
00586.694 00381.212 00172.066 00389.928 00587.508 00196.205 00352.640 00549.026 00282.433 00479.385 00646.942 00369.971 00589.289 00298.262 00484.144 00650.727 00406.300 00654.431 00419.355 00181.572 00369.090 00558.260 00263.235 00537.889 00353.126 00170.213 00484.334 00530.281 00204.140 00235.742 00507.394 00266.486 00474.235 00645.547 00326.111 00524.459 00246.957 00443.134 00627.925 00288.856 00449.125 00623.812 00346.902 00586.710 00403.102 00221.927 00467.103 00185.585 00387.870 00591.521 00319.829 00389.688 00575.737 00312.010 00627.643 00552.510 00263.214 00584.779 00421.815 00299.863
00562.830 00359.510 00654.780 00372.133 00563.864 00189.645 00368.655 00573.182 00316.896 00533.487 00191.203 00426.507 00663.708 00377.524 00588.896 00256.209 00498.512 00262.610 00530.605 00305.043 00547.420 00235.943 00441.643 00656.736 00480.472 00305.878 00602.810 00232.293 00251.813 00376.118 00558.009 00324.394 00560.106 00244.492 00425.069 00610.610 00337.707 00552.266 00265.037 00440.187 00600.471 00286.854 00497.884 00237.544 00524.365 00344.170 00166.172 00376.810 00582.220 00310.088 00542.460 00300.889 00322.800 00559.746 00382.029 00207.398 00508.217 00332.297 00182.066 00456.300
00539.499 00337.864 00629.086 00349.231 00547.589 00183.764 00378.230 00596.017 00346.872 00584.144 00250.464 00480.620 00213.131 00442.969 00667.160 00348.710 00581.703 00358.605 00639.058 00421.760 00202.932 00416.115 00616.895 00332.947 00600.798 00431.234 00263.158 00485.905 00362.637 00431.451 00608.077 00379.538 00642.542 00334.251 00522.142 00212.867 00438.251 00171.471 00391.733 00598.967 00264.727 00442.869 00633.343 00386.767 00639.413 00461.241 00282.827 00562.005 00264.406 00484.338 00224.039 00478.246 00247.780 00226.421 00521.809 00360.885 00205.521 00535.205 00384.269 00250.642
00351.975 00316.688 00603.807 00326.925 00526.001 00173.646 00390.592 00608.345 00372.030 00632.758 00308.467 00533.386 00270.736 00507.060 00223.459 00428.760 00642.010 00428.945 00212.121 00511.231 00300.895 00566.564 00260.552 00482.440 00202.074 00531.445 00366.080 00201.746 00209.892 00475.160 00663.557 00434.706 00206.908 00421.085 00616.667 00315.194 00533.456 00275.307 00509.487 00240.747 00424.894 00596.377 00290.479 00520.607 00283.381 00571.460 00394.050 00215.863 00445.773 00640.892 00390.436 00639.091 00418.060 00199.579 00642.810 00492.131 00527.382 00250.425 00564.173 00432.043
00699.702 00421.653 00579.582 00305.100 00505.263 00669.421 00393.034 00626.044 00398.958 00668.112 00358.851 00582.261 00325.265 00570.267 00289.427 00505.307 00195.487 00492.501 00284.415 00589.703 00386.497 00182.403 00399.072 00615.300 00339.680 00556.555 00230.485 00434.738 00610.750 00499.412 00205.345 00485.740 00263.461 00510.250 00211.530 00414.953 00623.169 00374.647 00620.985 00360.789 00581.818 00254.950 00444.547 00644.813 00416.965 00188.466 00503.360 00326.280 00636.414 00326.052 00545.162 00303.732 00573.777 00362.542 00384.968 00543.703 00254.446 00494.023 00265.333 00595.395
00703.273 00434.692 00556.908 00284.833 00485.098 00660.185 00395.530 00635.252 00417.561 00193.470 00410.624 00620.641 00373.832 00622.476 00354.771 00581.713 00276.575 00554.446 00354.212 00663.218 00466.886 00269.246 00535.673 00237.514 00472.215 00201.638 00398.328 00602.157 00323.132 00544.920 00249.836 00527.535 00310.576 00580.177 00293.929 00513.281 00215.923 00470.866 00226.793 00476.548 00219.654 00413.182 00597.298 00296.873 00540.516 00320.101 00611.855 00435.957 00259.389 00517.934 00202.199 00456.804 00224.620 00513.590 00310.978 00275.376 00463.338 00186.195 00475.627 00279.407
00267.635 00702.055 00598.318 00281.393 00688.497 00680.131 00393.587 00641.980 00430.451 00212.288 00442.440 00658.482 00419.423 00175.975 00413.266 00646.062 00352.835 00608.089 00417.470 00220.996 00541.917 00350.921 00668.222 00373.973 00600.894 00335.488 00564.438 00246.022 00492.322 00177.754 00301.989 00568.151 00357.122 00649.336 00365.745 00591.243 00297.919 00549.404 00315.939 00587.271 00335.690 00572.750 00254.353 00454.925 00660.677 00445.304 00229.935 00546.696 00370.295 00192.477 00397.771 00605.899 00378.060 00660.768 00462.359 00264.719 00660.111 00383.653 00635.638 00441.752
00393.341 00196.996 00429.655 00351.993 00697.509 00696.904 00690.901 00658.893 00439.803 00228.008 00471.908 00184.801 00452.211 00215.054 00467.848 00207.293 00425.850 00630.976 00264.128 00400.541 00604.142 00423.156 00240.035 00500.510 00214.908 00459.015 00202.031 00406.803 00602.742 00283.678 00414.802 00607.641 00402.335 00194.351 00438.132 00669.326 00380.707 00619.123 00389.225 00669.651 00426.126 00181.037 00383.337 00584.774 00283.873 00549.959 00340.491 00647.025 00467.018 00286.556 00570.336 00245.546 00505.146 00279.689 00579.847 00382.121 00185.390 00539.280 00273.306 00570.294
00536.747 00295.789 00578.054 00699.695 00698.347 00701.670 00701.219 00606.801 00366.416 00277.027 00502.147 00221.447 00485.532 00250.513 00509.794 00251.776 00482.383 00199.370 00360.644 00517.041 00167.102 00495.281 00316.858 00625.014 00344.723 00579.311 00327.661 00563.985 00266.625 00424.463 00523.953 00637.738 00441.590 00244.083 00509.239 00232.084 00462.150 00173.840 00460.588 00232.662 00510.668 00271.204 00504.369 00192.448 00406.177 00638.240 00433.546 00228.446 00553.700 00373.964 00193.733 00402.300 00617.055 00396.357 00176.641 00494.431 00301.530 00179.481 00427.773 00172.545
