data/trial7/ashley.toa
NCOLS 382
NROWS 266
XLLCORNER 157819.328125
YLLCORNER 384678.625000
CELLSIZE 30.000000
NODATA_VALUE -1
[rows 234 to 259 of 266, columns 180 to 239 of 382]
00039.685 00039.250 00038.819 00038.617 00038.463 00038.620 00038.629 00038.089 00037.826 00037.708 00037.620 00037.552 00037.492 00037.437 00037.382 00037.330 00037.282 00037.236 00037.193 00037.153 00037.115 00037.097 00037.087 00037.078 00037.072 00037.068 00037.070 00037.073 00037.083 00037.096 00037.116 00037.018 00036.959 00036.901 00036.841 00036.781 00036.725 00036.675 00036.630 00036.586 00036.549 00036.526 00036.504 00036.483 00036.466 00036.452 00036.439 00036.428 00036.421 00036.432 00036.442 00036.445 00036.434 00036.442 00036.455 00036.469 00036.486 00036.503 00036.526 00036.548
00040.021 00039.619 00039.175 00038.996 00038.851 00038.882 00038.854 00038.242 00037.980 00037.863 00037.774 00037.707 00037.647 00037.592 00037.537 00037.484 00037.434 00037.389 00037.346 00037.305 00037.268 00037.243 00037.233 00037.224 00037.217 00037.213 00037.212 00037.215 00037.222 00037.233 00037.260 00037.184 00037.128 00037.075 00037.020 00036.961 00036.903 00036.853 00036.805 00036.762 00036.719 00036.696 00036.673 00036.652 00036.633 00036.618 00036.605 00036.594 00036.582 00036.587 00036.597 00036.608 00036.600 00036.596 00036.609 00036.622 00036.638 00036.655 00036.677 00036.696
00040.114 00039.961 00039.588 00039.417 00039.261 00039.196 00038.751 00038.340 00038.112 00038.015 00037.927 00037.860 00037.799 00037.745 00037.691 00037.637 00037.586 00037.541 00037.497 00037.456 00037.419 00037.387 00037.378 00037.368 00037.360 00037.355 00037.353 00037.356 00037.359 00037.370 00037.390 00037.346 00037.284 00037.234 00037.181 00037.128 00037.074 00037.028 00036.980 00036.937 00036.894 00036.865 00036.842 00036.820 00036.800 00036.784 00036.770 00036.758 00036.747 00036.742 00036.752 00036.762 00036.764 00036.754 00036.762 00036.775 00036.789 00036.806 00036.823 00036.844
00040.135 00040.109 00039.918 00039.724 00039.381 00039.011 00038.696 00038.396 00038.232 00038.141 00038.066 00038.011 00037.951 00037.898 00037.844 00037.791 00037.737 00037.692 00037.647 00037.607 00037.569 00037.533 00037.521 00037.511 00037.502 00037.497 00037.493 00037.495 00037.498 00037.506 00037.517 00037.508 00037.439 00037.389 00037.337 00037.284 00037.231 00037.185 00037.141 00037.103 00037.064 00037.032 00037.010 00036.987 00036.967 00036.949 00036.935 00036.922 00036.911 00036.900 00036.906 00036.916 00036.926 00036.918 00036.915 00036.928 00036.940 00036.956 00036.973 00036.990
00040.154 00040.202 00039.951 00039.613 00039.297 00038.993 00038.731 00038.459 00038.352 00038.258 00038.180 00038.131 00038.083 00038.040 00037.995 00037.943 00037.890 00037.843 00037.797 00037.756 00037.718 00037.683 00037.663 00037.654 00037.645 00037.638 00037.634 00037.633 00037.636 00037.642 00037.653 00037.670 00037.592 00037.543 00037.490 00037.437 00037.384 00037.338 00037.294 00037.255 00037.218 00037.184 00037.164 00037.144 00037.125 00037.107 00037.094 00037.081 00037.071 00037.060 00037.058 00037.067 00037.076 00037.077 00037.067 00037.077 00037.088 00037.101 00037.117 00037.132
00040.278 00040.273 00039.949 00039.638 00039.328 00039.034 00038.768 00038.584 00038.471 00038.374 00038.289 00038.241 00038.194 00038.155 00038.116 00038.077 00038.035 00037.993 00037.947 00037.905 00037.866 00037.831 00037.805 00037.795 00037.786 00037.778 00037.774 00037.771 00037.774 00037.777 00037.788 00037.799 00037.744 00037.695 00037.644 00037.591 00037.537 00037.489 00037.446 00037.406 00037.369 00037.332 00037.312 00037.294 00037.275 00037.257 00037.243 00037.230 00037.220 00037.210 00037.200 00037.209 00037.218 00037.225 00037.216 00037.217 00037.229 00037.240 00037.254 00037.270
-0001.000 -0001.000 00040.006 00039.665 00039.368 00039.085 00038.831 00038.703 00038.589 00038.488 00038.399 00038.351 00038.302 00038.261 00038.224 00038.187 00038.150 00038.114 00038.079 00038.044 00038.011 00037.978 00037.946 00037.936 00037.927 00037.919 00037.913 00037.909 00037.911 00037.914 00037.921 00037.934 00037.895 00037.846 00037.795 00037.743 00037.690 00037.640 00037.597 00037.556 00037.519 00037.483 00037.459 00037.441 00037.423 00037.405 00037.390 00037.377 00037.366 00037.356 00037.346 00037.349 00037.358 00037.367 00037.363 00037.357 00037.367 00037.378 00037.391 00037.406
-0001.000 -0001.000 -0001.000 00039.748 00039.461 00039.142 00038.953 00038.822 00038.704 00038.603 00038.514 00038.461 00038.412 00038.367 00038.330 00038.293 00038.256 00038.220 00038.187 00038.155 00038.126 00038.100 00038.075 00038.061 00038.054 00038.047 00038.042 00038.039 00038.038 00038.040 00038.043 00038.053 00038.038 00037.997 00037.946 00037.894 00037.841 00037.789 00037.746 00037.704 00037.668 00037.632 00037.604 00037.586 00037.569 00037.551 00037.534 00037.521 00037.509 00037.499 00037.490 00037.486 00037.496 00037.505 00037.508 00037.499 00037.505 00037.516 00037.527 00037.542
-0001.000 -0001.000 -0001.000 -0001.000 00039.734 00039.258 00039.084 00038.937 00038.820 00038.718 00038.629 00038.571 00038.522 00038.474 00038.436 00038.399 00038.362 00038.326 00038.292 00038.259 00038.231 00038.204 00038.180 00038.162 00038.156 00038.149 00038.144 00038.141 00038.139 00038.140 00038.142 00038.148 00038.156 00038.116 00038.079 00038.036 00037.991 00037.938 00037.895 00037.853 00037.817 00037.781 00037.748 00037.730 00037.713 00037.695 00037.678 00037.664 00037.651 00037.641 00037.632 00037.623 00037.632 00037.642 00037.653 00037.644 00037.642 00037.653 00037.663 00037.677
-0001.000 -0001.000 -0001.000 -0001.000 -0001.000 -0001.000 00039.340 00039.061 00038.935 00038.833 00038.745 00038.682 00038.632 00038.584 00038.544 00038.505 00038.468 00038.431 00038.397 00038.364 00038.334 00038.306 00038.282 00038.259 00038.251 00038.244 00038.239 00038.235 00038.233 00038.232 00038.234 00038.235 00038.244 00038.222 00038.188 00038.151 00038.112 00038.073 00038.036 00038.001 00037.964 00037.928 00037.893 00037.874 00037.856 00037.839 00037.822 00037.808 00037.796 00037.785 00037.775 00037.766 00037.767 00037.778 00037.789 00037.787 00037.778 00037.789 00037.799 00037.811
-0001.000 -0001.000 -0001.000 -0001.000 -0001.000 -0001.000 -0001.000 -0001.000 00039.060 00038.949 00038.861 00038.793 00038.742 00038.694 00038.651 00038.612 00038.574 00038.538 00038.502 00038.469 00038.437 00038.409 00038.384 00038.361 00038.345 00038.339 00038.333 00038.327 00038.326 00038.324 00038.325 00038.326 00038.332 00038.329 00038.294 00038.257 00038.220 00038.182 00038.149 00038.118 00038.089 00038.061 00038.033 00038.013 00037.999 00037.981 00037.966 00037.951 00037.939 00037.928 00037.918 00037.908 00037.901 00037.912 00037.923 00037.930 00037.921 00037.924 00037.935 00037.945
-0001.000 -0001.000 -0001.000 -0001.000 -0001.000 -0001.000 -0001.000 -0001.000 -0001.000 -0001.000 00038.977 00038.904 00038.853 00038.804 00038.759 00038.720 00038.681 00038.644 00038.607 00038.574 00038.541 00038.512 00038.486 00038.463 00038.441 00038.434 00038.427 00038.422 00038.418 00038.417 00038.416 00038.417 00038.418 00038.431 00038.400 00038.363 00038.326 00038.289 00038.253 00038.223 00038.194 00038.169 00038.145 00038.123 00038.111 00038.098 00038.088 00038.077 00038.066 00038.057 00038.048 00038.040 00038.033 00038.037 00038.045 00038.053 00038.051 00038.047 00038.055 00038.064
-0001.000 -0001.000 -0001.000 -0001.000 -0001.000 -0001.000 -0001.000 -0001.000 -0001.000 -0001.000 -0001.000 -0001.000 00038.964 00038.915 00038.867 00038.828 00038.789 00038.751 00038.714 00038.679 00038.646 00038.616 00038.588 00038.565 00038.542 00038.529 00038.522 00038.516 00038.511 00038.509 00038.508 00038.509 00038.510 00038.516 00038.507 00038.470 00038.432 00038.394 00038.357 00038.327 00038.297 00038.271 00038.247 00038.224 00038.210 00038.198 00038.186 00038.178 00038.169 00038.160 00038.152 00038.145 00038.139 00038.135 00038.142 00038.149 00038.153 00038.149 00038.152 00038.159
-0001.000 -0001.000 -0001.000 -0001.000 -0001.000 -0001.000 -0001.000 -0001.000 -0001.000 -0001.000 -0001.000 -0001.000 -0001.000 -0001.000 00038.977 00038.936 00038.897 00038.858 00038.821 00038.785 00038.752 00038.720 00038.692 00038.667 00038.644 00038.625 00038.618 00038.611 00038.606 00038.602 00038.601 00038.600 00038.601 00038.603 00038.616 00038.577 00038.538 00038.500 00038.463 00038.430 00038.401 00038.373 00038.349 00038.326 00038.308 00038.296 00038.284 00038.274 00038.266 00038.257 00038.248 00038.242 00038.236 00038.230 00038.232 00038.238 00038.244 00038.244 00038.242 00038.249
-0001.000 -0001.000 -0001.000 -0001.000 -0001.000 -0001.000 -0001.000 -0001.000 -0001.000 -0001.000 -0001.000 -0001.000 -0001.000 -0001.000 -0001.000 00039.052 00039.006 00038.966 00038.928 00038.891 00038.858 00038.825 00038.796 00038.769 00038.747 00038.724 00038.714 00038.707 00038.701 00038.695 00038.694 00038.693 00038.693 00038.694 00038.700 00038.685 00038.646 00038.607 00038.570 00038.534 00038.505 00038.476 00038.452 00038.428 00038.406 00038.394 00038.382 00038.371 00038.362 00038.354 00038.345 00038.338 00038.332 00038.326 00038.321 00038.327 00038.333 00038.337 00038.335 00038.338
-0001.000 -0001.000 -0001.000 -0001.000 -0001.000 -0001.000 -0001.000 -0001.000 -0001.000 -0001.000 -0001.000 -0001.000 -0001.000 -0001.000 -0001.000 -0001.000 00039.135 00039.089 00039.043 00038.999 00038.964 00038.931 00038.901 00038.873 00038.849 00038.827 00038.810 00038.803 00038.796 00038.791 00038.787 00038.786 00038.786 00038.787 00038.788 00038.794 00038.753 00038.715 00038.677 00038.639 00038.610 00038.581 00038.555 00038.531 00038.509 00038.492 00038.480 00038.469 00038.459 00038.450 00038.442 00038.434 00038.428 00038.421 00038.415 00038.415 00038.421 00038.427 00038.428 00038.427
-0001.000 -0001.000 -0001.000 -0001.000 -0001.000 -0001.000 -0001.000 -0001.000 -0001.000 -0001.000 -0001.000 -0001.000 -0001.000 -0001.000 -0001.000 -0001.000 -0001.000 -0001.000 -0001.000 00039.127 00039.084 00039.045 00039.007 00038.978 00038.952 00038.930 00038.907 00038.900 00038.892 00038.887 00038.881 00038.880 00038.879 00038.879 00038.880 00038.884 00038.861 00038.823 00038.785 00038.747 00038.715 00038.687 00038.659 00038.635 00038.612 00038.591 00038.579 00038.567 00038.556 00038.548 00038.539 00038.531 00038.524 00038.518 00038.511 00038.505 00038.511 00038.516 00038.521 00038.520
-0001.000 -0001.000 -0001.000 -0001.000 -0001.000 -0001.000 -0001.000 -0001.000 -0001.000 -0001.000 -0001.000 -0001.000 -0001.000 -0001.000 -0001.000 -0001.000 -0001.000 -0001.000 -0001.000 -0001.000 -0001.000 00039.201 00039.132 00039.125 00039.065 00039.038 00039.012 00038.996 00038.989 00038.983 00038.978 00038.974 00038.973 00038.972 00038.973 00038.974 00038.971 00038.931 00038.893 00038.855 00038.821 00038.793 00038.765 00038.740 00038.715 00038.692 00038.677 00038.666 00038.654 00038.645 00038.636 00038.629 00038.621 00038.615 00038.608 00038.601 00038.601 00038.606 00038.611 00038.613
-0001.000 -0001.000 -0001.000 -0001.000 -0001.000 -0001.000 -0001.000 -0001.000 -0001.000 -0001.000 -0001.000 -0001.000 -0001.000 -0001.000 -0001.000 -0001.000 -0001.000 -0001.000 -0001.000 -0001.000 -0001.000 -0001.000 -0001.000 -0001.000 -0001.000 -0001.000 00039.207 00039.108 00039.100 00039.092 00039.086 00039.081 00039.079 00039.077 00039.077 00039.078 00039.079 00039.048 00039.003 00038.964 00038.926 00038.900 00038.873 00038.847 00038.820 00038.796 00038.775 00038.764 00038.752 00038.742 00038.733 00038.725 00038.718 00038.712 00038.705 00038.699 00038.692 00038.697 00038.702 00038.706
-0001.000 -0001.000 -0001.000 -0001.000 -0001.000 -0001.000 -0001.000 -0001.000 -0001.000 -0001.000 -0001.000 -0001.000 -0001.000 -0001.000 -0001.000 -0001.000 -0001.000 -0001.000 -0001.000 -0001.000 -0001.000 -0001.000 -0001.000 -0001.000 -0001.000 -0001.000 -0001.000 -0001.000 -0001.000 00039.204 00039.196 00039.191 00039.187 00039.186 00039.186 00039.187 00039.189 00039.180 00039.137 00039.089 00039.042 00039.007 00038.981 00038.956 00038.930 00038.905 00038.880 00038.865 00038.853 00038.841 00038.829 00038.821 00038.814 00038.808 00038.802 00038.796 00038.789 00038.788 00038.793 00038.798
-0001.000 -0001.000 -0001.000 -0001.000 -0001.000 -0001.000 -0001.000 -0001.000 -0001.000 -0001.000 -0001.000 -0001.000 -0001.000 -0001.000 -0001.000 -0001.000 -0001.000 -0001.000 -0001.000 -0001.000 -0001.000 -0001.000 -0001.000 -0001.000 -0001.000 -0001.000 -0001.000 -0001.000 -0001.000 -0001.000 -0001.000 -0001.000 -0001.000 00039.355 00039.305 00039.294 00039.298 00039.301 00039.271 00039.225 00039.175 00039.132 00039.103 00039.074 00039.047 00039.020 00038.994 00038.973 00038.956 00038.970 00038.969 00038.955 00038.935 00038.912 00038.898 00038.892 00038.886 00038.880 00038.885 00038.889
-0001.000 -0001.000 -0001.000 -0001.000 -0001.000 -0001.000 -0001.000 -0001.000 -0001.000 -0001.000 -0001.000 -0001.000 -0001.000 -0001.000 -0001.000 -0001.000 -0001.000 -0001.000 -0001.000 -0001.000 -0001.000 -0001.000 -0001.000 -0001.000 -0001.000 -0001.000 -0001.000 -0001.000 -0001.000 -0001.000 -0001.000 -0001.000 -0001.000 -0001.000 -0001.000 -0001.000 -0001.000 -0001.000 00039.410 00039.361 00039.309 00039.260 00039.231 00039.203 00039.176 00039.153 00039.136 00039.116 00039.092 00039.087 00039.132 00039.118 00039.095 00039.069 00039.037 00038.994 00038.982 00038.976 00038.976 00038.981
-0001.000 -0001.000 -0001.000 -0001.000 -0001.000 -0001.000 -0001.000 -0001.000 -0001.000 -0001.000 -0001.000 -0001.000 -0001.000 -0001.000 -0001.000 -0001.000 -0001.000 -0001.000 -0001.000 -0001.000 -0001.000 -0001.000 -0001.000 -0001.000 -0001.000 -0001.000 -0001.000 -0001.000 -0001.000 -0001.000 -0001.000 -0001.000 -0001.000 -0001.000 -0001.000 -0001.000 -0001.000 -0001.000 -0001.000 -0001.000 -0001.000 -0001.000 00039.387 00039.330 00039.304 00039.282 00039.272 -0001.000 -0001.000 00039.278 00039.268 00039.307 00039.278 00039.249 00039.221 00039.158 00039.098 00039.086 00039.077 00039.082
-0001.000 -0001.000 -0001.000 -0001.000 -0001.000 -0001.000 -0001.000 -0001.000 -0001.000 -0001.000 -0001.000 -0001.000 -0001.000 -0001.000 -0001.000 -0001.000 -0001.000 -0001.000 -0001.000 -0001.000 -0001.000 -0001.000 -0001.000 -0001.000 -0001.000 -0001.000 -0001.000 -0001.000 -0001.000 -0001.000 -0001.000 -0001.000 -0001.000 -0001.000 -0001.000 -0001.000 -0001.000 -0001.000 -0001.000 -0001.000 -0001.000 -0001.000 -0001.000 -0001.000 -0001.000 -0001.000 -0001.000 -0001.000 -0001.000 -0001.000 -0001.000 00039.526 00039.465 00039.438 00039.412 00039.370 00039.294 00039.252 00039.227 00039.207
-0001.000 -0001.000 -0001.000 -0001.000 -0001.000 -0001.000 -0001.000 -0001.000 -0001.000 -0001.000 -0001.000 -0001.000 -0001.000 -0001.000 -0001.000 -0001.000 -0001.000 -0001.000 -0001.000 -0001.000 -0001.000 -0001.000 -0001.000 -0001.000 -0001.000 -0001.000 -0001.000 -0001.000 -0001.000 -0001.000 -0001.000 -0001.000 -0001.000 -0001.000 -0001.000 -0001.000 -0001.000 -0001.000 -0001.000 -0001.000 -0001.000 -0001.000 -0001.000 -0001.000 -0001.000 -0001.000 -0001.000 -0001.000 -0001.000 -0001.000 -0001.000 -0001.000 -0001.000 -0001.000 -0001.000 00039.585 00039.513 00039.448 00039.415 00039.384
-0001.000 -0001.000 -0001.000 -0001.000 -0001.000 -0001.000 -0001.000 -0001.000 -0001.000 -0001.000 -0001.000 -0001.000 -0001.000 -0001.000 -0001.000 -0001.000 -0001.000 -0001.000 -0001.000 -0001.000 -0001.000 -0001.000 -0001.000 -0001.000 -0001.000 -0001.000 -0001.000 -0001.000 -0001.000 -0001.000 -0001.000 -0001.000 -0001.000 -0001.000 -0001.000 -0001.000 -0001.000 -0001.000 -0001.000 -0001.000 -0001.000 -0001.000 -0001.000 -0001.000 -0001.000 -0001.000 -0001.000 -0001.000 -0001.000 -0001.000 -0001.000 -0001.000 -0001.000 -0001.000 -0001.000 -0001.000 00039.789 00039.645 00039.604 00039.569
