data/trial7/ashley.ros
NCOLS 382
NROWS 266
XLLCORNER 157819.328125
YLLCORNER 384678.625000
CELLSIZE 30.000000
NODATA_VALUE -1
[rows 170 to 203 of 266, columns 152 to 227 of 382]
-1.00 -1.00 -1.00 -1.00 -1.00 -1.00 -1.00 43.93 66.61 64.48 47.51 64.83 63.34 61.79 58.47 54.99 53.14 52.01 50.70 49.37 47.96 46.50 44.78 43.05 41.15 39.55 38.26 37.13 36.02 34.66 32.11 28.71 27.09 26.00 24.69 23.15 20.83 19.40 17.96 16.96 16.82 32.68 29.62 27.18 20.68 18.78 18.37 15.38 15.97 10.41 11.94 12.73 13.50 14.41 14.28 14.58 15.18 15.92 27.19 30.96 32.86 32.85 32.67 31.97 31.56 30.94 29.85 30.01 30.72 31.25 31.90 32.43 32.47 31.18 29.95 28.24
-1.00 -1.00 -1.00 -1.00 -1.00 -1.00 -1.00 00.40 46.84 42.53 29.46 11.84 -1.00 -1.00 53.85 52.87 51.36 50.09 48.81 47.37 45.91 44.46 42.90 41.07 39.65 38.24 35.62 33.85 33.17 31.02 29.25 27.88 26.81 25.96 24.70 22.53 21.27 19.81 18.45 17.79 22.68 31.20 15.12 15.84 16.08 16.55 17.09 19.66 15.02 14.50 11.69 12.72 13.21 13.62 14.03 18.87 23.54 25.49 27.11 28.51 29.41 28.65 28.91 29.05 29.34 29.74 29.98 30.13 30.21 30.28 30.44 30.96 31.17 31.03 29.52 24.20
-1.00 -1.00 -1.00 -1.00 -1.00 -1.00 -1.00 -1.00 -1.00 04.89 27.74 17.82 -1.00 -1.00 52.90 48.99 45.12 42.79 41.73 40.73 39.78 38.67 37.43 36.41 35.49 34.71 34.00 33.44 31.66 29.89 28.66 27.54 26.66 25.73 24.13 22.77 21.47 19.99 18.81 18.51 22.36 18.78 18.12 17.16 15.99 16.06 16.80 16.80 16.47 16.11 11.14 12.18 15.64 18.46 20.68 22.33 23.27 24.56 25.70 26.40 27.10 26.76 26.96 26.42 26.94 27.53 28.18 28.32 28.43 28.28 28.65 27.80 27.59 23.84 24.29 26.78
-1.00 -1.00 -1.00 -1.00 -1.00 -1.00 -1.00 -1.00 -1.00 -1.00 -1.00 -1.00 -1.00 -1.00 25.58 45.05 44.35 42.01 40.72 39.77 38.69 37.53 36.55 35.65 34.92 34.20 33.59 32.19 30.53 29.27 27.81 27.16 26.36 25.26 23.96 22.54 21.46 19.94 19.26 21.02 22.66 21.96 22.30 22.97 24.76 19.38 17.34 16.97 17.41 29.39 35.70 57.20 35.00 57.32 16.70 21.91 28.77 22.09 22.63 23.62 24.64 24.72 24.22 24.32 24.62 25.04 25.58 25.75 24.70 23.73 23.93 21.27 21.52 22.40 24.11 26.87
-1.00 -1.00 -1.00 -1.00 -1.00 -1.00 -1.00 -1.00 -1.00 -1.00 -1.00 -1.00 -1.00 -1.00 04.66 40.58 42.72 41.42 40.03 38.80 37.66 36.71 35.83 35.12 34.43 33.77 32.67 31.35 29.89 28.13 27.65 26.87 26.12 24.91 23.68 22.68 21.18 20.23 20.51 21.62 21.95 22.19 22.50 23.02 21.60 21.70 22.10 26.44 45.05 53.93 55.42 50.13 54.98 53.70 53.12 44.50 52.31 45.43 47.23 31.67 24.54 28.03 23.06 23.24 22.80 22.06 21.58 21.06 19.89 19.48 19.68 19.90 20.33 21.42 23.85 26.43
-1.00 -1.00 -1.00 -1.00 -1.00 -1.00 -1.00 -1.00 -1.00 -1.00 -1.00 -1.00 -1.00 -1.00 -1.00 30.32 43.78 41.51 39.17 37.91 36.89 36.02 35.32 34.66 33.97 33.12 32.02 30.94 28.96 28.04 27.38 26.65 25.81 24.50 23.79 22.88 21.31 19.89 20.25 20.60 20.86 21.10 21.46 21.78 21.82 22.13 25.60 47.14 51.86 53.05 51.34 51.57 50.95 49.42 48.19 45.62 45.15 43.96 44.78 44.75 44.08 40.20 43.08 43.41 39.95 43.66 31.85 32.57 37.71 35.78 31.79 39.99 37.09 31.07 30.69 24.39
-1.00 -1.00 -1.00 -1.00 -1.00 -1.00 -1.00 -1.00 -1.00 -1.00 -1.00 -1.00 -1.00 -1.00 -1.00 -1.00 45.12 42.55 39.17 37.32 36.29 35.54 34.89 34.18 33.40 32.41 31.46 29.88 28.47 27.86 27.21 26.25 25.24 24.46 23.85 22.75 18.49 18.80 19.11 19.47 19.83 20.19 20.73 20.96 21.19 26.35 44.12 48.09 49.17 48.84 49.15 48.10 47.50 45.35 42.59 42.98 43.36 42.42 42.03 41.65 42.43 43.36 43.92 44.09 44.29 39.08 36.49 36.78 36.98 37.94 38.40 37.93 40.27 41.98 42.59 37.80
-1.00 -1.00 -1.00 -1.00 -1.00 -1.00 -1.00 -1.00 -1.00 -1.00 -1.00 -1.00 -1.00 -1.00 -1.00 -1.00 15.73 35.86 39.44 37.22 35.90 35.22 34.44 33.65 32.74 31.83 30.32 29.02 28.33 27.83 27.19 25.92 25.12 24.41 21.09 17.66 17.98 18.31 18.63 18.93 19.22 19.55 20.01 20.07 26.11 40.46 44.36 45.71 45.57 44.80 45.33 45.63 43.77 43.11 42.63 40.10 40.20 41.59 41.95 42.62 43.43 43.47 43.78 43.81 36.35 35.33 35.97 36.58 37.24 36.93 37.48 37.75 38.59 38.74 37.33 35.99
-1.00 -1.00 -1.00 -1.00 -1.00 -1.00 -1.00 -1.00 -1.00 -1.00 -1.00 -1.00 -1.00 -1.00 -1.00 -1.00 -1.00 09.67 29.14 37.10 36.16 34.81 34.02 33.30 32.35 30.69 29.62 28.73 28.19 27.79 26.78 25.74 25.04 17.05 17.24 17.52 17.75 17.97 18.22 18.32 18.49 18.70 19.06 32.00 39.27 41.58 42.88 42.77 42.57 42.45 42.74 43.11 43.43 41.69 39.19 40.14 41.26 41.50 42.65 42.66 41.98 42.05 42.63 35.32 34.91 35.32 35.96 36.22 35.77 35.44 35.32 36.02 36.50 35.92 35.30 34.18
-1.00 -1.00 -1.00 -1.00 -1.00 -1.00 -1.00 -1.00 -1.00 -1.00 -1.00 -1.00 -1.00 -1.00 -1.00 -1.00 -1.00 -1.00 -1.00 36.56 35.31 34.41 33.66 33.02 31.39 30.18 29.20 28.58 28.10 27.56 26.45 16.51 16.71 16.98 17.23 17.43 17.63 17.85 18.04 18.23 18.43 20.69 34.48 38.35 40.08 40.63 40.96 41.04 40.61 41.13 40.95 41.65 41.62 41.43 41.09 40.26 40.56 40.02 40.02 41.30 40.95 40.76 34.39 34.05 34.25 35.19 34.85 34.69 34.31 34.91 35.79 34.55 34.69 35.00 35.60 36.44
-1.00 -1.00 -1.00 -1.00 -1.00 -1.00 -1.00 -1.00 -1.00 -1.00 -1.00 -1.00 -1.00 -1.00 -1.00 -1.00 -1.00 -1.00 -1.00 -1.00 14.03 35.60 33.85 32.15 30.72 29.78 28.98 28.44 24.96 15.88 16.13 16.27 16.45 16.76 17.07 17.35 17.55 17.75 17.95 18.15 30.00 35.65 37.90 38.83 39.31 39.59 39.31 39.53 39.52 40.00 40.37 40.58 40.66 40.19 41.01 38.15 38.26 39.27 39.38 38.61 38.42 33.22 33.60 34.51 34.63 34.47 34.58 34.91 35.59 35.99 35.27 35.42 36.08 36.24 35.46 36.49
-1.00 -1.00 -1.00 -1.00 -1.00 -1.00 -1.00 -1.00 -1.00 -1.00 -1.00 -1.00 -1.00 -1.00 -1.00 -1.00 -1.00 -1.00 -1.00 48.21 46.98 38.07 33.76 31.45 30.45 29.49 15.45 15.60 15.75 15.89 16.04 16.23 16.42 16.62 16.85 17.14 17.41 17.67 25.91 33.15 35.78 37.00 37.62 38.00 38.07 38.21 38.40 37.96 38.09 38.24 38.46 38.37 38.34 38.64 38.68 39.57 38.08 36.43 36.92 35.93 33.31 33.57 33.49 33.69 34.30 35.15 35.51 36.05 36.54 37.29 38.02 37.84 36.85 36.70 38.04 37.95
-1.00 -1.00 -1.00 -1.00 -1.00 -1.00 -1.00 -1.00 -1.00 -1.00 -1.00 -1.00 -1.00 -1.00 -1.00 -1.00 -1.00 -1.00 -1.00 -1.00 -1.00 00.68 17.50 14.23 14.74 15.25 15.46 15.62 15.78 15.94 16.09 16.24 16.41 16.60 16.80 16.99 22.42 30.54 33.48 34.84 35.53 36.09 36.44 36.59 36.70 36.61 36.59 36.93 36.62 36.78 36.88 37.17 37.11 37.51 37.04 36.77 37.41 38.23 33.79 34.06 32.36 32.14 33.14 34.86 36.30 37.32 37.38 38.26 39.21 39.61 39.39 39.77 37.72 37.63 36.41 32.00
-1.00 -1.00 -1.00 -1.00 -1.00 -1.00 -1.00 -1.00 -1.00 -1.00 -1.00 -1.00 -1.00 -1.00 -1.00 -1.00 -1.00 -1.00 -1.00 -1.00 -1.00 -1.00 07.02 13.42 14.26 15.00 15.17 15.59 15.81 15.97 16.14 16.30 16.45 16.61 23.99 29.42 31.70 32.83 33.48 33.90 34.53 34.87 35.20 35.35 35.39 35.71 35.68 35.76 35.66 36.00 35.16 35.29 35.53 35.76 36.41 36.60 37.07 32.95 32.86 32.21 33.04 34.34 35.77 37.27 37.84 37.43 37.60 37.85 37.78 37.90 37.76 37.33 36.81 34.81 30.06 25.17
-1.00 -1.00 -1.00 -1.00 -1.00 -1.00 -1.00 -1.00 -1.00 -1.00 -1.00 -1.00 -1.00 -1.00 -1.00 -1.00 -1.00 -1.00 -1.00 -1.00 -1.00 -1.00 -1.00 -1.00 11.67 13.03 14.51 15.12 15.68 15.95 16.14 16.33 25.78 29.16 30.73 31.54 32.03 32.19 32.29 32.41 32.80 33.23 33.55 33.65 33.95 34.22 34.08 34.41 34.75 34.95 35.28 35.56 35.31 35.31 35.41 31.47 31.70 32.14 32.90 33.60 33.25 34.17 35.32 35.87 36.24 36.20 35.79 35.17 34.35 34.88 34.95 34.26 34.11 29.47 24.72 24.60
-1.00 -1.00 -1.00 -1.00 -1.00 -1.00 -1.00 -1.00 -1.00 -1.00 -1.00 -1.00 -1.00 -1.00 -1.00 -1.00 -1.00 -1.00 -1.00 -1.00 -1.00 -1.00 -1.00 -1.00 -1.00 02.89 12.65 14.72 15.22 19.97 25.99 27.95 29.22 30.13 30.93 31.33 31.47 31.60 18.34 28.42 29.18 30.19 31.22 31.94 32.16 32.43 32.81 33.19 33.56 33.43 33.70 34.04 34.04 30.64 30.50 30.25 30.73 30.92 31.24 31.56 31.83 32.21 30.50 31.24 31.62 31.84 32.00 31.77 31.62 31.68 32.17 32.95 27.48 24.47 24.01 23.49
-1.00 -1.00 -1.00 -1.00 -1.00 -1.00 -1.00 -1.00 -1.00 -1.00 -1.00 -1.00 -1.00 -1.00 -1.00 -1.00 -1.00 -1.00 -1.00 -1.00 -1.00 -1.00 -1.00 -1.00 -1.00 -1.00 -1.00 -1.00 11.87 23.06 25.05 26.51 27.57 28.62 30.01 19.14 -1.00 -1.00 20.07 23.38 25.54 27.10 28.10 29.49 30.42 30.90 31.26 31.58 32.03 32.08 32.23 29.34 29.47 29.49 29.71 29.87 30.12 29.95 29.87 30.14 29.08 28.45 28.73 29.27 29.56 29.06 29.38 29.18 29.58 29.89 28.16 22.94 23.17 23.01 23.43 23.75
-1.00 -1.00 -1.00 -1.00 -1.00 -1.00 -1.00 -1.00 -1.00 -1.00 -1.00 -1.00 -1.00 -1.00 -1.00 -1.00 -1.00 -1.00 -1.00 -1.00 -1.00 -1.00 -1.00 -1.00 -1.00 -1.00 -1.00 -1.00 -1.00 -1.00 -1.00 03.71 11.07 16.85 06.48 09.37 -1.00 -1.00 -1.00 02.98 18.63 21.60 24.82 26.54 27.71 28.81 29.48 29.88 30.44 27.31 27.51 27.89 28.31 28.38 28.72 28.67 28.84 29.17 29.29 29.27 28.45 27.70 28.14 28.79 28.77 27.84 27.96 28.26 27.19 22.38 21.94 22.11 22.48 22.33 22.44 22.91
-1.00 -1.00 -1.00 -1.00 -1.00 -1.00 -1.00 -1.00 -1.00 -1.00 -1.00 -1.00 -1.00 -1.00 -1.00 -1.00 -1.00 -1.00 -1.00 -1.00 -1.00 -1.00 -1.00 -1.00 -1.00 -1.00 -1.00 -1.00 -1.00 -1.00 -1.00 -1.00 18.54 22.70 27.68 39.83 -1.00 -1.00 -1.00 05.52 16.22 20.47 22.36 24.24 25.37 27.13 25.68 26.03 26.34 26.61 26.90 27.24 27.55 27.71 27.80 28.07 28.33 28.63 28.18 28.29 26.92 26.90 27.50 28.40 28.70 28.54 26.99 22.04 21.25 21.03 21.07 21.19 21.35 21.19 21.62 21.71
-1.00 -1.00 -1.00 -1.00 -1.00 -1.00 -1.00 -1.00 -1.00 -1.00 -1.00 -1.00 -1.00 -1.00 -1.00 -1.00 -1.00 -1.00 02.84 00.92 03.07 03.38 03.12 -1.00 -1.00 -1.00 -1.00 -1.00 -1.00 -1.00 -1.00 -1.00 -1.00 -1.00 -1.00 -1.00 -1.00 -1.00 05.11 16.47 17.68 18.47 19.47 20.94 22.37 23.43 24.42 25.08 25.34 25.64 25.98 26.32 26.48 26.76 26.98 27.28 27.61 27.95 28.21 27.92 27.87 26.36 26.81 26.90 26.08 21.94 20.90 20.70 20.41 20.26 20.38 20.23 20.05 20.14 20.36 20.83
-1.00 -1.00 -1.00 -1.00 -1.00 -1.00 -1.00 -1.00 -1.00 -1.00 -1.00 -1.00 -1.00 -1.00 -1.00 -1.00 -1.00 -1.00 02.62 02.87 02.86 03.40 03.75 00.44 -1.00 -1.00 -1.00 -1.00 -1.00 -1.00 -1.00 -1.00 -1.00 -1.00 -1.00 -1.00 -1.00 -1.00 15.86 17.57 17.90 18.52 19.02 19.93 21.06 22.14 22.98 23.78 24.49 24.89 25.22 25.67 25.99 26.21 26.38 26.57 27.00 27.34 27.58 26.50 26.18 25.54 24.13 19.29 20.12 20.26 20.07 19.28 19.29 19.41 19.46 19.57 19.91 19.99 20.05 20.04
-1.00 -1.00 -1.00 -1.00 -1.00 -1.00 -1.00 -1.00 -1.00 -1.00 -1.00 -1.00 -1.00 -1.00 -1.00 -1.00 -1.00 00.29 02.83 02.84 02.55 02.38 03.43 03.09 -1.00 -1.00 -1.00 -1.00 -1.00 -1.00 -1.00 -1.00 -1.00 -1.00 -1.00 -1.00 -1.00 -1.00 03.26 18.15 17.70 18.06 18.75 19.54 20.13 20.81 21.52 23.08 24.07 24.28 24.48 24.87 25.09 25.10 25.46 25.88 26.18 26.56 27.06 27.84 26.89 21.79 19.47 19.97 19.81 18.78 18.68 18.96 18.80 18.95 18.95 19.07 19.27 18.97 28.05 35.86
-1.00 -1.00 -1.00 -1.00 -1.00 -1.00 -1.00 -1.00 -1.00 -1.00 -1.00 -1.00 -1.00 -1.00 -1.00 -1.00 -1.00 02.74 02.84 02.46 02.55 01.73 03.41 04.41 -1.00 -1.00 -1.00 -1.00 -1.00 11.35 17.63 -1.00 -1.00 -1.00 -1.00 -1.00 -1.00 -1.00 09.30 16.91 17.44 18.01 18.47 18.97 19.53 20.22 21.20 22.04 22.92 23.78 24.07 24.23 24.43 24.66 24.85 25.13 25.50 25.79 24.84 21.35 19.72 19.82 19.25 18.86 18.77 18.92 19.15 19.33 19.35 19.26 19.00 18.83 28.79 35.60 38.67 40.11
-1.00 -1.00 -1.00 -1.00 -1.00 -1.00 -1.00 -1.00 -1.00 -1.00 -1.00 -1.00 -1.00 -1.00 -1.00 -1.00 -1.00 01.17 02.66 02.43 02.44 02.07 00.20 -1.00 -1.00 07.94 15.59 13.62 15.08 30.28 08.48 02.27 -1.00 -1.00 -1.00 -1.00 -1.00 -1.00 15.49 17.29 17.45 17.86 18.23 18.61 19.16 19.79 20.49 21.19 21.93 22.67 23.32 23.68 23.89 24.11 24.35 23.86 21.41 19.51 19.58 19.96 19.92 19.56 19.25 19.24 19.52 20.07 20.20 19.94 20.04 19.80 28.56 34.91 36.06 36.82 37.18 39.41
-1.00 -1.00 -1.00 -1.00 -1.00 -1.00 -1.00 -1.00 -1.00 -1.00 -1.00 -1.00 -1.00 -1.00 -1.00 -1.00 -1.00 02.94 02.57 02.41 02.35 02.73 01.54 00.49 07.13 15.77 18.58 21.06 22.87 17.03 12.10 17.30 05.22 -1.00 -1.00 -1.00 -1.00 -1.00 -1.00 11.66 14.81 17.64 18.07 18.47 18.90 19.41 19.97 20.66 21.34 21.91 22.37 22.82 21.61 19.49 18.65 18.70 18.78 18.80 18.82 19.03 19.13 19.53 19.31 19.36 19.67 20.19 20.73 17.16 06.70 06.21 05.39 11.82 21.09 26.76 30.92 33.05
-1.00 -1.00 -1.00 -1.00 -1.00 -1.00 -1.00 -1.00 -1.00 -1.00 -1.00 -1.00 -1.00 -1.00 -1.00 -1.00 00.16 02.99 02.63 02.44 02.27 02.53 02.19 02.57 12.22 14.16 16.83 17.83 20.58 10.11 11.05 15.40 05.49 23.21 05.88 -1.00 -1.00 -1.00 -1.00 -1.00 13.93 14.24 14.72 15.05 15.46 16.06 16.70 16.97 17.10 17.19 17.38 17.83 17.96 18.02 18.17 18.23 18.34 18.41 18.48 18.56 18.66 18.85 19.13 19.73 20.08 05.60 07.70 07.39 07.08 06.90 06.80 04.63 04.51 09.45 18.17 23.94
-1.00 -1.00 -1.00 -1.00 -1.00 -1.00 -1.00 -1.00 -1.00 -1.00 -1.00 -1.00 -1.00 -1.00 -1.00 01.79 00.73 03.00 02.70 02.50 02.30 02.32 02.25 03.31 02.83 12.48 14.93 16.40 18.46 09.21 10.19 13.03 12.09 22.26 06.87 13.62 03.26 -1.00 -1.00 -1.00 06.21 13.92 14.24 14.61 15.05 15.28 15.51 15.73 15.93 16.34 16.80 17.14 17.44 17.63 17.90 18.00 17.93 17.88 17.95 17.91 18.31 18.64 18.27 17.91 32.82 16.77 11.81 09.79 09.18 07.59 06.69 04.55 04.34 07.04 14.97 20.92
-1.00 -1.00 -1.00 -1.00 -1.00 -1.00 -1.00 -1.00 -1.00 -1.00 -1.00 -1.00 -1.00 -1.00 -1.00 02.82 02.06 02.77 02.78 02.55 02.33 02.19 02.26 03.42 01.97 11.15 13.07 15.03 16.80 08.70 09.52 10.25 15.88 17.39 14.59 15.80 03.77 15.82 05.18 03.45 11.88 13.73 14.19 12.12 05.65 03.98 03.95 03.95 03.88 05.06 10.81 16.37 16.58 16.96 17.19 17.32 17.42 17.44 17.50 17.54 17.61 22.61 30.11 34.16 24.03 17.27 10.79 10.69 10.37 13.97 09.33 07.84 16.50 72.23 14.41 18.36
-1.00 -1.00 -1.00 -1.00 -1.00 -1.00 -1.00 -1.00 -1.00 -1.00 -1.00 -1.00 -1.00 -1.00 02.83 02.82 02.82 02.44 05.80 02.48 02.34 02.19 02.30 06.72 02.92 10.09 11.87 13.60 15.15 08.19 08.87 09.51 14.56 14.33 15.19 17.84 14.87 16.91 12.87 15.46 16.01 13.56 09.76 04.42 06.24 06.70 06.39 06.12 05.72 05.04 07.88 13.79 15.29 15.85 16.45 16.76 16.91 17.05 24.05 28.62 31.15 32.81 33.71 35.34 16.51 09.10 10.75 10.71 14.53 13.01 11.71 10.53 40.59 137.53 142.61 66.17
-1.00 -1.00 -1.00 -1.00 -1.00 -1.00 -1.00 -1.00 -1.00 -1.00 -1.00 -1.00 -1.00 00.61 02.83 02.83 07.84 07.53 04.86 03.57 03.71 03.20 02.35 07.53 03.21 02.91 10.87 12.24 13.60 10.48 08.34 08.90 13.20 13.48 13.90 14.56 15.60 15.05 15.87 16.53 17.53 15.58 22.31 09.78 08.49 09.07 06.20 06.18 06.13 05.56 04.66 11.79 14.56 18.03 23.21 26.02 28.14 29.76 30.98 31.94 32.56 33.09 33.44 24.43 09.29 17.49 15.22 15.10 60.41 20.08 49.92 99.81 144.42 122.47 95.05 89.56
-1.00 -1.00 -1.00 -1.00 -1.00 -1.00 -1.00 -1.00 -1.00 -1.00 02.77 00.91 00.28 02.86 02.93 06.43 08.06 08.08 07.49 06.69 07.27 04.87 02.24 07.00 03.41 01.62 09.87 11.22 12.45 12.74 07.91 08.43 10.47 12.87 13.30 13.35 13.29 14.70 15.37 16.13 17.86 19.88 13.84 09.75 08.58 08.82 07.66 07.29 06.53 05.16 04.49 04.81 20.23 22.72 25.70 27.65 28.77 29.70 30.56 31.23 31.99 33.16 33.53 31.71 44.23 59.80 42.70 11.06 66.29 92.08 86.55 106.16 88.32 75.95 73.68 71.03
-1.00 -1.00 -1.00 -1.00 -1.00 -1.00 -1.00 -1.00 -1.00 01.30 02.90 02.90 02.86 02.97 10.10 07.52 08.75 08.60 08.30 06.67 04.65 07.41 02.15 03.32 03.41 03.06 03.46 10.39 11.63 12.55 07.46 07.98 08.47 12.36 12.66 12.93 12.99 14.28 15.09 16.80 13.73 09.07 06.39 07.17 07.73 08.13 08.45 05.94 05.59 04.36 04.38 04.73 04.95 05.30 05.68 08.11 15.60 25.39 26.86 28.56 30.45 31.25 32.86 34.67 36.71 38.99 35.21 45.98 63.74 64.04 58.47 61.09 61.37 59.92 58.91 57.91
-1.00 -1.00 -1.00 -1.00 -1.00 -1.00 -1.00 -1.00 -1.00 02.87 03.03 03.26 03.00 03.29 09.86 05.06 10.00 09.75 10.58 05.45 03.29 02.65 03.70 02.14 02.61 03.39 02.10 09.26 10.53 11.66 11.56 07.50 08.05 11.30 12.32 12.61 12.91 13.24 13.77 17.58 16.36 12.40 09.15 07.24 05.82 05.73 05.90 06.05 06.16 04.95 03.73 03.90 05.09 05.11 05.06 05.74 14.82 20.27 23.03 25.45 27.87 29.49 31.04 31.64 32.53 34.11 36.74 40.17 43.01 44.64 46.92 48.62 48.72 48.87 48.90 46.00
-1.00 -1.00 -1.00 -1.00 -1.00 -1.00 -1.00 -1.00 -1.00 02.86 03.17 03.46 03.15 03.55 05.45 03.34 11.86 11.95 12.27 08.38 03.44 02.95 02.54 02.13 04.02 06.65 03.21 03.45 09.51 10.64 11.54 07.03 07.44 08.09 12.06 12.37 12.67 13.12 13.50 11.97 18.43 16.37 05.24 05.96 05.82 05.72 05.63 05.66 05.79 03.27 03.54 03.70 04.03 03.98 03.85 04.57 11.40 18.48 20.93 23.38 25.26 27.04 28.59 28.91 29.67 29.78 31.65 33.92 34.70 36.24 37.66 39.09 40.25 38.13 29.05 28.87
