data/trial7/ashley.rci
NCOLS 382
NROWS 266
XLLCORNER 157819.328125
YLLCORNER 384678.625000
CELLSIZE 30.000000
NODATA_VALUE -1
[rows 208 to 233 of 266, columns 240 to 299 of 382]
00134.272 00132.249 00135.295 00147.430 00521.653 00410.983 00299.684 00188.512 00550.651 00320.975 00076.254 00347.125 00148.173 00501.085 00404.086 00318.328 00203.427 00551.585 00417.414 00284.262 00630.498 00519.266 00415.027 00434.232 00174.953 00417.877 00632.000 00511.691 00394.604 00400.429 00160.797 00535.878 00402.079 00269.019 00628.540 00494.656 00361.223 00227.510 00564.199 00378.704 00183.035 00474.892 00274.705 00575.315 00387.738 00203.242 00542.124 00391.320 00239.079 00582.010 00422.115 00260.556 00595.715 00430.703 00266.989 00583.571 00356.828 00646.044 00446.196 00245.161
00155.826 00602.048 00465.539 00338.320 00214.762 00587.895 00476.973 00339.871 00187.353 00493.195 00092.887 00147.055 00417.797 00307.436 00189.216 00542.349 00424.833 00308.521 00195.338 00549.265 00414.457 00280.736 00633.948 00517.114 00393.149 00276.070 00632.037 00211.581 00445.959 00230.716 00483.868 00225.708 00561.160 00432.031 00305.496 00180.467 00536.527 00388.264 00239.862 00564.703 00368.653 00172.517 00469.824 00273.682 00579.783 00397.074 00217.843 00556.107 00403.499 00250.974 00594.972 00433.615 00268.777 00600.102 00419.950 00242.485 00550.405 00325.099 00618.965 00417.923
00409.041 00272.735 00149.309 00511.415 00390.790 00259.833 00107.883 00435.885 00263.293 00226.972 00519.132 00362.146 00206.497 00534.225 00407.000 00282.962 00163.268 00523.242 00410.657 00299.761 00188.363 00541.912 00408.270 00277.037 00176.875 00573.888 00467.265 00335.555 00184.246 00493.638 00294.816 00576.739 00300.791 00583.998 00242.382 00466.438 00199.450 00528.152 00379.201 00230.624 00553.168 00357.722 00163.181 00465.659 00273.036 00584.739 00407.033 00231.910 00571.058 00419.407 00259.606 00593.431 00413.529 00232.658 00564.131 00388.509 00215.733 00518.774 00292.235 00589.333
00531.896 00403.866 00472.748 00244.802 00517.269 00358.419 00197.458 00160.382 00468.966 00375.659 00281.613 00164.250 00466.994 00298.383 00614.640 00490.809 00369.882 00252.904 00624.110 00514.738 00404.368 00291.254 00176.662 00566.608 00475.417 00388.835 00305.520 00221.854 00629.763 00494.156 00508.015 00319.138 00599.693 00280.166 00477.166 00211.657 00443.428 00181.186 00520.127 00371.198 00221.611 00541.793 00347.256 00652.256 00462.028 00273.155 00591.559 00418.768 00244.660 00576.190 00401.589 00226.119 00557.590 00376.059 00194.133 00531.049 00360.120 00191.036 00484.957 00257.492
00146.221 00416.593 00175.574 00414.099 00165.147 00463.300 00388.611 00299.765 00209.350 00571.745 00456.126 00337.542 00244.495 00549.057 00381.502 00223.819 00567.512 00450.585 00340.304 00237.550 00618.607 00507.780 00426.457 00343.267 00261.362 00179.331 00579.966 00493.808 00414.646 00299.145 00168.387 00510.010 00314.415 00582.012 00249.534 00442.174 00184.293 00421.856 00164.706 00512.892 00362.958 00212.194 00531.523 00338.562 00650.106 00463.317 00266.906 00581.400 00394.751 00210.434 00544.820 00368.635 00191.196 00522.585 00339.865 00670.183 00500.575 00332.205 00677.257 00442.856
00220.525 00061.677 00293.289 00182.808 00421.040 00263.570 00570.568 00474.377 00369.870 00264.052 00629.885 00509.180 00597.822 00346.234 00602.417 00445.640 00296.248 00637.412 00527.436 00421.196 00327.836 00252.153 00181.774 00595.684 00514.174 00431.486 00346.692 00259.463 00618.324 00485.084 00354.672 00227.899 00510.859 00308.503 00563.357 00218.051 00410.582 00656.966 00402.786 00656.083 00505.812 00355.992 00203.777 00522.758 00317.146 00622.238 00419.546 00218.316 00540.436 00357.896 00177.606 00512.539 00335.353 00670.234 00487.087 00303.683 00637.631 00463.889 00300.839 00630.304
00344.512 00233.202 00509.437 00355.924 00207.853 00510.039 00336.225 00164.948 00490.689 00635.852 00642.050 00633.256 00401.898 00564.820 00355.966 00159.181 00494.798 00355.990 00225.544 00610.626 00525.795 00447.095 00373.959 00305.229 00325.247 00204.813 00587.431 00450.714 00311.044 00171.365 00535.414 00408.812 00287.649 00169.915 00374.643 00546.060 00629.336 00380.217 00636.901 00387.690 00654.954 00491.833 00327.463 00672.691 00466.807 00261.317 00569.401 00369.426 00171.203 00501.848 00322.907 00658.728 00481.216 00302.473 00630.546 00445.716 00265.245 00596.047 00433.129 00270.051
00500.518 00378.026 00243.919 00572.522 00411.080 00252.874 00567.903 00399.479 00237.523 00637.243 00642.730 00649.772 00648.970 00271.504 00517.855 00349.726 00189.466 00541.710 00427.547 00321.600 00224.071 00626.299 00451.702 00312.885 00179.829 00504.646 00321.111 00637.396 00500.022 00359.731 00218.784 00586.601 00566.408 00329.779 00195.797 00398.769 00528.694 00594.711 00336.024 00586.254 00323.308 00610.439 00446.040 00281.431 00616.150 00410.734 00205.329 00517.311 00320.459 00642.525 00465.148 00289.293 00625.353 00442.558 00265.809 00590.573 00409.260 00223.737 00551.338 00380.231
00193.318 00531.996 00396.535 00261.305 00598.195 00443.071 00291.758 00634.458 00638.300 00641.874 00646.540 00650.713 00654.687 00514.132 00565.957 00297.326 00525.531 00285.476 00599.660 00495.665 00638.423 00461.456 00292.889 00627.894 00439.344 00254.537 00566.641 00382.809 00199.371 00546.188 00407.791 00268.769 00633.403 00503.926 00370.617 00213.997 00350.155 00418.969 00511.105 00255.508 00508.634 00248.384 00564.800 00400.133 00235.330 00559.895 00354.073 00662.361 00467.443 00274.356 00598.812 00424.385 00253.528 00585.514 00408.102 00220.407 00534.899 00343.387 00658.074 00488.042
00336.474 00203.357 00547.600 00412.631 00277.752 00621.790 00472.988 00335.168 00209.728 00640.407 00643.741 00647.017 00650.721 00542.389 00634.381 00484.461 00259.300 00519.828 00327.294 00635.358 00445.735 00274.227 00573.964 00367.273 00170.051 00481.817 00303.079 00625.132 00441.633 00257.426 00593.358 00456.404 00319.209 00181.299 00533.881 00370.590 00203.279 00223.914 00299.420 00428.749 00177.093 00431.144 00174.036 00518.593 00353.983 00190.081 00502.827 00297.564 00602.219 00415.932 00231.442 00559.889 00390.156 00216.605 00533.474 00341.885 00656.053 00463.308 00269.722 00593.455
00465.415 00336.497 00267.611 00561.243 00426.420 00292.565 00159.896 00512.063 00394.592 00292.993 00262.319 00594.898 00652.414 00656.253 00659.873 00658.686 00656.348 00654.359 00656.086 00657.831 00647.185 00509.387 00306.123 00572.198 00378.598 00200.081 00521.505 00348.383 00180.115 00498.566 00316.817 00645.036 00499.607 00341.207 00184.858 00534.778 00367.038 00193.052 00596.493 00597.656 00347.920 00609.874 00354.904 00637.932 00472.722 00306.087 00642.421 00442.129 00242.964 00556.809 00373.056 00181.664 00507.835 00330.818 00658.266 00466.267 00273.255 00585.636 00390.609 00193.912
00517.855 00287.415 00539.631 00282.734 00501.453 00226.855 00452.900 00209.602 00474.865 00276.272 00646.065 00648.545 00652.001 00654.492 00657.479 00663.331 00662.224 00664.671 00661.924 00663.768 00665.730 00663.413 00619.284 00335.793 00550.591 00379.326 00220.464 00556.307 00388.386 00226.011 00559.812 00353.640 00654.847 00496.446 00341.927 00191.248 00537.785 00363.560 00183.508 00471.902 00514.426 00266.940 00524.082 00279.190 00584.028 00422.425 00260.845 00587.800 00382.079 00176.359 00488.766 00298.619 00618.460 00442.492 00267.774 00591.524 00397.710 00202.833 00513.359 00315.468
00197.119 00482.115 00289.796 00568.588 00303.745 00517.127 00232.977 00478.833 00262.308 00557.010 00580.544 00287.715 00226.730 00195.270 00654.615 00609.550 00661.590 00666.859 00674.579 00674.506 00674.027 00579.958 00617.166 00408.451 00206.155 00518.152 00369.415 00232.177 00588.379 00424.405 00243.908 00558.374 00343.379 00648.729 00494.606 00345.287 00197.749 00541.692 00360.427 00175.136 00666.760 00427.091 00188.907 00450.518 00209.555 00533.931 00364.846 00195.765 00500.778 00296.001 00602.330 00412.511 00223.906 00551.655 00378.113 00205.932 00522.901 00327.274 00637.030 00438.360
00453.503 00632.092 00459.282 00294.222 00608.506 00334.819 00541.310 00243.436 00504.119 00315.358 00638.319 00531.637 00456.836 00576.566 00420.171 00306.899 00220.427 00169.892 00663.075 00567.920 00676.086 00268.580 00621.961 00259.535 00444.162 00625.006 00491.035 00557.845 00297.431 00587.113 00407.775 00232.665 00547.802 00331.683 00642.463 00492.826 00346.864 00202.115 00537.022 00354.357 00608.501 00585.397 00340.688 00600.085 00351.627 00629.840 00460.777 00291.727 00618.819 00414.164 00209.772 00524.558 00337.143 00658.889 00486.491 00315.349 00648.141 00451.003 00255.723 00565.719
00576.285 00330.276 00596.620 00444.460 00297.921 00646.435 00365.530 00568.333 00258.945 00538.450 00383.135 00228.294 00534.079 00333.979 00651.531 00515.993 00489.154 00519.481 00377.485 00294.043 00219.837 00176.394 00601.491 00260.156 00512.844 00257.395 00492.497 00241.716 00504.255 00255.265 00566.075 00391.805 00221.063 00535.098 00317.815 00635.976 00483.870 00343.884 00205.318 00540.249 00335.592 00430.134 00468.753 00227.315 00487.513 00241.714 00556.410 00387.693 00219.356 00531.925 00327.723 00634.701 00448.265 00262.751 00591.766 00422.213 00254.238 00578.633 00385.900 00185.284
00166.131 00455.063 00245.940 00482.784 00218.832 00450.374 00188.776 00383.250 00565.285 00236.687 00533.799 00379.172 00655.578 00590.829 00602.346 00661.024 00517.572 00284.834 00584.213 00472.481 00575.337 00428.723 00332.547 00288.963 00544.864 00335.833 00613.637 00390.638 00180.673 00453.516 00217.907 00545.734 00376.000 00209.464 00522.307 00301.608 00619.844 00480.380 00340.759 00191.281 00500.368 00653.570 00594.104 00354.255 00620.322 00376.558 00651.808 00483.282 00314.936 00648.894 00444.976 00241.262 00556.292 00373.195 00191.284 00530.590 00365.124 00195.241 00518.921 00326.732
00241.270 00544.435 00355.649 00163.894 00422.377 00191.806 00421.421 00646.015 00336.376 00512.879 00184.569 00658.171 00660.185 00664.203 00673.810 00670.178 00597.224 00401.217 00275.587 00524.146 00299.312 00633.506 00510.777 00353.035 00451.634 00610.365 00217.908 00507.415 00315.692 00635.984 00406.074 00184.221 00526.330 00357.421 00197.275 00501.497 00288.028 00603.928 00454.417 00306.700 00658.613 00367.510 00527.327 00478.359 00240.581 00508.683 00268.609 00578.464 00409.674 00241.511 00558.762 00357.382 00664.369 00487.315 00305.480 00644.530 00473.720 00312.294 00672.144 00481.212
00325.726 00592.877 00450.365 00272.280 00572.512 00358.382 00643.762 00377.155 00601.983 00288.772 00477.773 00194.723 00661.308 00664.661 00671.545 00673.437 00679.248 00672.574 00555.910 00226.760 00491.383 00367.621 00665.543 00517.982 00221.984 00673.852 00370.742 00609.117 00430.192 00257.118 00579.394 00361.468 00661.848 00500.462 00341.742 00182.765 00464.725 00232.524 00566.181 00419.221 00274.541 00598.615 00289.098 00602.589 00364.989 00636.607 00399.437 00671.414 00503.722 00336.162 00680.933 00480.895 00276.922 00602.191 00420.210 00244.976 00601.145 00440.896 00282.102 00636.939
00616.174 00234.819 00395.988 00564.321 00244.144 00507.871 00309.801 00595.977 00336.070 00558.686 00245.005 00479.355 00264.500 00665.471 00493.927 00250.955 00211.354 00674.294 00672.578 00675.514 00651.282 00524.356 00354.051 00655.041 00421.738 00343.353 00460.006 00194.475 00527.647 00361.790 00206.481 00520.542 00320.629 00640.161 00473.211 00304.729 00635.274 00403.946 00170.125 00530.227 00387.127 00246.695 00533.787 00201.396 00486.594 00251.955 00526.413 00295.390 00608.075 00439.097 00267.358 00604.132 00407.589 00211.236 00554.191 00378.727 00204.490 00566.476 00408.673 00251.923
00551.388 00446.859 00525.676 00214.920 00425.419 00643.217 00453.619 00267.597 00551.462 00297.261 00519.552 00211.810 00507.663 00347.267 00199.155 00513.646 00401.660 00570.820 00673.086 00674.152 00673.538 00676.990 00674.520 00675.028 00640.265 00410.175 00516.510 00301.371 00606.435 00454.730 00307.396 00670.524 00466.820 00266.485 00590.800 00423.512 00258.604 00573.914 00341.486 00638.954 00496.537 00356.397 00218.534 00461.302 00614.816 00380.144 00663.896 00428.182 00192.753 00544.915 00381.879 00218.605 00554.107 00357.064 00685.320 00510.451 00337.040 00689.003 00531.951 00376.376
00312.509 00202.993 00644.229 00353.037 00572.798 00310.088 00584.156 00406.544 00230.068 00513.257 00262.030 00474.533 00671.334 00506.493 00357.332 00224.895 00600.320 00356.618 00246.247 00190.527 00673.450 00676.506 00679.167 00680.881 00682.464 00679.457 00678.612 00599.487 00169.433 00391.998 00618.325 00329.448 00588.259 00392.031 00201.003 00539.310 00375.251 00213.397 00511.584 00278.403 00600.744 00461.211 00328.142 00194.405 00401.098 00522.315 00287.520 00578.048 00353.578 00664.723 00500.925 00337.690 00174.998 00502.277 00305.898 00641.001 00467.960 00295.800 00652.960 00498.316
00475.634 00572.132 00233.888 00467.948 00187.702 00453.306 00207.402 00528.471 00350.343 00174.686 00433.612 00177.841 00382.361 00633.940 00492.681 00566.007 00342.668 00167.280 00502.854 00392.266 00478.914 00391.723 00681.909 00685.091 00688.268 00682.265 00683.347 00680.210 00681.141 00678.116 00681.890 00536.988 00212.494 00503.774 00318.490 00652.169 00487.417 00385.630 00676.406 00440.720 00211.708 00570.256 00180.325 00429.509 00181.663 00190.009 00463.115 00215.137 00511.010 00288.656 00618.756 00456.199 00294.049 00647.394 00451.390 00255.827 00597.846 00426.538 00171.876 00169.580
00653.428 00490.217 00450.926 00630.357 00313.394 00555.273 00324.359 00622.137 00450.217 00280.103 00598.628 00346.863 00596.969 00300.918 00534.546 00269.785 00557.331 00377.732 00223.512 00591.841 00315.219 00661.922 00678.566 00300.326 00249.155 00623.598 00695.254 00652.855 00686.628 00680.457 00686.338 00680.266 00684.134 00592.024 00549.700 00683.774 00624.360 00491.497 00306.434 00587.873 00366.235 00663.897 00390.680 00658.747 00413.041 00690.665 00647.970 00396.024 00667.044 00445.804 00225.925 00573.883 00412.150 00250.834 00596.161 00400.924 00172.177 00170.295 00171.443 00172.154
00256.000 00625.349 00435.228 00269.047 00513.378 00644.961 00428.290 00209.038 00543.742 00378.622 00215.742 00509.529 00264.192 00508.552 00224.897 00476.709 00225.838 00543.734 00395.066 00265.580 00638.586 00410.716 00273.357 00178.790 00552.254 00480.058 00696.956 00556.598 00694.374 00696.055 00694.339 00696.233 00694.521 00694.119 00692.314 00693.708 00661.301 00361.849 00519.884 00218.234 00506.355 00305.314 00620.008 00363.359 00638.249 00395.838 00654.694 00586.515 00321.788 00599.210 00381.090 00690.745 00529.437 00170.875 00171.943 00170.749 00171.443 00169.969 00170.621 00171.178
00393.963 00224.134 00572.261 00404.561 00234.334 00288.077 00517.975 00312.671 00631.796 00471.170 00312.715 00666.362 00425.023 00185.512 00426.396 00661.336 00421.303 00189.830 00542.105 00409.973 00276.836 00655.517 00487.114 00364.809 00273.330 00244.187 00685.214 00661.021 00419.901 00696.571 00694.090 00333.545 00488.529 00696.485 00694.142 00695.531 00696.595 00694.825 00649.168 00378.874 00655.658 00461.112 00274.858 00588.959 00337.025 00618.177 00383.056 00588.494 00517.844 00172.027 00169.686 00171.439 00170.176 00170.797 00171.292 00169.822 00170.542 00171.283 00169.684 00170.301
00515.530 00353.276 00196.395 00544.986 00374.871 00204.388 00593.648 00401.852 00207.292 00435.644 00647.763 00339.783 00572.660 00341.024 00608.638 00347.925 00604.697 00377.314 00660.004 00520.140 00609.678 00377.679 00184.638 00545.284 00433.623 00532.358 00409.879 00311.511 00232.401 00183.456 00628.351 00169.778 00276.574 00598.968 00408.633 00185.709 00665.581 00453.870 00689.334 00514.394 00337.544 00598.358 00416.428 00244.497 00558.125 00311.040 00598.485 00170.684 00171.079 00171.211 00170.078 00170.814 00171.546 00170.077 00170.581 00171.064 00169.589 00170.350 00171.134 00169.449
