data/trial7/ashley.fml
NCOLS 382
NROWS 266
XLLCORNER 157819.328125
YLLCORNER 384678.625000
CELLSIZE 30.000000
NODATA_VALUE -1
[rows 136 to 169 of 266, columns 231 to 307 of 382]
04.12 03.75 03.63 03.37 03.44 03.61 03.67 04.30 04.32 04.44 04.80 04.87 04.72 04.61 03.56 04.01 04.27 04.01 04.16 04.43 04.55 04.60 04.44 04.04 04.30 04.56 04.65 04.44 04.12 03.63 03.01 00.35 00.39 00.49 00.51 00.55 00.55 00.55 00.54 00.46 00.38 00.74 02.67 02.04 01.63 00.95 02.08 02.50 02.68 02.70 02.86 02.82 03.19 03.29 03.19 02.90 02.81 02.79 03.03 03.74 03.72 03.13 02.86 02.55 02.26 02.63 02.73 03.30 03.87 03.89 03.72 02.30 02.17 02.32 02.15 02.11 02.25
04.09 03.49 03.83 03.29 03.44 03.50 03.96 04.26 04.46 04.88 05.23 05.34 05.02 04.38 03.41 04.06 04.32 04.04 03.93 04.20 04.19 04.29 04.13 04.17 04.20 04.33 04.53 04.74 03.45 03.39 02.79 00.33 00.43 00.55 00.52 00.48 00.48 00.50 00.47 00.43 00.44 02.12 02.83 02.05 01.84 00.89 01.98 02.41 02.65 02.47 02.62 02.76 03.02 03.13 02.98 02.89 02.75 02.86 03.21 03.41 03.46 02.82 02.39 02.59 02.61 03.27 03.26 03.54 03.41 02.34 02.39 02.31 02.21 02.24 02.15 02.29 02.85
04.17 03.58 03.45 03.22 03.52 03.86 04.06 04.19 04.72 05.06 05.44 05.51 05.41 04.22 03.36 04.90 04.46 04.12 03.96 03.85 03.90 04.02 04.03 04.12 04.32 04.56 04.39 04.06 03.66 03.44 00.36 00.42 00.52 00.47 00.39 00.42 00.45 00.45 00.41 00.53 00.85 02.18 02.68 02.16 01.74 00.50 02.05 02.42 02.64 02.34 02.38 02.55 02.95 02.75 02.78 02.72 02.68 03.21 03.90 03.32 03.03 02.36 02.98 03.55 03.73 02.31 02.41 02.59 02.22 02.27 02.28 02.22 02.15 02.21 02.35 02.81 03.07
04.06 03.91 03.71 03.61 03.71 03.77 04.00 04.24 04.71 05.58 05.64 05.61 05.21 03.94 03.33 04.97 04.46 04.02 03.91 03.86 03.72 03.89 04.12 04.53 04.82 04.49 03.83 03.41 03.82 01.84 00.35 00.46 00.44 00.37 00.49 00.51 00.57 00.61 00.90 02.50 01.20 02.58 02.31 02.04 01.64 01.01 02.06 02.38 02.45 02.21 02.08 02.22 02.36 02.45 02.44 02.50 03.37 03.43 03.18 02.81 02.93 02.83 03.27 03.14 02.24 02.27 02.50 02.25 02.15 02.19 02.11 02.08 02.08 02.23 02.84 03.12 03.14
03.47 03.56 03.51 03.52 03.61 03.77 03.88 04.25 04.92 05.31 05.47 05.39 04.72 03.57 03.14 04.99 04.80 04.43 04.03 03.66 03.92 04.51 05.03 05.49 05.08 04.06 03.29 03.27 03.71 00.45 00.38 00.52 00.36 01.89 01.30 02.20 02.73 03.36 01.22 02.44 02.61 02.66 02.13 01.91 01.48 00.53 02.06 02.30 02.25 02.08 01.87 01.92 02.04 02.11 02.39 02.46 02.51 02.48 02.38 02.43 02.65 02.66 02.24 02.07 02.15 02.24 02.19 02.05 02.01 02.07 02.01 02.08 02.25 02.39 02.55 02.80 03.00
03.45 03.57 03.48 03.52 03.60 03.71 04.02 04.39 04.74 05.07 05.37 05.38 04.43 03.32 02.83 04.59 04.54 04.41 04.49 04.18 04.88 05.49 05.37 05.33 05.01 03.67 03.21 03.17 03.05 00.40 00.40 00.49 00.31 01.61 02.07 02.63 02.99 03.64 01.87 02.73 02.47 02.52 02.02 01.79 01.47 00.65 02.01 02.04 02.08 01.78 01.87 01.88 01.86 01.93 01.86 01.86 01.88 01.95 02.01 02.02 02.04 02.07 01.98 02.01 02.08 02.16 01.81 01.85 01.98 02.03 02.02 02.14 03.70 03.15 03.01 02.97 02.80
03.48 03.53 03.47 03.50 03.60 03.74 04.03 04.33 04.51 04.85 05.02 05.17 04.27 03.22 04.00 04.02 04.10 04.10 04.08 04.41 04.80 05.46 05.29 05.15 04.40 03.38 03.14 03.09 00.57 00.45 00.55 00.55 00.46 00.96 01.28 02.87 03.29 03.22 02.48 02.56 02.40 02.34 02.11 01.78 01.52 00.89 01.97 01.85 02.11 01.80 01.73 01.70 01.64 01.60 01.54 01.37 01.44 01.47 01.63 01.88 01.84 01.79 01.76 01.84 01.98 01.89 01.71 01.73 01.73 02.10 02.79 03.21 03.81 03.70 03.85 03.40 02.52
04.21 04.09 04.14 04.10 04.00 04.07 04.22 04.42 04.44 04.48 04.62 04.79 04.25 03.26 03.81 03.59 03.76 03.88 03.94 03.93 04.57 05.07 05.14 04.73 03.75 03.29 03.02 03.37 00.61 00.55 00.44 00.44 00.44 00.41 02.43 03.19 03.39 02.66 02.40 02.38 02.23 02.20 01.95 01.71 01.17 01.71 01.96 01.81 01.80 01.71 01.66 01.58 01.64 01.73 01.75 01.78 01.81 01.85 01.91 01.87 01.83 01.84 01.85 01.85 01.65 01.67 01.89 02.28 01.63 02.55 03.24 03.59 03.61 03.56 03.62 03.86 02.33
04.34 03.86 03.91 03.97 04.18 04.31 04.44 04.59 04.73 04.59 04.35 04.56 04.31 03.41 03.28 03.63 04.30 04.23 04.00 03.91 04.37 04.80 04.77 03.93 03.33 03.08 03.06 02.92 00.72 00.60 00.55 00.52 00.48 01.51 02.31 03.36 03.01 02.53 02.33 02.30 02.18 02.11 01.77 01.36 00.78 01.59 01.60 01.58 01.68 01.70 01.63 01.68 01.73 01.83 02.10 02.13 02.02 02.01 02.08 02.13 02.05 02.09 02.07 01.97 01.96 02.12 02.40 02.41 00.95 02.71 03.18 03.37 03.40 03.39 03.74 03.71 02.41
03.91 04.06 04.22 04.44 04.62 05.00 04.98 04.79 04.71 04.05 04.15 04.18 03.98 03.22 03.23 04.21 05.81 05.18 03.68 03.91 04.27 04.45 04.03 03.38 03.21 03.13 03.27 03.95 02.92 03.76 04.12 04.33 04.29 02.96 03.76 03.10 02.56 02.39 02.28 02.22 02.16 02.00 01.62 01.56 01.62 01.65 01.64 01.48 02.35 02.39 02.41 02.41 02.24 02.45 02.69 02.76 02.74 02.79 02.79 02.69 02.81 02.80 02.29 02.34 02.48 02.64 02.83 02.88 01.94 02.67 03.09 03.15 03.20 04.02 03.64 03.64 03.20
03.88 04.52 05.19 05.77 05.45 04.66 04.56 04.39 04.67 04.26 03.54 03.80 03.42 03.06 03.36 04.70 05.84 04.89 03.33 03.91 04.10 04.02 03.41 03.18 03.22 03.31 03.66 04.27 04.36 04.44 04.51 04.64 04.85 04.20 03.09 02.86 02.56 02.33 02.25 02.13 02.06 01.77 01.57 01.61 01.44 01.46 02.30 02.38 02.40 02.14 02.34 02.49 02.59 02.74 03.03 03.09 03.01 02.97 02.93 02.92 03.17 03.27 03.25 03.36 03.28 02.99 02.63 02.42 01.69 02.57 02.91 03.15 03.68 03.74 03.50 03.45 03.54
03.91 05.18 06.63 05.98 04.93 03.95 03.77 05.00 04.60 03.84 02.94 03.11 03.54 03.19 03.76 05.76 04.97 04.27 03.68 03.79 03.81 03.65 03.15 03.36 03.49 03.53 03.39 04.11 04.23 04.43 04.75 04.59 04.03 03.34 02.79 02.62 02.60 02.30 02.17 02.04 01.86 01.97 01.70 02.57 02.62 02.71 02.35 02.40 02.01 02.52 02.61 03.23 03.50 03.71 03.81 03.62 03.63 03.46 03.57 04.02 04.01 03.38 03.42 03.08 02.93 02.64 02.48 02.10 01.56 02.42 02.79 03.62 03.46 03.46 03.32 03.49 03.50
04.80 05.96 06.22 04.58 03.68 03.53 04.67 05.15 04.47 04.15 04.22 04.06 03.94 03.66 05.12 05.16 04.05 03.79 03.74 03.57 03.55 03.70 03.29 03.54 03.65 03.74 03.51 03.93 04.03 04.41 04.72 03.89 03.19 02.65 02.61 02.55 02.25 02.13 02.04 01.90 02.64 02.52 02.52 02.62 02.69 02.78 02.44 01.91 02.26 02.74 03.44 04.31 05.07 04.46 04.11 03.88 04.08 03.96 04.01 03.95 03.85 03.48 03.03 02.81 02.50 02.56 02.32 01.93 01.27 02.57 04.02 03.65 03.18 03.36 03.45 03.57 03.54
05.40 05.68 04.77 03.45 03.70 06.51 05.38 05.35 05.28 04.38 04.35 03.98 03.89 04.57 04.99 03.78 03.51 03.50 04.11 03.40 03.53 03.85 03.78 03.67 03.79 03.88 03.53 03.70 03.76 03.99 03.75 03.06 02.83 02.57 02.49 02.45 02.19 02.05 02.03 02.95 02.95 02.40 02.54 02.65 02.72 02.66 01.91 01.96 02.33 03.11 04.54 05.30 04.71 04.58 04.42 04.59 04.36 03.94 03.89 03.77 03.63 03.23 02.74 02.48 02.29 02.43 02.08 01.55 02.26 03.74 03.77 03.33 03.15 03.36 03.44 03.65 03.44
04.60 04.85 03.50 03.73 06.10 05.92 05.66 05.89 05.53 04.79 04.29 04.00 04.72 04.43 03.92 03.34 03.36 04.12 04.00 03.35 03.51 04.07 04.03 03.81 03.67 03.66 03.31 03.24 03.48 03.35 02.93 02.85 02.53 02.45 02.44 02.15 02.02 03.33 03.30 03.08 02.80 02.44 02.55 02.33 02.13 02.02 01.88 02.36 02.76 03.55 04.18 04.70 04.55 04.24 05.24 04.83 04.05 03.84 03.80 03.59 03.52 02.99 02.61 02.26 02.35 02.17 01.82 01.13 04.01 03.87 03.43 03.12 03.15 03.24 03.39 03.47 03.40
04.32 04.37 03.73 04.21 06.38 06.62 05.47 05.49 05.36 05.45 04.19 05.82 05.04 03.88 03.08 03.69 03.91 03.88 03.75 03.31 03.88 04.32 03.80 03.76 03.46 03.37 02.97 03.18 02.86 02.79 02.76 02.51 02.44 02.39 02.07 02.01 02.69 03.04 03.03 02.91 02.71 01.93 02.04 02.16 02.29 02.31 02.29 02.52 02.84 03.20 03.56 04.01 03.35 06.25 06.59 04.51 04.02 03.75 03.65 03.53 03.30 02.71 02.32 02.10 02.19 01.98 01.54 02.44 03.10 03.64 02.95 03.04 03.03 03.14 03.15 03.33 03.22
04.09 04.05 03.65 06.03 06.48 06.44 05.27 05.00 05.72 05.92 05.93 05.56 03.60 02.92 03.55 03.71 03.70 03.51 03.32 03.34 04.08 04.06 03.71 03.55 02.82 02.67 03.02 02.81 02.67 02.64 02.49 02.43 02.35 02.00 02.00 02.56 02.60 02.49 02.39 02.26 02.53 01.97 02.07 02.70 02.86 02.67 02.43 02.60 02.73 02.93 03.03 03.44 05.49 06.07 05.16 04.32 03.82 03.67 03.46 03.43 02.90 02.48 02.28 02.43 02.55 01.90 01.51 00.76 01.12 03.08 02.95 02.98 02.94 03.04 03.06 03.10 03.03
03.87 03.87 04.87 05.89 05.96 05.03 03.98 05.28 05.30 05.67 05.23 03.92 02.98 04.67 03.60 03.51 03.37 02.95 02.97 03.34 03.36 03.36 03.37 02.55 02.42 02.88 02.70 02.66 02.59 02.43 02.43 02.43 02.00 02.17 02.22 02.26 02.29 02.32 02.33 02.22 02.09 02.34 02.54 02.73 02.75 02.59 02.56 02.65 02.99 03.40 02.74 02.85 03.95 04.76 04.05 03.94 03.60 03.41 03.32 03.04 02.47 02.19 02.28 02.66 02.35 02.12 01.78 01.46 02.66 02.83 02.84 02.74 02.89 02.99 02.94 02.90 02.64
03.94 04.13 04.33 05.19 04.90 03.87 06.66 04.98 04.69 04.22 04.13 03.32 04.13 03.33 03.34 02.86 02.62 02.64 02.84 02.91 03.15 02.46 02.33 02.58 02.74 02.58 02.64 02.68 02.43 02.47 02.44 02.04 02.07 02.21 02.70 02.78 02.86 02.94 03.05 02.74 02.29 02.41 02.68 02.94 03.03 02.58 03.08 03.35 03.45 02.97 02.61 03.06 03.55 03.94 03.47 03.61 03.29 03.09 02.97 02.49 02.31 02.06 02.47 02.35 02.34 01.93 01.62 01.12 02.60 02.63 02.60 02.66 02.67 02.67 02.75 02.63 01.61
04.15 04.35 04.35 04.52 03.77 05.56 05.23 04.14 03.76 03.34 03.69 03.41 03.16 03.11 02.66 02.70 02.46 02.46 02.73 02.41 02.38 02.31 02.73 02.96 02.84 02.50 02.75 02.75 02.74 02.74 02.03 02.47 02.53 02.67 02.77 02.86 02.95 03.09 03.25 02.77 02.55 02.45 03.35 03.57 02.59 02.84 04.07 05.06 05.27 02.64 02.71 03.03 03.20 03.29 03.16 02.93 02.78 02.93 02.51 02.23 02.04 02.37 02.24 02.17 01.93 01.72 01.25 02.39 02.44 02.41 02.36 02.19 02.34 02.62 02.63 00.72 00.81
04.02 04.10 04.22 04.21 04.68 04.96 03.65 03.60 03.06 03.11 03.03 02.91 02.85 03.61 03.52 03.83 03.86 03.54 03.46 03.09 02.69 03.62 03.31 03.21 03.16 03.32 02.85 02.76 03.29 02.99 02.56 02.54 02.63 02.77 02.87 02.97 03.05 03.13 03.29 02.74 02.36 03.06 03.74 02.65 03.22 04.09 05.40 04.93 03.66 03.07 03.06 03.14 02.93 03.02 02.66 02.60 02.66 02.43 02.26 02.13 02.31 02.09 01.89 01.61 01.29 00.61 02.08 02.10 02.17 02.12 01.85 02.32 01.50 00.69 00.78 00.82 00.89
04.31 04.04 04.04 04.16 04.48 03.81 03.83 03.03 02.64 02.65 02.67 02.69 03.83 03.73 03.95 04.29 04.18 03.33 03.16 02.84 03.32 03.45 03.23 03.25 03.60 03.62 03.60 03.68 03.43 02.66 02.59 02.58 02.83 02.89 03.04 03.23 03.11 03.16 03.36 02.47 02.56 03.40 03.70 03.59 04.58 05.80 04.50 03.21 03.40 03.29 03.41 02.79 02.97 02.91 02.24 02.41 02.39 02.27 02.08 02.39 02.22 01.67 01.60 01.11 01.65 01.63 02.03 01.86 02.29 02.33 00.62 00.73 00.76 00.78 00.80 00.83 00.87
03.95 03.62 03.59 04.14 04.18 04.06 02.92 03.57 05.32 04.25 04.85 03.82 04.18 03.83 04.30 04.41 03.84 02.97 02.81 02.61 03.60 03.61 03.70 03.91 04.00 04.07 03.69 03.70 02.86 02.70 02.67 02.86 02.93 03.29 03.48 03.58 03.58 03.59 03.13 02.61 03.04 03.73 04.34 05.13 05.78 04.30 03.16 03.59 03.86 03.29 03.29 02.82 03.02 02.81 02.11 02.25 02.21 02.04 02.67 02.18 02.33 01.86 01.76 01.14 01.03 00.42 00.40 00.42 00.51 00.63 00.69 00.70 00.75 00.77 00.78 00.80 00.81
03.77 03.91 03.89 03.74 04.11 03.88 03.57 04.44 05.23 04.71 03.97 04.11 03.91 03.75 04.10 03.87 03.45 02.77 02.62 03.18 03.72 03.77 03.83 03.93 04.05 04.14 03.67 02.57 02.75 02.92 03.15 03.01 02.77 03.34 03.74 03.82 03.77 03.76 03.93 02.92 03.52 04.39 05.26 05.64 04.00 02.80 04.06 03.88 04.10 03.37 03.15 02.99 02.94 02.83 02.17 02.13 02.54 03.06 02.95 02.44 01.95 01.94 01.63 01.30 00.47 00.46 00.56 00.57 00.55 00.61 00.69 00.74 00.75 00.78 00.77 00.77 00.74
03.68 03.69 03.58 03.50 03.81 03.89 03.91 04.51 04.44 04.11 03.88 03.73 03.47 03.46 03.45 03.67 03.05 02.63 02.80 03.42 03.75 03.83 03.93 04.00 03.95 03.90 03.78 02.85 03.04 02.69 03.02 02.75 03.91 05.06 05.00 04.10 04.26 03.76 02.68 03.30 04.34 05.18 05.35 03.73 04.01 04.01 04.00 04.00 04.10 03.48 02.80 03.01 02.98 02.71 02.16 02.59 02.92 03.19 03.12 02.86 02.44 01.86 01.70 01.06 00.68 00.47 00.55 00.57 00.57 00.60 00.69 00.74 00.77 00.75 00.74 00.67 00.65
03.50 03.49 03.46 03.33 03.47 04.05 04.07 03.86 03.54 03.59 03.45 03.22 03.09 03.11 03.48 03.44 03.09 03.08 03.06 03.07 03.73 03.84 03.83 03.81 03.72 03.55 02.89 03.11 03.18 03.23 02.85 04.21 05.07 05.68 06.04 04.38 04.52 03.76 03.08 03.99 05.08 04.92 04.00 03.99 04.02 03.96 03.95 04.05 03.98 03.35 02.98 02.96 02.96 02.24 02.10 02.95 03.21 03.40 03.13 02.89 02.29 02.21 02.16 01.70 00.44 00.48 00.54 00.57 -1.00 -1.00 00.46 00.49 00.51 00.49 00.50 00.46 00.47
03.31 03.30 03.29 03.15 03.49 03.58 03.67 03.60 03.17 02.98 02.94 02.77 02.74 02.88 03.01 03.32 03.11 03.12 03.03 03.16 03.75 03.63 03.64 03.62 03.15 02.77 02.99 03.22 03.47 03.84 04.55 05.28 05.86 05.77 05.36 04.73 04.64 03.42 03.98 05.02 04.50 03.91 04.06 04.04 03.92 03.87 03.92 03.90 03.32 02.78 02.96 02.80 02.55 02.76 03.08 03.00 03.43 03.46 03.31 02.72 02.42 02.38 02.04 01.15 00.42 00.47 00.54 00.48 00.41 00.43 00.48 00.47 00.46 00.44 00.44 00.43 00.44
03.16 03.17 03.17 03.30 03.25 03.47 03.30 03.30 02.90 02.53 02.49 02.39 02.45 02.70 02.85 02.85 02.66 02.95 02.94 03.53 03.61 03.45 03.40 03.34 02.92 02.81 04.05 05.02 05.40 05.64 05.30 05.97 05.40 04.94 04.64 04.08 04.19 04.41 04.86 04.39 03.84 04.16 04.01 03.84 03.80 03.76 03.72 03.31 03.00 02.80 02.71 02.64 03.14 02.98 03.13 03.29 03.00 03.26 03.09 02.65 02.51 02.43 02.31 02.09 00.40 00.36 00.32 00.32 00.32 00.34 00.38 00.44 00.55 00.52 00.51 00.50 00.44
03.06 03.04 02.96 03.04 03.18 03.16 03.04 03.05 02.78 02.29 02.00 02.12 02.21 02.34 02.28 02.06 02.55 02.80 03.09 03.67 03.47 03.63 03.29 03.09 03.21 04.14 04.93 05.21 05.48 05.67 05.54 04.89 04.55 04.31 04.04 03.85 04.50 04.71 04.39 03.78 04.08 04.06 03.79 03.81 03.58 03.53 03.10 02.59 02.49 02.83 03.57 03.33 03.10 03.17 03.24 03.19 03.04 02.50 02.53 02.52 02.41 02.26 02.16 02.06 01.94 00.61 00.69 00.69 02.09 00.64 00.57 00.62 00.68 00.77 03.44 01.18 00.92
02.89 02.87 02.87 02.91 02.71 02.70 03.00 03.10 03.03 02.66 02.73 01.80 01.85 01.88 01.95 02.20 02.77 02.94 03.48 03.63 03.08 03.25 03.36 03.47 03.62 04.16 04.92 05.29 05.48 05.05 04.52 04.22 03.95 03.65 03.25 04.34 04.63 04.32 03.88 03.99 04.30 03.57 03.92 03.26 02.93 02.18 02.05 02.91 03.35 03.57 03.23 03.49 03.67 03.14 03.21 03.20 02.80 02.64 02.61 02.66 02.73 02.88 02.42 02.06 02.53 02.87 02.93 03.77 03.73 02.50 01.08 01.93 03.09 04.22 03.73 02.00 02.27
02.87 02.86 02.76 02.60 02.51 02.47 02.75 02.78 03.33 02.59 02.68 02.73 01.77 01.80 02.16 02.58 02.94 03.06 03.72 03.47 03.61 03.65 04.52 05.52 05.51 04.36 04.93 04.97 04.71 04.28 03.95 03.84 05.39 04.56 04.62 04.51 04.26 04.16 03.96 04.20 04.44 03.66 02.93 02.11 02.08 02.78 02.77 03.51 03.42 03.27 03.55 03.51 03.79 03.93 03.53 03.11 02.89 02.92 03.25 03.96 04.08 02.49 02.01 02.30 02.17 03.26 03.45 03.56 03.39 03.46 02.30 03.24 03.67 03.86 03.50 03.07 02.93
02.77 02.71 02.69 02.60 02.39 02.41 02.39 03.79 03.74 03.48 03.18 03.26 03.74 02.93 02.91 03.07 03.50 03.33 04.63 06.14 05.94 04.62 05.23 04.90 04.43 04.43 04.35 04.10 03.91 03.91 03.95 05.15 04.62 04.63 04.42 04.25 04.24 04.18 04.17 04.42 03.37 02.99 03.08 03.01 02.91 02.73 03.44 04.71 03.25 03.39 03.39 03.39 04.09 04.02 03.73 03.43 03.61 04.54 03.90 03.30 02.22 02.45 02.25 02.26 02.65 03.41 03.34 03.26 03.15 03.16 03.33 03.42 03.41 03.37 03.39 03.26 02.86
02.58 02.65 02.91 03.54 03.31 03.72 03.46 03.41 03.18 03.03 02.84 03.63 03.68 03.00 03.06 03.01 02.85 03.76 06.15 05.39 04.63 04.40 04.12 03.97 03.86 03.77 03.65 03.45 04.32 05.12 04.91 04.69 04.55 04.44 04.27 04.23 04.23 04.23 04.32 04.32 03.17 03.63 03.66 03.66 03.81 04.42 04.77 04.26 03.64 03.31 03.27 03.59 03.95 03.93 04.14 04.77 04.59 03.51 03.25 02.03 02.34 02.58 02.32 02.48 02.08 03.34 03.17 03.04 02.96 03.02 03.24 03.29 03.29 03.35 03.38 03.27 02.67
02.55 02.80 03.48 03.65 03.60 02.92 03.08 02.97 02.86 03.15 02.48 03.10 03.52 02.75 03.06 02.48 05.14 05.62 04.68 04.26 03.80 03.64 03.56 03.43 04.52 04.78 05.04 05.13 04.96 04.74 04.60 04.45 04.35 04.24 04.19 04.15 04.17 04.15 04.15 04.15 03.43 03.97 04.62 03.82 04.44 04.86 04.17 03.61 03.31 03.38 02.70 03.63 04.17 04.55 04.36 04.25 03.05 02.34 03.03 02.97 02.76 02.66 02.28 03.08 03.15 03.29 03.00 02.85 02.79 02.95 03.09 03.14 03.20 03.22 03.19 03.06 02.65
