data/trial7/ashley.rci
NCOLS 382
NROWS 266
XLLCORNER 157819.328125
YLLCORNER 384678.625000
CELLSIZE 30.000000
NODATA_VALUE -1
[rows 52 to 77 of 266, columns 180 to 239 of 382]
00628.284 00617.696 00628.559 00611.143 00149.990 00434.206 00576.045 00587.867 00514.626 00506.205 00118.553 00534.149 00496.186 00537.063 00557.621 00623.989 00574.309 00608.597 00641.763 00649.882 00619.112 00636.806 00652.142 00645.472 00675.376 00669.834 00223.924 00421.835 00195.095 00526.174 00582.488 00305.738 -0001.000 -0001.000 -0001.000 -0001.000 -0001.000 -0001.000 -0001.000 -0001.000 -0001.000 -0001.000 -0001.000 -0001.000 -0001.000 -0001.000 -0001.000 -0001.000 -0001.000 -0001.000 -0001.000 -0001.000 -0001.000 -0001.000 -0001.000 -0001.000 -0001.000 -0001.000 -0001.000 -0001.000
00620.435 00630.868 00617.594 00601.643 00434.273 00275.063 00609.767 00534.616 00465.769 00440.341 00392.966 00571.196 00523.766 00598.252 00585.669 00615.417 00627.828 00612.772 00641.584 00647.749 00636.177 00646.464 00635.460 00648.464 00668.578 00666.887 00686.131 00245.395 00538.530 00374.662 00292.171 00511.181 -0001.000 -0001.000 -0001.000 -0001.000 -0001.000 -0001.000 -0001.000 -0001.000 -0001.000 -0001.000 -0001.000 -0001.000 -0001.000 -0001.000 -0001.000 -0001.000 -0001.000 -0001.000 -0001.000 -0001.000 -0001.000 -0001.000 -0001.000 -0001.000 -0001.000 -0001.000 -0001.000 -0001.000
00632.457 00620.073 00608.956 00614.495 00258.919 00545.645 00571.294 00547.317 00413.872 00352.671 00541.745 00550.757 00602.743 00598.127 00605.289 00566.700 00596.962 00637.388 00644.789 00642.378 00628.977 00629.777 00628.576 00653.980 00651.822 00667.011 00686.525 00541.702 00368.059 00214.592 00491.835 00236.806 00541.088 -0001.000 -0001.000 -0001.000 -0001.000 -0001.000 -0001.000 -0001.000 -0001.000 -0001.000 -0001.000 -0001.000 -0001.000 -0001.000 -0001.000 -0001.000 -0001.000 -0001.000 -0001.000 -0001.000 -0001.000 -0001.000 -0001.000 -0001.000 -0001.000 -0001.000 -0001.000 -0001.000
00622.169 00638.892 00621.718 00626.361 00486.853 00357.558 00594.920 00499.160 00466.074 00429.174 00523.341 00597.148 00599.858 00616.098 00618.494 00632.587 00562.605 00644.839 00648.827 00642.684 00628.764 00620.067 00632.766 00655.216 00654.655 00666.335 00665.627 00340.500 00191.400 00538.631 00199.873 00757.108 00340.152 -0001.000 -0001.000 -0001.000 -0001.000 -0001.000 -0001.000 -0001.000 -0001.000 -0001.000 -0001.000 -0001.000 -0001.000 -0001.000 -0001.000 -0001.000 -0001.000 -0001.000 -0001.000 -0001.000 -0001.000 -0001.000 -0001.000 -0001.000 -0001.000 -0001.000 -0001.000 -0001.000
00639.553 00625.371 00633.498 00609.421 00226.904 00564.442 00547.711 00537.451 00522.236 00292.289 00520.461 00555.369 00598.644 00613.230 00599.079 00583.666 00590.602 00639.465 00640.025 00628.525 00632.474 00644.176 00658.369 00640.739 00654.191 00678.250 00671.464 00674.410 00447.317 00350.726 00451.592 00563.229 00835.300 00842.353 -0001.000 -0001.000 -0001.000 -0001.000 -0001.000 -0001.000 -0001.000 -0001.000 -0001.000 -0001.000 -0001.000 -0001.000 -0001.000 -0001.000 -0001.000 -0001.000 -0001.000 -0001.000 -0001.000 -0001.000 -0001.000 -0001.000 -0001.000 -0001.000 -0001.000 -0001.000
00629.878 00637.417 00622.414 00588.874 00445.122 00584.863 00581.487 00513.281 00419.083 00396.981 00529.173 00606.045 00627.505 00629.755 00638.373 00610.872 00638.410 00646.371 00642.500 00651.981 00654.791 00656.639 00650.867 00658.508 00672.012 00658.260 00668.455 00682.857 00189.719 01053.985 01049.928 00160.349 00166.569 00202.091 -0001.000 -0001.000 -0001.000 -0001.000 -0001.000 -0001.000 -0001.000 -0001.000 -0001.000 -0001.000 -0001.000 -0001.000 -0001.000 -0001.000 -0001.000 -0001.000 -0001.000 -0001.000 -0001.000 -0001.000 -0001.000 -0001.000 -0001.000 -0001.000 -0001.000 -0001.000
00619.844 00631.663 00612.043 00339.368 00214.211 00583.881 00535.402 00538.770 00464.706 00075.076 00560.328 00599.236 00638.437 00635.377 00624.112 00643.910 00647.010 00649.199 00651.934 00652.647 00653.524 00657.072 00663.831 00670.291 00672.267 00667.331 01008.093 00681.758 00268.818 00661.605 00719.504 00324.939 00284.769 00257.869 00255.194 -0001.000 -0001.000 -0001.000 -0001.000 -0001.000 -0001.000 -0001.000 -0001.000 -0001.000 -0001.000 -0001.000 -0001.000 -0001.000 -0001.000 -0001.000 -0001.000 -0001.000 -0001.000 -0001.000 -0001.000 -0001.000 -0001.000 00686.039 00544.146 00574.661
00628.109 00623.843 00626.619 00557.808 00586.772 00590.709 00539.913 00496.895 00514.027 00562.969 00598.200 00630.016 00633.144 00637.238 00640.404 00645.758 00648.488 00651.964 00652.356 00654.358 00660.799 00662.755 00668.265 00675.761 00676.214 00865.080 00812.695 00922.371 00868.978 00998.983 00257.477 00507.155 00642.287 00691.100 00699.558 00424.138 -0001.000 -0001.000 -0001.000 -0001.000 -0001.000 -0001.000 -0001.000 -0001.000 -0001.000 -0001.000 -0001.000 -0001.000 -0001.000 -0001.000 -0001.000 -0001.000 -0001.000 00640.531 00243.932 00674.511 00241.277 00781.149 00206.199 00497.979
00637.924 00625.916 00467.867 00146.357 00589.706 00570.185 00550.912 00466.532 00588.353 00639.516 00641.234 00640.510 00647.003 00644.825 00646.031 00647.887 00653.310 00654.004 00921.499 01040.531 00847.349 00677.821 00763.791 00881.880 00700.020 00854.068 00975.964 00758.899 00528.569 00686.261 00816.610 00779.222 00931.215 01052.186 00270.764 00341.006 00704.142 -0001.000 -0001.000 -0001.000 -0001.000 -0001.000 -0001.000 -0001.000 -0001.000 -0001.000 -0001.000 -0001.000 -0001.000 -0001.000 00351.322 00630.159 00910.251 00513.621 01017.921 00691.760 00622.953 00388.705 00556.580 00354.586
00631.126 00626.377 00352.944 00570.077 00597.141 00543.667 00586.051 00564.000 00640.347 00677.746 00654.334 00648.703 00868.577 00986.929 00835.163 00723.798 00930.398 00734.480 00841.520 00934.172 01049.419 00920.132 00821.257 00714.955 00868.404 00715.497 00856.042 00832.593 00186.004 00379.604 00533.800 00272.644 00480.276 00629.432 00758.000 00871.647 00953.064 00177.175 -0001.000 -0001.000 -0001.000 -0001.000 -0001.000 -0001.000 -0001.000 -0001.000 -0001.000 -0001.000 -0001.000 00930.655 00776.353 00224.218 00529.640 00267.121 00560.715 00298.095 00485.195 00225.559 00436.773 00208.287
00633.668 00529.543 00473.876 00590.113 00563.827 00565.968 00466.652 00622.811 00655.531 00684.779 00741.292 00992.819 00785.098 00920.222 01067.257 00983.396 00825.073 01011.932 00764.280 00985.445 00533.775 01004.826 00197.525 00875.088 00638.176 00752.355 00268.221 00538.466 00767.606 00969.801 00350.565 00679.434 00923.718 00215.737 00373.853 00532.355 00668.600 00517.774 -0001.000 -0001.000 -0001.000 -0001.000 -0001.000 -0001.000 -0001.000 -0001.000 -0001.000 -0001.000 00614.634 00623.435 00429.231 00163.002 00436.113 00623.767 00406.562 00164.701 00338.821 00520.917 00280.746 00467.598
00626.304 00215.098 00606.126 00585.451 00547.590 00542.940 00586.938 00631.920 00675.545 00696.710 01055.977 00676.256 00721.289 00553.328 00805.100 01071.935 00270.909 00655.430 01076.989 00552.327 00968.058 00508.321 00966.439 00613.060 00394.387 01017.123 00704.266 00259.606 00486.407 00700.448 00880.957 00197.496 00487.824 00713.142 00875.977 00164.554 00346.263 00763.266 -0001.000 -0001.000 -0001.000 -0001.000 -0001.000 -0001.000 -0001.000 -0001.000 00188.126 00372.326 00769.077 00599.575 00382.840 00587.311 00307.926 00518.702 00296.507 00480.777 00169.352 00352.289 00575.894 00246.543
00399.441 00593.800 00576.638 00581.073 00559.264 00621.208 00648.916 00674.434 00693.024 00893.908 01132.995 00202.257 00891.234 00338.850 00605.704 00574.331 00887.162 00782.035 00789.183 00295.854 00645.804 01012.494 00548.213 01051.528 00182.851 00744.323 00344.784 00781.831 00229.485 00420.453 00605.253 00797.729 00995.689 00323.211 00507.057 00684.427 00838.985 00154.326 -0001.000 -0001.000 -0001.000 -0001.000 -0001.000 -0001.000 -0001.000 00638.868 00221.850 00768.076 00309.675 00558.613 00315.927 00508.716 00210.829 00411.940 00181.305 00463.254 00456.270 00184.043 00340.329 00539.805
00604.384 00570.804 00566.632 00526.007 00637.950 00655.140 00673.230 00782.321 01072.594 00401.885 00659.614 00895.659 00389.215 00196.327 00557.929 00954.389 00564.103 00552.909 00252.384 00822.546 00413.993 00741.204 01067.581 00694.413 00633.134 00495.595 01003.370 00457.809 00793.916 00176.055 00350.827 00529.511 00673.892 00866.993 01028.758 00336.307 00469.886 00634.245 -0001.000 -0001.000 -0001.000 -0001.000 -0001.000 -0001.000 00262.782 00712.306 00198.048 00516.445 00294.959 00511.079 00260.316 00429.514 00592.088 00306.708 00554.870 00364.271 00262.872 00446.914 00605.149 00366.605
00572.822 00318.619 00622.344 00645.561 00668.969 00682.356 00777.716 00177.152 00568.461 00927.495 00256.903 00504.617 00951.223 00662.239 00319.705 00634.000 00962.576 00421.133 00971.666 00538.289 00185.565 00529.493 00841.618 00276.649 00745.134 00312.127 00761.398 00282.787 00840.460 00402.899 00863.217 00241.691 00717.321 01034.627 00477.100 00755.347 01010.338 -0001.000 -0001.000 -0001.000 -0001.000 -0001.000 -0001.000 00224.884 00392.751 00486.481 00191.121 00459.147 00246.571 00474.842 00201.559 00340.899 00485.818 00198.273 00449.876 00268.976 00577.340 00193.870 00419.394 00184.578
00632.432 00635.373 00660.011 00676.387 00697.987 00669.374 00377.024 00762.556 01108.405 00456.504 00748.060 00987.639 -0001.000 -0001.000 01026.648 00410.579 00684.601 00529.258 00814.574 00567.167 00786.707 00307.830 00604.688 00895.873 00368.507 00729.271 00563.322 00922.092 00420.435 00909.611 00432.872 00789.661 00222.248 00533.374 00836.799 -0001.000 -0001.000 -0001.000 -0001.000 -0001.000 -0001.000 -0001.000 00947.766 00535.661 00336.588 00519.648 00211.933 00444.689 00222.605 00437.878 00633.961 00443.666 00270.313 00583.320 00350.797 00174.969 00445.910 00441.609 00205.917 00409.157
00674.771 00679.934 00689.771 00250.837 00387.815 00763.520 01014.102 00336.983 00659.856 01003.323 00378.290 -0001.000 -0001.000 -0001.000 -0001.000 00387.202 -0001.000 -0001.000 00417.630 00339.359 00157.432 00926.871 00405.127 00676.517 00978.791 00459.327 00377.562 -0001.000 -0001.000 -0001.000 00969.775 -0001.000 -0001.000 -0001.000 -0001.000 -0001.000 -0001.000 -0001.000 -0001.000 -0001.000 -0001.000 -0001.000 00155.991 00164.975 00550.463 00397.813 00205.710 00443.876 00199.837 00396.721 00589.150 00389.944 00219.036 00482.801 00266.614 00543.263 00323.409 00210.794 00502.117 00597.486
00626.846 00297.955 00468.970 00632.059 00318.892 00898.516 00380.590 00834.902 -0001.000 -0001.000 -0001.000 -0001.000 -0001.000 -0001.000 -0001.000 -0001.000 -0001.000 -0001.000 -0001.000 -0001.000 00750.310 00447.380 00169.567 00466.000 00762.412 -0001.000 -0001.000 -0001.000 -0001.000 -0001.000 -0001.000 -0001.000 -0001.000 -0001.000 -0001.000 -0001.000 -0001.000 -0001.000 -0001.000 -0001.000 -0001.000 -0001.000 00153.921 00163.380 00609.925 00431.876 00217.030 00443.349 00165.195 00348.082 00543.573 00332.235 00644.183 00382.360 00641.614 00428.023 00210.016 00499.982 00334.358 00298.960
00434.858 00658.533 00651.892 00364.207 00907.129 00447.358 -0001.000 -0001.000 -0001.000 -0001.000 -0001.000 -0001.000 -0001.000 -0001.000 -0001.000 -0001.000 -0001.000 -0001.000 -0001.000 -0001.000 -0001.000 -0001.000 -0001.000 00236.864 -0001.000 -0001.000 -0001.000 -0001.000 -0001.000 -0001.000 -0001.000 -0001.000 -0001.000 -0001.000 -0001.000 -0001.000 00917.238 -0001.000 -0001.000 -0001.000 -0001.000 -0001.000 00151.682 00162.106 00164.334 00482.222 00218.889 00421.677 00607.632 00291.914 00494.960 00273.071 00529.444 00253.053 00511.064 00282.079 00531.156 00320.695 00178.723 00483.876
00361.921 -0001.000 -0001.000 -0001.000 -0001.000 -0001.000 -0001.000 -0001.000 -0001.000 -0001.000 -0001.000 -0001.000 -0001.000 -0001.000 -0001.000 -0001.000 -0001.000 -0001.000 -0001.000 -0001.000 -0001.000 -0001.000 -0001.000 -0001.000 -0001.000 -0001.000 -0001.000 -0001.000 -0001.000 -0001.000 -0001.000 00559.972 00960.495 00409.366 00692.954 00915.933 00303.810 00853.977 00651.582 -0001.000 -0001.000 -0001.000 00156.847 00162.683 00357.520 00598.227 00209.926 00385.796 00561.083 00244.093 00451.354 00206.232 00385.208 00573.490 00346.871 00593.917 00327.597 00619.135 00376.728 00228.081
00505.818 00386.701 01015.337 00865.232 -0001.000 -0001.000 -0001.000 -0001.000 -0001.000 -0001.000 -0001.000 -0001.000 00277.771 -0001.000 -0001.000 -0001.000 -0001.000 -0001.000 -0001.000 -0001.000 -0001.000 -0001.000 -0001.000 -0001.000 -0001.000 -0001.000 -0001.000 -0001.000 00796.030 00441.138 00926.632 00341.792 00403.004 00935.605 00536.009 00998.314 00719.204 00505.006 00283.513 -0001.000 -0001.000 00152.288 00159.095 00164.020 00163.038 00166.388 00449.907 00265.839 00577.834 00185.501 00371.086 00597.089 00182.726 00383.794 00638.675 00322.070 00565.848 00300.777 00606.342 00472.385
00174.952 00905.277 00681.676 00521.536 00434.562 -0001.000 00938.147 00390.636 00714.162 01042.557 00637.715 00241.078 00732.386 00300.974 00899.093 00272.600 00733.153 00326.804 00876.495 -0001.000 -0001.000 -0001.000 -0001.000 -0001.000 00852.652 00424.677 00730.837 00746.846 00840.417 00422.689 00980.203 00835.813 01009.301 00831.279 00975.655 00863.958 00347.546 00998.043 00836.235 -0001.000 -0001.000 00154.825 00160.105 00161.336 00162.421 00166.516 00484.547 00256.763 00559.158 00387.689 00219.722 00487.562 00442.442 00175.702 00458.277 00491.887 00232.074 00530.607 00396.615 00255.005
00676.367 00323.641 00221.836 01042.902 01011.719 00416.822 00910.785 00556.321 00189.444 00693.208 00215.964 00635.853 01061.622 00755.932 00475.254 00221.022 00864.741 00595.992 00348.537 00814.647 00923.631 00465.724 00912.953 00361.233 00782.237 00322.258 00386.477 00393.441 00940.540 00759.393 00867.305 00684.103 00802.962 00917.717 00769.381 00932.847 00841.214 00781.279 00351.401 -0001.000 -0001.000 00155.872 00161.269 00166.184 00537.484 00262.082 00517.737 00250.757 00528.083 00343.218 00652.403 00371.394 00195.807 00464.010 00291.512 00652.619 00469.252 00324.793 00188.738 00532.214
01000.170 01009.856 00619.448 00531.205 00952.968 00169.540 00693.977 00302.554 00743.359 00212.089 00869.288 01024.983 00874.398 00272.698 00855.892 00589.889 00341.572 01015.058 00697.826 00986.237 00437.394 00666.354 00833.796 00218.550 00652.051 00697.631 00944.320 00967.010 00891.420 00588.492 00418.129 00536.314 00624.630 00739.282 00701.227 00910.641 00911.354 00948.003 00154.243 -0001.000 -0001.000 00154.202 00161.747 00161.309 00166.057 00472.663 00532.376 00227.253 00480.727 00277.224 00501.682 00237.099 00514.054 00283.344 00619.534 00426.115 00266.423 00613.528 00466.045 00331.770
00836.579 00844.824 00533.116 00837.415 00803.133 00964.967 00788.280 00928.224 00702.599 00837.395 00979.195 00817.489 01016.361 00881.939 00769.729 01022.680 01001.132 00946.213 00697.096 00929.151 00464.388 00192.782 00828.203 00984.751 00800.190 00823.462 00793.573 00459.826 00571.679 00878.221 00669.419 00889.722 00624.140 00852.242 00585.238 00737.247 00737.059 00787.008 -0001.000 -0001.000 -0001.000 -0001.000 00155.773 00161.579 00163.222 00587.742 00669.253 00195.131 00404.900 00181.030 00296.569 00515.660 00306.933 00583.167 00390.918 00218.850 00567.659 00420.452 00272.856 00631.186
00664.471 00695.072 00703.204 00877.504 00990.399 00806.832 00954.171 00846.714 00737.129 00934.798 00784.299 00961.647 00839.643 00715.532 00706.355 00935.600 00949.448 00721.549 00897.563 00779.399 00938.273 00925.053 00755.018 00849.334 00672.334 00279.201 00573.201 00842.866 00683.860 00833.834 00983.203 00825.708 00694.844 00962.669 00922.158 00361.416 00640.283 00630.328 -0001.000 -0001.000 -0001.000 -0001.000 00155.850 00160.998 00167.206 00403.788 00651.794 00641.579 00318.196 00524.357 00510.659 00285.360 00539.393 00331.826 00640.006 00528.073 00376.208 00236.939 00561.025 00425.240
