data/trial7/ashley.hpa
NCOLS 382
NROWS 266
XLLCORNER 157819.328125
YLLCORNER 384678.625000
CELLSIZE 30.000000
NODATA_VALUE -1
[rows 234 to 259 of 266, columns 180 to 239 of 382]
00508.594 00509.758 00510.953 00511.485 00511.859 00511.358 00511.493 00253.191 00101.409 00099.283 00099.033 00098.789 00098.484 00097.871 00097.886 00098.222 00098.335 00098.171 00097.946 00097.957 00097.878 00097.779 00097.648 00097.523 00097.490 00097.481 00097.411 00097.339 00097.315 00097.312 00097.362 00097.127 00096.828 00096.752 00096.606 00096.456 00096.283 00095.976 00095.844 00095.750 00095.674 00095.672 00095.660 00095.612 00095.569 00095.553 00095.506 00095.451 00095.426 00095.515 00095.569 00095.581 00095.443 00095.429 00095.454 00095.481 00095.514 00095.546 00095.592 00095.636
00212.469 00508.691 00509.986 00510.410 00510.725 00510.649 00510.880 00346.388 00100.010 00099.657 00099.378 00099.283 00098.780 00098.322 00098.365 00098.746 00098.695 00098.591 00098.498 00098.391 00098.325 00098.251 00098.209 00098.096 00098.013 00097.971 00097.936 00097.902 00097.903 00097.934 00098.021 00097.767 00097.550 00097.488 00097.379 00096.703 00096.466 00096.299 00096.165 00096.080 00096.007 00095.993 00095.980 00095.968 00095.931 00095.844 00095.800 00095.762 00095.719 00095.787 00095.864 00095.939 00095.829 00095.735 00095.763 00095.791 00095.827 00095.863 00095.911 00095.953
00096.512 00237.624 00438.442 00509.393 00509.817 00509.985 00232.308 00203.280 00100.355 00100.189 00099.911 00099.698 00099.291 00098.793 00098.468 00098.772 00099.066 00098.989 00098.874 00098.762 00098.666 00098.591 00098.579 00098.515 00098.428 00098.429 00098.411 00098.330 00098.265 00098.289 00098.338 00098.337 00098.188 00098.106 00098.093 00097.848 00097.906 00097.689 00097.028 00096.350 00096.310 00096.284 00096.241 00096.194 00096.155 00096.116 00096.086 00096.068 00096.051 00096.055 00096.097 00096.106 00096.100 00096.070 00096.075 00096.096 00096.126 00096.163 00096.199 00096.245
00096.383 00096.608 00150.910 00156.710 00204.863 00126.248 00099.184 00131.995 00100.128 00100.323 00100.404 00100.208 00100.038 00099.881 00099.087 00098.638 00099.122 00099.354 00099.207 00099.107 00099.049 00098.974 00098.947 00098.892 00098.733 00098.729 00098.769 00098.713 00098.643 00098.651 00098.685 00098.658 00098.623 00098.530 00098.471 00098.421 00098.332 00098.216 00098.102 00097.982 00097.884 00097.427 00096.725 00096.518 00096.411 00096.361 00096.348 00096.336 00096.326 00096.316 00096.322 00096.331 00096.340 00096.333 00096.330 00096.342 00096.353 00096.368 00096.441 00096.530
00096.267 00095.699 00104.666 00097.678 00098.119 00098.588 00099.127 00099.680 00099.900 00100.055 00100.225 00100.344 00100.473 00100.342 00100.169 00099.567 00098.911 00099.145 00099.536 00099.475 00099.412 00099.332 00099.253 00099.213 00099.099 00099.027 00099.056 00099.041 00098.981 00098.958 00098.964 00098.928 00098.825 00098.865 00098.737 00098.764 00098.680 00098.599 00098.499 00098.412 00098.303 00098.111 00097.559 00097.017 00096.856 00096.812 00096.780 00096.752 00096.733 00096.713 00096.708 00096.726 00096.743 00096.744 00096.726 00096.744 00096.766 00096.797 00096.835 00096.873
00095.495 00095.572 00099.292 00097.612 00098.057 00098.547 00099.063 00099.401 00099.641 00099.824 00099.978 00100.061 00100.169 00100.291 00100.407 00100.412 00099.828 00099.491 00099.906 00099.919 00099.774 00099.657 00099.571 00099.494 00099.466 00099.466 00099.455 00099.443 00099.421 00099.400 00099.286 00099.175 00099.239 00099.215 00099.078 00098.996 00099.022 00098.956 00098.841 00098.756 00098.676 00098.585 00098.501 00098.501 00098.131 00097.299 00097.146 00097.113 00097.087 00097.063 00097.039 00097.061 00097.084 00097.102 00097.079 00097.082 00097.110 00097.137 00097.198 00097.310
-0001.000 -0001.000 00097.170 00097.547 00097.995 00098.474 00098.973 00099.171 00099.381 00099.589 00099.714 00099.813 00099.928 00100.015 00100.095 00100.211 00100.287 00100.330 00100.432 00100.366 00100.234 00100.091 00099.989 00099.989 00099.987 00099.981 00099.968 00099.955 00099.917 00099.876 00099.897 00099.975 00099.900 00099.677 00099.546 00099.582 00099.459 00099.304 00099.205 00099.138 00099.055 00098.964 00098.902 00098.765 00098.286 00098.411 00098.612 00098.587 00098.685 00098.665 00098.589 00098.365 00097.951 00097.537 00097.414 00097.405 00097.488 00097.633 00097.773 00097.747
-0001.000 -0001.000 -0001.000 00097.382 00097.874 00098.365 00098.763 00098.934 00099.170 00099.360 00099.507 00099.614 00099.732 00099.784 00099.870 00099.964 00100.048 00100.130 00100.191 00100.247 00100.355 00100.418 00100.397 00100.383 00100.402 00100.343 00100.297 00100.275 00100.284 00100.351 00100.423 00100.494 00100.424 00100.283 00100.112 00099.954 00099.788 00099.658 00099.578 00099.509 00099.402 00099.280 00099.239 00099.205 00099.171 00098.999 00098.860 00098.958 00099.012 00098.997 00098.982 00098.847 00098.435 00098.022 00097.837 00098.061 00098.073 00098.027 00097.996 00098.030
-0001.000 -0001.000 -0001.000 -0001.000 00097.410 00098.147 00098.493 00098.748 00098.968 00099.161 00099.347 00099.443 00099.518 00099.641 00099.704 00099.746 00099.785 00099.881 00099.997 00100.062 00100.110 00100.176 00100.223 00100.251 00100.318 00100.283 00100.117 00100.209 00100.325 00100.386 00100.434 00100.433 00100.382 00100.496 00100.578 00100.445 00100.238 00100.101 00100.004 00099.854 00099.727 00099.670 00099.628 00099.585 00099.542 00099.328 00099.044 00098.900 00098.973 00099.122 00099.261 00099.281 00098.888 00098.496 00098.182 00098.286 00098.390 00098.378 00098.409 00098.408
-0001.000 -0001.000 -0001.000 -0001.000 -0001.000 -0001.000 00097.993 00098.557 00098.787 00098.953 00099.133 00099.262 00099.354 00099.438 00099.492 00099.559 00099.619 00099.646 00099.711 00099.840 00099.905 00099.899 00099.987 00100.095 00100.057 00099.999 00099.848 00099.832 00100.024 00100.167 00100.199 00100.232 00100.214 00100.227 00100.338 00100.473 00100.540 00100.546 00100.447 00100.327 00100.227 00100.127 00100.038 00099.924 00099.831 00099.631 00099.270 00098.959 00098.534 00098.355 00098.397 00098.903 00099.067 00098.948 00098.850 00098.731 00098.589 00098.678 00098.767 00098.803
-0001.000 -0001.000 -0001.000 -0001.000 -0001.000 -0001.000 -0001.000 -0001.000 00098.574 00098.761 00098.865 00099.014 00099.118 00099.237 00099.306 00099.350 00099.382 00099.462 00099.563 00099.605 00099.636 00099.704 00099.785 00099.865 00099.874 00099.827 00099.776 00099.699 00099.792 00099.906 00099.979 00100.037 00100.069 00100.085 00100.110 00100.204 00100.325 00100.376 00100.428 00100.548 00100.638 00100.580 00100.464 00100.333 00100.223 00100.102 00099.381 00098.850 00098.919 00098.974 00099.176 00099.360 00099.526 00099.548 00099.617 00099.606 00099.239 00099.017 00098.881 00098.786
-0001.000 -0001.000 -0001.000 -0001.000 -0001.000 -0001.000 -0001.000 -0001.000 -0001.000 -0001.000 00098.648 00098.790 00098.900 00098.978 00099.098 00099.171 00099.226 00099.245 00099.281 00099.374 00099.478 00099.504 00099.540 00099.629 00099.695 00099.613 00099.538 00099.602 00099.657 00099.708 00099.762 00099.831 00099.898 00099.877 00099.926 00099.981 00100.073 00100.151 00100.238 00100.303 00100.373 00100.457 00100.271 00100.241 00100.351 00100.380 00099.980 00099.323 00099.415 00099.668 00099.668 00099.559 00099.383 00099.558 00099.878 00100.233 00099.724 00099.085 00099.111 00099.136
-0001.000 -0001.000 -0001.000 -0001.000 -0001.000 -0001.000 -0001.000 -0001.000 -0001.000 -0001.000 -0001.000 -0001.000 00098.721 00098.788 00098.799 00098.908 00099.020 00099.091 00099.096 00099.136 00099.242 00099.287 00099.285 00099.404 00099.521 00099.515 00099.454 00099.479 00099.569 00099.612 00099.652 00099.673 00099.684 00099.691 00099.718 00099.752 00099.828 00099.902 00099.985 00100.068 00100.135 00100.159 00100.161 00099.854 00099.629 00099.575 00099.655 00099.522 00099.319 00099.495 00099.655 00099.664 00099.362 00099.191 00099.585 00099.975 00100.101 00099.343 00099.060 00099.047
-0001.000 -0001.000 -0001.000 -0001.000 -0001.000 -0001.000 -0001.000 -0001.000 -0001.000 -0001.000 -0001.000 -0001.000 -0001.000 -0001.000 00098.589 00098.683 00098.776 00098.843 00098.889 00098.974 00098.996 00099.047 00099.095 00099.160 00099.264 00099.354 00099.339 00099.318 00099.405 00099.463 00099.473 00099.483 00099.491 00099.498 00099.527 00099.537 00099.603 00099.676 00099.770 00099.826 00099.912 00099.981 00099.944 00099.958 00099.825 00099.412 00098.989 00099.163 00099.576 00099.456 00099.305 00099.088 00098.941 00098.950 00098.982 00099.100 00099.305 00099.155 00098.914 00098.903
-0001.000 -0001.000 -0001.000 -0001.000 -0001.000 -0001.000 -0001.000 -0001.000 -0001.000 -0001.000 -0001.000 -0001.000 -0001.000 -0001.000 -0001.000 00098.455 00098.528 00098.678 00098.692 00098.726 00098.775 00098.815 00098.973 00099.098 00099.065 00099.094 00099.134 00099.162 00099.221 00099.302 00099.312 00099.314 00099.316 00099.317 00099.313 00099.310 00099.414 00099.532 00099.550 00099.633 00099.694 00099.737 00099.761 00099.601 00099.473 00099.430 00099.349 00099.287 00099.328 00099.213 00098.924 00098.727 00098.649 00099.114 00099.441 00099.761 00099.988 00100.074 00099.794 00099.542
-0001.000 -0001.000 -0001.000 -0001.000 -0001.000 -0001.000 -0001.000 -0001.000 -0001.000 -0001.000 -0001.000 -0001.000 -0001.000 -0001.000 -0001.000 -0001.000 00098.346 00098.453 00098.441 00098.379 00098.602 00098.685 00098.763 00098.894 00098.884 00098.856 00098.889 00098.973 00099.038 00099.083 00099.117 00099.125 00099.133 00099.122 00099.111 00099.081 00099.181 00099.276 00099.400 00099.425 00099.490 00099.555 00099.431 00099.351 00099.196 00099.133 00099.116 00099.071 00099.063 00099.127 00098.838 00098.521 00098.431 00098.841 00099.727 00100.022 00099.963 00099.903 00099.419 00098.703
-0001.000 -0001.000 -0001.000 -0001.000 -0001.000 -0001.000 -0001.000 -0001.000 -0001.000 -0001.000 -0001.000 -0001.000 -0001.000 -0001.000 -0001.000 -0001.000 -0001.000 -0001.000 -0001.000 00098.348 00098.344 00098.482 00098.522 00098.610 00098.745 00098.705 00098.667 00098.771 00098.876 00098.938 00098.972 00098.947 00098.916 00098.897 00098.887 00098.860 00098.935 00099.060 00099.165 00099.298 00099.372 00099.411 00099.387 00099.093 00099.105 00098.867 00098.816 00098.925 00098.971 00098.817 00098.620 00098.369 00098.351 00098.501 00098.448 00098.450 00098.913 00099.350 00099.679 00098.906
-0001.000 -0001.000 -0001.000 -0001.000 -0001.000 -0001.000 -0001.000 -0001.000 -0001.000 -0001.000 -0001.000 -0001.000 -0001.000 -0001.000 -0001.000 -0001.000 -0001.000 -0001.000 -0001.000 -0001.000 -0001.000 00098.309 00098.464 00098.399 00098.296 00098.376 00098.451 00098.507 00098.567 00098.634 00098.661 00098.679 00098.685 00098.687 00098.665 00098.644 00098.705 00098.863 00098.955 00099.072 00099.184 00099.237 00099.298 00099.339 00099.399 00099.382 00099.327 00099.151 00098.874 00098.885 00098.909 00098.515 00098.181 00098.293 00098.286 00098.182 00098.327 00098.641 00098.940 00098.836
-0001.000 -0001.000 -0001.000 -0001.000 -0001.000 -0001.000 -0001.000 -0001.000 -0001.000 -0001.000 -0001.000 -0001.000 -0001.000 -0001.000 -0001.000 -0001.000 -0001.000 -0001.000 -0001.000 -0001.000 -0001.000 -0001.000 -0001.000 -0001.000 -0001.000 -0001.000 00098.265 00098.385 00098.410 00098.437 00098.445 00098.446 00098.467 00098.491 00098.524 00098.567 00098.607 00098.650 00098.667 00098.854 00098.916 00098.936 00098.989 00099.096 00099.161 00099.258 00099.351 00099.314 00099.273 00099.300 00099.394 00099.184 00098.650 00098.215 00098.006 00098.297 00098.510 00098.448 00098.331 00098.206
-0001.000 -0001.000 -0001.000 -0001.000 -0001.000 -0001.000 -0001.000 -0001.000 -0001.000 -0001.000 -0001.000 -0001.000 -0001.000 -0001.000 -0001.000 -0001.000 -0001.000 -0001.000 -0001.000 -0001.000 -0001.000 -0001.000 -0001.000 -0001.000 -0001.000 -0001.000 -0001.000 -0001.000 -0001.000 00098.257 00098.278 00098.232 00098.200 00098.227 00098.254 00098.267 00098.275 00098.336 00098.429 00098.544 00098.632 00098.702 00098.775 00098.849 00098.901 00098.953 00098.980 00099.056 00126.394 00132.259 00099.058 00099.029 00099.101 00099.106 00098.853 00098.514 00098.316 00098.234 00098.160 00098.099
-0001.000 -0001.000 -0001.000 -0001.000 -0001.000 -0001.000 -0001.000 -0001.000 -0001.000 -0001.000 -0001.000 -0001.000 -0001.000 -0001.000 -0001.000 -0001.000 -0001.000 -0001.000 -0001.000 -0001.000 -0001.000 -0001.000 -0001.000 -0001.000 -0001.000 -0001.000 -0001.000 -0001.000 -0001.000 -0001.000 -0001.000 -0001.000 -0001.000 00097.933 00098.035 00098.060 00098.069 00098.080 00098.162 00098.246 00098.337 00098.450 00098.511 00098.613 00098.612 00098.973 00100.110 00099.446 00098.904 00343.425 00529.895 00530.135 00420.664 00195.855 00107.426 00099.129 00098.533 00097.952 00097.944 00097.937
-0001.000 -0001.000 -0001.000 -0001.000 -0001.000 -0001.000 -0001.000 -0001.000 -0001.000 -0001.000 -0001.000 -0001.000 -0001.000 -0001.000 -0001.000 -0001.000 -0001.000 -0001.000 -0001.000 -0001.000 -0001.000 -0001.000 -0001.000 -0001.000 -0001.000 -0001.000 -0001.000 -0001.000 -0001.000 -0001.000 -0001.000 -0001.000 -0001.000 -0001.000 -0001.000 -0001.000 -0001.000 -0001.000 00097.934 00098.005 00098.037 00098.082 00098.156 00098.217 00098.284 00098.347 00211.623 00298.243 00179.524 00204.914 00529.267 00532.997 00529.052 00524.279 00226.463 00107.337 00098.964 00099.010 00098.702 00098.139
-0001.000 -0001.000 -0001.000 -0001.000 -0001.000 -0001.000 -0001.000 -0001.000 -0001.000 -0001.000 -0001.000 -0001.000 -0001.000 -0001.000 -0001.000 -0001.000 -0001.000 -0001.000 -0001.000 -0001.000 -0001.000 -0001.000 -0001.000 -0001.000 -0001.000 -0001.000 -0001.000 -0001.000 -0001.000 -0001.000 -0001.000 -0001.000 -0001.000 -0001.000 -0001.000 -0001.000 -0001.000 -0001.000 -0001.000 -0001.000 -0001.000 -0001.000 00097.901 00097.963 00098.023 00098.036 00102.110 -0001.000 -0001.000 00526.837 00532.038 00532.786 00537.861 00531.539 00528.251 00528.687 00187.385 00121.537 00098.891 00098.144
-0001.000 -0001.000 -0001.000 -0001.000 -0001.000 -0001.000 -0001.000 -0001.000 -0001.000 -0001.000 -0001.000 -0001.000 -0001.000 -0001.000 -0001.000 -0001.000 -0001.000 -0001.000 -0001.000 -0001.000 -0001.000 -0001.000 -0001.000 -0001.000 -0001.000 -0001.000 -0001.000 -0001.000 -0001.000 -0001.000 -0001.000 -0001.000 -0001.000 -0001.000 -0001.000 -0001.000 -0001.000 -0001.000 -0001.000 -0001.000 -0001.000 -0001.000 -0001.000 -0001.000 -0001.000 -0001.000 -0001.000 -0001.000 -0001.000 -0001.000 -0001.000 00525.112 00525.836 00531.852 00535.589 00531.505 00533.815 00530.737 00527.899 00379.924
-0001.000 -0001.000 -0001.000 -0001.000 -0001.000 -0001.000 -0001.000 -0001.000 -0001.000 -0001.000 -0001.000 -0001.000 -0001.000 -0001.000 -0001.000 -0001.000 -0001.000 -0001.000 -0001.000 -0001.000 -0001.000 -0001.000 -0001.000 -0001.000 -0001.000 -0001.000 -0001.000 -0001.000 -0001.000 -0001.000 -0001.000 -0001.000 -0001.000 -0001.000 -0001.000 -0001.000 -0001.000 -0001.000 -0001.000 -0001.000 -0001.000 -0001.000 -0001.000 -0001.000 -0001.000 -0001.000 -0001.000 -0001.000 -0001.000 -0001.000 -0001.000 -0001.000 -0001.000 -0001.000 -0001.000 00524.078 00529.037 00528.070 00528.957 00526.604
-0001.000 -0001.000 -0001.000 -0001.000 -0001.000 -0001.000 -0001.000 -0001.000 -0001.000 -0001.000 -0001.000 -0001.000 -0001.000 -0001.000 -0001.000 -0001.000 -0001.000 -0001.000 -0001.000 -0001.000 -0001.000 -0001.000 -0001.000 -0001.000 -0001.000 -0001.000 -0001.000 -0001.000 -0001.000 -0001.000 -0001.000 -0001.000 -0001.000 -0001.000 -0001.000 -0001.000 -0001.000 -0001.000 -0001.000 -0001.000 -0001.000 -0001.000 -0001.000 -0001.000 -0001.000 -0001.000 -0001.000 -0001.000 -0001.000 -0001.000 -0001.000 -0001.000 -0001.000 -0001.000 -0001.000 -0001.000 00522.867 00523.666 00524.051 00524.412
