data/trial7/ashley.hpa
NCOLS 382
NROWS 266
XLLCORNER 157819.328125
YLLCORNER 384678.625000
CELLSIZE 30.000000
NODATA_VALUE -1
[rows 156 to 181 of 266, columns 240 to 299 of 382]
00126.487 00100.774 00101.464 00099.075 00500.988 00504.512 00501.938 00493.298 00490.087 00488.268 00484.773 00481.018 00479.513 00477.055 00474.009 00472.779 00472.173 00471.029 00468.524 00465.390 00459.243 00460.506 00463.236 00465.636 00466.865 00467.360 00467.364 00467.005 00465.693 00467.617 00467.257 00470.500 00104.576 00241.903 00088.185 00138.760 00087.316 00086.935 00087.000 00085.752 00094.609 00373.520 00462.504 00459.931 00457.333 00454.462 00447.733 00441.159 00431.132 00416.446 00396.948 00380.333 00355.960 00327.945 00300.352 00244.382 00209.413 00422.811 00441.651 00448.770
00100.456 00101.175 00100.905 00101.289 00503.258 00504.389 00504.738 00495.722 00491.077 00487.693 00482.535 00480.209 00477.764 00474.720 00473.839 00472.556 00471.951 00469.817 00468.587 00466.865 00465.846 00465.359 00468.056 00473.522 00471.266 00470.712 00470.852 00469.762 00468.444 00469.154 00469.460 00186.073 00176.562 00468.360 00362.734 00126.189 00090.117 00086.788 00085.905 00085.075 00084.862 00089.120 00463.231 00461.254 00456.944 00451.379 00442.067 00432.171 00419.351 00400.981 00380.759 00348.442 00309.452 00257.584 00186.423 00335.487 00424.770 00447.116 00417.414 00381.188
00099.252 00100.191 00101.215 00101.955 00504.290 00504.338 00504.672 00493.326 00487.815 00485.373 00479.983 00478.264 00475.753 00473.933 00474.172 00473.169 00472.699 00471.700 00470.113 00469.125 00471.015 00472.353 00474.662 00476.057 00475.735 00472.979 00471.999 00471.510 00471.059 00470.148 00469.907 00090.343 00106.909 00110.642 00087.897 00087.236 00086.667 00085.815 00085.497 00085.126 00085.002 00156.172 00463.839 00462.148 00456.584 00448.534 00440.668 00428.611 00409.397 00392.951 00373.684 00346.771 00312.460 00282.119 00205.515 00308.803 00165.011 00172.477 00168.578 00162.015
00098.936 00098.999 00101.865 00101.992 00171.806 00504.343 00504.630 00493.555 00488.130 00482.259 00478.301 00475.837 00475.739 00474.953 00474.689 00474.231 00473.644 00472.053 00470.885 00473.569 00474.531 00111.067 00121.776 00311.886 00478.048 00476.316 00475.036 00472.888 00472.131 00191.983 00088.441 00089.013 00088.466 00088.178 00087.920 00086.883 00085.853 00085.642 00085.444 00085.293 00085.532 00335.596 00464.536 00461.276 00456.146 00447.952 00439.170 00420.055 00407.013 00398.148 00388.858 00363.015 00343.252 00305.182 00238.489 00197.794 00171.046 00187.146 00188.245 00185.601
00099.583 00100.406 00101.918 00101.916 00134.343 00359.538 00504.398 00500.172 00483.910 00480.139 00477.579 00475.975 00474.574 00476.558 00476.075 00474.519 00473.431 00471.230 00474.547 00360.468 00167.119 00266.429 00474.746 00108.963 00093.941 00120.689 00478.357 00478.826 00472.662 00117.188 00087.349 00087.092 00087.494 00087.606 00086.569 00085.878 00085.787 00085.566 00085.762 00085.640 00086.125 00464.950 00464.152 00460.426 00456.183 00446.077 00433.213 00421.334 00413.280 00405.902 00394.513 00383.779 00367.823 00340.551 00282.582 00162.654 00161.732 00184.415 00182.436 00184.440
00098.077 00100.842 00101.792 00101.722 00154.780 00504.264 00503.732 00497.456 00489.682 00484.623 00486.920 00476.075 00474.623 00476.830 00475.687 00474.321 00473.338 00475.235 00476.758 00477.275 00477.624 00475.320 00109.475 00090.463 00090.353 00090.335 00204.121 00479.860 00473.218 00127.888 00086.416 00087.142 00087.285 00087.085 00086.144 00085.820 00085.622 00085.729 00086.028 00086.320 00086.970 00467.074 00463.611 00460.279 00452.387 00443.180 00432.114 00426.550 00419.950 00412.092 00401.154 00390.625 00386.573 00382.556 00360.057 00158.508 00155.342 00168.636 00186.384 -0001.000
00099.348 00105.548 00100.919 00101.557 00149.081 00503.932 00408.374 00495.841 00493.333 00489.285 00490.316 00479.653 00474.211 00476.468 00475.190 00473.906 00475.763 00477.439 00478.747 00478.991 00269.782 00125.022 00098.024 00091.788 00090.293 00090.424 00102.610 00480.346 00446.959 00143.036 00095.033 00086.920 00086.519 00086.424 00086.036 00085.772 00085.716 00086.038 00086.016 00087.081 00467.337 00466.011 00461.135 00455.824 00447.026 00442.968 00438.277 00429.677 00426.676 00422.477 00413.183 00408.885 00407.905 00397.237 00333.592 00158.760 00157.442 00171.455 00186.335 00182.605
00143.838 00113.027 00101.321 00101.282 00198.869 00213.872 00153.412 00160.654 00492.832 00490.092 00484.929 00480.435 00473.703 00475.750 00475.064 00475.985 00477.927 00091.833 00091.928 00091.820 00091.804 00108.078 00090.786 00090.561 00089.990 00090.551 00204.627 00478.566 00325.321 00089.654 00086.632 00086.245 00086.144 00086.110 00085.981 00085.791 00085.681 00086.326 00086.434 00093.569 00466.740 00462.677 00457.014 00455.713 00448.856 00446.028 00443.448 00436.394 00431.533 00429.663 00428.116 00425.995 00424.516 00421.900 00414.199 00159.708 00160.306 00155.937 00156.675 00157.676
00118.497 00099.567 00099.794 00099.401 00099.080 00098.891 00102.570 00496.449 00494.089 00492.309 00490.157 00482.959 00477.992 00476.387 00476.571 00201.870 00105.452 00091.769 00091.799 00091.662 00091.338 00091.409 00090.671 00090.480 00089.941 00094.657 00090.638 00090.227 00088.932 00087.506 00086.799 00086.495 00087.404 00086.235 00086.018 00086.110 00087.581 00085.781 00104.171 00239.150 00466.710 00461.287 00456.399 00458.464 00458.338 00449.360 00448.204 00446.431 00439.344 00437.302 00438.580 00439.590 00440.344 00396.710 00094.202 00415.279 00162.807 00162.754 00163.080 00372.477
00112.768 00156.964 00099.046 00098.390 00097.403 00098.789 00171.548 00494.595 00492.351 00490.336 00485.919 00481.332 00478.057 00480.709 00430.839 00150.252 00091.798 00091.743 00091.722 00091.672 00091.463 00091.052 00090.559 00090.064 00089.273 00089.299 00089.543 00089.546 00088.391 00087.296 00086.976 00086.627 00086.302 00086.384 00087.059 00132.169 00098.674 00468.569 00468.987 00469.614 00468.917 00463.393 00465.574 00462.968 00464.601 00460.867 00456.509 00454.052 00447.008 00447.375 00342.407 00151.687 00117.659 00171.652 00071.395 00123.181 00434.513 00418.859 00425.769 00418.709
00492.357 00187.058 00250.870 00096.004 00095.740 00201.354 00493.185 00418.486 00490.773 00488.456 00485.793 00485.473 00146.381 00114.796 00095.682 00091.741 00117.710 00091.759 00091.690 00091.477 00091.406 00090.679 00090.194 00089.965 00088.947 00088.553 00089.047 00088.661 00088.069 00087.343 00087.441 00086.993 00098.801 00173.616 00469.525 00467.601 00467.739 00469.054 00117.518 00470.670 00467.681 00466.491 00465.206 00466.830 00468.733 00462.275 00461.728 00462.182 00463.785 00465.342 00162.714 00397.049 00126.062 00071.527 00069.451 00078.985 00438.791 00432.028 00425.066 00418.108
00491.246 00492.325 00231.515 00152.117 00166.374 00094.751 00109.885 00201.368 00140.055 00240.350 00094.183 00093.958 00129.440 00092.536 00092.816 00091.676 00091.709 00091.644 00091.622 00091.455 00091.050 00090.132 00089.819 00089.396 00088.943 00088.474 00088.453 00088.426 00087.982 00088.024 00087.716 00188.772 00470.453 00468.329 00468.633 00468.950 00469.274 00154.152 00088.331 00469.827 00468.887 00467.337 00466.061 00471.368 00470.207 00468.145 00466.339 00466.861 00460.910 00185.884 00081.786 00114.507 00071.662 00070.742 00069.738 00182.020 00439.075 00431.497 00424.583 00415.339
00339.771 00490.516 00490.649 00163.580 00192.239 00097.868 00095.720 00095.640 00200.102 00093.294 00093.650 00093.738 00093.188 00093.505 00091.870 00092.357 00091.872 00091.514 00091.465 00091.362 00090.561 00090.241 00089.389 00089.070 00088.916 00088.373 00088.122 00088.450 00088.457 00088.531 00088.449 00347.734 00469.956 00469.937 00469.921 00199.149 00109.379 00088.145 00088.092 00106.835 00150.625 00468.141 00468.266 00470.639 00474.864 00472.441 00248.868 00393.537 00166.647 00121.092 00078.675 00076.801 00073.932 00071.979 00100.950 00095.066 00438.676 00431.080 00421.243 00410.052
00113.414 00370.490 00489.023 00441.507 00135.293 00137.096 00094.838 00102.750 00093.387 00093.063 00093.494 00093.325 00093.548 00092.972 00092.392 00092.281 00091.800 00091.276 00091.333 00091.284 00090.756 00090.224 00088.932 00088.622 00088.873 00088.453 00088.463 00088.582 00088.973 00089.216 00089.440 00189.870 00112.163 00088.636 00177.149 00098.500 00088.477 00088.118 00088.062 00096.557 00087.278 00363.608 00471.578 00112.794 00234.746 00109.240 00146.097 00130.484 00082.435 00082.177 00080.810 00079.034 00077.924 00073.289 00249.862 00350.299 00439.672 00427.875 00418.501 00406.655
00093.941 00092.674 00344.044 00487.274 00240.342 00312.100 00139.221 00093.789 00093.035 00092.821 00092.943 00093.074 00093.171 00092.822 00093.125 00092.581 00092.054 00092.110 00091.424 00091.273 00090.767 00090.236 00088.895 00088.389 00088.465 00088.490 00088.483 00089.184 00089.213 00089.326 00102.318 00088.914 00088.735 00096.501 00088.633 00088.601 00088.225 00088.147 00087.760 00087.437 00086.760 00146.939 00472.622 00181.242 00090.104 00087.376 00085.399 00083.158 00082.391 00082.318 00081.046 00080.756 00152.230 00106.195 00099.901 00447.030 00443.794 00424.086 00415.110 00398.553
00094.384 00098.192 00108.348 00483.471 00309.639 00149.801 00094.373 00093.899 00092.899 00092.553 00092.196 00092.761 00092.985 00093.099 00092.944 00092.829 00092.799 00092.034 00092.342 00092.146 00090.939 00090.495 00088.908 00088.186 00088.221 00088.555 00088.883 00089.165 00089.192 00089.120 00088.979 00088.842 00088.684 00088.533 00088.413 00088.299 00088.243 00087.711 00087.375 00086.917 00086.422 00123.808 00093.061 00088.942 00087.145 00085.668 00083.658 00082.600 00082.860 00082.962 00081.640 00082.292 00329.316 00458.466 00450.008 00452.534 00433.573 00429.324 00404.899 00390.582
00092.187 00091.778 00121.700 00127.620 00105.216 00093.774 00092.937 00093.368 00092.101 00091.462 00091.841 00092.607 00092.573 00092.869 00092.950 00092.663 00092.411 00092.351 00092.296 00091.994 00091.358 00090.140 00089.169 00088.332 00087.921 00088.663 00088.749 00089.072 00088.993 00088.986 00088.926 00088.794 00088.642 00088.523 00088.393 00088.289 00087.825 00087.497 00087.143 00086.769 00086.100 00086.186 00086.121 00086.197 00085.790 00084.391 00083.469 00083.027 00083.314 00083.986 00083.030 00084.088 00187.598 00326.822 00454.213 00446.183 00439.569 00411.060 00405.277 00381.561
00091.888 00091.396 00091.122 00091.101 00091.478 00092.830 00093.538 00094.153 00091.685 00091.215 00091.527 00092.144 00092.416 00092.651 00092.468 00092.365 00092.237 00092.232 00092.086 00091.792 00091.032 00091.142 00089.287 00089.538 00089.181 00088.560 00088.427 00088.736 00088.587 00088.885 00088.768 00088.731 00088.559 00088.253 00088.289 00087.756 00087.599 00086.982 00086.536 00086.202 00085.855 00085.131 00085.069 00084.591 00084.619 00085.161 00084.014 00083.496 00083.918 00084.891 00084.705 00084.523 00454.346 00456.481 00452.090 00444.924 00438.191 00426.279 00411.608 00369.458
00091.307 00091.085 00091.266 00091.410 00091.136 00092.308 00092.592 00093.161 00091.856 00091.063 00091.428 00091.864 00092.272 00092.281 00092.211 00092.025 00092.153 00091.911 00091.654 00091.535 00091.203 00090.453 00090.262 00090.146 00090.380 00089.604 00088.212 00088.249 00088.270 00088.478 00088.583 00088.551 00088.084 00087.866 00087.584 00087.469 00086.933 00086.437 00086.072 00085.549 00085.204 00084.858 00084.707 00084.569 00084.780 00085.634 00084.746 00084.060 00084.602 00086.027 00085.644 00232.325 00459.580 00455.789 00449.831 00442.115 00434.908 00427.001 00412.843 00359.977
00091.647 00091.359 00091.521 00091.624 00091.562 00092.038 00092.329 00092.714 00091.382 00091.289 00091.058 00091.772 00091.889 00092.029 00091.879 00091.832 00091.910 00091.651 00091.591 00091.143 00090.929 00090.736 00090.510 00090.663 00090.496 00089.551 00088.817 00088.249 00088.021 00088.125 00088.368 00087.970 00087.888 00087.603 00087.302 00086.838 00086.343 00085.846 00085.590 00085.487 00085.232 00084.946 00084.724 00084.390 00085.245 00085.936 00085.521 00084.757 00084.981 00086.265 00086.204 00373.010 00459.033 00455.327 00448.153 00441.425 00433.640 00425.164 00408.536 00368.020
00091.860 00091.707 00091.643 00091.734 00091.691 00091.672 00091.706 00091.962 00091.816 00090.821 00091.117 00091.285 00091.554 00091.618 00091.611 00091.718 00091.352 00091.363 00091.133 00091.023 00090.918 00090.904 00090.765 00090.879 00090.612 00089.987 00089.185 00088.153 00088.013 00087.935 00087.812 00087.871 00087.455 00087.227 00086.852 00086.452 00086.074 00085.857 00085.610 00085.432 00085.235 00085.085 00084.990 00085.161 00085.782 00086.280 00085.479 00085.525 00085.754 00086.109 00104.533 00117.051 00458.994 00454.958 00447.343 00441.122 00433.048 00423.918 00404.114 00380.543
00092.006 00091.741 00091.779 00091.832 00091.680 00091.601 00091.671 00091.566 00091.231 00091.858 00091.080 00091.316 00091.293 00091.236 00091.375 00091.197 00091.056 00091.065 00090.988 00090.925 00090.917 00090.874 00090.855 00090.855 00090.597 00090.051 00088.681 00088.543 00087.795 00087.547 00087.639 00087.326 00087.033 00086.855 00086.625 00086.392 00086.118 00085.870 00085.723 00085.387 00085.691 00085.384 00085.728 00085.997 00086.416 00086.202 00085.697 00085.482 00086.097 00085.162 00084.873 00260.899 00457.970 00454.275 00446.753 00441.236 00432.563 00305.272 00238.321 00396.511
00091.915 00091.831 00091.804 00091.682 00091.680 00091.484 00091.453 00091.396 00091.632 00091.322 00091.434 00090.867 00090.963 00091.090 00091.031 00090.954 00090.899 00090.872 00090.828 00090.832 00090.935 00090.868 00090.833 00090.735 00090.554 00089.871 00088.951 00088.259 00087.862 00087.496 00087.356 00086.896 00086.910 00087.112 00086.706 00086.448 00086.172 00086.107 00085.751 00085.942 00086.209 00086.287 00086.460 00086.246 00086.348 00085.482 00085.357 00085.725 00085.384 00084.291 00106.026 00098.104 00456.448 00452.903 00445.252 00438.715 00165.505 00061.433 00049.818 00366.958
00091.938 00091.764 00091.662 00091.618 00091.511 00091.438 00091.393 00091.301 00091.139 00091.951 00091.022 00090.790 00090.805 00090.841 00090.893 00090.765 00090.749 00090.723 00090.654 00090.648 00090.823 00090.725 00090.699 00090.530 00090.405 00089.761 00089.274 00088.704 00087.680 00087.462 00087.066 00086.863 00087.165 00087.519 00087.036 00086.558 00086.534 00086.454 00086.334 00086.461 00086.780 00086.662 00086.596 00086.291 00085.441 00084.976 00084.855 00085.461 00084.263 00083.122 00081.894 00456.355 00453.059 00446.125 00440.525 00176.387 00131.419 00055.471 00127.388 00190.801
00091.837 00091.690 00091.593 00091.538 00091.455 00091.403 00091.309 00091.193 00091.618 00091.241 00090.991 00090.783 00090.731 00090.752 00090.718 00090.739 00090.618 00090.530 00090.505 00090.522 00090.477 00090.458 00090.386 00090.353 00090.140 00089.789 00089.040 00088.393 00087.977 00087.488 00087.484 00087.637 00087.400 00087.853 00087.269 00087.051 00087.031 00086.987 00086.733 00086.645 00086.650 00086.870 00086.359 00085.833 00084.975 00084.519 00084.263 00083.823 00083.267 00081.826 00237.287 00454.314 00448.303 00419.407 00436.329 00340.970 00340.409 00038.170 00150.889 00285.086
00091.779 00091.656 00091.551 00091.471 00091.397 00091.324 00091.258 00091.175 00091.191 00091.103 00091.001 00090.714 00090.599 00090.688 00090.696 00090.642 00090.519 00090.483 00090.407 00090.362 00090.295 00090.277 00090.161 00090.268 00089.883 00089.433 00089.287 00088.510 00088.231 00088.067 00088.345 00088.095 00087.930 00087.742 00087.707 00087.479 00087.142 00086.820 00086.634 00086.487 00086.649 00086.510 00086.131 00085.152 00084.542 00083.836 00083.237 00082.999 00081.466 00116.420 00320.417 00319.183 00444.512 00261.457 00221.090 00128.758 00100.055 00034.255 00130.299 00138.785
