data/trial7/ashley.rci
NCOLS 382
NROWS 266
XLLCORNER 157819.328125
YLLCORNER 384678.625000
CELLSIZE 30.000000
NODATA_VALUE -1
[rows 130 to 155 of 266, columns 120 to 179 of 382]
00633.601 00643.951 00487.634 00656.573 00665.171 00677.351 00679.986 00682.706 00685.965 00081.012 00566.279 00330.354 00255.237 00222.511 00188.187 00320.598 00112.636 00164.500 00164.362 00164.238 00060.900 00033.394 00161.747 00163.963 00163.721 00163.537 00163.706 00163.594 00163.385 00163.679 00163.313 00163.616 00163.312 00163.692 00163.485 00163.389 00163.663 00163.709 00160.124 00060.434 00126.197 00158.200 00495.132 00474.984 00455.658 00386.360 00241.551 00109.230 00162.698 00162.779 00162.891 00162.966 00076.390 00153.950 00114.293 00593.537 00341.600 00297.672 00054.945 00505.883
00128.600 00641.231 00270.176 00654.813 00663.072 00676.064 00679.507 00682.310 00685.581 00504.397 00173.613 00036.624 00664.877 00652.186 00635.579 00470.986 00164.413 00164.247 00164.143 00046.290 00076.375 00163.778 00163.621 00163.506 00163.358 00163.610 00163.408 00163.246 00163.117 00110.983 00097.205 00152.315 00156.094 00163.293 00163.134 00159.186 00033.960 00163.223 00163.440 00147.844 00164.532 00659.506 00660.402 00372.614 00524.529 00635.151 00565.705 00265.347 00162.012 00162.185 00062.084 00162.565 00163.071 00164.149 00166.821 00281.393 00650.130 00595.792 00411.684 00232.874
00440.712 00105.122 00645.584 00652.251 00660.752 00671.413 00499.708 00680.835 00683.242 00000.000 00421.929 00379.225 00411.604 00447.608 00445.037 00397.794 00164.227 00164.108 00019.464 00114.821 00164.018 00163.892 00163.761 00163.588 00163.402 00163.294 00054.313 00158.468 00163.059 00163.134 00162.997 00162.984 00162.904 00162.978 00162.812 00162.761 00162.730 00162.712 00162.995 00163.191 00163.485 00551.229 00663.852 00661.145 00347.039 00364.119 00358.709 00368.062 00161.747 00161.861 00161.925 00161.953 00162.748 00163.558 00088.325 00040.115 00424.527 00392.441 00105.105 00600.863
-0001.000 -0001.000 -0001.000 00021.104 00474.464 00180.522 00668.106 00314.315 00680.616 00218.704 00643.197 00000.000 00000.000 00000.000 00000.000 00164.196 00164.087 00091.720 00125.967 00163.706 00163.579 00163.504 00163.303 00163.163 00163.097 00152.175 00163.246 00163.026 00162.478 00162.350 00162.659 00162.698 00121.543 00074.155 00023.218 00137.872 00117.255 00160.238 00068.320 00162.841 00163.128 00164.265 00663.645 00661.145 00659.865 00271.201 00648.250 00203.291 00406.507 00171.938 00161.569 00161.689 00162.015 00164.044 00606.109 00292.967 00572.754 00187.355 00498.912 00393.795
-0001.000 -0001.000 -0001.000 -0001.000 -0001.000 -0001.000 -0001.000 -0001.000 -0001.000 -0001.000 -0001.000 -0001.000 -0001.000 -0001.000 00164.486 00164.330 00160.909 00162.569 00163.911 00163.776 00163.705 00163.615 00163.523 00163.256 00130.580 00163.116 00162.927 00162.905 00162.841 00162.327 00162.750 00099.015 00129.785 00106.097 00162.090 00162.251 00162.095 00162.142 00162.089 00162.012 00107.744 00163.087 00505.584 00286.954 00470.984 00173.823 00431.891 00234.026 00161.297 00161.282 00161.266 00161.258 00161.281 00514.303 00593.847 00373.662 00638.009 00299.284 00285.655 00181.346
-0001.000 -0001.000 -0001.000 -0001.000 -0001.000 -0001.000 -0001.000 -0001.000 -0001.000 -0001.000 -0001.000 -0001.000 -0001.000 -0001.000 00164.301 00164.291 00164.107 00069.490 00127.246 00163.619 00163.445 00154.462 00091.370 00027.550 00163.111 00163.023 00162.784 00162.596 00162.273 00094.206 00070.936 00135.871 00115.373 00162.438 00162.173 00162.099 00161.982 00161.905 00161.741 00161.797 00162.020 00161.938 00611.066 00422.272 00236.207 00501.921 00161.246 00161.189 00161.136 00161.049 00160.982 00160.969 00160.872 00160.995 00161.328 00423.523 00198.743 00474.249 00293.662 00406.509
-0001.000 -0001.000 -0001.000 -0001.000 -0001.000 -0001.000 -0001.000 -0001.000 -0001.000 -0001.000 -0001.000 -0001.000 -0001.000 -0001.000 -0001.000 00144.541 00164.184 00164.174 00146.838 00123.098 00121.025 00091.145 00083.230 00116.987 00163.165 00163.050 00162.944 00162.840 00162.720 00031.401 00131.606 00127.351 00162.464 00162.331 00162.234 00162.146 00162.008 00161.869 00161.837 00161.701 00161.508 00161.486 00161.400 00161.318 00161.259 00161.232 00161.143 00161.012 00160.979 00160.921 00160.899 00160.833 00160.701 00160.669 00160.598 00160.498 00160.752 00160.984 00283.545 00629.518
-0001.000 -0001.000 -0001.000 -0001.000 -0001.000 -0001.000 -0001.000 -0001.000 -0001.000 -0001.000 -0001.000 -0001.000 -0001.000 -0001.000 -0001.000 -0001.000 00164.224 00164.150 00164.118 00164.097 00152.766 00059.830 00009.662 00157.230 00163.227 00163.074 00162.974 00162.855 00123.123 00125.233 00114.059 00162.297 00162.165 00162.116 00161.957 00161.933 00161.833 00162.012 00161.880 00161.718 00161.559 00161.450 00161.324 00161.266 00161.204 00161.186 00161.050 00161.036 00160.995 00160.871 00160.731 00160.684 00160.604 00160.498 00160.482 00160.546 00160.504 00160.537 00180.050 00549.197
-0001.000 -0001.000 -0001.000 -0001.000 -0001.000 -0001.000 -0001.000 -0001.000 -0001.000 -0001.000 -0001.000 -0001.000 -0001.000 -0001.000 -0001.000 -0001.000 00158.826 00047.488 00023.560 -0001.000 -0001.000 -0001.000 -0001.000 -0001.000 -0001.000 00036.849 00159.436 00162.731 00047.075 00126.281 00120.287 00162.049 00162.310 00162.084 00162.044 00162.002 00161.909 00161.803 00161.648 00161.523 00161.447 00161.371 00161.278 00161.208 00161.202 00161.077 00160.981 00160.950 00160.875 00160.729 00160.695 00160.546 00160.497 00160.522 00160.471 00160.456 00160.317 00160.133 00160.100 00160.104
-0001.000 -0001.000 -0001.000 -0001.000 -0001.000 -0001.000 -0001.000 -0001.000 -0001.000 -0001.000 -0001.000 -0001.000 -0001.000 -0001.000 -0001.000 -0001.000 -0001.000 -0001.000 -0001.000 -0001.000 -0001.000 -0001.000 -0001.000 -0001.000 -0001.000 -0001.000 00130.057 00155.646 00143.712 00130.027 00162.322 00162.204 00162.163 00162.026 00161.912 00161.877 00161.777 00161.658 00161.489 00161.534 00161.464 00161.355 00161.183 00161.124 00161.076 00160.969 00160.918 00160.857 00160.921 00160.834 00160.674 00160.547 00160.471 00160.398 00160.300 00160.148 00160.081 00160.094 00160.139 00159.913
-0001.000 -0001.000 -0001.000 -0001.000 -0001.000 -0001.000 -0001.000 -0001.000 -0001.000 -0001.000 -0001.000 -0001.000 -0001.000 -0001.000 -0001.000 -0001.000 -0001.000 -0001.000 -0001.000 -0001.000 -0001.000 -0001.000 -0001.000 -0001.000 -0001.000 -0001.000 00147.110 00125.921 00150.862 00141.481 00162.157 00162.157 00162.069 00161.975 00161.964 00161.945 00161.850 00161.723 00161.623 00161.538 00161.426 00161.259 00161.164 00161.102 00160.997 00160.994 00160.882 00160.821 00160.699 00160.539 00160.485 00160.536 00160.500 00160.265 00160.168 00160.129 00160.112 00160.081 00160.068 00159.967
-0001.000 -0001.000 -0001.000 -0001.000 -0001.000 -0001.000 -0001.000 -0001.000 -0001.000 -0001.000 -0001.000 -0001.000 -0001.000 -0001.000 -0001.000 -0001.000 -0001.000 -0001.000 -0001.000 -0001.000 -0001.000 -0001.000 -0001.000 -0001.000 -0001.000 00162.766 00071.176 00111.488 00100.529 00162.125 00162.046 00162.029 00162.118 00162.015 00161.894 00161.789 00161.676 00161.555 00161.527 00161.443 00161.348 00161.256 00161.030 00161.018 00161.055 00160.957 00160.846 00160.806 00160.702 00160.577 00160.531 00160.509 00160.399 00160.241 00160.184 00160.189 00160.139 00160.202 00159.813 00159.739
-0001.000 -0001.000 -0001.000 -0001.000 -0001.000 -0001.000 -0001.000 -0001.000 -0001.000 -0001.000 -0001.000 -0001.000 -0001.000 -0001.000 00046.339 -0001.000 -0001.000 -0001.000 -0001.000 -0001.000 00163.230 00163.077 00162.970 00162.869 00162.679 00158.935 00152.906 00143.337 00162.321 00162.138 00162.066 00161.956 00161.918 00161.859 00161.761 00161.688 00161.502 00161.662 00161.561 00161.458 00161.295 00161.187 00161.112 00160.993 00160.952 00160.918 00160.807 00160.744 00160.546 00160.600 00160.539 00160.435 00160.283 00160.170 00160.519 00160.173 00160.171 00160.165 00159.981 00159.733
-0001.000 -0001.000 -0001.000 -0001.000 -0001.000 -0001.000 -0001.000 -0001.000 -0001.000 -0001.000 -0001.000 -0001.000 00085.803 00132.873 00164.168 00164.094 00164.035 00106.994 00022.906 00163.440 00163.144 00113.352 00163.021 00162.938 00162.838 00152.507 00000.000 00066.679 00162.106 00162.041 00161.971 00161.905 00161.896 00161.808 00161.726 00161.619 00161.521 00161.496 00161.436 00161.343 00161.230 00161.145 00161.039 00161.014 00160.973 00160.844 00160.737 00160.665 00160.567 00160.521 00160.529 00160.414 00160.259 00160.114 00160.064 00160.119 00160.157 00160.116 00159.951 00159.582
-0001.000 -0001.000 -0001.000 -0001.000 -0001.000 -0001.000 -0001.000 -0001.000 -0001.000 -0001.000 -0001.000 -0001.000 00164.236 00164.114 00164.049 00008.284 00057.327 00163.563 00163.437 00163.359 00163.087 00163.101 00084.434 00163.090 00158.798 00058.952 00046.884 00146.786 00162.125 00161.977 00161.761 00161.748 00161.692 00161.699 00161.679 00161.522 00161.462 00161.414 00161.335 00161.326 00161.147 00161.079 00161.019 00160.981 00160.925 00160.806 00160.620 00160.484 00160.467 00160.557 00160.454 00160.349 00160.188 00160.087 00160.093 00160.186 00160.065 00160.049 00159.866 00159.524
-0001.000 -0001.000 -0001.000 -0001.000 -0001.000 -0001.000 -0001.000 -0001.000 -0001.000 -0001.000 -0001.000 -0001.000 -0001.000 00164.164 00164.002 00164.024 00096.257 00116.112 00163.699 00163.464 00163.432 00163.410 00163.317 00109.898 00084.308 -0001.000 -0001.000 00162.087 00162.008 00162.035 00161.583 00161.571 00161.560 00161.651 00161.656 00161.521 00161.432 00161.408 00161.339 00161.254 00161.145 00161.020 00160.943 00160.922 00160.826 00160.670 00160.607 00160.595 00160.530 00160.498 00160.435 00160.319 00160.174 00160.097 00160.070 00160.073 00159.980 00159.782 00159.658 00159.562
-0001.000 -0001.000 -0001.000 -0001.000 -0001.000 -0001.000 -0001.000 -0001.000 -0001.000 -0001.000 -0001.000 -0001.000 -0001.000 00101.410 00164.013 00163.824 00164.066 00164.001 00056.081 00090.392 00149.828 00163.612 00074.890 -0001.000 -0001.000 -0001.000 00094.838 00161.973 00161.892 00161.686 00161.710 00161.794 00161.761 00161.709 00161.560 00161.469 00161.431 00161.355 00161.343 00161.256 00161.086 00160.982 00160.955 00160.926 00160.777 00160.583 00160.477 00160.456 00160.540 00160.469 00160.312 00160.137 00160.062 00160.040 00159.937 00159.943 00159.787 00159.693 00159.662 00159.582
-0001.000 -0001.000 -0001.000 -0001.000 -0001.000 -0001.000 -0001.000 -0001.000 -0001.000 -0001.000 -0001.000 -0001.000 00165.621 00166.391 00164.255 00129.617 00164.135 00164.158 00164.074 00163.980 00164.054 00163.635 -0001.000 -0001.000 -0001.000 -0001.000 00065.169 00162.068 00162.051 00161.992 00161.924 00161.861 00161.729 00161.708 00161.585 00161.397 00161.429 00161.370 00161.279 00161.194 00161.092 00160.964 00160.917 00160.864 00160.720 00160.551 00160.467 00160.485 00160.509 00160.426 00160.352 00160.274 00160.206 00160.165 00160.114 00159.955 00159.752 00159.621 00159.520 00159.542
-0001.000 -0001.000 -0001.000 -0001.000 -0001.000 -0001.000 -0001.000 -0001.000 -0001.000 -0001.000 -0001.000 -0001.000 -0001.000 00166.527 00164.855 00166.790 00165.147 00083.112 -0001.000 -0001.000 -0001.000 -0001.000 -0001.000 -0001.000 -0001.000 -0001.000 00005.631 00162.054 00162.059 00161.978 00161.923 00161.854 00161.766 00161.681 00161.486 00161.472 00161.407 00161.325 00161.242 00161.161 00161.048 00160.943 00160.924 00160.869 00160.675 00160.513 00160.459 00160.527 00160.508 00160.357 00160.153 00160.063 00160.099 00160.214 00159.927 00159.804 00159.670 00159.574 00159.485 00159.362
-0001.000 -0001.000 -0001.000 -0001.000 -0001.000 -0001.000 -0001.000 -0001.000 -0001.000 -0001.000 -0001.000 -0001.000 -0001.000 -0001.000 -0001.000 -0001.000 -0001.000 -0001.000 -0001.000 -0001.000 -0001.000 -0001.000 -0001.000 -0001.000 -0001.000 -0001.000 -0001.000 00162.040 00162.067 00161.965 00161.921 00161.846 00161.758 00161.663 00161.485 00161.465 00161.398 00161.315 00161.231 00161.150 00161.025 00160.931 00160.911 00160.808 00160.641 00160.474 00160.459 00160.549 00160.488 00160.308 00160.113 00160.062 00160.132 00160.210 00160.092 00159.811 00159.649 00159.542 00159.439 00159.342
-0001.000 -0001.000 -0001.000 -0001.000 -0001.000 -0001.000 -0001.000 -0001.000 -0001.000 -0001.000 -0001.000 -0001.000 -0001.000 -0001.000 -0001.000 -0001.000 -0001.000 -0001.000 -0001.000 -0001.000 -0001.000 -0001.000 -0001.000 -0001.000 -0001.000 -0001.000 00162.656 00162.144 00162.045 00162.027 00161.928 00161.869 00161.781 00161.680 00161.537 00161.484 00161.417 00161.332 00161.246 00161.158 00161.046 00160.945 00160.907 00160.798 00160.643 00160.488 00160.471 00160.540 00160.448 00160.251 00160.093 00160.079 00160.171 00160.197 00159.983 00159.746 00159.610 00159.505 00159.397 00159.316
-0001.000 -0001.000 -0001.000 -0001.000 -0001.000 -0001.000 -0001.000 -0001.000 -0001.000 -0001.000 -0001.000 -0001.000 -0001.000 -0001.000 -0001.000 00116.724 00138.617 00154.208 00163.143 00163.083 00163.092 00132.472 00163.058 00163.024 00162.875 00162.669 00089.390 00104.546 00162.140 00162.063 00161.985 00161.907 00161.824 00161.736 00161.598 00161.544 00161.471 00161.386 00161.301 00161.217 00161.113 00161.033 00160.925 00160.904 00160.722 00160.629 00160.583 00160.544 00160.519 00160.357 00160.220 00160.198 00160.167 00160.168 00160.160 00159.917 00159.658 00159.533 00303.733 00159.356
-0001.000 -0001.000 -0001.000 -0001.000 -0001.000 -0001.000 -0001.000 -0001.000 -0001.000 -0001.000 -0001.000 -0001.000 -0001.000 -0001.000 -0001.000 -0001.000 00132.018 00103.584 00163.271 00163.144 00163.108 00126.090 00162.996 00162.925 00162.819 00162.707 00022.825 00109.260 00120.486 00162.055 00162.061 00161.956 00161.897 00161.814 00161.723 00161.623 00161.495 00161.440 00161.362 00161.280 00161.195 00161.112 00160.977 00160.892 00160.836 00160.793 00160.636 00160.478 00160.461 00160.481 00160.441 00160.292 00160.165 00160.112 00160.183 00160.180 00159.985 00255.528 00461.796 00532.579
-0001.000 -0001.000 -0001.000 -0001.000 -0001.000 -0001.000 -0001.000 -0001.000 -0001.000 -0001.000 -0001.000 -0001.000 -0001.000 -0001.000 -0001.000 -0001.000 -0001.000 -0001.000 -0001.000 00163.164 00163.090 00163.088 00163.123 00162.922 00162.804 00162.687 00162.569 00104.702 00148.864 00153.322 00162.095 00162.035 00161.937 00161.840 00161.835 00161.742 00161.636 00161.484 00161.442 00161.368 00161.294 00161.203 00161.111 00161.028 00160.911 00160.835 00160.798 00160.730 00160.598 00160.495 00160.513 00160.498 00160.407 00160.299 00160.224 00160.238 00180.765 00247.297 00478.645 00230.526
-0001.000 -0001.000 -0001.000 -0001.000 -0001.000 -0001.000 -0001.000 -0001.000 -0001.000 -0001.000 -0001.000 -0001.000 -0001.000 -0001.000 -0001.000 -0001.000 -0001.000 -0001.000 00163.442 00163.364 00163.144 00163.106 00137.919 00162.934 00162.800 00162.887 00162.768 00162.657 00067.183 00099.138 00106.647 00162.095 00162.033 00161.957 00161.863 00161.782 00161.696 00161.602 00161.531 00161.471 00161.407 00161.339 00161.242 00161.153 00161.060 00160.882 00160.925 00160.882 00160.815 00160.702 00160.606 00160.543 00160.582 00160.460 00160.512 00160.521 00160.500 00160.353 00160.358 00160.129
-0001.000 -0001.000 -0001.000 -0001.000 -0001.000 -0001.000 -0001.000 -0001.000 -0001.000 -0001.000 -0001.000 -0001.000 -0001.000 -0001.000 -0001.000 00164.117 00114.116 00163.479 00163.390 00163.337 00163.075 00163.081 00158.648 00162.953 00162.893 00162.761 00162.744 00162.668 00162.585 00062.650 00129.520 00131.886 00162.018 00162.032 00161.904 00161.865 00161.793 00161.694 00161.570 00161.460 00161.435 00161.381 00161.221 00161.167 00161.101 00160.974 00160.893 00160.882 00160.844 00160.697 00160.632 00160.532 00160.462 00160.467 00160.448 00160.355 00160.185 00160.144 00160.079 00160.049
