data/trial7/ashley.fli
NCOLS 382
NROWS 266
XLLCORNER 157819.328125
YLLCORNER 384678.625000
CELLSIZE 30.000000
NODATA_VALUE -1
[rows 78 to 103 of 266, columns 180 to 239 of 382]
00014.087 00016.788 00018.943 00020.639 00022.389 00024.729 00028.385 00031.640 00034.631 00039.494 00043.177 00049.778 00049.091 00037.039 00035.089 00028.210 00025.713 00023.623 00021.297 00020.043 00017.662 00011.838 00010.991 00015.526 00016.980 00015.822 00021.978 00021.071 00025.922 00030.881 00039.614 00044.174 00018.931 00009.252 00008.336 00002.253 00000.986 00001.126 00001.070 00001.465 00001.561 00003.000 00003.426 00003.599 00004.686 00025.095 00078.086 00070.017 00063.053 00065.023 00077.428 00095.088 00097.835 00087.659 00090.056 00101.186 00056.104 00057.729 00057.532 00068.488
00012.867 00013.232 00016.402 00020.430 00014.333 00016.421 00020.268 00023.712 00030.686 00035.000 00039.730 00046.917 00030.344 00033.521 00025.726 00012.895 00026.322 00022.459 00020.043 00015.540 00011.775 00016.097 00016.704 00022.926 00022.712 00019.913 00024.111 00051.874 00042.511 00101.320 00150.784 00033.660 00010.555 00000.837 00001.176 00001.457 00001.153 00001.256 00001.492 00002.487 00002.168 00001.839 00003.491 00003.199 00002.784 00026.873 00074.949 00066.671 00063.958 00062.033 00059.987 00078.386 00082.204 00076.563 00097.638 00101.312 00072.500 00066.465 00049.840 00059.893
00018.248 00020.138 00022.245 00023.933 00023.747 00022.813 00022.666 00023.509 00024.154 00004.388 00013.503 00005.328 00000.151 00019.469 00023.242 00027.142 00027.975 00028.688 00027.368 00025.763 00017.255 00022.148 00021.783 00024.809 00030.663 00039.165 00086.450 00184.123 00211.868 00243.741 00253.655 00025.949 00003.250 00001.989 00002.048 00001.603 00001.340 00001.373 00001.377 00002.871 00002.851 00002.270 00002.207 00002.897 00024.410 00075.688 00062.571 00056.649 00057.803 00059.586 00056.520 00058.256 00073.333 00073.748 00083.113 00084.838 00080.206 00056.235 00057.504 00052.683
00028.296 00029.619 00030.360 00024.459 00024.227 00024.944 00026.785 00026.805 00027.403 00024.152 00022.518 00024.163 00023.111 00025.403 00027.483 00030.330 00028.226 00031.796 00031.502 00017.057 00024.074 00025.282 00034.276 00047.782 00146.891 00146.193 00179.639 00216.777 00264.529 00303.758 00337.503 00323.513 00004.490 00003.395 00002.616 00002.580 00001.642 00001.227 00001.386 00003.203 00064.561 00017.945 00073.694 00036.113 00010.915 00058.297 00053.079 00048.189 00051.550 00053.300 00052.546 00050.428 00060.172 00065.074 00075.976 00077.693 00070.205 00070.523 00066.373 00056.619
00028.288 00029.192 00030.188 00030.612 00033.766 00033.610 00033.070 00024.416 00023.326 00022.944 00022.809 00022.669 00023.310 00024.561 00030.456 00037.762 00042.390 00044.614 00041.984 00022.171 00027.431 00037.123 00131.845 00178.847 00248.727 00252.692 00257.795 00284.990 00280.215 00311.131 00348.122 00375.459 00358.623 00004.605 00003.667 00002.666 00002.348 00001.044 00001.159 00003.584 00054.350 00098.195 00077.638 00059.094 00016.960 00062.169 00048.956 00048.299 00050.373 00047.246 00050.048 00048.359 00048.431 00066.284 00070.633 00067.200 00066.991 00069.496 00059.039 00060.424
00036.011 00038.575 00036.398 00036.729 00035.410 00032.627 00029.546 00027.975 00027.013 00027.099 00025.756 00025.549 00025.538 00025.592 00029.316 00033.441 00036.528 00044.478 00055.665 00025.538 00038.775 00175.781 00201.308 00285.509 00322.672 00334.260 00344.031 00342.278 00330.003 00337.734 00351.749 00364.995 00370.968 00350.438 00004.678 00003.378 00002.455 00001.412 00000.830 00001.159 00163.134 00085.924 00072.606 00067.860 00056.620 00058.277 00051.067 00053.715 00046.747 00049.012 00048.596 00046.912 00047.878 00057.974 00070.884 00063.738 00067.486 00063.667 00053.763 00055.171
00063.558 00061.892 00040.768 00041.534 00037.741 00033.264 00031.474 00028.616 00027.538 00026.744 00026.890 00028.189 00029.616 00031.185 00033.440 00042.333 00051.166 00054.138 00022.607 00032.497 00095.900 00184.851 00243.717 00279.410 00310.628 00328.948 00344.465 00349.142 00348.119 00344.024 00341.105 00334.357 00347.087 00351.426 00346.521 00005.118 00003.356 00001.869 00000.897 00001.023 00032.764 00171.569 00063.956 00061.298 00058.538 00057.139 00054.599 00051.072 00048.549 00049.928 00048.521 00047.292 00048.457 00055.841 00058.149 00064.034 00059.860 00049.466 00048.370 00061.514
00055.558 00053.214 00064.605 00073.557 00060.747 00065.276 00059.380 00057.075 00053.055 00053.788 00054.761 00055.545 00055.297 00052.976 00054.848 00065.233 00037.646 00028.372 00037.699 00057.588 00084.027 00140.883 00196.391 00239.079 00268.140 00284.865 00301.786 00315.320 00339.850 00346.485 00341.686 00322.032 00313.139 00312.828 00315.059 00330.785 00005.290 00003.643 00001.557 00000.842 00003.709 00056.267 00053.923 00057.047 00055.043 00053.721 00052.089 00049.904 00050.197 00048.028 00048.866 00047.623 00046.448 00052.516 00053.868 00054.912 00044.994 00045.024 00052.460 00071.526
00063.617 00068.990 00077.213 00092.804 00088.384 00083.407 00064.285 00056.873 00056.260 00052.922 00051.106 00053.244 00054.543 00052.726 00048.974 00040.369 00039.968 00030.842 00067.976 00070.867 00074.240 00098.945 00148.308 00181.122 00212.570 00233.351 00253.683 00282.991 00308.773 00341.646 00367.449 00340.716 00297.621 00278.231 00281.998 00303.149 00323.459 00005.050 00001.929 00000.834 00000.958 00044.490 00051.724 00050.139 00038.481 00044.972 00035.081 00046.286 00048.810 00048.400 00048.866 00044.149 00044.809 00046.784 00048.330 00038.925 00039.690 00045.389 00049.680 00067.109
00099.162 00089.940 00127.363 00169.858 00180.276 00074.601 00092.074 00074.658 00084.347 00074.765 00060.214 00051.442 00051.297 00049.114 00042.735 00042.079 00049.756 00056.272 00088.610 00078.445 00067.077 00073.415 00108.480 00145.136 00187.635 00223.235 00231.757 00244.023 00293.331 00330.769 00361.814 00351.399 00310.849 00257.221 00259.369 00279.879 00304.471 00005.072 00003.511 00001.224 00000.821 00028.101 00063.499 00037.227 00027.527 00040.804 00030.608 00048.760 00039.322 00048.206 00020.844 00035.314 00033.100 00043.921 00015.593 00026.850 00030.794 00036.472 00045.957 00073.001
00118.055 00159.773 00165.360 00232.446 00131.398 00132.768 00114.388 00120.090 00162.951 00171.559 00196.719 00170.454 00133.940 00060.694 00053.941 00100.301 00102.048 00104.729 00107.223 00086.608 00061.588 00064.896 00077.021 00115.035 00155.370 00194.538 00204.103 00233.622 00255.961 00303.732 00346.956 00358.345 00335.842 00260.698 00251.620 00271.299 00320.916 00379.413 00004.199 00001.360 00000.958 00021.680 00024.097 00022.654 00009.319 00014.949 00011.994 00012.810 00011.593 00011.103 00011.520 00011.787 00010.396 00008.366 00008.563 00014.827 00025.299 00031.567 00039.157 00061.220
00163.418 00188.017 00189.940 00234.260 00161.892 00091.829 00125.248 00163.323 00193.945 00230.074 00232.294 00222.307 00209.071 00127.687 00154.081 00105.608 00128.299 00124.259 00124.148 00112.882 00071.149 00057.855 00090.770 00091.859 00114.554 00147.914 00166.730 00220.535 00237.798 00260.320 00278.293 00318.225 00316.992 00258.036 00256.948 00283.692 00349.766 00137.983 00130.308 00001.875 00001.047 00001.268 00023.363 00020.018 00011.992 00011.943 00011.700 00012.587 00010.670 00011.796 -0001.000 -0001.000 -0001.000 -0001.000 -0001.000 -0001.000 -0001.000 -0001.000 -0001.000 -0001.000
00177.887 00205.891 00219.640 00159.180 00173.198 00119.627 00159.040 00191.333 00236.263 00269.611 00318.379 00355.052 00187.274 00181.690 00194.540 00152.028 00130.172 00120.835 00128.069 00108.470 00085.512 00064.890 00100.257 00098.512 00093.122 00117.534 00158.003 00198.456 00258.870 00258.282 00271.856 00252.088 00270.686 00266.348 00253.101 00290.861 00326.757 00142.864 00052.644 00002.568 00001.281 00000.866 00001.361 00020.067 00015.493 00016.468 00013.363 00012.868 -0001.000 -0001.000 -0001.000 -0001.000 -0001.000 -0001.000 -0001.000 -0001.000 -0001.000 -0001.000 -0001.000 -0001.000
00179.999 00223.771 00170.583 00191.305 00184.884 00142.532 00180.850 00213.395 00250.534 00295.139 00341.027 00303.145 00189.161 00198.590 00187.256 00147.102 00167.582 00124.061 00117.240 00106.021 00083.595 00079.994 00124.019 00105.683 00097.961 00092.186 00117.076 00183.842 00236.427 00256.342 00256.787 00241.409 00216.806 00236.375 00232.330 00284.694 00174.263 00096.185 00195.183 00193.851 00002.251 00001.107 00000.954 00001.159 00015.295 00015.131 00018.664 00013.728 00009.965 -0001.000 -0001.000 -0001.000 -0001.000 -0001.000 -0001.000 -0001.000 -0001.000 -0001.000 -0001.000 -0001.000
00169.376 00166.766 00217.484 00208.844 00167.130 00157.142 00189.832 00227.226 00267.449 00310.362 00359.375 00230.140 00226.334 00203.157 00207.100 00279.651 00201.957 00131.229 00129.752 00101.265 00080.454 00110.853 00151.887 00133.624 00105.400 00102.449 00094.811 00122.590 00203.696 00227.288 00238.875 00238.732 00208.879 00216.267 00213.025 00157.375 00156.879 00128.180 00225.562 00200.525 00167.567 00001.707 00001.236 00000.814 00000.977 00014.145 00015.696 00016.245 00010.630 -0001.000 -0001.000 -0001.000 -0001.000 -0001.000 -0001.000 -0001.000 -0001.000 -0001.000 -0001.000 -0001.000
00123.148 00190.564 00226.450 00209.741 00135.553 00167.656 00198.774 00232.361 00267.038 00304.097 00273.266 00234.980 00215.121 00179.946 00223.301 00262.887 00248.535 00152.502 00150.909 00106.419 00079.829 00123.700 00167.273 00154.583 00126.450 00107.881 00099.409 00102.827 00127.991 00182.991 00217.438 00225.791 00217.336 00199.043 00158.715 00156.194 00106.480 00157.981 00216.278 00215.734 00184.554 00159.629 00002.060 00001.111 00000.676 00002.657 00013.477 00012.372 -0001.000 -0001.000 -0001.000 -0001.000 -0001.000 -0001.000 -0001.000 -0001.000 -0001.000 -0001.000 -0001.000 -0001.000
00150.397 00200.421 00199.323 00180.804 00145.029 00169.720 00202.560 00238.710 00266.875 00275.292 00230.394 00220.781 00189.028 00184.559 00242.011 00310.123 00379.587 00235.440 00215.003 00104.973 00081.127 00133.201 00166.037 00166.544 00142.649 00111.455 00103.141 00098.833 00112.889 00136.602 00183.780 00209.096 00217.887 00285.015 00170.803 00159.296 00099.748 00194.273 00206.785 00210.759 00197.838 00175.609 00138.580 00001.720 00000.794 00000.869 00006.543 00011.591 00008.078 -0001.000 -0001.000 -0001.000 -0001.000 -0001.000 -0001.000 -0001.000 -0001.000 -0001.000 -0001.000 -0001.000
00153.146 00178.572 00168.151 00130.433 00144.276 00180.487 00205.950 00237.511 00272.046 00302.920 00197.178 00198.989 00182.687 00203.258 00262.727 00336.608 00352.520 00227.264 00185.306 00084.842 00084.602 00177.205 00173.939 00168.176 00151.332 00125.088 00107.712 00097.961 00102.640 00125.016 00140.139 00193.113 00246.532 00238.149 00207.828 00161.454 00119.764 00220.696 00183.234 00198.637 00215.581 00214.616 00159.134 00113.767 00001.135 00000.648 00001.051 00007.010 00003.642 -0001.000 -0001.000 -0001.000 -0001.000 -0001.000 -0001.000 -0001.000 -0001.000 -0001.000 -0001.000 -0001.000
00137.380 00140.890 00136.957 00121.568 00166.019 00184.580 00202.417 00226.188 00258.177 00186.649 00207.343 00200.871 00194.730 00214.840 00290.001 00399.511 00323.875 00221.875 00276.920 00068.254 00093.596 00161.263 00166.333 00157.184 00151.722 00133.145 00116.100 00106.643 00100.767 00104.317 00110.809 00179.089 00289.340 00207.672 00226.893 00134.443 00123.675 00253.428 00187.260 00188.861 00214.481 00254.549 00208.488 00121.121 00083.877 00000.745 00001.056 00001.127 00001.626 -0001.000 -0001.000 -0001.000 -0001.000 -0001.000 -0001.000 -0001.000 -0001.000 -0001.000 -0001.000 -0001.000
00122.744 00121.813 00105.743 00141.364 00166.303 00192.304 00204.728 00215.900 00242.352 00189.751 00210.380 00208.610 00138.805 00239.385 00344.414 00387.744 00285.727 00218.862 00276.745 00065.050 00123.232 00147.786 00149.715 00148.919 00139.024 00132.421 00121.110 00111.761 00105.584 00096.015 00097.954 00165.421 00207.708 00206.935 00238.920 00087.811 00148.601 00228.556 00213.575 00185.164 00218.947 00273.974 00245.476 00131.419 00067.407 00000.718 00000.853 00001.065 00001.211 -0001.000 -0001.000 -0001.000 -0001.000 -0001.000 -0001.000 -0001.000 -0001.000 -0001.000 -0001.000 -0001.000
00109.198 00110.183 00126.266 00144.142 00183.198 00204.853 00201.841 00209.356 00175.127 00185.769 00202.779 00226.144 00176.472 00272.680 00380.515 00411.820 00122.656 00216.965 00314.748 00061.404 00106.763 00130.751 00135.774 00134.910 00129.576 00124.242 00117.137 00117.017 00106.490 00092.814 00093.893 00144.870 00186.730 00226.929 00252.667 00103.941 00191.925 00215.951 00197.798 00183.977 00210.006 00283.026 00275.344 00253.492 00080.524 00000.879 00000.801 00000.880 00001.076 00001.051 -0001.000 -0001.000 -0001.000 -0001.000 -0001.000 -0001.000 -0001.000 -0001.000 -0001.000 -0001.000
00108.189 00112.084 00128.883 00146.635 00179.904 00200.530 00209.959 00199.886 00175.616 00178.618 00189.068 00201.628 00205.604 00307.037 00365.396 00364.008 00152.554 00225.706 00392.826 00076.152 00126.004 00120.522 00120.568 00117.766 00118.244 00112.223 00112.835 00111.520 00111.899 00085.066 00088.905 00141.130 00176.366 00204.241 00202.830 00116.157 00222.105 00196.923 00187.081 00178.703 00196.982 00256.071 00259.771 00245.751 00083.246 00001.689 00001.425 00000.771 00000.954 00001.048 -0001.000 -0001.000 -0001.000 -0001.000 -0001.000 -0001.000 -0001.000 -0001.000 -0001.000 -0001.000
00116.868 00126.031 00133.900 00151.110 00168.668 00183.898 00189.653 00168.767 00174.226 00179.709 00182.995 00175.676 00233.139 00285.430 00357.794 00430.556 00176.096 00264.320 00335.049 00102.388 00126.879 00117.688 00116.079 00115.384 00110.964 00108.063 00104.394 00106.016 00103.478 00087.165 00090.115 00134.738 00160.473 00193.833 00172.568 00113.109 00200.573 00179.926 00161.081 00168.730 00190.883 00226.833 00257.238 00235.378 00096.317 00038.059 00027.226 00000.831 00000.870 00001.065 -0001.000 -0001.000 -0001.000 -0001.000 -0001.000 -0001.000 -0001.000 -0001.000 -0001.000 -0001.000
00139.851 00147.952 00176.786 00180.177 00195.243 00195.609 00167.215 00162.766 00175.540 00179.235 00183.208 00162.385 00172.303 00182.563 00246.609 00316.313 00187.835 00323.236 00406.452 00162.988 00134.562 00121.850 00124.090 00122.839 00113.862 00105.438 00102.021 00102.122 00098.401 00101.221 00089.232 00131.181 00144.162 00149.893 00159.627 00127.303 00192.401 00157.688 00147.637 00154.105 00184.987 00224.635 00280.052 00215.671 00084.902 00064.638 00058.258 00000.937 00000.841 00001.001 -0001.000 -0001.000 -0001.000 -0001.000 -0001.000 -0001.000 -0001.000 -0001.000 -0001.000 -0001.000
00142.155 00151.505 00173.451 00218.701 00219.175 00190.234 00162.862 00158.273 00165.494 00178.030 00143.671 00133.661 00125.766 00145.603 00177.626 00149.728 00187.237 00426.306 00394.735 00175.896 00147.461 00140.340 00132.775 00123.208 00116.341 00104.720 00101.357 00096.306 00097.338 00102.498 00109.258 00122.115 00140.161 00147.114 00135.463 00144.186 00227.072 00151.703 00131.935 00139.027 00176.712 00203.787 00245.955 00176.144 00086.940 00071.036 00086.185 00000.931 00000.744 00001.036 00000.806 -0001.000 -0001.000 -0001.000 -0001.000 -0001.000 -0001.000 -0001.000 -0001.000 -0001.000
00139.578 00146.476 00164.619 00191.004 00225.356 00206.261 00177.501 00163.153 00185.279 00210.332 00124.958 00118.874 00120.912 00134.588 00139.489 00116.875 00318.323 00366.903 00246.769 00178.509 00150.419 00139.909 00133.720 00123.244 00109.038 00100.902 00096.094 00093.204 00096.535 00101.145 00122.297 00135.780 00147.859 00143.090 00117.119 00201.548 00266.275 00190.825 00141.128 00132.512 00154.688 00194.673 00199.146 00172.364 00093.759 00080.969 00088.855 00001.024 00000.613 00001.040 00000.962 -0001.000 -0001.000 -0001.000 -0001.000 -0001.000 -0001.000 -0001.000 -0001.000 -0001.000
