data/trial7/ashley.fml
NCOLS 382
NROWS 266
XLLCORNER 157819.328125
YLLCORNER 384678.625000
CELLSIZE 30.000000
NODATA_VALUE -1
[rows 68 to 101 of 266, columns 154 to 230 of 382]
04.41 04.57 04.43 04.45 04.20 03.91 03.70 03.56 03.75 03.66 03.83 03.97 03.66 02.88 01.89 02.15 02.26 02.31 01.89 01.17 01.05 00.95 01.14 01.07 01.10 01.19 01.30 01.33 01.40 01.50 01.50 02.19 02.36 02.32 02.66 02.71 02.68 -1.00 -1.00 -1.00 -1.00 03.34 -1.00 -1.00 02.66 02.90 03.15 03.90 04.01 03.80 03.75 03.62 03.59 -1.00 -1.00 -1.00 03.05 -1.00 -1.00 -1.00 -1.00 -1.00 -1.00 -1.00 -1.00 -1.00 -1.00 -1.00 01.29 03.23 03.87 04.27 04.69 04.76 04.70 04.75 04.73
04.61 04.97 04.98 04.90 04.71 04.67 04.35 03.78 03.76 03.75 03.68 03.73 03.55 01.96 01.77 01.91 01.30 00.99 01.00 00.92 00.94 01.15 01.20 01.31 01.43 01.43 01.43 01.45 01.52 01.53 02.28 02.35 02.59 02.56 -1.00 -1.00 -1.00 -1.00 -1.00 -1.00 -1.00 -1.00 -1.00 -1.00 -1.00 -1.00 02.81 03.06 03.61 03.63 03.67 -1.00 -1.00 -1.00 -1.00 -1.00 -1.00 -1.00 -1.00 -1.00 -1.00 -1.00 -1.00 -1.00 -1.00 -1.00 -1.00 -1.00 00.93 01.82 03.95 04.21 04.52 04.74 04.85 04.73 04.63
04.70 04.89 04.92 04.88 04.74 04.62 04.48 03.95 03.84 04.29 04.30 04.31 04.17 02.05 01.92 02.05 01.36 01.15 01.19 01.37 01.39 01.39 01.30 01.53 01.50 01.46 01.40 01.35 01.80 02.42 02.50 02.51 -1.00 -1.00 -1.00 -1.00 -1.00 -1.00 -1.00 -1.00 -1.00 -1.00 -1.00 -1.00 -1.00 -1.00 -1.00 -1.00 -1.00 03.49 -1.00 -1.00 -1.00 -1.00 -1.00 -1.00 -1.00 -1.00 -1.00 -1.00 -1.00 -1.00 02.15 -1.00 -1.00 -1.00 -1.00 -1.00 00.54 00.61 03.85 04.48 04.54 04.63 04.79 04.73 04.50
04.31 04.58 04.77 04.77 04.71 04.58 04.34 04.14 04.36 04.37 04.37 04.35 04.21 02.02 01.70 02.03 01.44 01.62 01.16 01.11 01.37 01.35 01.31 01.36 01.49 02.05 01.38 -1.00 -1.00 -1.00 -1.00 -1.00 -1.00 -1.00 -1.00 -1.00 -1.00 -1.00 -1.00 -1.00 -1.00 -1.00 -1.00 -1.00 -1.00 -1.00 -1.00 -1.00 -1.00 -1.00 -1.00 -1.00 -1.00 -1.00 -1.00 -1.00 -1.00 01.77 01.89 02.02 02.08 02.21 02.49 02.34 02.06 -1.00 -1.00 -1.00 00.64 00.76 04.83 04.80 04.65 04.72 04.72 04.72 04.52
03.84 04.28 04.62 04.62 04.56 04.40 04.18 04.15 04.50 04.56 04.62 04.37 04.23 02.03 01.71 02.07 01.84 01.50 01.64 01.15 01.12 01.37 01.32 01.31 01.36 01.38 01.66 02.41 02.41 02.15 -1.00 -1.00 -1.00 -1.00 -1.00 -1.00 -1.00 -1.00 02.07 -1.00 -1.00 -1.00 -1.00 -1.00 -1.00 -1.00 -1.00 -1.00 -1.00 -1.00 -1.00 -1.00 -1.00 -1.00 01.71 01.78 01.77 01.84 01.96 02.06 02.11 02.18 02.15 02.16 01.10 -1.00 -1.00 00.66 00.70 00.85 03.22 04.36 04.51 04.58 04.67 04.70 04.48
03.65 04.44 04.62 05.10 04.38 04.21 04.17 04.43 04.52 04.59 04.65 04.63 03.62 02.05 01.82 02.16 01.90 01.86 01.62 01.40 01.16 01.06 01.87 01.39 01.44 01.69 02.10 02.27 02.15 02.51 02.37 -1.00 01.96 02.11 02.16 02.20 02.20 02.19 02.20 02.21 02.23 02.22 02.17 02.19 02.10 -1.00 -1.00 -1.00 -1.00 -1.00 01.85 01.87 01.88 01.85 01.78 01.77 01.76 01.81 01.87 01.94 02.02 02.19 02.35 02.37 01.79 -1.00 -1.00 00.70 00.78 01.62 02.29 03.38 03.95 04.05 04.38 04.57 04.59
03.60 04.63 05.45 06.48 04.36 04.20 04.44 04.50 04.57 04.64 04.67 04.29 03.34 02.11 01.94 02.20 02.15 01.92 01.69 01.70 01.67 01.19 01.12 02.11 01.89 01.93 01.94 02.32 02.44 02.18 01.74 01.96 02.06 02.10 02.14 02.20 02.25 02.23 02.21 02.23 02.22 02.23 02.24 02.31 02.33 02.02 01.92 02.01 01.77 01.90 01.90 01.94 01.93 01.88 01.71 01.66 01.67 01.72 01.78 01.85 01.91 01.97 01.95 01.31 01.05 -1.00 -1.00 00.73 00.76 00.82 04.65 03.63 03.63 03.58 03.99 04.34 04.61
03.79 04.93 05.87 05.61 05.49 04.41 04.52 04.58 04.62 04.61 04.50 03.70 02.87 02.24 02.61 02.51 03.18 02.14 02.28 02.16 01.65 02.00 01.47 01.75 02.23 02.14 02.07 02.25 02.20 02.32 01.83 02.07 02.11 02.16 02.21 02.27 02.32 02.33 02.30 02.28 02.22 02.23 02.24 02.33 02.01 01.99 02.00 01.95 01.87 01.81 01.81 01.83 01.84 01.77 01.61 00.87 00.62 00.66 01.19 01.64 01.80 01.97 01.94 01.60 00.35 -1.00 -1.00 00.73 00.74 00.75 03.25 03.75 03.33 03.32 03.60 04.06 04.41
04.10 05.36 05.98 05.00 04.49 04.39 04.49 04.53 04.56 04.59 04.38 04.50 04.61 02.81 03.00 03.23 03.02 02.79 02.81 03.11 01.80 02.10 01.68 01.87 02.21 02.07 02.05 02.00 02.50 01.72 01.95 01.97 02.09 02.21 02.30 02.41 02.49 02.52 02.53 02.39 02.22 02.15 02.02 01.95 01.95 01.98 02.01 02.04 01.77 01.70 01.69 01.66 01.62 00.93 01.52 01.69 01.72 01.75 01.75 01.74 01.54 01.71 01.28 01.09 -1.00 -1.00 -1.00 -1.00 00.70 00.71 01.55 03.63 03.72 03.14 03.31 03.79 04.14
04.74 05.73 06.31 06.61 06.59 05.55 04.66 04.48 04.52 04.43 04.39 04.54 04.44 03.21 03.41 03.56 02.87 03.45 03.43 03.03 02.17 02.36 02.05 02.03 01.88 01.92 02.05 01.92 01.65 01.76 01.92 02.05 02.15 02.21 02.27 02.39 02.53 02.72 02.91 03.09 02.27 02.01 01.89 01.86 01.87 01.88 01.87 01.70 01.63 01.49 01.39 01.31 01.52 01.57 01.93 01.95 01.93 02.05 02.12 02.16 02.12 01.82 01.67 00.35 -1.00 -1.00 -1.00 -1.00 00.73 00.74 00.72 02.64 03.56 03.00 03.08 03.39 03.76
05.20 06.26 06.57 06.85 06.93 06.99 10.67 04.20 04.51 04.42 04.53 04.63 04.12 03.60 03.51 03.47 02.82 03.50 03.40 02.97 02.36 02.13 01.90 01.77 01.99 02.06 01.52 01.65 01.74 01.81 01.88 01.97 02.10 02.21 02.30 02.44 02.54 02.72 02.70 02.37 02.31 02.09 02.00 01.93 01.84 01.79 01.69 01.40 01.36 01.59 01.66 01.60 01.86 01.83 02.01 02.18 02.45 02.57 01.74 01.25 01.19 00.65 00.45 00.48 00.46 00.54 00.55 00.75 00.79 00.81 00.92 01.98 03.34 03.18 03.03 03.07 03.33
05.86 06.57 06.86 06.98 06.99 06.99 07.00 07.11 11.24 07.44 07.58 05.13 03.81 03.62 03.42 03.37 02.86 03.28 03.13 03.02 02.27 02.44 01.94 01.87 01.74 01.41 01.46 01.48 01.63 01.80 01.53 01.63 01.80 01.93 02.17 02.31 02.45 02.64 02.16 02.26 02.00 01.46 02.03 01.88 01.79 01.59 01.40 01.62 01.64 01.90 01.89 01.78 01.95 02.77 02.53 03.77 04.52 02.27 01.33 00.41 00.48 00.54 00.48 00.50 00.54 00.68 00.64 00.60 00.80 00.77 00.72 02.05 03.28 03.11 03.05 03.01 02.96
06.85 06.94 07.00 07.02 07.07 07.15 07.19 07.24 07.33 07.43 07.05 03.63 03.70 03.59 03.40 03.15 03.05 03.10 03.02 02.87 02.45 02.49 02.16 01.83 01.68 01.64 01.71 01.79 01.88 01.94 01.93 01.90 01.89 01.92 01.95 00.89 01.49 00.97 00.19 01.76 01.91 02.05 02.08 02.11 02.06 02.01 01.67 01.87 01.86 01.97 02.17 02.43 03.50 04.96 05.29 05.64 05.74 02.01 00.77 00.62 00.63 00.56 00.52 00.52 00.52 00.73 00.73 00.66 00.65 00.73 01.96 03.29 03.02 02.88 02.91 02.95 02.88
06.93 07.03 07.11 07.17 07.23 07.28 07.32 07.35 07.38 07.08 06.14 03.65 03.82 03.52 03.59 03.59 02.99 03.40 03.05 02.77 02.41 02.31 01.97 01.92 01.97 02.03 02.09 02.14 02.16 01.96 01.95 01.98 02.04 02.04 02.06 01.95 01.89 01.95 01.91 01.99 02.07 02.16 02.09 02.21 02.20 01.66 01.94 01.99 02.29 02.67 04.47 04.46 04.90 05.34 05.86 06.24 06.55 06.43 00.90 00.79 00.70 00.70 00.57 00.49 00.52 00.77 03.06 01.70 03.25 02.34 01.35 02.92 02.80 02.68 02.76 02.80 02.78
06.99 07.08 07.13 07.17 07.20 07.24 07.32 07.43 07.38 06.06 03.65 03.67 03.75 03.52 03.65 03.70 02.86 02.84 03.13 02.88 02.02 02.03 02.04 02.06 02.09 02.11 02.09 02.12 02.16 02.17 02.27 02.27 02.25 01.96 01.92 01.90 01.90 01.89 01.92 01.96 02.17 02.39 02.52 02.58 02.51 01.87 02.07 02.37 04.25 04.89 05.69 05.73 05.79 06.06 06.01 06.31 06.65 06.88 06.74 00.91 00.82 00.71 00.67 00.46 00.48 00.81 02.83 03.71 03.33 02.94 01.66 03.01 02.70 02.68 02.73 02.65 02.72
07.00 07.05 07.09 07.11 07.13 07.15 07.24 07.33 05.99 05.03 03.51 03.77 03.49 03.65 03.47 03.66 03.13 02.52 02.32 02.15 02.15 02.15 02.16 02.21 02.23 02.24 02.34 02.42 02.35 02.36 02.32 02.24 02.14 02.08 02.05 02.05 02.01 02.00 02.00 02.00 02.13 02.26 02.36 02.58 02.86 02.00 02.42 04.85 05.17 06.07 06.42 06.52 06.61 06.59 06.48 06.55 06.68 06.79 06.84 06.67 00.92 00.79 00.68 00.53 00.41 00.48 04.69 03.49 03.23 03.13 02.88 02.92 02.75 02.81 02.64 02.70 02.69
06.94 07.00 07.02 07.02 07.01 07.04 07.08 06.34 04.85 03.52 03.77 03.78 04.19 04.39 04.05 03.93 03.74 03.48 03.13 03.12 03.29 03.36 02.63 02.98 03.21 03.01 03.04 03.00 02.48 02.50 02.39 02.26 02.20 02.11 02.07 02.04 02.05 02.09 02.14 02.19 02.26 02.52 02.75 02.82 01.89 02.23 03.67 04.97 05.64 06.01 06.31 06.47 06.61 06.65 06.65 06.61 06.58 06.52 06.64 06.67 06.63 00.95 00.79 00.60 00.43 00.45 02.24 04.80 03.05 02.99 02.93 02.89 02.83 02.75 02.69 02.72 02.68
06.88 06.93 06.94 06.90 06.90 06.95 07.03 07.23 04.34 03.87 04.20 04.25 04.68 04.76 04.51 04.51 04.25 03.85 03.57 03.57 03.65 03.76 03.76 03.38 02.83 02.84 02.86 02.80 03.06 03.25 02.98 03.08 02.95 02.89 02.80 02.81 02.84 02.86 02.85 02.80 02.84 03.08 02.39 02.10 02.39 02.90 03.46 04.38 05.11 05.59 05.89 06.06 06.22 06.35 06.57 06.63 06.59 06.41 06.33 06.33 06.35 06.49 00.97 00.82 00.55 00.42 00.82 02.87 02.82 02.89 02.84 02.81 02.77 02.72 02.73 02.67 02.69
06.81 06.81 06.80 06.80 06.84 06.88 07.06 07.28 05.59 04.14 04.55 04.64 04.89 04.82 04.74 04.75 04.51 04.31 04.06 03.79 03.94 03.55 03.15 02.82 02.98 03.07 03.04 03.16 03.32 03.62 03.54 03.44 03.06 02.89 02.87 02.79 02.75 02.80 02.83 02.79 02.70 02.47 02.46 02.18 03.13 03.20 03.26 03.73 04.49 04.92 05.30 05.53 05.75 06.04 06.29 06.59 06.81 06.58 06.18 05.99 06.03 06.24 06.42 00.95 00.61 00.41 00.44 02.58 02.76 02.73 02.41 02.59 02.31 02.63 02.69 02.68 02.69
06.67 06.67 06.69 06.72 06.74 06.83 06.98 05.81 04.07 04.38 04.65 04.76 04.74 04.86 04.81 05.00 04.82 04.40 04.28 04.26 03.34 03.49 04.04 04.37 03.80 03.64 03.73 03.57 04.18 04.78 04.91 03.27 03.60 03.27 03.46 03.28 02.96 02.76 02.75 02.70 02.53 02.51 02.72 02.87 03.54 03.35 03.12 03.25 03.89 04.44 05.00 05.42 05.51 05.64 06.14 06.49 06.76 06.67 06.31 05.78 05.80 06.01 06.25 00.95 00.80 00.49 00.41 02.09 03.04 02.38 02.07 02.48 02.17 02.69 02.44 02.68 01.82
06.53 06.54 06.56 06.58 06.61 06.68 05.92 04.65 04.26 04.26 04.45 04.77 04.79 04.74 04.75 04.89 04.82 04.64 04.29 04.11 03.50 04.16 04.17 04.11 04.06 03.90 04.04 04.64 04.72 05.52 04.25 04.27 03.98 04.07 04.69 04.80 05.11 04.78 04.28 02.98 02.82 03.75 03.78 03.82 03.87 03.50 03.00 03.07 03.32 03.99 04.59 05.08 05.20 05.53 05.77 06.24 06.64 06.73 06.54 05.82 05.72 05.93 06.40 06.91 00.87 00.52 00.44 01.85 01.95 01.89 01.26 01.56 01.41 01.45 01.39 01.36 01.39
06.32 06.34 06.35 06.37 06.42 06.49 06.60 05.48 04.42 04.16 04.44 04.70 04.81 04.62 04.49 04.59 04.81 04.71 04.15 03.66 04.28 04.25 03.85 03.84 03.91 04.27 04.69 05.01 05.03 05.54 04.67 03.60 04.15 04.69 05.08 05.49 05.52 05.41 05.26 04.19 04.57 03.84 04.20 04.14 04.14 03.96 03.20 02.91 03.58 03.60 03.99 04.48 04.74 05.39 05.58 05.81 06.00 06.38 06.37 05.79 05.78 06.05 06.66 04.34 04.23 00.60 00.46 00.50 01.92 01.79 01.41 01.41 01.40 01.44 01.34 01.40 -1.00
05.99 06.00 06.00 06.03 06.09 06.17 06.23 05.54 04.56 04.20 04.66 04.86 04.99 04.87 04.15 04.30 04.48 04.13 04.25 04.53 04.22 03.78 03.60 03.70 03.93 04.67 04.88 05.22 05.38 04.64 04.82 04.07 04.63 05.05 05.56 05.91 06.38 06.71 05.00 04.93 05.08 04.54 04.23 04.08 04.20 03.89 03.48 03.07 03.75 03.72 03.62 04.03 04.62 05.13 05.80 05.79 05.93 05.73 05.92 05.88 05.74 06.12 06.45 04.41 02.79 00.69 00.50 00.42 00.52 01.79 01.59 01.63 01.48 01.46 -1.00 -1.00 -1.00
05.34 05.27 05.22 05.31 05.40 05.51 05.77 06.00 05.58 04.50 04.86 05.24 05.39 03.66 03.76 03.87 04.23 04.73 04.74 04.48 03.70 03.42 03.50 03.65 04.01 04.70 04.91 05.42 04.79 05.05 04.97 04.41 04.92 05.31 05.71 06.16 06.58 06.24 05.02 05.13 05.00 04.47 04.75 04.13 04.03 03.85 03.45 03.38 04.13 03.84 03.71 03.61 04.03 04.95 05.56 05.77 05.78 05.62 05.34 05.56 05.52 06.06 04.83 03.68 05.09 05.08 00.65 00.47 00.44 00.48 01.58 01.57 01.73 01.50 01.30 -1.00 -1.00
04.27 04.28 04.30 04.33 04.35 04.37 04.40 04.58 05.63 04.77 05.35 04.95 04.96 04.99 05.10 05.15 04.67 05.21 05.88 04.43 03.36 03.28 03.46 03.64 04.11 04.69 04.77 04.74 05.35 05.25 04.74 04.61 05.03 05.46 05.89 06.30 06.74 05.49 05.45 05.19 05.23 06.01 05.17 04.24 04.22 03.77 03.39 03.93 04.54 04.28 03.84 03.79 03.65 04.11 05.19 05.46 05.59 05.59 05.25 05.34 05.30 04.61 04.61 04.20 05.44 05.16 04.75 00.58 00.50 00.41 00.45 01.52 01.60 01.62 01.34 -1.00 -1.00
04.26 04.27 04.30 04.32 04.33 04.35 04.38 04.02 04.56 05.03 05.44 06.04 06.37 06.15 05.33 05.32 05.27 05.29 05.12 04.37 03.63 03.19 03.43 03.64 04.02 04.27 04.12 05.04 05.45 05.26 04.31 04.75 05.14 05.52 05.88 06.24 05.95 05.55 05.33 04.91 05.42 05.84 05.69 04.55 04.52 03.85 03.38 04.13 04.74 04.57 04.17 03.88 03.73 03.79 04.19 04.94 05.35 05.45 05.35 05.14 04.63 04.60 03.85 04.62 05.34 05.33 04.96 04.64 00.63 00.47 00.38 00.71 01.49 01.43 -1.00 -1.00 -1.00
04.26 04.27 04.29 04.30 04.31 04.33 04.36 04.14 04.03 04.85 05.46 06.06 06.30 06.36 06.02 05.45 05.08 04.76 04.55 04.16 03.53 03.09 03.36 03.65 04.80 04.64 04.52 05.15 05.14 04.92 04.44 04.78 05.18 05.59 05.88 05.97 05.50 05.39 05.02 04.96 05.62 06.30 06.92 05.55 05.32 03.83 03.40 04.27 04.73 04.73 04.41 03.94 03.80 03.72 03.96 04.32 04.95 05.26 05.36 06.06 04.79 04.64 03.74 05.08 05.23 05.28 05.12 04.85 04.35 00.58 00.40 00.42 01.07 01.39 01.18 -1.00 -1.00
04.26 04.27 04.28 04.29 04.31 04.34 04.36 04.38 04.25 03.70 05.26 05.66 06.02 06.06 05.87 05.08 04.36 04.37 04.39 04.11 03.62 03.33 03.36 04.63 04.62 04.04 04.55 04.89 04.76 04.23 04.43 04.91 05.22 05.57 05.93 06.23 05.12 05.14 04.94 05.19 05.84 06.54 06.68 05.46 04.97 03.47 03.47 04.87 04.83 04.76 04.53 04.15 03.87 03.71 03.79 04.15 04.37 05.07 05.67 05.58 05.24 04.67 04.07 05.39 04.95 05.13 05.33 05.32 04.64 03.97 00.48 00.37 00.46 01.10 00.82 -1.00 -1.00
04.25 04.26 04.28 04.29 04.32 04.35 04.37 04.37 04.40 04.48 04.44 05.38 05.77 05.62 05.30 04.57 04.28 04.43 04.28 04.13 03.61 03.34 04.50 04.48 04.60 04.06 04.33 04.38 04.33 04.10 04.73 04.96 05.18 05.45 05.79 04.99 05.24 05.16 05.09 05.32 06.11 10.85 06.43 05.40 05.98 03.14 03.63 04.66 04.73 04.61 04.54 04.27 04.01 03.86 03.76 03.82 03.92 04.89 06.10 05.24 05.46 04.29 04.13 05.74 05.00 05.02 05.32 05.75 05.25 04.09 03.45 00.39 00.46 00.48 00.56 -1.00 -1.00
04.24 04.26 04.28 04.30 04.33 04.36 04.35 04.34 04.34 04.31 04.13 05.12 05.50 05.08 04.60 04.20 04.28 04.25 04.10 03.72 03.02 04.22 04.34 04.42 04.03 03.94 04.11 04.10 03.84 04.39 04.73 05.06 05.21 05.33 05.63 05.03 05.27 05.25 04.35 05.59 06.61 06.98 06.07 05.37 05.98 03.07 04.12 04.48 04.51 04.50 04.36 04.26 04.09 03.94 03.84 03.67 03.71 04.72 05.24 05.23 05.59 03.53 04.49 05.48 05.31 04.97 05.37 05.95 05.66 04.25 03.12 00.39 00.42 00.46 00.49 -1.00 -1.00
04.23 04.25 04.27 04.30 04.33 04.35 04.33 04.32 04.28 04.18 04.01 04.98 05.23 04.53 04.09 04.01 04.00 04.09 04.05 04.35 04.47 04.49 04.46 03.33 03.68 03.85 03.90 03.91 04.17 04.43 04.95 05.21 05.17 05.26 04.84 04.98 05.18 05.45 04.86 05.94 06.92 11.07 04.11 05.35 06.34 02.99 03.86 04.24 04.31 04.30 04.22 04.14 04.03 04.02 03.85 03.62 03.64 04.44 04.99 05.46 05.73 03.81 05.05 05.34 05.12 04.96 05.27 06.04 05.97 05.74 03.39 00.42 00.41 00.42 00.47 00.46 -1.00
04.23 04.25 04.27 04.30 04.33 04.33 04.32 04.31 04.16 04.06 03.79 04.84 04.93 04.40 03.94 03.73 03.99 04.34 05.69 04.49 04.53 04.52 04.55 03.67 03.79 03.88 03.88 03.95 04.21 04.46 04.91 05.16 05.27 05.15 04.85 04.89 05.02 05.17 05.22 06.27 06.80 06.78 04.55 05.44 10.73 03.30 04.16 04.08 04.08 04.04 04.04 03.95 03.96 03.94 03.94 03.48 03.55 04.39 04.86 05.20 05.18 04.01 05.40 05.11 04.99 04.89 05.11 05.77 05.81 05.66 03.44 00.57 00.53 00.40 00.44 00.46 -1.00
04.23 04.25 04.26 04.30 04.33 04.32 04.31 04.23 04.03 03.94 03.50 04.56 04.60 04.14 03.99 03.80 04.32 04.99 05.21 04.80 04.52 04.47 04.07 03.76 03.95 04.04 04.02 04.16 04.28 04.53 04.76 04.95 05.03 04.76 04.83 04.90 04.94 04.85 05.53 06.07 06.73 11.40 04.86 05.85 06.53 03.78 04.18 04.04 04.01 04.00 03.93 03.88 03.82 03.85 03.80 03.51 03.57 04.29 04.65 05.08 04.81 03.96 05.16 04.91 04.66 04.76 05.04 05.46 05.78 05.55 03.68 02.40 02.06 00.41 00.42 00.46 -1.00
04.23 04.25 04.27 04.30 04.31 04.30 04.29 04.09 03.88 03.67 03.25 04.29 04.36 04.39 04.01 03.95 05.09 05.33 05.65 04.77 04.57 04.18 03.67 04.05 04.29 04.30 04.37 04.48 04.87 04.91 05.09 05.10 04.74 04.68 04.85 04.90 04.95 04.68 04.81 04.94 05.67 06.36 05.00 06.42 10.97 04.69 04.29 04.10 04.13 04.12 03.97 03.84 03.78 03.78 03.72 03.76 03.55 04.24 04.43 04.51 04.64 04.18 05.06 04.62 04.48 04.57 04.97 05.43 06.01 05.33 03.47 03.06 02.92 00.44 00.42 00.45 -1.00
