data/trial7/ashley.ros
NCOLS 382
NROWS 266
XLLCORNER 157819.328125
YLLCORNER 384678.625000
CELLSIZE 30.000000
NODATA_VALUE -1
[rows 102 to 135 of 266, columns 76 to 151 of 382]
-1.00 -1.00 -1.00 -1.00 -1.00 -1.00 -1.00 -1.00 -1.00 -1.00 -1.00 -1.00 -1.00 -1.00 -1.00 -1.00 -1.00 -1.00 -1.00 -1.00 -1.00 -1.00 -1.00 -1.00 -1.00 03.09 03.57 02.81 03.12 03.75 03.85 03.86 03.94 04.02 04.10 03.84 04.12 04.30 04.37 03.53 03.27 02.48 02.27 02.11 02.06 01.62 00.99 01.63 03.74 03.92 02.49 03.49 04.05 04.15 03.83 04.02 05.67 05.95 06.25 06.77 07.84 15.92 06.28 14.17 37.79 62.01 68.02 70.93 71.90 72.89 73.90 74.40 74.89 75.35 75.64 76.07
-1.00 -1.00 -1.00 -1.00 -1.00 -1.00 -1.00 -1.00 -1.00 -1.00 -1.00 -1.00 -1.00 -1.00 -1.00 -1.00 -1.00 -1.00 -1.00 -1.00 -1.00 -1.00 -1.00 -1.00 -1.00 -1.00 03.71 04.09 03.03 03.06 03.82 04.07 04.48 04.78 04.12 03.57 03.73 04.31 04.50 04.04 03.38 02.53 02.30 02.16 01.97 01.78 00.83 01.60 03.61 03.82 02.42 03.41 03.53 04.09 03.71 03.92 05.47 05.70 05.98 06.65 07.38 08.57 06.91 09.03 29.62 65.60 69.16 70.81 71.75 72.76 73.64 74.18 74.73 75.19 75.47 75.99
-1.00 -1.00 -1.00 -1.00 -1.00 -1.00 -1.00 -1.00 -1.00 -1.00 -1.00 -1.00 -1.00 -1.00 -1.00 -1.00 -1.00 -1.00 -1.00 -1.00 -1.00 -1.00 -1.00 -1.00 -1.00 -1.00 -1.00 04.06 04.20 02.94 02.98 04.03 04.42 04.95 04.59 03.57 03.75 03.91 04.35 03.94 02.97 02.60 02.49 02.29 01.99 01.98 00.62 01.48 03.43 03.69 02.36 03.34 03.43 04.02 03.61 03.72 05.26 05.39 05.76 06.17 06.84 05.43 05.53 06.58 60.79 65.76 69.38 70.56 71.65 72.65 73.43 74.03 74.64 75.01 75.30 75.91
-1.00 -1.00 -1.00 -1.00 -1.00 -1.00 -1.00 -1.00 -1.00 -1.00 -1.00 -1.00 -1.00 -1.00 -1.00 -1.00 -1.00 -1.00 -1.00 -1.00 -1.00 -1.00 -1.00 -1.00 -1.00 -1.00 -1.00 -1.00 04.29 03.28 05.12 03.45 03.61 04.73 04.44 03.93 04.23 03.89 04.10 03.08 02.65 02.80 02.70 02.41 01.56 02.13 01.53 01.18 01.80 03.39 02.25 03.18 03.30 03.92 03.92 03.61 04.99 04.92 05.27 05.62 06.17 05.05 44.98 52.88 61.47 66.61 69.21 70.53 71.64 72.70 73.44 74.07 74.69 74.96 75.34 75.91
-1.00 -1.00 -1.00 -1.00 -1.00 -1.00 -1.00 -1.00 -1.00 -1.00 -1.00 -1.00 -1.00 -1.00 -1.00 -1.00 -1.00 -1.00 -1.00 -1.00 -1.00 -1.00 -1.00 -1.00 -1.00 -1.00 -1.00 -1.00 06.23 04.58 09.32 13.72 07.29 03.70 03.00 03.87 03.98 04.16 04.35 02.15 01.32 02.58 01.15 02.36 01.36 00.73 01.65 00.99 01.66 03.16 03.10 02.23 03.05 03.85 03.88 03.44 03.92 04.52 04.68 05.09 05.50 04.54 45.85 53.57 63.75 67.70 69.40 70.39 71.55 72.86 73.44 74.02 74.55 74.90 75.44 76.09
-1.00 -1.00 -1.00 -1.00 -1.00 -1.00 -1.00 -1.00 -1.00 -1.00 -1.00 -1.00 -1.00 -1.00 -1.00 -1.00 -1.00 -1.00 -1.00 -1.00 -1.00 -1.00 -1.00 -1.00 -1.00 -1.00 -1.00 -1.00 06.99 07.11 16.88 14.91 10.66 05.51 03.41 03.10 03.45 03.95 03.98 02.60 01.28 01.00 01.17 01.06 01.03 00.94 00.59 00.70 01.23 01.83 02.64 01.89 02.69 03.26 02.79 01.75 03.31 03.60 02.51 01.87 03.15 03.57 42.48 54.41 66.52 68.46 69.74 70.37 71.71 72.87 73.36 73.84 74.26 74.62 75.31 76.04
-1.00 -1.00 -1.00 -1.00 -1.00 -1.00 -1.00 -1.00 -1.00 -1.00 -1.00 -1.00 -1.00 -1.00 -1.00 -1.00 -1.00 -1.00 -1.00 -1.00 -1.00 -1.00 -1.00 -1.00 -1.00 -1.00 -1.00 10.46 10.76 10.04 11.38 13.60 15.03 20.45 19.91 05.32 03.20 03.36 03.29 03.89 01.13 01.27 00.96 01.17 01.19 01.00 00.96 00.67 00.68 01.21 01.81 02.14 01.23 02.26 01.54 01.03 00.79 00.93 00.95 00.93 01.02 01.41 46.58 57.30 66.78 68.88 70.06 70.97 72.10 72.78 73.15 73.50 73.80 74.19 74.93 75.65
-1.00 -1.00 -1.00 -1.00 -1.00 -1.00 -1.00 -1.00 -1.00 -1.00 -1.00 -1.00 -1.00 -1.00 -1.00 -1.00 -1.00 -1.00 -1.00 -1.00 -1.00 -1.00 -1.00 -1.00 -1.00 -1.00 10.10 10.64 10.75 11.00 12.29 13.69 16.51 14.50 08.77 05.71 03.68 02.16 03.63 01.47 -1.00 -1.00 -1.00 -1.00 -1.00 01.04 01.02 00.97 00.62 00.52 01.17 01.22 02.05 01.44 00.69 00.58 00.56 00.50 00.48 00.50 00.81 01.07 45.72 56.91 65.97 69.53 70.41 71.25 72.21 72.61 72.84 73.05 73.14 73.51 74.16 74.87
-1.00 -1.00 -1.00 -1.00 -1.00 -1.00 -1.00 -1.00 -1.00 -1.00 -1.00 -1.00 -1.00 -1.00 -1.00 -1.00 -1.00 -1.00 -1.00 -1.00 -1.00 -1.00 -1.00 -1.00 -1.00 10.32 10.57 10.74 10.93 11.63 12.51 13.73 14.96 07.82 05.11 05.66 05.52 06.58 02.52 -1.00 -1.00 -1.00 -1.00 -1.00 -1.00 -1.00 -1.00 00.92 00.88 00.98 00.85 00.44 00.59 00.52 00.83 00.95 00.90 00.78 00.69 00.51 00.89 01.17 51.55 60.00 65.09 69.76 70.40 71.16 71.99 72.20 72.42 72.57 72.45 72.75 73.16 74.02
-1.00 -1.00 -1.00 -1.00 -1.00 -1.00 -1.00 -1.00 -1.00 -1.00 -1.00 -1.00 -1.00 -1.00 -1.00 -1.00 -1.00 -1.00 -1.00 -1.00 -1.00 -1.00 -1.00 -1.00 -1.00 10.79 10.70 10.90 11.04 11.54 12.27 13.26 20.25 16.88 12.44 05.32 05.63 03.13 -1.00 -1.00 -1.00 -1.00 -1.00 -1.00 -1.00 -1.00 -1.00 -1.00 00.84 00.78 01.52 01.69 01.24 00.97 01.14 01.35 01.27 01.16 00.50 01.02 01.01 01.29 54.66 60.26 65.97 69.65 70.13 70.83 71.44 71.69 71.95 72.05 72.02 72.15 72.29 73.18
-1.00 -1.00 -1.00 -1.00 -1.00 -1.00 -1.00 -1.00 -1.00 -1.00 -1.00 -1.00 -1.00 -1.00 -1.00 -1.00 -1.00 -1.00 -1.00 -1.00 -1.00 -1.00 -1.00 -1.00 10.70 10.86 10.91 11.05 10.95 11.30 12.04 12.58 10.42 07.89 06.38 04.68 04.79 01.20 -1.00 -1.00 -1.00 -1.00 -1.00 -1.00 -1.00 -1.00 -1.00 -1.00 00.77 01.03 00.98 01.06 01.14 01.34 01.32 01.41 00.82 00.63 00.44 00.83 01.09 01.10 55.54 61.01 66.44 68.79 69.30 69.91 70.29 70.44 70.58 70.63 70.59 70.63 70.90 71.66
-1.00 -1.00 -1.00 -1.00 -1.00 -1.00 -1.00 -1.00 -1.00 -1.00 -1.00 -1.00 -1.00 -1.00 -1.00 -1.00 -1.00 -1.00 -1.00 -1.00 -1.00 -1.00 -1.00 -1.00 10.83 11.23 11.15 10.61 10.89 11.20 11.62 10.99 10.11 05.82 02.99 03.04 02.31 01.16 -1.00 00.94 00.93 00.87 00.80 -1.00 -1.00 -1.00 -1.00 -1.00 -1.00 00.81 01.15 01.26 01.32 01.32 01.15 01.31 00.71 00.58 00.54 00.95 01.38 32.97 56.44 61.49 66.16 67.07 67.21 67.53 67.54 67.43 67.06 66.76 66.26 65.50 65.72 66.63
-1.00 -1.00 -1.00 -1.00 -1.00 -1.00 -1.00 -1.00 -1.00 -1.00 -1.00 -1.00 -1.00 -1.00 -1.00 -1.00 -1.00 -1.00 -1.00 -1.00 -1.00 -1.00 -1.00 10.71 10.79 10.78 10.99 10.72 10.81 11.05 10.79 10.59 11.01 09.20 06.20 03.40 01.54 00.77 00.72 00.67 00.69 00.78 00.80 00.87 00.86 01.06 01.06 00.86 -1.00 -1.00 -1.00 -1.00 -1.00 -1.00 -1.00 -1.00 00.71 00.56 00.50 00.95 01.39 40.54 56.31 60.86 64.00 63.29 62.56 61.79 60.98 59.22 57.52 56.45 53.60 49.84 50.35 51.52
-1.00 -1.00 -1.00 -1.00 -1.00 -1.00 -1.00 -1.00 -1.00 -1.00 -1.00 -1.00 -1.00 -1.00 -1.00 -1.00 -1.00 -1.00 -1.00 -1.00 -1.00 -1.00 -1.00 10.79 10.78 10.96 10.90 11.15 11.11 10.96 10.40 10.90 11.08 09.62 02.50 02.55 01.10 02.16 01.53 02.06 01.71 01.01 00.81 00.70 00.70 00.71 00.85 00.96 01.17 00.93 -1.00 -1.00 -1.00 -1.00 -1.00 -1.00 00.71 00.52 00.88 00.93 01.04 35.79 60.11 59.75 57.49 54.51 50.70 49.36 48.53 47.72 46.95 46.35 45.40 43.28 41.33 40.46
-1.00 -1.00 -1.00 -1.00 -1.00 -1.00 -1.00 -1.00 -1.00 -1.00 -1.00 -1.00 -1.00 -1.00 -1.00 -1.00 -1.00 -1.00 -1.00 -1.00 -1.00 -1.00 10.52 10.93 11.16 11.28 10.68 11.14 11.51 11.18 10.28 10.80 11.11 05.59 02.49 02.24 01.57 02.10 02.00 02.28 01.66 00.80 01.08 00.70 00.58 00.69 00.89 00.75 00.90 01.01 01.19 -1.00 -1.00 -1.00 -1.00 -1.00 00.76 00.50 00.86 00.94 00.96 23.11 58.15 56.43 54.68 53.38 52.41 51.29 50.12 48.99 47.92 46.78 45.73 44.97 43.70 42.37
-1.00 -1.00 -1.00 -1.00 -1.00 -1.00 -1.00 -1.00 -1.00 -1.00 -1.00 -1.00 -1.00 -1.00 -1.00 -1.00 -1.00 -1.00 -1.00 -1.00 -1.00 -1.00 11.12 11.43 11.60 10.29 10.51 10.97 11.09 10.39 10.44 10.58 11.03 02.48 02.52 02.31 02.12 02.01 02.16 01.95 01.52 01.08 01.44 01.10 00.78 01.61 00.68 00.69 00.93 00.77 00.88 00.93 01.02 01.00 00.96 00.78 00.68 00.51 01.02 00.91 01.53 66.24 63.25 60.18 57.31 55.88 54.43 53.02 52.06 51.29 50.38 48.95 47.21 45.51 44.57 43.82
-1.00 -1.00 -1.00 -1.00 -1.00 -1.00 -1.00 -1.00 -1.00 -1.00 -1.00 -1.00 -1.00 -1.00 -1.00 -1.00 -1.00 -1.00 -1.00 -1.00 -1.00 -1.00 11.24 12.11 12.43 10.37 09.94 10.76 10.62 10.61 10.64 10.97 05.01 02.50 02.54 02.29 02.13 01.98 02.04 01.80 01.21 01.42 04.85 04.48 02.59 03.73 01.95 00.66 00.66 00.75 00.74 00.71 00.69 00.67 00.69 00.65 00.55 00.51 00.83 01.20 00.91 56.59 64.94 66.84 63.63 60.30 56.82 55.11 53.67 52.48 51.58 50.39 48.94 47.46 46.08 44.86
-1.00 -1.00 -1.00 -1.00 -1.00 -1.00 -1.00 -1.00 -1.00 -1.00 -1.00 -1.00 -1.00 -1.00 -1.00 -1.00 -1.00 -1.00 -1.00 -1.00 -1.00 -1.00 06.24 09.30 13.68 11.21 10.32 10.98 08.55 07.22 10.57 09.86 08.07 02.48 02.54 02.29 02.14 01.96 01.97 01.71 00.79 01.40 05.01 05.03 03.30 03.49 02.37 01.52 01.64 00.58 00.63 00.59 00.57 00.62 00.63 00.58 00.58 01.11 00.99 01.56 01.13 18.87 42.57 52.52 58.76 63.59 63.90 60.27 57.67 56.90 55.21 53.04 51.09 49.18 47.46 46.75
-1.00 -1.00 -1.00 -1.00 -1.00 -1.00 -1.00 -1.00 -1.00 -1.00 -1.00 -1.00 -1.00 -1.00 -1.00 -1.00 -1.00 -1.00 -1.00 -1.00 -1.00 -1.00 -1.00 06.84 12.28 14.43 07.19 11.26 08.43 04.27 11.21 09.92 09.61 02.58 02.48 02.31 02.13 01.94 01.93 01.45 01.09 01.50 04.63 05.00 02.95 04.48 06.03 04.64 02.84 01.18 01.14 01.65 01.64 01.62 01.62 01.66 01.66 01.37 00.97 01.08 18.74 45.62 43.03 41.20 35.49 48.04 63.55 62.37 62.67 61.53 59.23 56.70 53.98 51.72 50.11 48.68
-1.00 -1.00 -1.00 -1.00 -1.00 -1.00 -1.00 -1.00 -1.00 -1.00 -1.00 -1.00 -1.00 -1.00 -1.00 -1.00 -1.00 -1.00 -1.00 -1.00 -1.00 -1.00 -1.00 03.58 07.02 03.84 06.14 02.72 03.68 02.69 08.65 10.26 07.13 02.59 02.40 02.28 02.08 01.97 01.93 01.40 01.21 02.03 04.45 04.19 02.77 04.06 05.63 04.41 02.57 01.87 02.07 02.17 01.72 01.66 01.68 02.10 01.73 01.50 00.87 00.95 31.83 45.76 44.39 43.11 41.68 39.14 35.92 58.56 58.77 59.64 61.00 61.91 59.06 56.11 53.18 51.20
-1.00 -1.00 -1.00 -1.00 -1.00 -1.00 -1.00 -1.00 -1.00 -1.00 -1.00 -1.00 -1.00 -1.00 -1.00 -1.00 -1.00 -1.00 -1.00 -1.00 -1.00 -1.00 -1.00 -1.00 04.01 04.40 04.46 03.75 02.63 02.80 04.10 10.39 09.93 02.61 02.43 02.27 02.04 01.95 01.92 01.35 01.25 03.62 04.22 02.52 02.86 03.93 05.63 04.17 02.31 05.10 02.57 01.87 01.86 01.81 01.89 01.92 01.87 01.78 01.93 00.99 38.29 46.31 45.22 44.38 43.62 41.66 39.28 36.91 52.98 75.49 72.01 68.64 65.49 62.39 59.48 56.74
-1.00 -1.00 -1.00 -1.00 -1.00 -1.00 -1.00 -1.00 -1.00 -1.00 -1.00 -1.00 -1.00 -1.00 -1.00 -1.00 -1.00 -1.00 -1.00 -1.00 -1.00 -1.00 -1.00 -1.00 -1.00 -1.00 04.58 03.16 02.55 02.87 02.98 06.68 05.83 02.67 02.48 02.29 02.07 01.93 01.91 01.29 01.28 03.81 04.10 02.46 03.47 03.69 05.07 04.59 02.54 05.19 03.72 06.67 03.54 02.45 02.68 02.85 02.86 02.59 02.17 01.95 45.81 48.07 46.70 45.45 44.56 44.12 43.06 40.79 38.54 39.97 43.04 73.24 71.93 68.97 65.93 62.98
-1.00 -1.00 -1.00 -1.00 -1.00 -1.00 -1.00 -1.00 -1.00 -1.00 -1.00 -1.00 -1.00 -1.00 -1.00 -1.00 -1.00 -1.00 -1.00 -1.00 -1.00 -1.00 -1.00 -1.00 -1.00 -1.00 -1.00 03.04 02.86 02.57 02.95 02.77 03.09 02.73 02.53 02.31 02.10 01.92 01.90 00.93 01.30 03.71 03.98 02.42 03.39 03.52 04.45 04.54 04.42 05.83 06.66 06.51 03.26 07.14 10.51 04.71 02.68 01.67 01.30 52.46 55.02 50.49 47.73 46.81 45.94 45.13 44.25 43.18 41.24 39.16 40.09 44.70 52.77 62.35 68.95 69.69
-1.00 -1.00 -1.00 -1.00 -1.00 -1.00 -1.00 -1.00 -1.00 -1.00 -1.00 -1.00 -1.00 -1.00 -1.00 -1.00 -1.00 -1.00 -1.00 -1.00 -1.00 -1.00 -1.00 -1.00 -1.00 -1.00 -1.00 02.98 03.08 02.52 02.90 02.94 02.60 02.77 02.55 02.34 02.13 01.93 01.92 01.28 01.26 03.60 03.86 02.38 03.31 03.42 04.12 04.18 04.07 05.76 05.75 06.93 04.00 07.47 08.20 02.70 04.59 09.06 09.44 09.08 56.52 53.22 50.38 48.48 47.07 46.11 45.07 44.03 43.45 42.02 39.30 36.76 34.76 32.77 82.16 78.09
-1.00 -1.00 -1.00 -1.00 -1.00 -1.00 -1.00 -1.00 -1.00 -1.00 -1.00 -1.00 -1.00 -1.00 -1.00 -1.00 -1.00 -1.00 -1.00 -1.00 -1.00 -1.00 -1.00 -1.00 -1.00 -1.00 -1.00 -1.00 03.04 02.47 02.79 02.85 02.62 02.80 02.58 02.36 02.15 01.93 01.93 01.31 01.23 03.49 03.73 02.33 03.23 03.33 04.01 03.78 03.92 05.44 05.75 06.17 06.41 06.77 06.93 03.91 04.57 09.58 09.56 13.06 60.68 55.98 52.92 51.68 50.32 48.71 47.25 46.00 44.74 43.66 42.60 39.73 36.94 34.99 33.28 58.20
-1.00 -1.00 -1.00 -1.00 -1.00 -1.00 -1.00 -1.00 -1.00 -1.00 -1.00 -1.00 -1.00 -1.00 -1.00 -1.00 -1.00 -1.00 -1.00 -1.00 -1.00 -1.00 -1.00 -1.00 -1.00 -1.00 -1.00 -1.00 02.78 02.42 02.72 02.83 02.62 02.81 02.60 02.40 02.17 01.93 01.96 01.38 01.18 02.52 03.60 02.27 03.15 03.28 03.93 03.62 03.78 05.26 05.38 05.42 06.01 06.25 04.48 04.35 09.75 09.66 09.70 30.61 39.80 57.21 55.74 54.48 53.16 51.34 49.46 47.45 46.15 44.99 43.79 42.39 40.97 39.50 36.27 32.84
-1.00 -1.00 -1.00 -1.00 -1.00 -1.00 -1.00 -1.00 -1.00 -1.00 -1.00 -1.00 -1.00 -1.00 -1.00 -1.00 -1.00 -1.00 -1.00 -1.00 -1.00 -1.00 -1.00 -1.00 -1.00 -1.00 -1.00 -1.00 02.83 02.42 02.72 02.84 02.62 02.81 02.64 02.43 02.23 01.93 01.99 01.44 01.11 01.68 03.45 02.21 03.10 03.23 03.87 03.74 03.66 05.07 05.17 05.27 05.77 06.05 04.23 04.21 09.86 09.78 09.80 41.27 68.19 64.26 60.46 56.48 54.66 53.84 52.59 50.72 49.08 47.60 45.95 44.25 42.48 40.62 38.68 36.00
-1.00 -1.00 -1.00 -1.00 -1.00 -1.00 -1.00 -1.00 -1.00 -1.00 -1.00 -1.00 -1.00 -1.00 -1.00 -1.00 -1.00 -1.00 -1.00 -1.00 -1.00 -1.00 -1.00 -1.00 -1.00 -1.00 -1.00 -1.00 02.57 02.44 02.55 02.84 02.63 02.83 02.68 02.55 02.36 02.12 01.93 01.49 00.97 01.63 03.28 02.13 03.01 03.16 03.79 03.85 03.54 04.86 04.97 05.08 05.54 05.78 04.04 04.10 09.95 09.91 09.78 22.22 75.32 71.52 68.76 65.08 61.32 59.23 56.70 53.80 51.32 50.06 48.74 50.74 53.40 55.65 57.35 57.96
-1.00 -1.00 -1.00 -1.00 -1.00 -1.00 -1.00 -1.00 -1.00 -1.00 -1.00 -1.00 -1.00 -1.00 -1.00 -1.00 -1.00 -1.00 -1.00 -1.00 -1.00 -1.00 -1.00 -1.00 -1.00 -1.00 -1.00 -1.00 -1.00 03.17 02.59 02.94 02.76 02.93 02.73 02.77 02.52 02.20 01.84 01.93 00.64 01.57 03.01 03.05 02.18 03.05 03.68 03.82 03.43 04.55 04.70 04.74 05.15 05.46 03.84 03.93 10.02 09.93 09.82 60.27 78.82 79.29 76.72 73.46 70.22 66.76 66.51 82.07 99.40 95.21 87.96 84.29 80.45 76.93 73.80 69.39
-1.00 -1.00 -1.00 -1.00 -1.00 -1.00 -1.00 -1.00 -1.00 -1.00 -1.00 -1.00 -1.00 -1.00 -1.00 -1.00 -1.00 -1.00 -1.00 -1.00 -1.00 -1.00 -1.00 -1.00 -1.00 -1.00 -1.00 -1.00 -1.00 03.43 01.49 00.85 02.93 02.09 03.18 02.99 02.70 01.47 01.85 02.02 00.77 01.14 02.12 02.76 01.92 02.94 03.58 03.69 03.21 03.32 04.32 04.47 04.74 05.14 03.57 03.73 10.05 09.97 09.89 39.46 87.61 86.23 84.75 82.72 80.08 95.39 130.36 126.42 122.43 116.97 108.38 98.86 88.08 82.98 79.60 75.97
-1.00 -1.00 -1.00 -1.00 -1.00 -1.00 -1.00 -1.00 -1.00 -1.00 -1.00 -1.00 -1.00 -1.00 -1.00 -1.00 -1.00 -1.00 -1.00 -1.00 -1.00 -1.00 -1.00 -1.00 -1.00 -1.00 -1.00 -1.00 -1.00 -1.00 -1.00 00.15 02.60 00.74 03.50 00.82 02.51 00.70 02.33 01.90 01.82 00.08 01.55 02.23 01.73 00.35 02.96 03.61 02.92 03.12 02.98 04.06 03.80 02.47 03.28 03.30 09.79 09.96 09.76 54.57 93.60 94.31 93.12 90.17 125.75 146.29 142.47 138.60 134.72 130.76 126.45 121.46 115.16 104.74 97.32 89.79
-1.00 -1.00 -1.00 -1.00 -1.00 -1.00 -1.00 -1.00 -1.00 -1.00 -1.00 -1.00 -1.00 -1.00 -1.00 -1.00 -1.00 -1.00 -1.00 -1.00 -1.00 -1.00 -1.00 -1.00 -1.00 -1.00 -1.00 -1.00 -1.00 -1.00 -1.00 -1.00 -1.00 -1.00 -1.00 -1.00 -1.00 -1.00 -1.00 -1.00 -1.00 -1.00 -1.00 -1.00 -1.00 -1.00 -1.00 00.47 02.59 00.98 02.92 01.10 03.90 01.24 03.01 02.47 06.18 04.84 04.54 103.09 104.33 106.41 105.01 136.91 166.65 161.81 156.86 152.11 147.98 144.34 140.20 135.24 129.60 124.33 119.36 113.09
-1.00 -1.00 -1.00 -1.00 -1.00 -1.00 -1.00 -1.00 -1.00 -1.00 -1.00 -1.00 -1.00 -1.00 -1.00 -1.00 -1.00 -1.00 -1.00 -1.00 -1.00 -1.00 -1.00 -1.00 -1.00 -1.00 -1.00 -1.00 -1.00 -1.00 -1.00 -1.00 -1.00 -1.00 -1.00 -1.00 -1.00 -1.00 -1.00 -1.00 -1.00 -1.00 -1.00 -1.00 -1.00 -1.00 -1.00 -1.00 -1.00 -1.00 -1.00 -1.00 -1.00 -1.00 -1.00 -1.00 -1.00 -1.00 116.87 116.92 118.98 119.09 144.12 187.55 182.73 177.44 171.30 165.33 161.08 157.87 154.60 151.15 147.74 144.74 139.50 133.68
-1.00 -1.00 -1.00 -1.00 -1.00 -1.00 -1.00 -1.00 -1.00 -1.00 -1.00 -1.00 -1.00 -1.00 -1.00 -1.00 -1.00 -1.00 -1.00 -1.00 -1.00 -1.00 -1.00 -1.00 -1.00 -1.00 -1.00 -1.00 -1.00 -1.00 -1.00 -1.00 -1.00 -1.00 -1.00 -1.00 -1.00 -1.00 -1.00 -1.00 -1.00 -1.00 -1.00 -1.00 -1.00 -1.00 -1.00 -1.00 -1.00 -1.00 -1.00 -1.00 -1.00 -1.00 -1.00 -1.00 -1.00 -1.00 79.19 107.25 105.69 104.58 102.81 128.79 145.84 135.44 98.86 132.78 172.10 170.66 168.63 165.73 163.10 160.69 157.09 152.91
