data/trial7/ashley.fml
NCOLS 382
NROWS 266
XLLCORNER 157819.328125
YLLCORNER 384678.625000
CELLSIZE 30.000000
NODATA_VALUE -1
[rows 34 to 67 of 266, columns 154 to 230 of 382]
-1.00 -1.00 -1.00 -1.00 -1.00 -1.00 -1.00 -1.00 -1.00 -1.00 -1.00 -1.00 -1.00 -1.00 -1.00 -1.00 -1.00 -1.00 -1.00 -1.00 -1.00 -1.00 -1.00 -1.00 -1.00 -1.00 -1.00 -1.00 -1.00 -1.00 -1.00 -1.00 -1.00 -1.00 -1.00 -1.00 -1.00 -1.00 01.31 01.33 01.76 02.17 02.61 02.68 02.66 02.55 02.38 02.12 02.21 -1.00 -1.00 -1.00 -1.00 -1.00 -1.00 -1.00 -1.00 -1.00 -1.00 -1.00 -1.00 -1.00 -1.00 -1.00 -1.00 -1.00 -1.00 -1.00 -1.00 -1.00 -1.00 -1.00 -1.00 -1.00 -1.00 -1.00 -1.00
-1.00 -1.00 -1.00 -1.00 -1.00 -1.00 -1.00 -1.00 -1.00 -1.00 -1.00 -1.00 -1.00 -1.00 -1.00 -1.00 -1.00 -1.00 -1.00 -1.00 -1.00 -1.00 -1.00 -1.00 -1.00 -1.00 -1.00 -1.00 -1.00 -1.00 -1.00 -1.00 -1.00 -1.00 -1.00 -1.00 -1.00 01.91 02.14 02.41 02.47 02.53 02.73 02.85 02.99 02.79 02.43 02.19 02.15 -1.00 -1.00 -1.00 -1.00 -1.00 -1.00 -1.00 -1.00 -1.00 -1.00 -1.00 -1.00 -1.00 -1.00 -1.00 -1.00 -1.00 -1.00 -1.00 -1.00 -1.00 -1.00 -1.00 -1.00 -1.00 -1.00 -1.00 -1.00
-1.00 -1.00 -1.00 -1.00 -1.00 -1.00 -1.00 -1.00 -1.00 -1.00 -1.00 -1.00 -1.00 -1.00 -1.00 -1.00 -1.00 -1.00 -1.00 -1.00 -1.00 -1.00 -1.00 -1.00 -1.00 -1.00 -1.00 -1.00 -1.00 -1.00 -1.00 -1.00 -1.00 -1.00 -1.00 -1.00 01.70 01.98 02.56 03.03 02.88 02.80 02.88 02.85 02.98 02.89 02.43 02.21 02.26 02.26 -1.00 -1.00 -1.00 -1.00 -1.00 -1.00 -1.00 -1.00 -1.00 -1.00 -1.00 -1.00 -1.00 -1.00 -1.00 -1.00 -1.00 -1.00 -1.00 -1.00 -1.00 -1.00 -1.00 -1.00 -1.00 -1.00 -1.00
-1.00 -1.00 -1.00 -1.00 -1.00 -1.00 -1.00 -1.00 -1.00 -1.00 -1.00 -1.00 -1.00 -1.00 -1.00 -1.00 -1.00 -1.00 -1.00 -1.00 -1.00 -1.00 -1.00 -1.00 -1.00 -1.00 -1.00 -1.00 -1.00 -1.00 -1.00 -1.00 -1.00 -1.00 -1.00 00.51 02.10 02.34 02.75 02.97 03.06 03.13 02.97 02.93 02.89 02.81 02.43 02.12 02.38 02.33 02.22 02.25 -1.00 -1.00 -1.00 -1.00 -1.00 -1.00 -1.00 -1.00 -1.00 -1.00 -1.00 -1.00 -1.00 -1.00 -1.00 -1.00 -1.00 -1.00 -1.00 -1.00 -1.00 -1.00 -1.00 -1.00 -1.00
-1.00 -1.00 -1.00 -1.00 -1.00 -1.00 -1.00 -1.00 -1.00 -1.00 -1.00 -1.00 -1.00 -1.00 -1.00 -1.00 -1.00 -1.00 -1.00 -1.00 -1.00 -1.00 -1.00 -1.00 -1.00 -1.00 -1.00 -1.00 -1.00 -1.00 -1.00 -1.00 -1.00 -1.00 01.13 01.79 02.28 02.29 02.53 02.83 03.24 03.30 03.29 02.97 02.82 02.68 02.28 02.39 02.29 02.09 02.15 02.10 02.20 02.30 -1.00 -1.00 -1.00 -1.00 -1.00 -1.00 -1.00 -1.00 -1.00 -1.00 -1.00 -1.00 -1.00 -1.00 -1.00 -1.00 -1.00 -1.00 -1.00 -1.00 -1.00 -1.00 -1.00
-1.00 -1.00 -1.00 -1.00 -1.00 -1.00 -1.00 -1.00 -1.00 -1.00 -1.00 -1.00 -1.00 -1.00 -1.00 -1.00 -1.00 -1.00 -1.00 -1.00 -1.00 -1.00 -1.00 -1.00 -1.00 -1.00 -1.00 -1.00 -1.00 -1.00 -1.00 -1.00 -1.00 01.58 01.84 02.02 02.14 02.17 02.23 02.33 02.83 03.17 03.26 03.05 02.81 02.61 02.66 02.66 02.26 02.29 02.29 02.51 02.68 02.57 02.45 -1.00 -1.00 -1.00 -1.00 -1.00 -1.00 -1.00 -1.00 -1.00 -1.00 -1.00 -1.00 -1.00 -1.00 -1.00 -1.00 -1.00 -1.00 -1.00 -1.00 -1.00 -1.00
-1.00 -1.00 -1.00 -1.00 -1.00 -1.00 -1.00 -1.00 -1.00 -1.00 -1.00 -1.00 -1.00 -1.00 -1.00 -1.00 -1.00 -1.00 -1.00 -1.00 -1.00 -1.00 -1.00 -1.00 -1.00 -1.00 -1.00 -1.00 -1.00 -1.00 -1.00 -1.00 01.78 02.05 02.05 02.07 02.05 02.06 02.16 02.39 02.47 02.82 03.03 03.04 02.87 02.74 02.86 02.80 02.66 02.37 02.58 02.49 02.76 02.94 02.50 01.96 -1.00 -1.00 -1.00 -1.00 -1.00 -1.00 -1.00 -1.00 -1.00 -1.00 -1.00 -1.00 -1.00 -1.00 -1.00 -1.00 -1.00 -1.00 -1.00 -1.00 -1.00
-1.00 -1.00 -1.00 -1.00 -1.00 -1.00 -1.00 -1.00 -1.00 -1.00 -1.00 -1.00 -1.00 -1.00 -1.00 -1.00 -1.00 -1.00 -1.00 -1.00 -1.00 -1.00 -1.00 -1.00 -1.00 -1.00 -1.00 -1.00 -1.00 -1.00 01.05 01.61 02.22 02.33 02.33 02.30 02.26 02.22 02.12 02.21 02.54 02.62 02.91 03.03 02.80 02.77 02.72 02.69 02.69 02.58 02.55 02.66 02.79 02.87 02.49 01.94 -1.00 -1.00 -1.00 -1.00 -1.00 -1.00 -1.00 -1.00 -1.00 -1.00 -1.00 -1.00 -1.00 -1.00 -1.00 -1.00 -1.00 -1.00 -1.00 -1.00 -1.00
-1.00 -1.00 -1.00 -1.00 -1.00 -1.00 -1.00 -1.00 -1.00 -1.00 -1.00 -1.00 -1.00 -1.00 -1.00 -1.00 -1.00 -1.00 -1.00 -1.00 -1.00 -1.00 -1.00 -1.00 -1.00 -1.00 -1.00 -1.00 -1.00 00.73 01.18 01.89 02.35 02.41 02.33 02.26 02.18 02.15 02.09 02.23 02.44 02.59 02.80 02.70 02.77 02.61 02.59 02.55 02.53 02.54 02.65 02.63 02.58 02.42 02.32 01.95 -1.00 -1.00 -1.00 -1.00 -1.00 -1.00 -1.00 -1.00 -1.00 -1.00 -1.00 -1.00 -1.00 -1.00 -1.00 -1.00 -1.00 -1.00 -1.00 -1.00 -1.00
-1.00 -1.00 -1.00 -1.00 -1.00 -1.00 -1.00 -1.00 -1.00 -1.00 -1.00 -1.00 -1.00 -1.00 -1.00 -1.00 -1.00 -1.00 -1.00 -1.00 -1.00 03.10 04.45 01.96 02.91 03.59 03.73 02.11 01.49 01.27 01.27 01.25 02.10 02.12 02.12 02.12 02.09 02.04 01.98 02.24 02.55 02.59 02.57 02.71 02.43 02.55 02.65 02.62 02.46 02.57 02.66 02.68 02.32 02.19 02.18 01.80 -1.00 -1.00 -1.00 -1.00 -1.00 -1.00 -1.00 -1.00 -1.00 -1.00 -1.00 -1.00 -1.00 -1.00 -1.00 -1.00 -1.00 -1.00 -1.00 -1.00 -1.00
-1.00 -1.00 -1.00 -1.00 -1.00 -1.00 -1.00 -1.00 -1.00 -1.00 -1.00 -1.00 -1.00 -1.00 -1.00 -1.00 -1.00 -1.00 -1.00 02.42 05.51 04.50 04.33 03.81 04.28 03.36 02.83 01.78 01.59 01.53 01.37 01.47 01.56 01.74 01.82 01.95 02.00 01.92 01.98 02.25 02.60 02.49 02.48 02.32 02.55 02.77 02.62 02.69 02.52 02.61 02.78 02.63 02.51 01.99 01.96 01.62 -1.00 -1.00 -1.00 -1.00 -1.00 -1.00 -1.00 -1.00 -1.00 -1.00 -1.00 -1.00 -1.00 -1.00 -1.00 -1.00 -1.00 -1.00 -1.00 -1.00 -1.00
-1.00 -1.00 -1.00 -1.00 -1.00 -1.00 -1.00 -1.00 -1.00 -1.00 -1.00 -1.00 -1.00 -1.00 -1.00 -1.00 -1.00 -1.00 03.89 04.83 04.39 04.06 03.74 03.64 03.17 02.64 02.43 03.46 03.49 01.54 01.50 01.49 01.70 01.89 01.94 01.96 01.79 01.89 01.98 02.31 02.48 02.55 02.39 02.17 02.50 02.65 02.59 02.57 02.75 02.57 02.90 03.06 02.53 02.05 02.00 01.53 -1.00 -1.00 -1.00 -1.00 -1.00 -1.00 -1.00 -1.00 -1.00 -1.00 -1.00 -1.00 -1.00 -1.00 -1.00 -1.00 -1.00 -1.00 -1.00 -1.00 -1.00
-1.00 -1.00 -1.00 -1.00 -1.00 -1.00 -1.00 -1.00 -1.00 -1.00 -1.00 -1.00 -1.00 -1.00 05.71 01.03 02.40 03.62 04.36 03.36 03.35 03.13 03.07 02.85 02.64 03.16 04.59 03.86 03.52 01.44 01.68 01.56 01.73 01.86 01.91 01.85 01.78 01.89 02.02 02.20 02.54 02.63 02.49 02.22 02.28 02.27 02.38 02.40 02.45 02.53 03.10 02.95 02.82 02.29 01.94 01.83 01.89 -1.00 -1.00 -1.00 -1.00 -1.00 -1.00 -1.00 -1.00 -1.00 -1.00 -1.00 -1.00 -1.00 -1.00 -1.00 -1.00 -1.00 -1.00 -1.00 -1.00
-1.00 -1.00 -1.00 -1.00 -1.00 -1.00 -1.00 -1.00 -1.00 -1.00 -1.00 -1.00 02.25 04.96 04.99 03.14 02.76 03.17 02.78 02.79 02.85 02.87 02.82 03.21 05.06 04.63 04.33 03.74 03.47 02.90 01.77 01.75 01.81 01.90 01.87 01.88 01.50 01.89 02.17 02.28 02.40 02.59 02.39 02.46 02.51 02.28 02.20 02.20 02.28 02.85 02.53 02.95 02.65 02.20 01.93 01.85 01.93 -1.00 -1.00 -1.00 -1.00 -1.00 -1.00 -1.00 -1.00 -1.00 -1.00 -1.00 -1.00 -1.00 -1.00 -1.00 -1.00 -1.00 -1.00 -1.00 -1.00
-1.00 -1.00 -1.00 -1.00 -1.00 -1.00 -1.00 -1.00 -1.00 -1.00 -1.00 11.58 04.69 04.99 03.85 03.45 02.64 02.50 02.43 02.54 04.93 05.21 10.96 06.60 05.48 04.51 04.09 03.68 03.45 02.94 02.41 01.91 01.82 01.99 01.75 01.70 00.97 01.87 02.12 02.38 02.41 02.45 02.57 02.66 02.69 02.38 02.28 02.15 02.59 02.46 02.67 02.83 02.40 02.08 01.92 02.21 01.90 -1.00 -1.00 -1.00 -1.00 -1.00 -1.00 -1.00 -1.00 -1.00 -1.00 -1.00 -1.00 -1.00 -1.00 -1.00 -1.00 -1.00 -1.00 -1.00 -1.00
-1.00 -1.00 -1.00 -1.00 -1.00 -1.00 -1.00 -1.00 -1.00 04.54 12.10 05.45 04.21 03.54 03.12 02.25 02.36 03.44 03.51 04.86 05.35 06.51 10.89 06.23 05.32 04.48 03.84 03.53 03.51 02.95 02.73 02.30 02.02 01.98 02.21 01.69 01.27 02.10 02.08 02.83 02.39 02.39 02.91 03.99 02.83 02.24 02.23 02.13 02.53 02.51 02.70 02.26 02.07 02.29 02.58 02.26 01.89 -1.00 -1.00 -1.00 -1.00 -1.00 -1.00 -1.00 -1.00 -1.00 -1.00 -1.00 -1.00 -1.00 -1.00 -1.00 -1.00 -1.00 -1.00 -1.00 -1.00
-1.00 -1.00 -1.00 -1.00 -1.00 -1.00 -1.00 -1.00 03.06 06.74 06.11 04.40 03.61 02.74 02.20 02.43 03.16 03.53 04.18 04.71 05.49 06.67 06.95 06.79 05.62 04.15 03.57 03.41 03.50 02.97 02.68 02.52 02.35 02.24 02.16 01.78 01.26 02.28 02.42 02.29 03.73 03.18 03.40 04.07 03.08 03.65 02.17 02.17 02.56 02.46 02.37 01.97 02.18 02.63 02.55 02.26 01.87 -1.00 -1.00 -1.00 -1.00 -1.00 -1.00 -1.00 -1.00 -1.00 -1.00 -1.00 -1.00 -1.00 -1.00 -1.00 -1.00 -1.00 -1.00 -1.00 -1.00
-1.00 -1.00 -1.00 -1.00 -1.00 -1.00 15.56 14.93 05.33 05.93 04.70 03.47 02.99 02.22 03.21 03.92 03.32 03.68 04.12 04.82 05.97 06.62 10.92 06.97 05.68 03.85 03.29 03.35 03.49 03.01 02.64 02.49 02.31 02.17 02.10 01.80 01.08 02.52 02.61 02.48 03.59 03.23 03.72 03.77 03.46 02.69 01.94 02.42 02.27 02.44 02.10 01.90 02.30 02.49 02.37 02.22 01.94 01.51 -1.00 -1.00 -1.00 -1.00 -1.00 -1.00 -1.00 -1.00 -1.00 -1.00 -1.00 -1.00 -1.00 -1.00 -1.00 -1.00 -1.00 -1.00 -1.00
-1.00 -1.00 -1.00 -1.00 -1.00 14.67 18.10 11.75 05.86 04.54 03.69 02.87 02.64 03.37 03.84 03.91 03.67 03.70 04.09 04.99 05.90 06.75 10.92 06.88 05.38 03.60 03.19 03.30 03.48 03.05 02.63 02.51 02.25 02.08 02.03 01.65 01.07 02.61 02.64 02.94 03.27 03.49 03.43 03.64 03.36 03.04 02.27 02.29 02.40 02.32 02.07 02.50 02.46 02.37 02.24 02.21 02.00 01.59 -1.00 -1.00 -1.00 -1.00 -1.00 -1.00 -1.00 -1.00 -1.00 -1.00 -1.00 -1.00 -1.00 -1.00 -1.00 -1.00 -1.00 -1.00 -1.00
-1.00 -1.00 -1.00 -1.00 11.99 17.71 13.81 05.95 04.47 04.11 03.59 02.81 02.67 03.13 03.73 03.80 03.61 03.69 04.25 05.15 05.87 06.76 10.80 10.86 04.94 03.41 03.20 03.24 03.45 03.09 02.68 02.52 02.17 01.99 01.93 01.53 02.02 02.64 02.67 03.08 03.35 03.42 03.60 03.35 03.14 03.04 03.12 04.13 02.16 02.01 02.22 02.44 02.45 02.32 02.19 02.21 02.02 01.77 -1.00 -1.00 -1.00 -1.00 -1.00 -1.00 -1.00 -1.00 -1.00 -1.00 -1.00 -1.00 -1.00 -1.00 -1.00 -1.00 -1.00 -1.00 -1.00
-1.00 -1.00 -1.00 10.74 15.39 14.16 06.32 04.84 04.20 03.54 03.61 03.63 03.32 03.07 03.53 03.67 03.61 03.77 04.44 04.86 05.83 06.38 10.68 06.81 04.38 03.41 03.16 03.19 03.40 02.94 02.71 02.48 02.12 01.90 01.86 01.43 02.46 02.58 02.80 03.02 03.15 03.33 03.47 03.30 03.03 03.15 03.74 03.65 02.04 02.19 02.24 02.32 02.37 02.27 02.17 02.20 02.09 01.92 02.11 -1.00 -1.00 -1.00 -1.00 -1.00 -1.00 -1.00 -1.00 -1.00 -1.00 -1.00 -1.00 -1.00 -1.00 -1.00 -1.00 -1.00 -1.00
-1.00 -1.00 05.76 12.82 15.71 06.71 05.11 04.30 03.82 03.41 03.82 05.36 03.47 03.17 03.11 03.54 03.62 04.01 04.37 04.81 05.29 06.24 06.58 06.22 04.26 03.37 03.12 03.16 03.25 02.81 02.68 02.41 02.02 01.95 01.87 01.36 02.54 02.49 02.58 02.82 03.11 03.26 03.35 03.11 02.83 03.16 03.86 02.57 02.61 01.86 02.16 02.20 02.29 02.16 02.15 02.32 02.07 02.74 02.69 -1.00 -1.00 -1.00 -1.00 -1.00 -1.00 -1.00 -1.00 -1.00 -1.00 -1.00 -1.00 -1.00 -1.00 -1.00 -1.00 -1.00 -1.00
-1.00 04.27 06.73 14.97 12.02 05.39 04.31 03.83 03.43 03.23 11.19 05.58 03.97 03.12 03.01 03.41 03.72 04.17 04.24 04.67 05.27 05.80 06.09 05.59 04.25 03.34 03.12 03.08 03.03 02.71 02.46 02.21 02.05 02.00 01.73 01.24 02.46 02.35 02.39 02.72 02.93 03.07 03.18 02.82 02.87 03.34 03.31 03.10 03.26 02.18 02.77 02.10 02.09 02.07 02.33 02.49 02.40 03.06 03.09 03.05 -1.00 -1.00 -1.00 -1.00 -1.00 -1.00 -1.00 -1.00 -1.00 -1.00 -1.00 -1.00 -1.00 -1.00 -1.00 -1.00 -1.00
03.10 04.49 12.53 14.82 05.85 04.38 03.70 03.35 03.05 11.68 11.63 12.34 06.25 03.10 02.94 03.31 03.65 04.06 04.17 04.65 04.90 05.38 05.59 05.12 04.05 03.36 03.03 03.01 02.69 02.50 02.38 02.19 01.95 02.11 01.69 01.16 02.31 02.30 02.37 02.60 02.95 03.10 02.71 02.64 02.84 02.99 03.27 03.30 02.86 03.09 03.22 02.45 02.63 02.45 02.45 02.64 02.85 03.21 03.16 03.00 -1.00 -1.00 -1.00 -1.00 -1.00 -1.00 -1.00 -1.00 -1.00 -1.00 -1.00 -1.00 -1.00 -1.00 -1.00 -1.00 -1.00
03.51 06.52 13.36 11.43 04.81 03.61 03.20 10.70 10.68 11.72 12.20 13.51 10.74 03.01 02.91 03.10 03.64 03.91 04.16 04.38 04.55 04.99 05.21 04.75 04.05 03.22 02.93 02.93 02.56 02.43 02.35 02.22 01.96 02.02 01.15 00.69 02.25 02.31 02.35 02.47 02.71 02.92 02.88 02.77 02.90 03.11 03.19 03.09 02.98 02.83 02.64 03.05 02.80 02.81 02.97 02.98 02.90 02.92 03.02 03.15 02.99 -1.00 -1.00 -1.00 -1.00 -1.00 -1.00 -1.00 -1.00 -1.00 -1.00 -1.00 -1.00 -1.00 -1.00 -1.00 -1.00
04.82 11.00 13.35 05.19 03.47 02.69 04.30 05.60 06.06 06.57 11.97 13.81 14.16 02.99 02.96 02.90 03.40 03.86 04.04 04.14 04.29 04.56 04.83 04.47 03.70 03.18 02.98 02.91 02.45 02.40 02.23 02.10 02.09 01.71 01.07 01.95 01.91 02.12 02.29 02.36 02.44 02.41 02.45 02.66 02.83 02.87 02.46 02.50 02.33 02.45 02.62 02.92 03.31 03.33 03.23 03.49 03.33 03.21 03.32 03.30 03.21 03.04 -1.00 -1.00 -1.00 -1.00 -1.00 -1.00 -1.00 -1.00 -1.00 -1.00 -1.00 -1.00 -1.00 -1.00 -1.00
05.76 06.80 06.27 03.27 03.18 04.38 04.32 04.38 04.58 05.65 11.19 13.24 14.09 06.03 03.17 02.90 03.17 03.73 03.92 03.98 04.09 04.21 04.37 04.23 03.45 03.10 02.90 02.57 02.45 02.29 02.16 02.00 01.98 01.12 01.20 01.22 01.74 02.07 02.04 02.06 02.11 02.22 02.40 02.52 01.98 02.02 01.94 01.87 02.26 02.69 03.07 03.33 03.87 03.60 03.65 03.63 03.54 03.47 03.67 03.84 03.62 03.34 03.16 -1.00 -1.00 -1.00 -1.00 -1.00 -1.00 -1.00 -1.00 -1.00 -1.00 -1.00 -1.00 -1.00 01.72
05.63 04.78 04.97 03.02 03.96 04.21 04.28 04.34 04.58 04.95 05.58 10.75 11.94 05.77 03.08 02.90 02.86 03.58 03.81 03.84 03.84 03.88 03.94 03.26 03.21 02.91 02.87 02.50 02.41 02.19 02.03 02.00 01.13 01.09 01.23 01.21 01.46 01.76 01.68 01.75 01.76 01.80 01.90 02.02 02.07 02.42 02.55 02.53 02.50 02.61 03.13 03.59 03.65 03.74 03.84 03.78 03.64 03.75 03.92 03.99 03.86 03.64 03.61 03.40 -1.00 -1.00 -1.00 -1.00 -1.00 -1.00 -1.00 -1.00 -1.00 -1.00 -1.00 01.76 01.88
04.94 04.44 04.03 03.35 03.85 04.11 04.42 04.70 04.73 05.12 05.63 05.94 06.70 06.30 03.42 02.88 02.75 03.45 03.69 03.70 03.61 03.62 03.20 03.21 02.88 02.83 02.55 02.45 02.27 02.04 01.87 01.67 01.04 01.21 01.29 01.30 01.30 01.82 01.95 02.04 02.18 02.10 02.16 02.30 02.48 02.87 02.94 02.96 02.56 02.63 02.87 03.18 03.50 03.77 03.83 03.86 03.77 03.95 04.13 04.14 04.08 03.98 04.03 03.95 -1.00 -1.00 -1.00 -1.00 -1.00 -1.00 -1.00 -1.00 -1.00 -1.00 01.73 02.36 03.31
04.76 12.28 06.06 03.39 03.81 04.04 04.23 04.60 04.71 04.59 05.50 05.51 06.15 05.03 04.54 02.84 02.65 03.33 03.58 03.54 03.40 03.42 03.02 02.88 02.65 02.44 02.34 02.22 02.00 01.89 01.86 01.00 01.01 01.19 01.32 01.50 02.43 01.91 02.12 02.26 02.42 02.56 02.33 02.49 02.66 02.90 03.15 03.22 03.61 02.67 02.93 03.07 03.50 03.77 03.73 03.75 03.80 04.18 04.24 04.28 04.25 04.31 04.43 04.38 -1.00 -1.00 -1.00 -1.00 -1.00 -1.00 -1.00 -1.00 01.66 01.74 02.59 04.08 04.76
06.70 06.72 05.24 03.54 03.75 03.94 04.03 04.24 04.19 04.43 04.82 05.37 05.20 11.72 03.56 02.81 02.54 03.20 03.40 03.31 03.24 02.81 02.70 02.51 02.57 02.15 02.07 01.92 01.88 01.05 00.98 01.10 01.19 01.33 01.40 02.54 02.60 02.05 02.24 02.37 02.56 02.75 02.42 02.72 03.07 03.30 03.58 03.83 03.64 03.48 02.89 03.01 03.19 03.48 03.68 03.48 03.83 04.01 04.28 04.44 04.32 04.35 04.51 04.66 -1.00 -1.00 -1.00 -1.00 -1.00 -1.00 -1.00 01.76 01.72 03.01 04.36 04.84 05.05
04.92 05.00 04.67 04.30 03.88 03.91 03.92 03.96 03.92 04.03 04.51 05.13 06.24 06.67 03.48 02.73 02.42 03.08 03.20 03.11 03.14 02.47 02.23 02.38 01.96 01.86 01.81 01.37 00.98 00.99 01.09 01.24 01.33 01.70 02.50 02.53 02.63 02.30 02.32 02.41 02.78 03.14 03.20 02.63 03.30 03.65 03.91 04.18 04.41 03.92 03.11 02.85 02.96 03.12 03.29 03.44 03.60 03.90 04.10 04.06 04.36 04.35 04.19 04.34 -1.00 -1.00 -1.00 -1.00 -1.00 -1.00 01.75 02.70 03.81 04.35 04.97 05.23 05.07
04.83 04.99 04.82 04.54 04.07 03.92 03.84 03.78 03.79 03.85 04.12 04.75 04.82 04.82 03.38 02.64 02.27 02.85 02.97 02.98 01.79 01.80 01.74 01.21 01.01 01.01 00.95 00.96 01.10 01.16 01.29 01.34 02.16 02.45 02.51 02.57 02.49 02.51 02.45 02.77 02.86 03.35 03.74 02.63 03.11 03.61 04.36 04.34 04.48 04.19 03.81 02.60 02.52 02.46 02.52 02.83 03.31 03.44 03.31 03.57 03.78 03.72 03.96 -1.00 -1.00 -1.00 -1.00 -1.00 -1.00 01.78 03.21 04.77 05.21 05.13 05.12 05.05 04.90
04.63 04.74 04.61 04.45 04.21 03.83 03.72 03.67 03.65 03.80 03.94 04.23 04.57 04.03 02.51 02.38 02.30 02.63 02.73 01.90 01.13 01.02 00.94 00.90 00.86 01.04 01.10 01.08 01.20 01.33 01.52 01.53 01.84 02.52 02.48 02.40 02.69 02.76 -1.00 -1.00 03.15 03.52 03.86 03.13 02.98 03.27 03.93 04.26 04.25 04.19 03.83 03.72 02.88 02.72 02.73 02.85 02.87 02.84 02.88 03.02 03.16 -1.00 -1.00 -1.00 -1.00 -1.00 -1.00 -1.00 01.53 03.58 04.39 04.80 04.99 04.94 04.83 04.88 04.80
