data/trial7/ashley.toa
NCOLS 382
NROWS 266
XLLCORNER 157819.328125
YLLCORNER 384678.625000
CELLSIZE 30.000000
NODATA_VALUE -1
[rows 208 to 233 of 266, columns 180 to 239 of 382]
00033.284 00032.963 00032.336 00021.479 00020.977 00020.707 00020.466 00020.240 00020.015 00019.835 00019.681 00019.536 00019.483 00019.477 00019.529 00019.723 00019.982 00020.257 00020.636 00021.033 00021.638 00022.586 00022.812 00021.145 00020.578 00020.173 00019.743 00019.245 00018.894 00018.752 00018.619 00018.559 00018.502 00018.473 00018.450 00018.437 00018.443 00018.480 00018.515 00018.545 00018.567 00018.597 00018.629 00018.655 00018.676 00018.705 00018.742 00018.781 00018.815 00018.847 00018.888 00018.933 00018.980 00019.049 00019.132 00019.213 00019.294 00019.397 00019.507 00019.619
00033.528 00033.274 00032.997 00032.392 00021.638 00021.083 00020.775 00020.525 00020.354 00020.215 00020.087 00019.955 00019.872 00019.877 00019.885 00019.915 00020.118 00020.391 00020.797 00021.289 00021.901 00022.956 00022.683 00021.117 00020.574 00020.210 00019.850 00019.422 00019.185 00018.981 00018.844 00018.780 00018.719 00018.683 00018.654 00018.648 00018.648 00018.656 00018.686 00018.715 00018.742 00018.766 00018.793 00018.827 00018.859 00018.879 00018.902 00018.944 00018.986 00019.043 00019.099 00019.160 00019.250 00019.340 00019.433 00019.518 00019.600 00019.680 00019.778 00019.895
00033.767 00033.525 00033.288 00033.042 00032.533 00021.860 00021.214 00020.908 00020.733 00020.573 00020.441 00020.319 00020.251 00020.249 00020.275 00020.356 00020.478 00020.688 00021.017 00021.555 00022.312 00023.406 00023.138 00021.560 00020.765 00020.355 00020.101 00019.825 00019.557 00019.329 00019.124 00019.017 00018.945 00018.896 00018.869 00018.847 00018.852 00018.857 00018.865 00018.890 00018.913 00018.936 00018.960 00018.985 00019.039 00019.110 00019.154 00019.199 00019.275 00019.354 00019.423 00019.484 00019.547 00019.642 00019.739 00019.840 00019.933 00020.012 00020.086 00020.176
00034.002 00033.770 00033.539 00033.326 00033.112 00032.692 00032.094 00021.523 00021.228 00020.996 00020.848 00020.709 00020.645 00020.640 00020.643 00020.736 00020.834 00021.064 00021.435 00021.935 00022.888 00023.944 00032.127 00022.646 00021.055 00020.642 00020.392 00020.167 00019.937 00019.701 00019.508 00019.391 00019.280 00019.182 00019.138 00019.093 00019.082 00019.104 00019.113 00019.127 00019.165 00019.205 00019.247 00019.290 00019.333 00019.410 00019.490 00019.535 00019.580 00019.658 00019.740 00019.817 00019.886 00019.959 00020.059 00020.162 00020.266 00020.352 00020.427 00020.501
00034.341 00034.016 00033.784 00033.581 00033.378 00033.178 00032.855 00032.484 00032.128 00021.675 00021.418 00021.205 00021.117 00021.109 00021.101 00021.174 00021.299 00021.437 00021.897 00023.579 00024.707 00032.396 00032.821 00032.291 00021.704 00020.989 00020.690 00020.459 00020.267 00020.083 00019.918 00019.789 00019.670 00019.556 00019.510 00019.466 00019.430 00019.460 00019.482 00019.479 00019.502 00019.542 00019.586 00019.634 00019.675 00019.717 00019.807 00019.891 00019.937 00019.982 00020.066 00020.147 00020.223 00020.297 00020.379 00020.490 00020.607 00020.729 00020.819 00020.904
00034.682 00034.361 00034.042 00033.831 00033.633 00033.441 00033.243 00033.112 00032.939 00032.634 00032.372 00032.071 00021.809 00021.790 00021.775 00021.792 00022.184 00032.205 00032.367 00032.547 00032.811 00033.145 00033.384 00033.176 00032.545 00021.705 00021.074 00020.813 00020.595 00020.407 00020.291 00020.180 00020.080 00019.971 00019.908 00019.858 00019.816 00019.822 00019.855 00019.861 00019.854 00019.895 00019.937 00019.992 00020.042 00020.079 00020.126 00020.215 00020.284 00020.328 00020.390 00020.481 00020.575 00020.663 00020.752 00020.856 00020.994 00021.139 00021.287 00021.391
00035.014 00034.701 00034.402 00034.112 00033.882 00033.694 00033.504 00033.375 00033.272 00033.171 00033.063 00032.890 00032.659 00032.652 00032.643 00032.626 00032.696 00032.843 00032.988 00033.067 00033.212 00033.549 00033.804 00033.641 00033.160 00032.545 00021.861 00021.329 00020.975 00020.810 00020.673 00020.545 00020.438 00020.335 00020.285 00020.238 00020.203 00020.186 00020.216 00020.235 00020.228 00020.249 00020.286 00020.333 00020.388 00020.430 00020.468 00020.547 00020.654 00020.712 00020.762 00020.857 00020.969 00021.082 00021.186 00021.305 00021.463 00021.675 00021.977 00032.163
00035.262 00035.034 00034.758 00034.471 00034.191 00033.943 00033.760 00033.627 00033.522 00033.428 00033.336 00033.248 00033.170 00033.140 00033.141 00033.136 00033.130 00033.164 00033.210 00033.278 00033.472 00033.821 00034.219 00033.813 00033.453 00033.106 00032.731 00032.275 00021.659 00021.352 00021.146 00020.978 00020.849 00020.737 00020.680 00020.626 00020.587 00020.555 00020.588 00020.619 00020.612 00020.621 00020.664 00020.707 00020.772 00020.830 00020.875 00020.931 00021.074 00021.243 00021.268 00021.312 00021.457 00021.625 00021.818 00032.015 00032.215 00032.409 00032.604 00032.792
00035.494 00035.284 00035.088 00034.827 00034.555 00034.284 00034.016 00033.872 00033.769 00033.675 00033.585 00033.495 00033.420 00033.353 00033.354 00033.354 00033.347 00033.340 00033.381 00033.428 00033.542 00033.741 00033.972 00033.991 00033.676 00033.363 00033.201 00033.018 00032.619 00032.304 00022.027 00021.633 00021.414 00021.242 00021.162 00021.091 00021.042 00020.994 00021.027 00021.066 00021.070 00021.063 00021.113 00021.163 00021.233 00021.317 00021.380 00021.447 00021.650 00022.046 00022.130 00022.101 00022.534 00024.396 00032.547 00032.879 00032.932 00032.979 00033.067 00033.136
00035.724 00035.520 00035.330 00035.139 00034.913 00034.652 00034.389 00034.184 00034.017 00033.914 00033.830 00033.740 00033.660 00033.590 00033.559 00033.558 00033.556 00033.551 00033.549 00033.598 00033.651 00033.708 00033.845 00033.997 00033.899 00033.625 00033.466 00033.312 00033.168 00033.041 00032.834 00032.579 00032.354 00032.100 00021.964 00021.798 00021.695 00021.621 00021.610 00021.668 00021.715 00021.700 00021.742 00021.838 00021.957 00032.075 00032.060 00022.929 00022.688 00023.408 00023.941 00023.919 00024.144 00032.515 00033.057 00033.191 00033.292 00033.255 00033.247 00033.301
00035.949 00035.753 00035.565 00035.379 00035.199 00035.012 00034.757 00034.568 00034.403 00034.244 00034.108 00033.980 00033.896 00033.828 00033.761 00033.759 00033.758 00033.755 00033.751 00033.757 00033.813 00033.873 00033.938 00034.030 00034.174 00033.881 00033.722 00033.568 00033.433 00033.320 00033.234 00033.145 00033.051 00032.897 00032.772 00032.691 00032.610 00032.539 00032.473 00032.533 00032.593 00032.599 00032.587 00032.657 00032.723 00032.794 00032.848 00032.670 00032.479 00032.507 00032.690 00032.772 00032.861 00033.088 00033.336 00033.467 00033.535 00033.534 00033.484 00033.461
00036.152 00035.983 00035.798 00035.615 00035.437 00035.269 00035.096 00034.946 00034.782 00034.624 00034.489 00034.353 00034.213 00034.101 00033.993 00033.958 00033.956 00033.953 00033.951 00033.949 00033.962 00034.028 00034.122 00034.242 00034.375 00034.202 00033.973 00033.817 00033.687 00033.568 00033.484 00033.400 00033.323 00033.250 00033.190 00033.166 00033.142 00033.118 00033.087 00033.087 00033.112 00033.130 00033.126 00033.130 00033.149 00033.168 00033.191 00033.169 00033.110 00033.054 00033.120 00033.269 00033.436 00033.599 00033.754 00033.919 00033.830 00033.761 00033.718 00033.673
00036.338 00036.183 00036.025 00035.848 00035.673 00035.507 00035.340 00035.222 00035.117 00034.999 00034.865 00034.735 00034.605 00034.488 00034.378 00034.278 00034.270 00034.262 00034.256 00034.255 00034.254 00034.288 00034.381 00034.474 00034.565 00034.592 00034.338 00034.099 00033.935 00033.810 00033.725 00033.644 00033.565 00033.496 00033.426 00033.393 00033.370 00033.348 00033.328 00033.307 00033.318 00033.335 00033.346 00033.341 00033.349 00033.366 00033.383 00033.409 00033.359 00033.313 00033.332 00033.498 00033.926 00034.238 00034.398 00034.606 00034.395 00034.051 00033.941 00033.899
00036.522 00036.371 00036.221 00036.072 00035.905 00035.743 00035.578 00035.458 00035.356 00035.253 00035.167 00035.082 00034.984 00034.866 00034.753 00034.649 00034.612 00034.604 00034.594 00034.591 00034.592 00034.597 00034.639 00034.730 00034.822 00034.915 00034.710 00034.482 00034.284 00034.084 00033.964 00033.881 00033.803 00033.734 00033.666 00033.612 00033.589 00033.567 00033.548 00033.529 00033.514 00033.530 00033.546 00033.550 00033.544 00033.557 00033.573 00033.589 00033.591 00033.553 00033.534 00033.635 00034.053 00034.290 00034.460 00034.632 00034.754 00034.501 00034.278 00034.204
00036.707 00036.557 00036.408 00036.263 00036.119 00035.974 00035.812 00035.690 00035.588 00035.486 00035.399 00035.316 00035.240 00035.165 00035.090 00035.015 00034.949 00034.941 00034.930 00034.918 00034.921 00034.928 00034.938 00034.981 00035.059 00035.126 00035.072 00034.860 00034.665 00034.468 00034.329 00034.191 00034.062 00033.966 00033.900 00033.835 00033.805 00033.782 00033.760 00033.743 00033.726 00033.721 00033.735 00033.749 00033.748 00033.743 00033.759 00033.775 00033.796 00033.778 00033.805 00033.933 00034.138 00034.303 00034.464 00034.627 00034.792 00034.968 00034.662 00034.579
00036.890 00036.741 00036.592 00036.449 00036.308 00036.174 00036.038 00035.918 00035.816 00035.716 00035.626 00035.544 00035.469 00035.395 00035.322 00035.258 00035.197 00035.186 00035.181 00035.173 00035.170 00035.172 00035.179 00035.187 00035.224 00035.286 00035.350 00035.168 00035.032 00034.847 00034.713 00034.581 00034.448 00034.326 00034.217 00034.113 00034.030 00033.995 00033.972 00033.953 00033.936 00033.920 00033.923 00033.936 00033.948 00033.943 00033.943 00033.959 00033.974 00034.005 00033.981 00034.069 00034.245 00034.412 00034.567 00034.719 00034.873 00035.032 00035.031 00034.952
00037.067 00036.925 00036.776 00036.633 00036.493 00036.360 00036.232 00036.127 00036.039 00035.943 00035.850 00035.770 00035.693 00035.620 00035.548 00035.481 00035.422 00035.388 00035.381 00035.374 00035.367 00035.369 00035.373 00035.381 00035.390 00035.440 00035.504 00035.410 00035.286 00035.161 00035.069 00034.961 00034.830 00034.703 00034.602 00034.500 00034.397 00034.356 00034.315 00034.275 00034.245 00034.218 00034.193 00034.215 00034.239 00034.251 00034.238 00034.248 00034.275 00034.303 00034.357 00034.362 00034.368 00034.528 00034.690 00034.842 00034.989 00035.110 00035.236 00035.218
00037.228 00037.099 00036.960 00036.818 00036.678 00036.546 00036.421 00036.315 00036.230 00036.147 00036.065 00035.992 00035.915 00035.842 00035.770 00035.701 00035.644 00035.587 00035.580 00035.572 00035.565 00035.562 00035.565 00035.572 00035.581 00035.591 00035.652 00035.654 00035.524 00035.401 00035.306 00035.227 00035.145 00035.055 00034.975 00034.878 00034.779 00034.718 00034.675 00034.631 00034.599 00034.572 00034.544 00034.535 00034.560 00034.585 00034.585 00034.572 00034.594 00034.620 00034.650 00034.707 00034.725 00034.755 00034.822 00034.973 00035.101 00035.210 00035.315 00035.424
00037.386 00037.259 00037.131 00037.002 00036.864 00036.733 00036.608 00036.500 00036.415 00036.332 00036.251 00036.185 00036.119 00036.057 00035.990 00035.921 00035.862 00035.805 00035.777 00035.769 00035.761 00035.755 00035.756 00035.759 00035.769 00035.779 00035.800 00035.878 00035.760 00035.637 00035.535 00035.456 00035.377 00035.296 00035.230 00035.171 00035.108 00035.055 00035.024 00034.986 00034.943 00034.920 00034.893 00034.864 00034.875 00034.903 00034.931 00034.917 00034.911 00034.933 00034.959 00034.990 00035.033 00035.056 00035.088 00035.116 00035.204 00035.309 00035.411 00035.519
00037.542 00037.416 00037.291 00037.169 00037.046 00036.918 00036.795 00036.685 00036.600 00036.516 00036.435 00036.366 00036.302 00036.241 00036.181 00036.123 00036.070 00036.020 00035.973 00035.964 00035.955 00035.948 00035.944 00035.947 00035.953 00035.964 00035.975 00036.017 00036.003 00035.868 00035.761 00035.683 00035.605 00035.524 00035.453 00035.395 00035.337 00035.278 00035.251 00035.226 00035.197 00035.178 00035.163 00035.146 00035.131 00035.150 00035.168 00035.176 00035.163 00035.167 00035.180 00035.199 00035.219 00035.249 00035.273 00035.301 00035.329 00035.411 00035.511 00035.609
00037.698 00037.573 00037.449 00037.328 00037.210 00037.095 00036.981 00036.869 00036.784 00036.699 00036.619 00036.547 00036.483 00036.421 00036.361 00036.305 00036.251 00036.205 00036.158 00036.142 00036.133 00036.126 00036.121 00036.121 00036.123 00036.132 00036.142 00036.152 00036.235 00036.086 00035.983 00035.907 00035.830 00035.751 00035.674 00035.616 00035.558 00035.501 00035.461 00035.436 00035.410 00035.384 00035.370 00035.354 00035.338 00035.338 00035.355 00035.372 00035.367 00035.355 00035.368 00035.381 00035.401 00035.421 00035.449 00035.478 00035.506 00035.537 00035.613 00035.711
00037.927 00037.729 00037.606 00037.485 00037.369 00037.256 00037.151 00037.049 00036.967 00036.882 00036.802 00036.728 00036.663 00036.600 00036.541 00036.484 00036.428 00036.382 00036.337 00036.307 00036.299 00036.290 00036.285 00036.282 00036.284 00036.290 00036.300 00036.311 00036.333 00036.276 00036.182 00036.114 00036.048 00035.976 00035.898 00035.836 00035.779 00035.722 00035.670 00035.644 00035.618 00035.591 00035.573 00035.558 00035.542 00035.527 00035.539 00035.556 00035.569 00035.555 00035.554 00035.566 00035.582 00035.602 00035.636 00035.651 00035.678 00035.710 00035.746 00035.814
00038.297 00037.917 00037.762 00037.642 00037.527 00037.416 00037.311 00037.212 00037.136 00037.060 00036.984 00036.907 00036.842 00036.778 00036.719 00036.662 00036.608 00036.559 00036.514 00036.472 00036.463 00036.454 00036.448 00036.443 00036.444 00036.446 00036.455 00036.467 00036.479 00036.464 00036.370 00036.298 00036.236 00036.172 00036.109 00036.051 00035.995 00035.940 00035.885 00035.851 00035.825 00035.799 00035.775 00035.759 00035.744 00035.729 00035.723 00035.739 00035.754 00035.756 00035.741 00035.751 00035.765 00035.783 00035.802 00035.831 00035.852 00035.877 00035.914 00035.953
00038.626 00038.259 00037.936 00037.800 00037.733 00037.622 00037.468 00037.369 00037.295 00037.220 00037.150 00037.080 00037.019 00036.954 00036.896 00036.839 00036.785 00036.735 00036.690 00036.645 00036.626 00036.617 00036.608 00036.604 00036.601 00036.603 00036.609 00036.620 00036.633 00036.647 00036.556 00036.480 00036.418 00036.356 00036.295 00036.236 00036.186 00036.138 00036.092 00036.054 00036.028 00036.003 00035.979 00035.960 00035.944 00035.929 00035.915 00035.921 00035.935 00035.949 00035.940 00035.933 00035.947 00035.962 00035.981 00036.001 00036.024 00036.048 00036.075 00036.109
00038.952 00038.581 00038.198 00037.974 00037.935 00038.068 00037.811 00037.565 00037.452 00037.378 00037.307 00037.238 00037.180 00037.123 00037.069 00037.014 00036.961 00036.908 00036.864 00036.820 00036.788 00036.779 00036.769 00036.763 00036.758 00036.760 00036.762 00036.773 00036.785 00036.803 00036.744 00036.660 00036.600 00036.539 00036.478 00036.417 00036.367 00036.318 00036.274 00036.230 00036.207 00036.184 00036.162 00036.143 00036.129 00036.115 00036.103 00036.094 00036.106 00036.118 00036.122 00036.110 00036.117 00036.130 00036.144 00036.162 00036.179 00036.203 00036.225 00036.255
00039.314 00038.897 00038.492 00038.230 00038.184 00038.363 00038.232 00037.885 00037.660 00037.538 00037.464 00037.395 00037.337 00037.281 00037.227 00037.175 00037.127 00037.079 00037.036 00036.994 00036.951 00036.941 00036.931 00036.922 00036.917 00036.915 00036.918 00036.924 00036.935 00036.953 00036.934 00036.839 00036.780 00036.720 00036.660 00036.599 00036.547 00036.497 00036.453 00036.408 00036.379 00036.356 00036.334 00036.314 00036.299 00036.285 00036.273 00036.261 00036.265 00036.276 00036.287 00036.279 00036.274 00036.287 00036.299 00036.316 00036.333 00036.354 00036.376 00036.398
