data/trial7/ashley.fli
NCOLS 382
NROWS 266
XLLCORNER 157819.328125
YLLCORNER 384678.625000
CELLSIZE 30.000000
NODATA_VALUE -1
[rows 130 to 155 of 266, columns 120 to 179 of 382]
00016.744 00023.867 00029.049 00030.433 00027.690 00037.377 00038.825 00039.302 00042.930 00045.710 00031.954 00032.268 00081.776 00080.738 00079.467 00114.244 00127.277 00126.042 00121.889 00116.674 00111.471 00105.905 00105.513 00130.071 00157.375 00150.647 00139.149 00133.402 00127.346 00121.762 00116.789 00109.796 00101.031 00092.126 00083.227 00074.159 00066.264 00043.779 00099.215 00087.383 00076.303 00064.646 00053.917 00143.401 00130.556 00120.428 00112.901 00101.173 00079.796 00066.111 00055.297 00043.842 00032.722 00032.789 00026.250 00057.340 00077.974 00033.453 00053.020 00054.562
00014.654 00022.931 00028.178 00029.324 00025.824 00027.226 00035.687 00037.076 00039.460 00043.029 00029.663 00030.607 00082.031 00080.992 00080.040 00098.711 00139.232 00136.943 00134.542 00131.280 00127.055 00151.218 00206.547 00200.186 00193.743 00184.942 00171.309 00156.231 00139.190 00131.103 00125.722 00119.967 00113.606 00104.794 00095.206 00084.875 00074.426 00063.834 00055.267 00033.619 00033.992 00046.718 00041.924 00052.543 00077.659 00096.051 00092.007 00119.454 00086.561 00072.015 00059.295 00045.814 00038.024 00031.123 00031.193 00027.833 00080.458 00051.794 00051.838 00053.182
00012.574 00002.737 00023.175 00028.644 00023.467 00025.460 00024.525 00033.607 00031.562 00020.609 00027.229 00027.020 00079.801 00080.843 00078.910 00113.287 00148.627 00149.668 00147.706 00142.944 00199.261 00231.729 00225.555 00219.293 00212.993 00206.600 00199.661 00191.699 00181.657 00165.138 00153.369 00141.460 00127.554 00116.263 00107.244 00097.962 00087.435 00073.309 00059.121 00049.041 00038.624 00032.374 00036.681 00061.469 00062.124 00082.808 00098.616 00107.598 00098.561 00081.916 00065.773 00050.976 00034.089 00032.678 00030.141 00039.791 00041.980 00051.400 00051.224 00052.373
-0001.000 -0001.000 -0001.000 00003.718 00020.629 00007.871 00023.702 00009.048 00032.271 00010.255 00025.058 00020.223 00050.436 00039.376 00036.657 00163.769 00165.584 00168.762 00166.451 00216.845 00263.831 00256.064 00248.128 00240.493 00233.827 00227.893 00221.174 00213.093 00203.439 00195.023 00187.302 00177.379 00162.274 00145.672 00127.412 00112.896 00101.540 00089.163 00072.058 00057.191 00042.393 00029.337 00036.166 00050.593 00061.385 00067.992 00088.284 00081.519 00085.672 00091.706 00077.168 00065.803 00042.304 00036.145 00030.916 00035.891 00039.939 00040.161 00052.232 00051.114
-0001.000 -0001.000 -0001.000 -0001.000 -0001.000 -0001.000 -0001.000 -0001.000 -0001.000 -0001.000 -0001.000 -0001.000 -0001.000 -0001.000 00185.754 00185.636 00188.704 00188.746 00228.197 00296.764 00289.048 00280.612 00270.802 00260.967 00254.149 00248.898 00243.138 00236.744 00230.593 00226.944 00219.261 00210.045 00199.968 00189.330 00181.376 00159.831 00135.758 00116.569 00098.093 00072.486 00057.045 00045.283 00033.630 00044.563 00069.415 00077.790 00078.987 00127.527 00130.155 00117.142 00102.615 00080.044 00061.948 00042.622 00051.151 00050.734 00051.156 00036.697 00053.073 00078.791
-0001.000 -0001.000 -0001.000 -0001.000 -0001.000 -0001.000 -0001.000 -0001.000 -0001.000 -0001.000 -0001.000 -0001.000 -0001.000 -0001.000 00125.870 00170.362 00167.719 00165.813 00162.883 00203.784 00230.543 00213.994 00156.281 00209.269 00271.248 00268.388 00265.153 00260.068 00255.520 00252.409 00246.588 00239.991 00232.296 00223.029 00212.322 00203.761 00195.158 00184.406 00158.088 00123.867 00088.065 00064.026 00054.513 00058.679 00061.730 00071.293 00182.107 00172.127 00161.202 00149.809 00134.441 00114.000 00090.911 00066.944 00053.445 00049.505 00047.668 00047.524 00047.310 00078.244
-0001.000 -0001.000 -0001.000 -0001.000 -0001.000 -0001.000 -0001.000 -0001.000 -0001.000 -0001.000 -0001.000 -0001.000 -0001.000 -0001.000 -0001.000 00125.600 00146.822 00143.648 00139.595 00133.631 00117.375 00105.085 00078.275 00229.373 00284.500 00282.274 00278.484 00275.051 00274.047 00272.023 00269.666 00266.971 00260.645 00253.181 00246.456 00239.002 00230.366 00220.469 00213.340 00215.832 00209.147 00198.015 00180.194 00147.265 00206.775 00216.557 00210.598 00204.412 00195.247 00185.680 00176.896 00165.979 00153.925 00140.412 00125.271 00108.399 00079.062 00059.018 00046.807 00075.969
-0001.000 -0001.000 -0001.000 -0001.000 -0001.000 -0001.000 -0001.000 -0001.000 -0001.000 -0001.000 -0001.000 -0001.000 -0001.000 -0001.000 -0001.000 -0001.000 00037.108 00112.970 00105.506 00093.189 00074.809 00029.229 00004.675 00281.969 00299.040 00294.954 00290.904 00288.627 00286.731 00284.502 00281.984 00278.789 00275.314 00272.973 00270.849 00268.928 00267.443 00264.522 00257.973 00250.863 00245.257 00241.750 00250.101 00247.261 00244.262 00239.771 00233.896 00227.989 00221.582 00214.729 00210.794 00205.891 00192.123 00177.096 00162.361 00149.850 00136.007 00100.143 00056.736 00050.699
-0001.000 -0001.000 -0001.000 -0001.000 -0001.000 -0001.000 -0001.000 -0001.000 -0001.000 -0001.000 -0001.000 -0001.000 -0001.000 -0001.000 -0001.000 -0001.000 00090.573 00026.584 00007.258 -0001.000 -0001.000 -0001.000 -0001.000 -0001.000 -0001.000 00067.592 00279.392 00289.210 00289.652 00290.127 00290.249 00289.891 00287.691 00284.760 00282.580 00280.493 00278.775 00276.693 00274.150 00271.484 00269.034 00266.520 00264.315 00261.461 00259.077 00257.337 00253.817 00249.366 00244.226 00238.633 00232.651 00226.132 00218.141 00209.859 00203.992 00190.837 00174.694 00158.556 00139.578 00103.734
-0001.000 -0001.000 -0001.000 -0001.000 -0001.000 -0001.000 -0001.000 -0001.000 -0001.000 -0001.000 -0001.000 -0001.000 -0001.000 -0001.000 -0001.000 -0001.000 -0001.000 -0001.000 -0001.000 -0001.000 -0001.000 -0001.000 -0001.000 -0001.000 -0001.000 -0001.000 00224.951 00282.638 00282.577 00282.417 00282.384 00294.380 00292.734 00291.033 00289.832 00288.621 00287.087 00285.464 00283.699 00281.251 00278.941 00276.484 00274.017 00272.179 00271.489 00271.024 00269.269 00267.144 00262.900 00257.746 00252.720 00246.591 00240.153 00234.540 00228.724 00221.306 00217.090 00217.566 00200.145 00156.408
-0001.000 -0001.000 -0001.000 -0001.000 -0001.000 -0001.000 -0001.000 -0001.000 -0001.000 -0001.000 -0001.000 -0001.000 -0001.000 -0001.000 -0001.000 -0001.000 -0001.000 -0001.000 -0001.000 -0001.000 -0001.000 -0001.000 -0001.000 -0001.000 -0001.000 -0001.000 00247.189 00274.318 00274.495 00274.708 00274.766 00266.545 00266.002 00266.137 00294.269 00292.923 00291.215 00289.338 00287.327 00285.384 00283.581 00281.587 00280.202 00280.527 00278.847 00277.312 00275.536 00273.548 00271.073 00269.244 00267.161 00264.971 00262.815 00259.692 00253.738 00248.080 00243.981 00239.324 00236.712 00234.080
-0001.000 -0001.000 -0001.000 -0001.000 -0001.000 -0001.000 -0001.000 -0001.000 -0001.000 -0001.000 -0001.000 -0001.000 -0001.000 -0001.000 -0001.000 -0001.000 -0001.000 -0001.000 -0001.000 -0001.000 -0001.000 -0001.000 -0001.000 -0001.000 -0001.000 00075.441 00282.022 00278.430 00275.528 00273.215 00270.901 00268.753 00267.753 00267.266 00266.928 00266.780 00266.548 00266.203 00265.484 00263.924 00261.058 00256.211 00284.411 00286.763 00285.112 00283.590 00281.973 00280.316 00278.464 00276.601 00274.628 00272.565 00270.433 00268.316 00266.200 00263.684 00260.074 00255.874 00251.133 00245.085
-0001.000 -0001.000 -0001.000 -0001.000 -0001.000 -0001.000 -0001.000 -0001.000 -0001.000 -0001.000 -0001.000 -0001.000 -0001.000 -0001.000 00084.316 -0001.000 -0001.000 -0001.000 -0001.000 -0001.000 00006.152 00282.010 00286.528 00289.647 00294.766 00295.044 00290.558 00285.918 00283.903 00281.620 00279.419 00277.423 00275.404 00273.316 00271.193 00269.125 00267.244 00266.314 00266.189 00265.747 00264.211 00261.576 00256.657 00247.150 00245.137 00241.942 00238.797 00282.355 00283.254 00284.080 00282.273 00280.179 00278.070 00276.147 00274.970 00271.675 00268.496 00264.509 00259.693 00253.537
-0001.000 -0001.000 -0001.000 -0001.000 -0001.000 -0001.000 -0001.000 -0001.000 -0001.000 -0001.000 -0001.000 -0001.000 00061.457 00129.432 00122.446 00114.939 00102.932 00064.060 00023.613 00089.091 00057.493 00162.237 00223.856 00221.408 00215.900 00199.303 00126.036 00232.276 00289.459 00287.949 00286.618 00285.545 00284.447 00282.476 00280.509 00278.558 00276.757 00275.181 00273.719 00272.390 00271.294 00270.009 00268.398 00265.955 00262.577 00259.038 00255.681 00252.327 00248.662 00244.987 00241.283 00273.013 00273.992 00275.622 00277.897 00277.964 00277.348 00273.253 00267.773 00260.597
-0001.000 -0001.000 -0001.000 -0001.000 -0001.000 -0001.000 -0001.000 -0001.000 -0001.000 -0001.000 -0001.000 -0001.000 00170.995 00175.011 00185.662 00182.444 00180.827 00202.926 00237.632 00216.768 00191.140 00177.264 00164.630 00150.937 00131.710 00066.137 00049.237 00278.166 00293.141 00291.527 00290.174 00289.331 00288.432 00287.659 00286.706 00285.438 00284.199 00283.169 00281.856 00280.297 00278.536 00277.047 00275.560 00274.018 00272.228 00270.258 00268.364 00266.595 00264.256 00261.098 00257.168 00256.766 00254.707 00252.669 00250.660 00248.485 00255.930 00268.048 00265.900 00261.310
-0001.000 -0001.000 -0001.000 -0001.000 -0001.000 -0001.000 -0001.000 -0001.000 -0001.000 -0001.000 -0001.000 -0001.000 -0001.000 00152.324 00150.692 00152.872 00145.157 00137.469 00129.619 00133.934 00123.894 00109.532 00104.893 00065.328 00021.914 -0001.000 -0001.000 00297.605 00296.455 00295.011 00293.857 00293.231 00292.677 00292.348 00291.492 00290.231 00289.094 00288.092 00286.855 00285.447 00284.067 00282.859 00281.744 00280.482 00279.012 00277.177 00275.465 00273.708 00271.562 00269.290 00266.831 00264.479 00262.369 00260.330 00258.215 00256.098 00253.792 00250.802 00246.873 00242.064
-0001.000 -0001.000 -0001.000 -0001.000 -0001.000 -0001.000 -0001.000 -0001.000 -0001.000 -0001.000 -0001.000 -0001.000 -0001.000 00136.884 00130.842 00125.638 00120.672 00110.165 00100.185 00091.776 00082.129 00071.062 00015.744 -0001.000 -0001.000 -0001.000 00175.922 00299.131 00298.078 00296.701 00296.438 00296.405 00296.133 00295.884 00295.202 00294.110 00293.527 00292.912 00291.907 00290.614 00289.165 00287.964 00286.904 00285.701 00284.200 00282.552 00281.198 00279.792 00278.082 00276.145 00273.896 00271.927 00270.016 00267.945 00265.798 00263.882 00261.406 00258.631 00255.146 00250.872
-0001.000 -0001.000 -0001.000 -0001.000 -0001.000 -0001.000 -0001.000 -0001.000 -0001.000 -0001.000 -0001.000 -0001.000 00084.454 00121.153 00114.119 00107.360 00100.700 00092.283 00081.564 00070.351 00053.853 00040.855 -0001.000 -0001.000 -0001.000 -0001.000 00220.356 00297.877 00297.484 00296.962 00298.271 00299.169 00298.937 00298.288 00297.353 00296.169 00295.670 00294.821 00293.767 00292.667 00291.488 00290.459 00289.676 00288.838 00287.880 00287.298 00286.854 00285.666 00284.237 00282.370 00280.465 00278.499 00276.433 00274.249 00272.168 00270.173 00268.226 00266.439 00264.285 00260.140
-0001.000 -0001.000 -0001.000 -0001.000 -0001.000 -0001.000 -0001.000 -0001.000 -0001.000 -0001.000 -0001.000 -0001.000 -0001.000 00044.620 00092.039 00080.055 00066.024 00029.813 -0001.000 -0001.000 -0001.000 -0001.000 -0001.000 -0001.000 -0001.000 -0001.000 00064.942 00292.225 00291.990 00291.661 00292.505 00292.862 00293.049 00293.064 00292.801 00292.583 00292.685 00292.453 00292.034 00291.542 00290.943 00290.418 00289.512 00287.890 00285.824 00284.951 00284.662 00284.529 00283.897 00282.892 00281.881 00280.700 00279.545 00278.716 00277.424 00274.958 00272.559 00270.265 00267.606 00264.118
-0001.000 -0001.000 -0001.000 -0001.000 -0001.000 -0001.000 -0001.000 -0001.000 -0001.000 -0001.000 -0001.000 -0001.000 -0001.000 -0001.000 -0001.000 -0001.000 -0001.000 -0001.000 -0001.000 -0001.000 -0001.000 -0001.000 -0001.000 -0001.000 -0001.000 -0001.000 -0001.000 00286.543 00286.591 00286.362 00286.579 00286.543 00286.463 00286.294 00285.903 00285.724 00285.420 00284.814 00283.919 00282.693 00280.965 00278.835 00276.358 00275.917 00282.522 00282.594 00282.373 00282.169 00281.138 00279.545 00277.581 00275.167 00273.228 00273.592 00273.280 00272.384 00271.370 00269.949 00268.083 00266.107
-0001.000 -0001.000 -0001.000 -0001.000 -0001.000 -0001.000 -0001.000 -0001.000 -0001.000 -0001.000 -0001.000 -0001.000 -0001.000 -0001.000 -0001.000 -0001.000 -0001.000 -0001.000 -0001.000 -0001.000 -0001.000 -0001.000 -0001.000 -0001.000 -0001.000 -0001.000 00023.750 00268.857 00268.599 00268.494 00268.182 00267.965 00267.663 00267.346 00266.898 00266.597 00266.176 00265.521 00264.630 00263.401 00261.674 00259.330 00258.459 00257.690 00270.662 00272.624 00273.725 00274.914 00275.579 00275.766 00272.710 00268.786 00267.830 00269.212 00269.312 00268.885 00268.323 00266.721 00265.960 00267.781
-0001.000 -0001.000 -0001.000 -0001.000 -0001.000 -0001.000 -0001.000 -0001.000 -0001.000 -0001.000 -0001.000 -0001.000 -0001.000 -0001.000 -0001.000 00112.408 00219.587 00272.038 00294.358 00282.398 00222.989 00246.571 00216.831 00175.623 00103.688 00139.622 00133.535 00156.793 00246.523 00245.395 00244.181 00242.878 00241.467 00239.927 00238.179 00236.273 00234.147 00231.744 00228.990 00225.920 00222.533 00219.056 00216.583 00226.424 00225.101 00229.795 00227.455 00224.952 00222.009 00218.159 00213.335 00207.810 00209.984 00214.679 00211.422 00206.239 00202.786 00195.669 00207.486 00231.968
-0001.000 -0001.000 -0001.000 -0001.000 -0001.000 -0001.000 -0001.000 -0001.000 -0001.000 -0001.000 -0001.000 -0001.000 -0001.000 -0001.000 -0001.000 -0001.000 00128.855 00088.500 00272.644 00271.138 00269.830 00269.446 00268.505 00265.228 00259.391 00249.128 00237.547 00228.945 00225.748 00224.950 00223.658 00222.144 00220.479 00218.741 00216.839 00214.779 00212.666 00210.395 00207.947 00205.401 00202.804 00200.070 00197.000 00193.275 00195.835 00192.497 00188.940 00185.195 00181.009 00176.172 00170.484 00163.682 00156.232 00152.829 00155.768 00145.638 00132.054 00129.767 00129.465 00124.734
-0001.000 -0001.000 -0001.000 -0001.000 -0001.000 -0001.000 -0001.000 -0001.000 -0001.000 -0001.000 -0001.000 -0001.000 -0001.000 -0001.000 -0001.000 -0001.000 -0001.000 -0001.000 -0001.000 00253.410 00240.421 00236.755 00232.697 00232.655 00227.463 00221.857 00214.690 00208.117 00204.585 00204.193 00205.772 00204.835 00203.323 00201.475 00199.526 00196.933 00194.085 00191.225 00188.815 00186.926 00184.415 00181.629 00178.449 00174.555 00169.943 00167.435 00164.502 00160.052 00155.136 00149.541 00142.885 00133.620 00123.379 00111.809 00103.700 00095.063 00084.666 00073.268 00081.609 00096.771
-0001.000 -0001.000 -0001.000 -0001.000 -0001.000 -0001.000 -0001.000 -0001.000 -0001.000 -0001.000 -0001.000 -0001.000 -0001.000 -0001.000 -0001.000 -0001.000 -0001.000 -0001.000 00149.683 00253.016 00185.811 00184.314 00181.631 00186.250 00194.242 00199.843 00212.859 00220.149 00224.389 00226.983 00228.371 00227.778 00223.840 00161.538 00163.090 00166.496 00171.043 00169.687 00170.163 00177.489 00184.422 00185.986 00153.481 00151.104 00142.287 00136.519 00151.430 00161.598 00167.972 00112.802 00107.228 00127.004 00204.961 00158.546 00081.174 00157.154 00139.944 00121.608 00103.489 00085.356
-0001.000 -0001.000 -0001.000 -0001.000 -0001.000 -0001.000 -0001.000 -0001.000 -0001.000 -0001.000 -0001.000 -0001.000 -0001.000 -0001.000 -0001.000 00004.439 00187.006 00256.252 00297.707 00296.467 00294.951 00295.096 00295.414 00295.004 00294.056 00292.372 00294.927 00292.961 00289.116 00284.626 00279.252 00272.552 00263.820 00252.021 00282.568 00276.815 00266.737 00249.507 00257.647 00258.963 00257.446 00251.859 00248.753 00244.210 00225.043 00231.916 00236.031 00241.314 00234.771 00230.698 00230.976 00224.856 00200.123 00212.430 00202.791 00191.489 00177.917 00165.353 00151.230 00134.478
