data/trial7/ashley.hpa
NCOLS 382
NROWS 266
XLLCORNER 157819.328125
YLLCORNER 384678.625000
CELLSIZE 30.000000
NODATA_VALUE -1
[rows 156 to 181 of 266, columns 180 to 239 of 382]
00093.357 00102.306 00131.919 00251.182 00420.573 00479.573 00114.487 00122.614 00091.454 00090.666 00087.255 00076.531 00006.998 00030.289 00089.000 00089.995 00090.818 00091.425 00092.046 00093.498 00094.275 00095.497 00095.404 00095.490 00096.342 00096.922 00097.751 00098.442 00099.213 00099.298 00099.142 00098.907 00099.304 00100.248 00102.094 00103.071 00104.451 00105.232 00106.458 00106.808 00104.644 00103.391 00100.800 00100.571 00098.823 00097.079 00097.543 00095.495 00097.148 00097.366 00134.136 00294.775 00500.582 00500.707 00500.103 00123.771 00122.689 00099.978 00117.979 00100.552
00092.612 00092.567 00092.484 00125.459 00214.870 00256.087 00092.138 00092.047 00091.658 00091.253 00089.482 00089.255 00089.584 00090.095 00090.628 00091.155 00091.532 00092.093 00093.594 00094.210 00094.602 00095.963 00096.339 00095.893 00096.519 00097.172 00097.785 00098.594 00099.378 00099.568 00099.661 00098.419 00098.799 00100.460 00101.786 00103.035 00103.729 00105.252 00106.311 00106.037 00105.276 00105.571 00103.553 00100.548 00100.441 00098.946 00096.293 00097.250 00097.217 00100.097 00099.580 00097.786 00134.312 00500.654 00500.353 00196.942 00111.846 00211.049 00169.734 00100.216
00092.493 00092.540 00097.814 00111.036 00119.282 00123.031 00092.144 00092.033 00091.915 00091.829 00091.521 00091.045 00091.186 00091.508 00091.899 00092.559 00093.299 00093.777 00093.779 00094.292 00095.373 00096.445 00095.865 00096.304 00096.886 00097.283 00097.957 00098.646 00099.489 00099.964 00099.744 00098.244 00098.341 00101.102 00102.265 00102.543 00103.229 00104.275 00105.542 00105.192 00106.356 00105.282 00103.764 00103.311 00101.236 00099.348 00097.362 00095.017 00097.483 00097.385 00097.664 00097.769 00185.338 00485.018 00500.473 00499.974 00395.041 00499.338 00122.726 00101.543
00092.525 00092.478 00092.669 00092.681 00092.543 00092.460 00092.292 00092.215 00092.133 00119.632 00223.969 00478.289 00164.936 00092.860 00093.347 00093.755 00094.019 00094.207 00093.927 00094.404 00095.322 00095.859 00095.729 00096.447 00097.054 00097.489 00098.085 00098.692 00099.614 00100.015 00099.801 00097.835 00098.440 00099.667 00101.263 00101.960 00102.577 00102.968 00103.961 00105.658 00105.477 00105.014 00103.869 00102.761 00103.123 00101.082 00096.974 00097.644 00097.365 00097.547 00097.756 00100.026 00098.454 00098.631 00500.308 00499.921 00499.367 00502.812 00225.499 00102.738
00092.589 00092.554 00092.515 00092.580 00092.775 00092.699 00092.565 00092.441 00092.399 00119.801 00213.223 00481.343 00304.827 00126.505 00093.701 00094.260 00093.712 00094.291 00093.756 00094.495 00095.165 00094.775 00095.671 00096.475 00097.042 00097.352 00098.178 00099.032 00099.708 00100.155 00099.658 00098.976 00099.184 00099.730 00100.400 00101.163 00101.323 00101.801 00102.932 00102.690 00104.179 00103.616 00104.322 00104.837 00102.675 00100.483 00098.458 00097.622 00097.320 00097.739 00097.388 00098.191 00098.494 00123.656 00281.498 00499.612 00498.716 00501.805 00111.270 00098.872
00092.536 00092.639 00092.584 00092.553 00092.535 00092.560 00092.700 00092.786 00092.774 00092.882 00098.719 00253.732 00484.339 00239.587 00093.900 00093.996 00093.163 00093.533 00093.883 00093.817 00094.263 00094.970 00095.429 00096.433 00097.308 00097.120 00098.459 00099.192 00099.560 00100.308 00099.607 00098.531 00099.277 00099.583 00100.122 00100.504 00100.471 00102.137 00101.024 00101.465 00102.060 00102.110 00103.649 00104.006 00101.798 00100.518 00098.341 00097.978 00097.557 00095.852 00097.670 00097.943 00098.625 00100.680 00189.623 00499.116 00498.566 00498.861 00311.140 00099.766
00092.467 00092.552 00092.604 00092.565 00092.617 00092.681 00092.789 00092.928 00093.163 00093.189 00147.651 00486.289 00485.412 00432.464 00124.834 00093.320 00097.475 00093.510 00093.655 00093.707 00094.562 00095.223 00095.544 00096.345 00096.151 00097.026 00098.869 00098.517 00100.029 00099.676 00100.107 00098.786 00099.277 00099.258 00099.739 00100.319 00101.699 00101.005 00100.420 00101.394 00101.155 00102.212 00103.305 00102.664 00102.568 00100.085 00099.435 00097.619 00095.948 00097.093 00096.032 00097.389 00098.977 00099.677 00233.277 00161.743 00428.399 00498.860 00498.480 00098.107
00092.563 00092.581 00092.719 00092.821 00092.862 00092.879 00092.898 00092.919 00093.453 00093.629 00102.677 00491.260 00487.845 00486.317 00301.506 00144.861 00093.720 00109.946 00231.327 00109.661 00219.191 00097.633 00095.735 00095.984 00096.206 00097.123 00098.336 00097.739 00099.036 00098.763 00099.292 00098.675 00099.025 00098.628 00099.388 00100.596 00101.435 00103.144 00103.020 00101.570 00101.664 00101.537 00103.184 00103.728 00101.699 00100.466 00099.587 00098.106 00096.231 00095.058 00096.032 00096.700 00099.320 00106.622 00099.354 00164.880 00098.404 00310.260 00497.928 00234.114
00092.700 00092.699 00092.702 00092.750 00092.955 00092.985 00092.996 00093.363 00093.407 00093.876 00094.347 00096.471 00492.674 00491.320 00489.912 00408.080 00489.516 00479.124 00204.046 00492.520 00254.782 00104.992 00095.579 00095.690 00096.123 00096.432 00097.295 00097.992 00097.881 00098.895 00097.939 00098.124 00098.111 00098.014 00099.440 00100.374 00102.720 00103.851 00101.882 00101.941 00101.541 00101.767 00103.717 00102.207 00102.292 00100.720 00099.683 00098.681 00096.520 00095.462 00096.533 00097.349 00098.658 00100.052 00099.876 00098.680 00115.107 00497.883 00497.463 00496.092
00092.866 00092.870 00092.884 00092.910 00092.998 00093.109 00093.260 00093.409 00093.737 00094.052 00366.793 00496.660 00496.564 00496.859 00496.682 00496.449 00496.202 00496.124 00497.234 00468.947 00224.335 00095.206 00095.241 00095.821 00096.281 00096.661 00097.297 00096.566 00096.729 00097.214 00097.314 00097.050 00097.808 00098.414 00099.445 00101.591 00103.332 00102.503 00101.741 00101.666 00103.093 00102.039 00104.220 00103.119 00101.989 00101.412 00101.385 00099.720 00096.572 00095.634 00095.131 00097.054 00099.576 00098.124 00099.048 00098.533 00098.309 00497.858 00497.179 00494.930
00093.042 00093.065 00093.090 00093.127 00093.166 00093.206 00093.455 00093.726 00093.923 00154.926 00190.085 00367.174 00500.823 00500.585 00375.274 00194.513 00108.836 00202.181 00499.943 00498.963 00141.949 00270.106 00095.684 00096.061 00096.361 00096.616 00096.292 00096.590 00096.950 00096.292 00096.707 00097.312 00098.405 00099.373 00101.047 00101.668 00101.373 00101.733 00103.545 00103.707 00101.328 00102.001 00102.155 00102.346 00102.066 00101.268 00100.898 00100.838 00097.301 00095.540 00094.738 00095.804 00100.256 00100.079 00100.089 00101.599 00098.235 00497.459 00496.894 00492.619
00093.250 00093.276 00093.317 00093.359 00093.404 00093.504 00093.745 00094.045 00094.321 00094.730 00121.491 00216.161 00399.029 00096.232 00205.296 00117.547 00158.014 00253.077 00229.920 00502.566 00486.105 00201.542 00096.214 00096.661 00096.235 00096.610 00096.749 00097.025 00095.515 00095.763 00097.234 00098.508 00099.758 00100.819 00101.407 00103.380 00101.315 00101.387 00100.840 00100.812 00100.941 00101.538 00100.530 00101.631 00100.406 00101.207 00100.947 00099.287 00097.736 00096.109 00096.420 00095.736 00097.956 00099.623 00502.219 00497.396 00497.225 00282.884 00144.316 00117.863
00093.602 00093.557 00093.561 00093.613 00093.695 00093.826 00094.084 00094.241 00094.677 00094.735 00095.273 00105.507 00213.629 00096.627 00098.021 00096.906 00102.773 00105.989 00098.682 00099.330 00255.698 00134.968 00097.113 00096.819 00097.002 00096.937 00097.602 00097.435 00097.355 00097.977 00099.369 00100.783 00101.301 00101.485 00103.852 00101.263 00101.155 00101.334 00101.589 00102.168 00100.747 00100.368 00100.531 00099.818 00099.789 00100.634 00100.036 00099.795 00097.933 00097.052 00095.963 00095.568 00097.701 00357.840 00498.671 00227.581 00101.408 00137.072 00094.161 00094.457
00093.743 00093.773 00093.855 00093.896 00094.102 00094.178 00094.232 00094.591 00094.490 00094.936 00095.287 00095.405 00108.670 00096.238 00096.485 00096.980 00099.937 00098.062 00099.156 00099.913 00099.857 00098.017 00098.022 00098.595 00098.665 00098.707 00098.520 00098.546 00099.598 00100.246 00100.209 00101.014 00100.971 00101.396 00104.062 00104.114 00104.157 00103.797 00103.820 00101.459 00101.222 00100.470 00099.361 00099.148 00099.653 00099.110 00099.809 00099.075 00097.413 00097.058 00096.227 00110.746 00107.806 00494.313 00496.715 00148.151 00095.963 00094.596 00093.959 00141.949
00094.032 00094.034 00094.067 00094.205 00094.325 00094.378 00094.525 00094.685 00094.750 00094.992 00095.295 00095.670 00096.211 00096.176 00096.398 00096.717 00096.989 00097.564 00099.117 00100.492 00102.030 00100.736 00100.628 00101.296 00101.435 00100.904 00100.147 00100.713 00100.797 00100.950 00100.927 00100.457 00100.412 00101.661 00101.911 00102.952 00103.596 00103.356 00103.062 00102.729 00100.553 00099.980 00098.733 00098.323 00098.241 00098.658 00098.040 00097.378 00097.169 00097.122 00097.626 00097.861 00496.758 00497.091 00304.761 00097.088 00095.018 00094.909 00094.378 00094.110
00094.214 00094.251 00094.324 00094.461 00094.491 00094.606 00094.779 00094.901 00095.053 00095.286 00095.548 00096.107 00096.556 00096.324 00096.485 00096.804 00097.245 00099.094 00099.377 00100.925 00101.438 00103.495 00102.855 00102.615 00102.973 00103.516 00103.382 00101.398 00102.034 00100.807 00100.305 00100.244 00100.294 00100.361 00101.605 00102.838 00102.780 00102.744 00103.069 00102.995 00100.202 00099.048 00098.766 00098.249 00098.043 00097.706 00096.963 00096.596 00096.940 00097.952 00098.086 00496.769 00497.443 00098.032 00097.685 00096.526 00095.180 00094.921 00094.716 00094.484
00094.396 00094.444 00094.524 00094.608 00094.724 00094.813 00095.016 00095.190 00095.327 00095.537 00095.821 00096.412 00096.718 00096.892 00097.115 00097.435 00097.654 00098.196 00098.720 00099.299 00101.300 00103.977 00103.535 00104.043 00104.651 00104.259 00102.277 00101.151 00100.667 00100.405 00100.080 00099.952 00099.792 00099.926 00100.527 00101.355 00101.949 00102.754 00102.865 00102.169 00101.606 00100.008 00099.021 00098.515 00097.345 00096.802 00096.042 00096.984 00097.740 00125.098 00414.402 00497.770 00097.366 00096.825 00096.449 00095.699 00095.281 00094.520 00094.804 00094.640
00094.587 00094.662 00094.742 00094.832 00094.927 00095.081 00095.226 00095.382 00095.560 00095.820 00096.120 00096.455 00096.867 00097.134 00097.418 00098.163 00098.356 00098.765 00099.143 00101.095 00102.176 00102.212 00105.753 00106.019 00106.361 00105.385 00103.529 00102.563 00102.535 00099.895 00099.687 00099.493 00099.295 00099.338 00100.872 00101.310 00101.834 00102.447 00102.199 00101.532 00100.033 00099.375 00099.116 00098.151 00096.980 00096.661 00096.531 00097.796 00121.837 00140.706 00497.904 00115.023 00097.082 00096.452 00096.110 00095.947 00094.270 00094.376 00093.063 00092.677
00094.800 00094.881 00094.970 00095.070 00095.171 00095.312 00095.468 00095.652 00095.832 00096.116 00096.397 00096.754 00097.089 00097.383 00097.904 00098.516 00098.914 00099.388 00099.830 00100.346 00100.326 00100.303 00102.965 00104.607 00104.738 00104.608 00104.447 00102.951 00102.418 00101.478 00099.831 00099.524 00098.851 00099.019 00100.970 00101.290 00101.545 00101.344 00100.727 00100.077 00099.640 00099.158 00098.608 00097.331 00097.079 00096.766 00097.971 00098.039 00098.688 00140.728 00165.716 00116.290 00096.742 00096.087 00094.798 00093.608 00092.800 00092.719 00092.184 00091.668
00095.030 00095.119 00095.215 00095.317 00095.429 00095.585 00095.755 00095.943 00096.138 00096.393 00096.703 00097.028 00097.376 00097.725 00098.535 00098.908 00099.319 00099.817 00100.282 00100.307 00100.247 00100.165 00102.135 00102.659 00102.488 00105.522 00102.939 00103.353 00102.868 00101.657 00100.883 00100.189 00100.072 00100.223 00098.867 00100.392 00100.559 00100.306 00100.221 00099.739 00099.532 00099.350 00098.426 00097.300 00097.679 00097.550 00097.489 00097.408 00097.427 00097.500 00097.313 00097.185 00096.476 00095.238 00093.658 00092.120 00091.902 00091.668 00091.891 00091.636
00095.272 00095.358 00095.464 00095.575 00095.713 00095.875 00096.057 00096.251 00096.460 00096.750 00097.047 00097.383 00097.735 00098.249 00098.632 00099.047 00099.846 00100.309 00100.328 00100.211 00100.079 00100.437 00100.230 00099.784 00102.870 00101.481 00105.381 00102.547 00102.161 00101.331 00100.402 00100.215 00100.094 00100.030 00100.042 00100.101 00099.886 00099.937 00099.845 00099.665 00099.544 00099.063 00098.148 00098.674 00097.315 00097.502 00097.414 00097.403 00097.525 00096.932 00096.807 00096.422 00095.997 00094.056 00091.725 00091.605 00091.747 00091.980 00091.992 00091.909
00095.517 00095.622 00095.734 00095.848 00096.009 00096.174 00096.355 00096.618 00096.910 00097.216 00097.528 00097.846 00098.159 00098.493 00098.838 00099.771 00100.294 00100.244 00100.141 00099.980 00099.930 00099.828 00099.748 00099.640 00099.485 00102.241 00100.359 00102.477 00101.805 00101.054 00100.174 00100.102 00100.186 00100.006 00099.574 00098.901 00099.468 00099.697 00099.669 00099.754 00099.494 00098.788 00098.827 00098.461 00097.639 00097.946 00097.337 00097.339 00096.251 00096.234 00095.673 00095.132 00094.422 00092.256 00091.855 00092.031 00092.087 00092.317 00092.197 00092.205
00095.781 00095.896 00096.012 00096.144 00096.307 00096.519 00096.794 00097.085 00097.395 00097.709 00098.027 00098.318 00098.656 00099.002 00099.476 00099.847 00100.127 00100.001 00099.877 00099.800 00099.762 00099.706 00099.589 00099.392 00099.317 00099.894 00099.670 00101.992 00100.745 00099.265 00099.997 00100.273 00099.643 00098.182 00098.064 00098.559 00098.218 00099.638 00099.547 00098.930 00098.057 00098.064 00098.587 00099.744 00098.417 00098.208 00098.273 00096.398 00095.842 00094.831 00094.073 00094.533 00092.730 00092.205 00092.415 00092.480 00092.488 00092.417 00092.493 00092.196
00096.060 00096.178 00096.295 00096.474 00096.743 00097.016 00097.316 00097.599 00097.892 00098.184 00098.515 00098.845 00099.186 00099.533 00099.645 00099.634 00099.918 00099.798 00099.700 00099.674 00099.587 00099.511 00099.335 00099.219 00099.432 00099.163 00098.975 00100.152 00099.326 00100.698 00099.853 00098.113 00098.204 00098.090 00097.945 00097.756 00098.234 00098.011 00097.712 00097.351 00097.021 00097.845 00097.999 00099.196 00100.095 00099.334 00098.172 00095.631 00094.068 00093.502 00093.576 00093.138 00092.594 00092.302 00092.641 00092.710 00092.709 00092.552 00092.339 00092.083
00096.337 00096.538 00096.774 00097.009 00097.262 00097.545 00097.837 00098.134 00098.426 00098.734 00099.057 00099.390 00099.566 00099.413 00099.759 00099.649 00099.548 00099.521 00099.443 00099.330 00099.272 00099.189 00099.080 00099.004 00098.989 00098.830 00098.923 00101.779 00100.770 00098.755 00098.037 00098.068 00098.642 00099.156 00097.757 00097.564 00097.505 00097.478 00097.444 00097.115 00096.731 00096.758 00098.504 00099.342 00098.880 00098.875 00098.148 00097.305 00096.648 00093.140 00092.282 00092.207 00092.253 00092.876 00093.002 00092.800 00092.607 00092.460 00092.210 00092.023
00096.865 00097.101 00097.358 00097.603 00097.853 00098.117 00098.370 00098.678 00098.997 00099.333 00099.620 00099.452 00099.479 00099.434 00099.458 00099.400 00099.357 00099.140 00099.199 00098.993 00098.768 00098.771 00098.918 00098.685 00098.219 00098.628 00099.311 00098.935 00098.246 00099.161 00097.832 00099.792 00099.731 00097.684 00098.123 00098.124 00097.420 00097.324 00097.160 00096.983 00096.976 00096.870 00096.577 00097.394 00098.980 00097.964 00098.005 00097.794 00096.742 00095.589 00091.749 00091.628 00092.740 00092.549 00092.692 00092.706 00092.511 00092.309 00092.076 00091.935
