data/trial7/ashley.ros
NCOLS 382
NROWS 266
XLLCORNER 157819.328125
YLLCORNER 384678.625000
CELLSIZE 30.000000
NODATA_VALUE -1
[rows 170 to 203 of 266, columns 304 to 379 of 382]
10.21 10.10 09.89 09.89 07.45 02.04 05.89 13.86 13.46 09.39 09.67 11.22 10.90 10.80 09.98 10.12 10.92 11.30 11.96 09.44 09.97 09.55 07.84 07.98 08.86 09.35 09.92 10.15 10.66 12.61 12.97 13.32 12.87 10.97 10.30 09.63 09.05 08.89 07.48 00.50 01.04 -1.00 -1.00 -1.00 -1.00 -1.00 -1.00 -1.00 -1.00 -1.00 -1.00 -1.00 -1.00 -1.00 -1.00 -1.00 -1.00 -1.00 -1.00 -1.00 -1.00 -1.00 -1.00 -1.00 -1.00 -1.00 -1.00 -1.00 -1.00 -1.00 -1.00 -1.00 -1.00 -1.00 -1.00 -1.00
07.96 07.73 07.63 07.48 06.82 05.41 06.83 10.22 08.04 08.26 09.24 09.81 09.02 08.65 08.95 10.05 10.22 10.59 09.64 11.19 11.09 08.17 07.91 08.03 08.40 08.60 09.86 10.33 09.89 11.11 12.23 12.92 12.12 10.76 09.92 09.31 09.11 01.12 09.15 01.15 01.68 -1.00 -1.00 -1.00 -1.00 -1.00 -1.00 -1.00 -1.00 -1.00 -1.00 -1.00 -1.00 -1.00 -1.00 -1.00 -1.00 -1.00 -1.00 -1.00 -1.00 -1.00 -1.00 -1.00 -1.00 -1.00 -1.00 -1.00 -1.00 -1.00 -1.00 -1.00 -1.00 -1.00 -1.00 -1.00
06.04 05.75 05.38 04.82 03.99 03.91 06.85 07.40 07.30 07.47 07.88 07.95 07.79 08.46 08.59 11.40 12.74 15.92 14.22 12.96 11.98 08.60 07.92 07.66 07.83 08.61 09.47 08.93 09.79 10.35 11.65 11.82 11.05 10.80 09.68 09.11 08.85 02.02 03.14 01.40 01.39 -1.00 -1.00 -1.00 -1.00 -1.00 -1.00 -1.00 -1.00 -1.00 -1.00 -1.00 -1.00 -1.00 -1.00 -1.00 -1.00 -1.00 -1.00 -1.00 -1.00 -1.00 -1.00 -1.00 -1.00 -1.00 -1.00 -1.00 -1.00 -1.00 -1.00 -1.00 -1.00 -1.00 -1.00 -1.00
04.92 03.83 02.96 01.37 06.18 08.20 07.13 06.38 07.49 08.21 08.47 15.38 14.36 16.53 15.52 16.18 15.68 14.50 14.50 14.17 11.67 08.35 07.97 07.47 07.48 07.85 08.12 08.50 08.93 09.59 09.87 10.12 10.41 09.26 08.73 08.39 04.84 08.14 14.75 04.64 01.31 01.29 01.15 -1.00 -1.00 -1.00 -1.00 -1.00 -1.00 -1.00 -1.00 -1.00 -1.00 -1.00 -1.00 -1.00 -1.00 -1.00 -1.00 -1.00 -1.00 -1.00 -1.00 -1.00 -1.00 -1.00 -1.00 -1.00 -1.00 -1.00 -1.00 -1.00 -1.00 -1.00 -1.00 -1.00
03.30 04.45 08.35 13.16 09.91 11.33 10.84 09.92 10.24 13.57 17.10 14.79 15.60 15.93 15.52 15.16 14.51 14.32 13.57 13.47 10.03 08.26 07.91 07.28 07.09 07.37 07.48 07.70 07.95 07.97 08.42 08.92 08.17 08.01 07.83 07.93 11.32 18.19 28.05 06.43 01.82 01.41 01.29 01.18 00.80 -1.00 -1.00 -1.00 -1.00 -1.00 -1.00 -1.00 -1.00 -1.00 -1.00 -1.00 -1.00 -1.00 -1.00 -1.00 -1.00 -1.00 -1.00 -1.00 -1.00 -1.00 -1.00 -1.00 -1.00 -1.00 -1.00 -1.00 -1.00 -1.00 -1.00 -1.00
03.14 06.54 09.86 10.73 09.73 09.07 09.54 14.03 14.90 15.60 13.91 13.89 14.80 14.42 13.97 13.26 12.97 12.76 12.41 11.97 10.54 07.56 07.50 06.96 06.32 06.05 06.38 06.59 06.72 07.07 07.52 07.03 07.08 07.12 07.67 09.06 14.95 07.68 07.75 08.90 06.17 01.57 01.02 01.05 01.07 00.93 00.76 -1.00 -1.00 -1.00 -1.00 -1.00 -1.00 -1.00 -1.00 -1.00 -1.00 -1.00 -1.00 -1.00 -1.00 -1.00 -1.00 -1.00 -1.00 -1.00 -1.00 -1.00 -1.00 -1.00 -1.00 -1.00 -1.00 -1.00 -1.00 -1.00
08.15 09.78 12.45 12.82 13.81 29.21 18.02 18.00 14.90 14.28 13.14 12.79 13.21 12.69 11.96 11.88 11.54 11.33 11.52 11.08 08.85 08.07 06.90 06.32 05.39 05.61 05.87 05.78 05.71 06.35 06.14 05.90 06.24 06.53 07.46 12.95 06.62 07.40 08.18 08.42 09.87 11.55 14.08 12.49 06.56 01.01 00.83 00.66 00.87 01.06 00.53 -1.00 -1.00 -1.00 -1.00 -1.00 -1.00 -1.00 -1.00 -1.00 -1.00 -1.00 -1.00 -1.00 -1.00 -1.00 -1.00 -1.00 -1.00 -1.00 -1.00 -1.00 -1.00 -1.00 -1.00 -1.00
07.69 09.62 11.60 13.96 21.00 22.88 19.73 15.41 13.66 12.37 11.59 11.86 11.27 10.74 10.68 10.80 10.04 10.52 10.44 10.33 08.52 06.84 05.83 05.31 05.36 06.22 07.09 07.59 08.55 07.91 08.58 08.14 06.07 06.76 07.90 05.45 06.67 08.17 08.66 10.07 11.81 13.46 10.52 08.22 14.12 22.00 37.03 40.68 20.38 36.65 20.05 15.53 07.33 -1.00 -1.00 -1.00 -1.00 -1.00 -1.00 -1.00 -1.00 -1.00 -1.00 -1.00 -1.00 -1.00 -1.00 -1.00 -1.00 -1.00 -1.00 -1.00 -1.00 -1.00 -1.00 -1.00
13.45 08.20 09.20 13.70 13.77 14.38 14.91 12.94 12.10 10.56 10.11 09.89 09.58 09.75 10.11 09.42 09.07 08.72 08.86 08.00 07.05 06.32 05.85 05.89 06.21 06.28 06.50 07.63 08.27 07.80 07.60 06.63 07.39 09.08 04.30 05.29 06.68 08.11 09.88 11.89 14.03 07.58 10.90 21.55 30.59 40.51 49.06 35.22 31.40 31.60 29.82 17.77 19.00 06.71 15.24 02.19 -1.00 -1.00 -1.00 -1.00 -1.00 -1.00 -1.00 -1.00 -1.00 -1.00 -1.00 -1.00 -1.00 -1.00 -1.00 -1.00 -1.00 -1.00 -1.00 -1.00
16.93 19.39 07.31 07.12 09.53 09.23 10.84 10.67 09.39 08.51 08.27 08.22 08.60 08.98 08.67 08.27 07.64 07.51 07.38 07.32 07.08 06.93 06.67 06.72 07.56 06.67 05.86 06.69 07.14 07.07 06.74 08.33 08.92 12.33 03.59 04.98 07.21 08.86 10.90 13.09 13.78 12.09 33.06 50.33 45.64 51.10 46.40 32.62 28.61 27.40 25.96 19.69 17.78 16.36 16.18 15.76 11.75 -1.00 -1.00 -1.00 -1.00 -1.00 -1.00 -1.00 -1.00 -1.00 -1.00 -1.00 -1.00 -1.00 -1.00 -1.00 -1.00 -1.00 -1.00 -1.00
23.18 25.46 27.14 28.95 05.88 06.90 08.53 07.77 07.08 06.82 06.76 06.98 07.49 07.20 07.60 07.66 06.89 06.85 06.37 06.12 06.64 06.88 07.58 07.37 06.18 06.89 06.26 06.41 01.19 00.32 01.90 04.59 10.00 15.94 01.19 01.81 07.44 10.32 14.67 14.71 13.79 22.14 35.09 46.49 49.26 45.90 40.60 28.75 26.01 25.03 22.50 17.99 16.91 16.26 17.57 17.86 18.24 07.52 01.82 -1.00 -1.00 -1.00 -1.00 -1.00 -1.00 -1.00 -1.00 -1.00 -1.00 -1.00 -1.00 -1.00 -1.00 -1.00 -1.00 -1.00
21.36 25.87 27.15 05.41 05.91 06.48 05.63 05.54 05.84 05.93 06.10 05.91 05.72 06.06 06.47 06.43 05.93 05.78 05.46 07.58 09.52 07.08 08.16 06.42 07.06 06.84 06.06 00.34 00.37 -1.00 -1.00 -1.00 00.52 00.49 00.39 04.89 10.78 15.93 19.56 15.88 21.71 28.61 35.21 38.76 41.92 41.14 34.59 26.06 23.66 23.22 20.40 17.34 16.59 16.55 18.56 18.88 16.49 11.31 09.62 01.62 -1.00 -1.00 -1.00 -1.00 -1.00 -1.00 -1.00 -1.00 -1.00 -1.00 -1.00 -1.00 -1.00 -1.00 -1.00 -1.00
19.92 21.15 07.77 05.52 05.54 05.13 05.01 05.48 05.45 05.16 05.10 04.87 04.90 05.07 05.19 05.87 11.79 13.84 11.67 11.16 05.91 06.87 07.07 01.39 03.72 04.35 00.33 -1.00 -1.00 -1.00 -1.00 00.40 00.43 00.36 01.63 06.66 16.12 18.70 22.16 24.27 30.56 34.57 32.84 32.12 33.75 32.97 29.20 23.83 22.44 21.93 20.74 18.15 16.56 17.15 18.84 18.82 16.97 12.27 11.24 08.24 04.78 -1.00 -1.00 -1.00 -1.00 -1.00 -1.00 -1.00 -1.00 -1.00 -1.00 -1.00 -1.00 -1.00 -1.00 -1.00
15.29 05.60 05.54 05.87 05.39 05.26 05.57 05.87 05.73 05.67 05.93 05.99 07.16 07.49 08.69 10.36 14.50 14.66 15.52 14.14 12.20 06.47 06.10 00.38 00.28 -1.00 -1.00 -1.00 00.33 00.33 00.38 00.82 02.53 07.55 11.25 14.98 20.47 19.43 21.18 31.42 29.36 32.10 30.00 27.18 28.74 25.80 24.40 21.98 21.39 21.78 19.58 16.78 15.76 17.42 18.67 18.59 15.36 11.78 11.69 09.66 10.84 02.66 10.83 12.93 -1.00 -1.00 -1.00 -1.00 -1.00 -1.00 -1.00 -1.00 -1.00 -1.00 -1.00 -1.00
11.61 04.88 04.90 05.36 05.55 05.74 06.00 06.10 06.35 05.94 08.24 07.72 09.01 11.46 14.74 15.05 16.00 18.78 16.66 13.57 12.34 03.47 00.35 -1.00 -1.00 -1.00 00.32 00.42 00.64 00.92 16.58 26.51 31.34 29.35 21.88 17.63 23.15 24.25 20.69 22.04 23.95 27.43 26.78 25.22 23.67 21.86 21.10 21.52 22.33 22.15 18.99 14.34 16.09 17.07 18.25 18.20 13.37 11.65 11.87 09.85 13.75 12.33 18.88 22.59 -1.00 -1.00 -1.00 -1.00 -1.00 -1.00 -1.00 -1.00 -1.00 -1.00 -1.00 -1.00
05.85 04.65 04.93 05.29 09.56 09.14 05.96 05.28 06.40 07.97 09.17 10.70 14.28 18.85 21.04 18.74 21.31 21.96 07.47 07.84 00.89 00.41 -1.00 -1.00 00.42 00.46 00.44 43.52 05.94 13.65 23.22 24.11 27.13 29.67 25.05 17.82 18.91 19.56 31.62 21.56 22.50 24.29 23.65 23.48 20.91 19.61 20.99 21.35 21.55 21.92 17.99 14.09 14.86 16.43 17.96 18.29 11.80 12.04 11.76 09.10 16.02 22.37 24.80 24.96 -1.00 -1.00 -1.00 -1.00 -1.00 -1.00 -1.00 -1.00 -1.00 -1.00 -1.00 -1.00
13.50 12.29 13.01 11.36 10.50 09.00 08.86 09.18 09.64 09.84 11.83 13.25 16.41 21.91 21.73 21.03 22.85 23.97 03.28 00.49 00.46 00.57 00.46 00.44 00.50 03.14 18.68 35.85 32.13 22.59 20.49 22.18 24.96 27.19 25.16 19.33 21.78 26.65 27.90 20.70 21.24 21.30 20.71 21.54 19.28 19.07 19.74 19.64 20.64 19.16 15.38 14.58 13.10 16.61 16.41 15.23 13.52 11.80 09.75 09.59 19.22 24.54 25.54 26.02 -1.00 -1.00 -1.00 -1.00 -1.00 -1.00 -1.00 -1.00 -1.00 -1.00 -1.00 -1.00
25.24 28.81 15.07 10.98 10.60 08.90 09.23 08.90 12.72 14.33 17.59 23.47 18.64 24.66 18.85 23.35 33.24 30.45 00.64 00.59 00.63 00.55 00.72 00.99 26.36 04.92 17.52 27.39 24.89 23.59 19.18 18.27 19.57 21.47 19.18 16.54 20.60 23.73 23.93 19.86 19.79 18.65 19.53 19.82 18.27 18.49 17.72 17.60 16.99 16.88 16.96 13.43 14.31 14.10 15.96 15.52 12.36 11.72 10.66 11.72 23.19 27.68 26.95 25.77 25.30 -1.00 -1.00 -1.00 -1.00 -1.00 -1.00 -1.00 -1.00 -1.00 -1.00 -1.00
22.98 25.71 19.09 10.56 10.72 08.82 08.74 16.31 33.32 58.83 20.36 34.41 40.96 32.63 20.24 28.61 38.48 42.44 37.76 00.55 00.86 01.36 04.14 13.39 29.29 44.10 18.41 17.61 21.99 20.84 19.50 18.24 17.91 12.98 14.86 16.21 20.13 21.02 20.21 18.47 17.87 18.09 18.85 18.05 17.37 16.54 15.45 15.56 15.62 15.25 14.63 14.28 13.33 14.37 14.39 12.87 11.62 10.06 12.68 17.96 27.64 28.90 28.48 25.94 18.70 -1.00 -1.00 -1.00 -1.00 -1.00 -1.00 -1.00 -1.00 -1.00 -1.00 -1.00
20.83 24.64 12.65 17.74 21.67 08.58 10.70 15.90 28.74 46.03 27.02 42.18 28.28 39.75 28.95 35.28 45.60 49.55 42.54 09.63 40.16 56.66 20.99 41.25 33.10 53.30 53.35 48.37 40.25 37.25 27.19 28.32 27.47 11.65 15.50 13.64 18.37 18.88 18.32 16.89 16.11 17.41 17.06 15.67 15.42 15.46 15.50 14.87 14.32 14.19 13.60 12.86 13.36 14.02 13.46 11.50 10.22 11.62 15.73 24.02 28.53 31.17 29.41 26.01 -1.00 -1.00 -1.00 -1.00 -1.00 -1.00 -1.00 -1.00 -1.00 -1.00 -1.00 -1.00
16.85 16.64 21.92 28.74 15.85 18.61 16.31 20.55 31.38 30.95 31.76 36.11 25.90 35.10 32.94 36.73 41.33 42.95 32.95 38.64 56.22 43.09 49.57 44.82 41.52 63.13 75.01 82.06 89.22 95.36 78.94 26.06 22.28 15.59 16.65 15.24 16.57 17.68 16.54 15.00 15.99 14.87 14.75 14.24 14.38 14.70 14.42 13.98 14.27 12.99 12.43 12.84 14.01 13.90 13.19 11.98 11.86 16.41 18.67 26.41 29.42 30.76 30.74 26.67 24.23 -1.00 -1.00 -1.00 -1.00 -1.00 -1.00 -1.00 -1.00 -1.00 -1.00 -1.00
15.32 18.13 19.30 19.61 25.87 24.76 22.37 25.76 25.52 26.46 26.29 25.97 27.85 28.98 29.28 32.58 36.40 38.50 39.28 39.75 40.40 42.13 44.02 42.18 51.14 66.48 66.00 63.39 68.22 73.99 63.45 19.39 19.26 15.24 15.34 15.44 15.12 15.91 15.25 14.96 14.12 14.17 14.10 13.10 13.60 13.95 13.64 13.68 12.81 12.13 12.71 13.97 14.18 13.39 12.58 11.60 12.94 17.01 22.33 26.29 26.33 25.35 24.90 21.38 02.35 -1.00 -1.00 -1.00 -1.00 -1.00 -1.00 -1.00 -1.00 -1.00 -1.00 -1.00
13.97 15.17 19.09 21.75 23.58 24.07 26.02 28.07 24.64 22.49 23.62 24.63 24.81 24.31 26.32 30.23 33.47 34.20 32.99 32.81 34.18 36.89 37.31 39.17 53.49 58.29 49.22 48.39 51.53 61.56 32.45 18.54 16.20 14.98 14.62 14.20 14.73 14.59 14.68 14.54 13.60 13.88 12.81 13.14 13.31 13.05 12.94 12.22 11.77 11.50 13.05 13.53 12.95 12.51 11.80 12.15 13.06 17.64 21.02 21.19 18.48 19.45 18.28 10.22 08.74 08.33 10.00 04.75 08.42 -1.00 -1.00 -1.00 -1.00 -1.00 -1.00 -1.00
14.33 15.42 15.55 18.24 19.07 21.48 21.60 21.06 19.02 19.74 21.75 21.50 20.94 21.26 24.68 28.01 29.52 29.19 21.34 25.07 27.14 28.69 31.94 38.40 43.00 42.96 43.51 41.99 48.46 52.64 54.73 15.43 13.60 13.19 13.06 13.37 13.18 13.16 13.27 13.90 13.86 12.38 12.24 13.06 12.54 12.21 11.61 11.46 11.08 11.32 11.57 12.76 13.07 12.09 12.56 12.86 14.78 16.89 17.05 15.41 16.17 13.32 11.38 17.46 12.05 09.67 09.26 12.07 09.38 -1.00 -1.00 -1.00 -1.00 -1.00 -1.00 -1.00
18.72 20.64 22.99 12.25 20.22 16.88 16.24 16.32 17.11 18.71 19.46 19.48 21.37 21.38 24.02 24.38 16.85 14.36 15.79 18.48 20.45 25.53 29.56 33.59 35.59 32.29 34.99 38.15 43.29 38.83 19.33 11.66 11.90 12.09 12.29 11.73 11.62 11.47 11.42 12.31 12.79 12.53 12.29 11.66 10.97 10.89 10.91 10.71 10.53 11.35 13.05 13.94 13.76 13.95 14.42 16.12 21.67 25.87 26.90 22.08 22.94 23.98 23.24 16.66 13.60 11.24 12.24 11.35 08.08 06.54 -1.00 -1.00 -1.00 -1.00 -1.00 -1.00
21.91 23.40 24.86 24.72 25.77 21.48 20.94 18.45 16.00 17.42 17.90 18.35 17.07 18.60 12.33 13.69 14.23 15.02 18.86 20.28 19.42 19.89 24.47 29.23 30.70 31.26 32.83 38.18 38.40 25.37 10.93 11.80 11.89 12.32 10.86 10.50 10.45 10.57 10.69 12.26 12.35 11.55 10.89 09.58 09.54 09.73 09.99 10.95 12.52 13.59 14.57 16.34 16.71 16.56 16.56 21.83 25.99 27.27 26.33 24.90 22.59 22.77 20.61 14.64 12.87 12.40 14.47 14.35 14.11 05.36 -1.00 -1.00 -1.00 -1.00 -1.00 -1.00
23.64 24.08 24.15 24.31 23.21 22.87 21.85 21.96 23.28 23.60 15.78 17.33 16.83 19.47 18.77 18.07 22.81 23.66 23.63 23.61 22.54 19.93 19.51 22.79 26.90 30.95 35.24 39.13 42.22 21.90 19.28 10.46 10.35 10.02 11.03 10.56 09.96 09.88 11.26 13.00 13.46 12.11 11.99 11.27 12.11 13.86 17.81 21.42 15.38 14.68 16.53 18.66 18.27 17.96 20.59 24.41 26.23 27.78 27.31 25.61 23.11 20.46 15.84 13.54 13.24 13.90 14.75 19.46 21.36 06.57 -1.00 -1.00 -1.00 -1.00 -1.00 -1.00
23.40 23.73 24.05 24.07 24.65 24.52 23.56 24.11 24.84 24.93 19.49 24.01 23.43 23.07 24.43 24.50 25.24 25.98 25.64 25.53 25.55 24.21 21.54 20.52 24.41 28.95 33.66 35.37 29.65 25.27 12.47 09.32 09.13 10.66 10.30 09.59 09.37 11.62 15.04 16.31 16.69 16.43 17.84 18.57 18.67 18.77 20.07 21.81 18.21 16.23 16.99 18.53 18.23 18.04 20.19 23.02 25.53 26.92 25.73 25.31 20.85 16.06 13.22 11.87 15.57 18.04 20.00 21.07 20.46 13.83 -1.00 -1.00 -1.00 -1.00 -1.00 -1.00
23.29 23.61 24.17 24.12 24.56 25.09 25.06 25.12 25.36 25.17 23.96 25.28 25.78 25.57 25.33 25.80 25.52 26.04 26.59 26.35 26.13 26.28 24.79 22.64 22.54 25.60 27.60 28.70 27.35 19.91 09.12 08.16 08.81 08.72 10.66 11.36 13.68 15.49 17.30 18.80 19.40 20.72 21.46 21.46 19.91 19.90 21.39 22.52 20.26 17.51 17.61 17.93 16.88 17.12 18.60 21.72 22.46 23.45 25.84 24.78 18.77 12.72 10.88 16.43 19.73 22.48 23.03 22.08 19.93 09.60 16.95 -1.00 -1.00 -1.00 -1.00 -1.00
23.23 23.63 23.84 24.03 24.47 25.05 25.19 25.30 25.44 25.63 25.62 25.56 25.78 24.73 25.03 25.54 25.42 25.81 26.51 26.80 26.82 26.78 26.55 25.28 24.58 23.69 26.30 25.78 23.88 09.73 08.90 08.29 08.50 13.16 13.93 17.37 17.63 18.70 19.52 20.73 23.49 25.01 25.14 24.62 21.00 20.51 21.70 22.01 20.52 18.57 18.58 17.98 17.47 17.15 17.22 20.28 19.66 20.84 22.27 19.51 14.04 11.09 12.43 18.07 21.61 24.23 23.29 20.52 16.20 15.47 16.95 -1.00 -1.00 -1.00 -1.00 -1.00
23.14 23.45 23.63 24.00 24.85 25.10 25.22 25.20 25.43 25.69 25.47 25.49 25.71 24.74 25.20 25.51 25.59 25.87 26.41 26.95 27.16 27.28 27.07 26.77 26.84 26.01 23.28 24.74 21.11 11.58 06.28 10.98 15.19 19.37 18.63 19.02 19.33 20.24 20.53 21.36 25.07 27.44 28.04 27.31 21.51 20.28 21.87 21.95 20.99 19.88 19.88 18.89 18.41 17.99 17.57 18.85 17.39 18.28 18.85 16.64 13.51 12.02 13.36 19.68 23.40 23.38 23.41 18.15 14.83 16.38 -1.00 -1.00 -1.00 -1.00 -1.00 -1.00
23.08 23.25 23.66 24.69 25.01 25.13 25.02 25.12 25.30 25.61 25.03 25.27 24.72 24.71 25.04 25.53 25.91 26.12 26.54 26.91 27.49 27.49 33.14 39.01 35.68 31.08 27.03 19.90 15.60 08.05 16.38 16.10 18.82 20.58 18.76 19.83 19.70 19.72 20.04 23.17 26.39 29.24 28.44 24.23 20.72 19.73 22.31 21.98 21.28 21.23 21.24 20.06 19.27 18.65 18.00 18.98 16.62 15.53 14.48 14.38 12.87 12.31 16.82 21.04 24.12 23.30 20.74 18.66 17.16 17.27 15.24 -1.00 -1.00 -1.00 -1.00 -1.00
22.99 24.01 24.60 24.94 25.09 25.03 25.05 25.03 25.16 25.09 25.14 25.21 24.78 25.06 25.01 25.27 25.77 26.05 26.40 26.81 27.20 36.22 42.16 42.46 41.76 37.91 32.79 27.12 17.00 15.56 19.97 22.79 22.46 21.40 17.63 18.95 24.09 19.97 18.61 22.38 27.53 29.86 26.65 22.04 20.49 21.52 21.76 21.27 20.89 21.08 22.18 21.26 20.14 19.36 18.29 18.84 16.59 12.69 10.48 11.28 12.15 11.95 09.60 14.34 12.55 12.78 17.86 19.28 19.81 18.15 16.87 -1.00 -1.00 -1.00 -1.00 -1.00
24.29 24.63 24.85 25.06 25.20 25.18 25.32 25.27 25.14 25.21 25.24 24.77 25.24 25.47 25.24 25.17 25.29 25.73 26.17 26.64 32.27 42.16 44.41 44.37 43.39 41.68 33.04 24.83 21.11 20.86 23.31 33.12 28.52 22.59 17.10 18.65 34.64 31.53 17.71 21.04 24.90 30.81 26.68 19.54 20.14 19.14 17.88 17.16 18.47 21.20 22.52 25.66 18.69 17.78 18.58 18.62 16.72 14.66 11.69 10.28 10.27 11.48 13.62 14.30 13.61 14.85 16.14 17.01 16.19 15.65 14.69 14.88 -1.00 -1.00 -1.00 -1.00
