data/trial7/ashley.fli
NCOLS 382
NROWS 266
XLLCORNER 157819.328125
YLLCORNER 384678.625000
CELLSIZE 30.000000
NODATA_VALUE -1
[rows 156 to 181 of 266, columns 300 to 359 of 382]
00029.081 00021.602 00035.229 00013.601 00002.537 00003.260 00003.692 00004.362 00004.646 00005.030 00004.461 00004.783 00005.179 00004.122 00004.165 00003.778 00003.139 00002.912 -0001.000 -0001.000 -0001.000 -0001.000 -0001.000 -0001.000 -0001.000 -0001.000 -0001.000 -0001.000 -0001.000 00001.010 00001.210 00001.416 00001.611 00001.678 00001.921 00007.490 00025.925 00052.419 00068.266 00062.375 00055.115 00055.553 00048.756 -0001.000 -0001.000 -0001.000 -0001.000 -0001.000 -0001.000 -0001.000 -0001.000 -0001.000 -0001.000 -0001.000 -0001.000 -0001.000 -0001.000 -0001.000 -0001.000 -0001.000
00035.823 00001.979 00002.885 00003.130 00003.297 00003.511 00003.736 00004.200 00004.052 00003.914 00003.854 00003.681 00003.597 00003.547 00002.812 00002.539 -0001.000 -0001.000 -0001.000 -0001.000 -0001.000 -0001.000 -0001.000 -0001.000 -0001.000 -0001.000 -0001.000 -0001.000 00000.997 00001.548 00001.874 00002.296 00038.317 00077.047 00199.211 00160.926 00092.388 00068.217 00072.215 00072.059 00067.035 00063.629 00052.017 00046.747 -0001.000 -0001.000 -0001.000 -0001.000 -0001.000 -0001.000 -0001.000 -0001.000 -0001.000 -0001.000 -0001.000 -0001.000 -0001.000 -0001.000 -0001.000 -0001.000
00002.053 00002.530 00002.602 00003.027 00003.170 00003.348 00003.498 00003.625 00003.336 00003.016 00003.115 00003.057 00002.829 -0001.000 -0001.000 -0001.000 -0001.000 -0001.000 -0001.000 -0001.000 -0001.000 -0001.000 -0001.000 -0001.000 -0001.000 -0001.000 -0001.000 00001.050 00052.302 00178.634 00202.649 00214.124 00058.621 00169.781 00244.812 00163.714 00171.337 00065.945 00069.278 00071.325 00067.460 00064.562 00054.394 00034.541 -0001.000 -0001.000 -0001.000 -0001.000 -0001.000 -0001.000 -0001.000 -0001.000 -0001.000 -0001.000 -0001.000 -0001.000 -0001.000 -0001.000 -0001.000 -0001.000
00001.965 00002.539 00002.940 00003.005 00003.263 00003.184 00003.199 00002.913 00002.554 00002.838 -0001.000 -0001.000 -0001.000 -0001.000 -0001.000 -0001.000 -0001.000 -0001.000 -0001.000 -0001.000 -0001.000 -0001.000 -0001.000 -0001.000 -0001.000 -0001.000 00000.995 00001.740 00060.482 00156.983 00229.147 00203.914 00158.576 00219.431 00211.838 00170.455 00151.411 00062.692 00066.846 00072.722 00068.762 00063.742 00061.155 00035.606 -0001.000 -0001.000 -0001.000 -0001.000 -0001.000 -0001.000 -0001.000 -0001.000 -0001.000 -0001.000 -0001.000 -0001.000 -0001.000 -0001.000 -0001.000 -0001.000
00001.864 00002.502 00002.956 00003.210 00003.029 00002.954 00002.382 00002.205 -0001.000 -0001.000 -0001.000 -0001.000 -0001.000 -0001.000 -0001.000 -0001.000 -0001.000 -0001.000 -0001.000 -0001.000 -0001.000 -0001.000 -0001.000 -0001.000 00000.635 00001.219 00002.079 00167.288 00038.728 00127.438 00212.659 00198.941 00194.385 00197.098 00185.867 00156.827 00132.338 00061.320 00069.517 00074.934 00064.222 00062.445 00054.742 -0001.000 -0001.000 -0001.000 -0001.000 -0001.000 -0001.000 -0001.000 -0001.000 -0001.000 -0001.000 -0001.000 -0001.000 -0001.000 -0001.000 -0001.000 -0001.000 -0001.000
-0001.000 00001.059 00001.214 00001.296 00001.181 00001.250 00001.050 00001.099 00001.165 00001.183 00001.203 00001.029 -0001.000 -0001.000 -0001.000 -0001.000 -0001.000 -0001.000 -0001.000 -0001.000 -0001.000 -0001.000 -0001.000 00000.722 00001.184 00005.227 00063.132 00154.696 00154.596 00163.580 00182.735 00172.378 00177.075 00181.298 00165.167 00141.706 00117.193 00075.493 00073.073 00068.004 00063.623 00052.033 00048.472 -0001.000 -0001.000 -0001.000 -0001.000 -0001.000 -0001.000 -0001.000 -0001.000 -0001.000 -0001.000 -0001.000 -0001.000 -0001.000 -0001.000 -0001.000 -0001.000 -0001.000
00000.902 00001.142 00001.107 00001.050 00000.974 00000.974 00000.917 00000.944 00001.117 00001.297 00001.503 00001.509 00001.489 00001.633 -0001.000 -0001.000 -0001.000 -0001.000 -0001.000 -0001.000 -0001.000 -0001.000 00001.017 00001.400 00001.812 00154.120 00082.339 00129.984 00134.763 00150.477 00154.746 00157.082 00161.919 00168.315 00145.325 00127.431 00107.439 00100.601 00077.254 00067.246 00059.014 00034.263 00001.251 -0001.000 -0001.000 -0001.000 -0001.000 -0001.000 -0001.000 -0001.000 -0001.000 -0001.000 -0001.000 -0001.000 -0001.000 -0001.000 -0001.000 -0001.000 -0001.000 -0001.000
00000.527 00000.679 00000.944 00001.519 00001.365 00001.286 00001.254 00000.956 00001.289 00001.567 00001.510 00001.552 00001.605 00001.586 00001.257 00001.270 00001.159 00001.211 00001.294 00001.382 00001.381 00001.336 00001.646 00001.416 00071.838 00142.360 00109.534 00117.968 00112.228 00134.157 00137.996 00144.697 00143.845 00153.754 00137.680 00109.452 00101.088 00104.429 00079.879 00062.568 00059.848 00008.719 00001.462 -0001.000 -0001.000 -0001.000 -0001.000 -0001.000 -0001.000 -0001.000 -0001.000 -0001.000 -0001.000 -0001.000 -0001.000 -0001.000 -0001.000 -0001.000 -0001.000 -0001.000
00002.136 00001.669 00002.015 00002.447 00003.242 00083.242 00008.160 00004.708 00002.642 00002.486 00001.403 00029.366 00001.801 00001.807 00001.140 00001.309 00001.507 00001.662 00001.634 00001.649 00001.431 00001.386 00001.290 00013.547 00067.094 00122.732 00093.227 00107.366 00105.277 00121.230 00125.434 00131.615 00133.772 00138.537 00128.959 00102.952 00104.801 00104.791 00095.465 00060.849 00061.775 00035.374 00002.235 -0001.000 -0001.000 -0001.000 -0001.000 -0001.000 -0001.000 -0001.000 -0001.000 -0001.000 -0001.000 -0001.000 -0001.000 -0001.000 -0001.000 -0001.000 -0001.000 -0001.000
00041.440 00006.719 00023.697 00065.896 00130.019 00099.366 00025.664 00033.603 00045.500 00007.413 00004.578 00048.210 00002.397 00114.912 00135.489 00154.563 00016.493 00070.723 00002.870 00001.717 00004.137 00031.549 00068.615 00016.617 00057.881 00098.655 00084.072 00091.289 00098.523 00106.831 00108.797 00110.273 00122.444 00133.753 00121.357 00103.501 00108.663 00095.290 00099.211 00068.718 00094.220 00022.016 00002.845 00003.551 00002.981 -0001.000 -0001.000 -0001.000 -0001.000 -0001.000 -0001.000 -0001.000 -0001.000 -0001.000 -0001.000 -0001.000 -0001.000 -0001.000 -0001.000 -0001.000
00084.167 00034.590 00073.225 00095.523 00106.873 00086.327 00064.867 00058.595 00044.059 00023.718 00031.761 00086.334 00156.564 00158.374 00160.211 00147.829 00057.937 00131.818 00141.028 00053.428 00099.873 00098.152 00069.859 00034.764 00066.868 00075.999 00074.230 00077.901 00090.500 00089.625 00091.514 00098.478 00123.107 00119.532 00111.436 00104.705 00098.132 00097.911 00106.319 00101.835 00080.215 00014.725 00004.213 00004.105 00003.341 00002.931 -0001.000 -0001.000 -0001.000 -0001.000 -0001.000 -0001.000 -0001.000 -0001.000 -0001.000 -0001.000 -0001.000 -0001.000 -0001.000 -0001.000
00069.241 00077.611 00082.280 00081.430 00079.382 00080.354 00074.069 00055.711 00040.773 00024.023 00040.542 00104.167 00104.685 00132.270 00163.247 00111.734 00098.509 00119.851 00124.654 00114.202 00124.314 00084.634 00079.698 00058.820 00064.510 00067.872 00067.548 00073.945 00078.613 00076.883 00081.397 00098.844 00110.825 00120.677 00132.047 00102.589 00103.972 00103.774 00101.110 00086.190 00084.124 00043.057 00073.876 00014.961 00058.264 00002.800 -0001.000 -0001.000 -0001.000 -0001.000 -0001.000 -0001.000 -0001.000 -0001.000 -0001.000 -0001.000 -0001.000 -0001.000 -0001.000 -0001.000
00062.631 00073.174 00075.292 00075.677 00078.542 00080.117 00074.616 00048.105 00037.652 00020.585 00069.056 00110.970 00120.129 00138.206 00124.055 00089.129 00098.638 00107.250 00110.239 00108.684 00098.274 00079.740 00069.321 00069.688 00062.738 00063.182 00064.509 00068.708 00068.377 00075.681 00083.088 00092.391 00109.702 00124.897 00118.838 00115.612 00112.832 00101.314 00095.448 00087.922 00084.863 00076.063 00093.372 00054.632 00095.664 00003.362 -0001.000 -0001.000 -0001.000 -0001.000 -0001.000 -0001.000 -0001.000 -0001.000 -0001.000 -0001.000 -0001.000 -0001.000 -0001.000 -0001.000
00059.485 00065.750 00068.454 00071.253 00072.214 00070.539 00064.673 00047.128 00044.881 00010.748 00068.313 00098.251 00116.731 00105.571 00087.285 00084.645 00096.599 00095.447 00097.451 00085.271 00084.876 00085.796 00079.878 00082.682 00061.286 00067.080 00062.687 00063.198 00068.126 00077.208 00083.903 00090.641 00098.050 00111.732 00128.751 00113.887 00105.927 00098.657 00090.641 00086.088 00077.154 00072.510 00070.157 00081.281 00001.752 00003.458 -0001.000 -0001.000 -0001.000 -0001.000 -0001.000 -0001.000 -0001.000 -0001.000 -0001.000 -0001.000 -0001.000 -0001.000 -0001.000 -0001.000
00054.335 00056.716 00059.443 00058.859 00057.667 00054.614 00050.471 00049.362 00032.224 00000.033 00025.689 00081.597 00094.729 00068.609 00072.134 00082.864 00081.894 00081.090 00076.174 00077.936 00084.512 00087.947 00093.474 00074.890 00079.403 00076.369 00061.902 00063.171 00070.564 00074.832 00079.784 00083.457 00088.026 00104.761 00107.841 00110.803 00106.839 00090.755 00084.866 00078.878 00073.507 00072.019 00060.769 00001.524 00002.941 -0001.000 -0001.000 -0001.000 -0001.000 -0001.000 -0001.000 -0001.000 -0001.000 -0001.000 -0001.000 -0001.000 -0001.000 -0001.000 -0001.000 -0001.000
00047.085 00049.675 00046.615 00046.605 00041.569 00039.339 00037.954 00035.500 00029.336 00014.250 00037.349 00071.006 00058.777 00061.638 00069.100 00073.815 00068.583 00066.088 00068.951 00077.663 00079.346 00082.554 00076.128 00088.884 00088.558 00064.540 00062.456 00063.631 00066.883 00068.875 00080.230 00085.011 00081.818 00092.274 00101.746 00107.508 00100.690 00089.051 00081.603 00076.116 00074.042 00006.615 00074.322 00003.466 00004.903 -0001.000 -0001.000 -0001.000 -0001.000 -0001.000 -0001.000 -0001.000 -0001.000 -0001.000 -0001.000 -0001.000 -0001.000 -0001.000 -0001.000 -0001.000
00043.650 00039.346 00037.766 00032.295 00029.890 00027.049 00023.775 00018.991 00012.033 00017.780 00047.236 00053.501 00054.665 00056.565 00060.064 00060.396 00059.790 00065.365 00066.496 00088.609 00099.302 00124.961 00112.203 00102.832 00095.850 00067.932 00062.589 00060.709 00062.404 00069.119 00077.588 00073.684 00081.236 00085.895 00096.888 00098.391 00091.699 00089.428 00079.624 00074.298 00072.345 00013.698 00020.385 00004.270 00004.103 -0001.000 -0001.000 -0001.000 -0001.000 -0001.000 -0001.000 -0001.000 -0001.000 -0001.000 -0001.000 -0001.000 -0001.000 -0001.000 -0001.000 -0001.000
00037.900 00036.164 00030.635 00026.533 00020.113 00013.315 00009.034 00002.944 00033.700 00047.859 00050.385 00048.143 00057.695 00063.295 00065.218 00118.788 00111.352 00128.563 00121.034 00126.120 00122.765 00114.230 00114.354 00112.381 00093.359 00066.042 00063.149 00059.295 00059.675 00062.995 00066.558 00070.360 00074.042 00079.589 00082.007 00084.134 00086.456 00076.434 00071.545 00068.672 00038.252 00064.524 00118.374 00032.486 00004.030 00003.958 00003.356 -0001.000 -0001.000 -0001.000 -0001.000 -0001.000 -0001.000 -0001.000 -0001.000 -0001.000 -0001.000 -0001.000 -0001.000 -0001.000
00037.196 00031.623 00027.009 00017.532 00010.170 00013.168 00029.460 00068.675 00056.309 00075.860 00077.982 00074.934 00079.435 00105.693 00132.969 00114.771 00121.376 00124.231 00121.268 00118.920 00114.269 00113.048 00107.534 00107.260 00079.807 00065.450 00062.751 00057.955 00056.613 00059.461 00061.750 00063.822 00065.849 00066.006 00069.823 00074.071 00067.396 00065.760 00064.248 00065.329 00091.736 00147.752 00228.484 00051.233 00010.851 00004.384 00003.920 00003.528 00002.296 -0001.000 -0001.000 -0001.000 -0001.000 -0001.000 -0001.000 -0001.000 -0001.000 -0001.000 -0001.000 -0001.000
00029.595 00023.150 00012.840 00006.394 00010.966 00030.621 00054.494 00066.147 00062.668 00062.912 00071.454 00107.729 00115.310 00120.947 00107.909 00108.124 00115.269 00112.671 00109.588 00104.295 00102.466 00101.215 00098.663 00095.543 00084.185 00059.960 00059.570 00055.487 00050.634 00048.888 00052.315 00054.056 00055.217 00058.386 00062.325 00058.127 00058.176 00058.397 00062.590 00073.424 00121.529 00062.496 00062.945 00072.246 00048.715 00009.174 00003.115 00003.242 00003.282 00002.791 00002.156 -0001.000 -0001.000 -0001.000 -0001.000 -0001.000 -0001.000 -0001.000 -0001.000 -0001.000
00020.801 00008.733 00007.461 00026.707 00049.821 00062.107 00082.078 00089.744 00100.488 00220.304 00136.608 00138.004 00115.079 00110.254 00101.967 00099.468 00103.004 00099.273 00093.960 00093.822 00091.609 00090.290 00091.947 00088.802 00070.572 00064.161 00054.952 00050.591 00043.444 00045.608 00047.763 00047.037 00046.579 00051.921 00050.670 00048.485 00051.149 00053.297 00060.286 00105.434 00053.773 00059.999 00066.195 00068.099 00079.725 00093.238 00113.658 00100.382 00049.874 00003.093 00002.529 00002.028 00002.630 00003.206 00001.614 -0001.000 -0001.000 -0001.000 -0001.000 -0001.000
00018.265 00008.043 00008.036 00025.394 00046.678 00066.729 00081.216 00102.801 00156.811 00171.978 00149.380 00118.186 00105.305 00095.479 00089.917 00092.234 00087.887 00084.232 00084.208 00085.661 00080.068 00084.298 00083.948 00083.174 00067.712 00054.460 00046.582 00042.953 00043.582 00051.002 00058.230 00062.368 00069.924 00064.507 00070.483 00066.719 00049.022 00054.421 00063.826 00044.332 00053.963 00065.979 00069.866 00081.124 00095.099 00108.380 00084.516 00065.095 00113.223 00175.956 00295.418 00325.995 00166.889 00310.849 00167.763 00125.088 00058.140 -0001.000 -0001.000 -0001.000
00018.132 00010.050 00012.691 00027.352 00047.353 00058.252 00066.691 00100.477 00101.663 00107.378 00112.431 00099.190 00093.148 00081.561 00078.529 00077.393 00075.097 00076.879 00080.065 00075.027 00072.790 00070.271 00071.495 00064.316 00056.861 00050.666 00047.321 00047.794 00050.746 00051.480 00053.317 00062.656 00067.847 00063.560 00062.061 00053.954 00060.014 00073.294 00034.816 00042.812 00053.879 00065.257 00079.451 00095.531 00112.729 00060.909 00087.785 00173.455 00248.455 00345.684 00420.113 00288.902 00264.108 00267.199 00253.528 00144.078 00152.631 00053.882 00125.724 00018.037
00020.292 00008.735 00016.576 00033.150 00023.740 00027.537 00051.458 00051.340 00069.441 00068.022 00081.288 00081.663 00072.332 00066.049 00064.780 00064.520 00067.824 00071.115 00069.040 00066.289 00061.638 00060.780 00059.997 00059.833 00056.997 00055.965 00054.126 00054.748 00061.925 00054.725 00047.916 00054.876 00058.478 00057.300 00054.961 00068.325 00072.927 00099.327 00029.019 00040.210 00057.878 00071.120 00087.437 00104.906 00110.701 00098.120 00282.636 00435.667 00389.435 00442.757 00402.216 00275.720 00241.598 00231.252 00218.737 00160.193 00143.652 00131.812 00132.249 00130.525
00023.949 00004.374 00019.573 00024.310 00032.579 00035.950 00038.507 00041.628 00041.264 00050.655 00064.785 00059.343 00054.981 00053.335 00053.159 00055.184 00059.487 00057.390 00060.863 00061.678 00055.724 00055.704 00051.599 00049.347 00053.773 00055.951 00061.795 00060.374 00050.444 00056.494 00051.207 00052.410 00008.046 00001.004 00013.916 00035.754 00080.018 00128.086 00008.819 00013.634 00059.525 00082.595 00117.444 00117.896 00110.717 00185.282 00301.448 00401.454 00426.924 00396.558 00348.672 00243.473 00219.473 00210.732 00188.114 00147.044 00137.119 00132.011 00143.889 00148.016
00018.498 00004.494 00010.012 00014.952 00030.281 00036.642 00038.745 00037.515 00043.210 00048.160 00042.432 00042.580 00045.308 00046.364 00048.078 00046.921 00045.674 00048.680 00052.207 00051.984 00047.924 00046.351 00044.101 00061.365 00077.158 00057.601 00066.606 00051.742 00057.940 00056.138 00049.595 00001.067 00001.114 -0001.000 -0001.000 -0001.000 00001.586 00001.481 00001.189 00038.544 00087.583 00127.826 00162.972 00131.075 00183.313 00242.016 00307.928 00334.819 00362.401 00355.361 00296.767 00220.001 00199.495 00196.133 00170.991 00142.524 00134.885 00136.074 00154.621 00158.219
