data/trial7/ashley.toa
NCOLS 382
NROWS 266
XLLCORNER 157819.328125
YLLCORNER 384678.625000
CELLSIZE 30.000000
NODATA_VALUE -1
[rows 156 to 181 of 266, columns 240 to 299 of 382]
00015.139 00015.221 00015.299 00015.373 00015.535 00015.710 00015.864 00016.039 00016.285 00016.445 00016.659 00016.964 00017.165 00017.340 00017.529 00017.736 00017.932 00018.159 00018.412 00018.663 00018.887 00018.816 00018.630 00018.460 00018.373 00018.341 00018.335 00018.357 00018.451 00018.525 00018.582 00018.212 00017.947 00017.949 00018.085 00017.899 00017.849 00017.837 00017.862 00017.904 00017.970 00018.150 00018.286 00018.568 00018.842 00019.147 00019.505 00019.823 00020.143 00020.523 00020.936 00021.275 00021.605 00021.942 00022.357 00022.865 00032.020 00032.413 00032.731 00033.033
00015.233 00015.304 00015.375 00015.431 00015.518 00015.688 00015.882 00015.988 00016.180 00016.449 00016.752 00017.061 00017.239 00017.423 00017.626 00017.854 00018.100 00018.254 00018.405 00018.568 00018.574 00018.457 00018.275 00018.112 00018.067 00018.045 00018.036 00018.126 00018.221 00018.313 00018.338 00017.962 00017.868 00017.860 00017.890 00017.826 00017.807 00017.844 00017.893 00017.971 00018.029 00018.105 00018.244 00018.569 00018.870 00019.250 00019.738 00020.129 00020.472 00020.853 00021.276 00021.730 00022.210 00022.725 00023.327 00032.377 00032.769 00033.102 00033.339 00033.529
00015.340 00015.366 00015.406 00015.441 00015.540 00015.702 00015.795 00015.962 00016.215 00016.520 00016.863 00017.143 00017.347 00017.590 00017.755 00017.882 00018.003 00018.153 00018.302 00018.385 00018.259 00018.117 00017.949 00017.843 00017.818 00017.803 00017.851 00017.922 00017.995 00018.092 00018.027 00017.838 00017.799 00017.792 00017.783 00017.781 00017.823 00017.881 00017.942 00017.985 00018.046 00018.113 00018.333 00018.613 00018.900 00019.369 00019.838 00020.261 00020.694 00021.065 00021.367 00021.774 00022.135 00022.529 00023.116 00032.364 00035.217 00036.693 00036.124 00035.480
00015.343 00015.381 00015.421 00015.466 00015.526 00015.636 00015.795 00015.974 00016.295 00016.648 00017.032 00017.266 00017.409 00017.548 00017.681 00017.808 00017.929 00018.127 00018.244 00018.063 00017.960 00017.882 00017.745 00017.668 00017.578 00017.612 00017.676 00017.744 00017.834 00017.914 00017.822 00017.773 00017.762 00017.756 00017.760 00017.801 00017.867 00017.913 00017.956 00017.996 00018.049 00018.135 00018.414 00018.681 00018.960 00019.428 00019.939 00020.475 00020.750 00020.897 00021.123 00021.473 00021.796 00022.255 00022.863 00032.279 00036.550 00040.254 00040.222 00039.276
00015.357 00015.402 00015.449 00015.495 00015.559 00015.654 00015.857 00016.092 00016.430 00016.806 00017.046 00017.197 00017.340 00017.477 00017.620 00017.796 00017.968 00018.200 00017.936 00017.830 00017.824 00017.728 00017.623 00017.480 00017.463 00017.469 00017.510 00017.633 00017.791 00017.834 00017.764 00017.733 00017.726 00017.740 00017.782 00017.848 00017.884 00017.927 00017.967 00018.005 00018.050 00018.230 00018.500 00018.758 00019.021 00019.537 00020.086 00020.434 00020.586 00020.727 00020.871 00021.072 00021.407 00021.728 00022.222 00023.497 00035.151 00039.166 00042.155 00042.147
00015.383 00015.434 00015.494 00015.552 00015.619 00015.752 00015.946 00016.210 00016.474 00016.719 00016.952 00017.128 00017.298 00017.484 00017.662 00017.836 00018.020 00017.818 00017.648 00017.625 00017.620 00017.529 00017.441 00017.435 00017.436 00017.442 00017.475 00017.612 00017.750 00017.765 00017.705 00017.694 00017.719 00017.763 00017.818 00017.855 00017.899 00017.939 00017.976 00018.013 00018.073 00018.330 00018.585 00018.859 00019.229 00019.718 00020.116 00020.288 00020.438 00020.534 00020.651 00020.805 00020.867 00020.949 00021.237 00022.358 00033.175 00036.718 00040.185 -0001.000
00015.432 00015.494 00015.562 00015.629 00015.705 00015.805 00016.005 00016.182 00016.411 00016.646 00016.944 00017.165 00017.346 00017.528 00017.711 00017.907 00017.704 00017.533 00017.422 00017.413 00017.406 00017.404 00017.405 00017.407 00017.423 00017.449 00017.474 00017.596 00017.736 00017.688 00017.659 00017.695 00017.744 00017.790 00017.826 00017.871 00017.913 00017.950 00017.990 00018.044 00018.174 00018.446 00018.718 00019.025 00019.512 00019.791 00019.992 00020.166 00020.259 00020.322 00020.390 00020.407 00020.428 00020.520 00020.790 00022.165 00033.747 00036.981 00040.096 00041.324
00015.543 00015.608 00015.668 00015.739 00015.829 00015.935 00016.026 00016.121 00016.448 00016.782 00017.044 00017.221 00017.403 00017.593 00017.713 00017.629 00017.424 00017.346 00017.335 00017.341 00017.353 00017.368 00017.378 00017.405 00017.431 00017.458 00017.502 00017.580 00017.646 00017.619 00017.667 00017.717 00017.761 00017.799 00017.844 00017.886 00017.926 00017.973 00018.021 00018.081 00018.309 00018.572 00018.882 00019.292 00019.484 00019.675 00019.857 00020.000 00020.071 00020.108 00020.054 00020.033 00020.045 00020.077 00020.165 00021.717 00034.512 00033.078 00033.329 00033.677
00015.842 00015.823 00015.865 00015.913 00015.977 00016.073 00016.168 00016.331 00016.636 00016.907 00017.110 00017.289 00017.508 00017.510 00017.486 00017.358 00017.317 00017.300 00017.313 00017.326 00017.338 00017.361 00017.388 00017.416 00017.447 00017.481 00017.522 00017.580 00017.597 00017.637 00017.685 00017.729 00017.768 00017.818 00017.861 00017.910 00017.957 00017.998 00018.078 00018.198 00018.514 00018.692 00018.959 00019.153 00019.352 00019.552 00019.649 00019.736 00019.803 00019.720 00019.675 00019.637 00019.599 00019.553 00019.589 00019.953 00020.557 00020.561 00020.478 00020.549
00015.945 00016.044 00016.086 00016.140 00016.195 00016.261 00016.379 00016.608 00016.846 00017.060 00017.230 00017.364 00017.321 00017.288 00017.268 00017.259 00017.264 00017.283 00017.298 00017.315 00017.347 00017.374 00017.404 00017.435 00017.476 00017.520 00017.551 00017.578 00017.615 00017.654 00017.697 00017.734 00017.789 00017.837 00017.897 00017.964 00018.055 00018.245 00018.377 00018.372 00018.452 00018.732 00018.851 00018.998 00019.205 00019.322 00019.416 00019.482 00019.419 00019.361 00019.300 00019.262 00019.254 00019.358 00019.525 00019.678 00019.924 00020.130 00020.270 00020.444
00016.131 00016.268 00016.402 00016.393 00016.451 00016.529 00016.701 00016.855 00017.011 00017.176 00017.206 00017.177 00017.190 00017.188 00017.187 00017.208 00017.245 00017.266 00017.302 00017.335 00017.363 00017.395 00017.434 00017.474 00017.502 00017.528 00017.560 00017.595 00017.629 00017.668 00017.704 00017.735 00017.812 00017.895 00018.120 00018.414 00018.493 00018.298 00018.130 00018.169 00018.488 00018.583 00018.745 00018.900 00019.027 00019.139 00019.185 00019.153 00019.098 00019.046 00019.032 00019.093 00019.233 00019.443 00019.534 00019.653 00019.888 00020.075 00020.283 00020.463
00015.978 00016.271 00016.506 00016.591 00016.660 00016.765 00016.847 00016.928 00016.997 00017.092 00017.093 00017.100 00017.135 00017.157 00017.189 00017.216 00017.254 00017.291 00017.323 00017.358 00017.395 00017.433 00017.455 00017.481 00017.510 00017.542 00017.576 00017.609 00017.643 00017.679 00017.710 00017.752 00017.863 00018.217 00018.230 00018.231 00018.192 00018.085 00018.071 00018.199 00018.294 00018.464 00018.635 00018.823 00018.918 00018.939 00018.927 00018.894 00018.862 00018.910 00018.974 00019.114 00019.338 00019.429 00019.535 00019.691 00019.889 00020.097 00020.296 00020.519
00015.963 00016.215 00016.487 00016.568 00016.713 00016.812 00016.886 00016.967 00017.048 00017.058 00017.082 00017.106 00017.142 00017.176 00017.213 00017.248 00017.285 00017.323 00017.358 00017.390 00017.411 00017.437 00017.464 00017.494 00017.524 00017.558 00017.591 00017.624 00017.657 00017.690 00017.724 00017.776 00017.935 00017.947 00017.959 00018.004 00018.017 00018.039 00018.061 00018.117 00018.191 00018.340 00018.597 00018.718 00018.753 00018.746 00018.704 00018.764 00018.843 00018.921 00019.079 00019.235 00019.327 00019.431 00019.548 00019.735 00019.926 00020.116 00020.368 00020.613
00015.970 00016.149 00016.324 00016.579 00016.759 00016.861 00016.961 00017.035 00017.039 00017.065 00017.100 00017.135 00017.173 00017.213 00017.253 00017.302 00017.325 00017.348 00017.371 00017.397 00017.422 00017.450 00017.479 00017.510 00017.542 00017.575 00017.608 00017.642 00017.676 00017.708 00017.742 00017.800 00017.838 00017.868 00017.930 00017.967 00018.009 00018.036 00018.084 00018.135 00018.194 00018.299 00018.530 00018.599 00018.628 00018.634 00018.699 00018.786 00018.905 00019.061 00019.144 00019.225 00019.319 00019.442 00019.596 00019.775 00019.973 00020.216 00020.462 00020.710
00016.063 00016.140 00016.292 00016.579 00016.813 00016.994 00016.978 00017.021 00017.056 00017.093 00017.131 00017.175 00017.217 00017.258 00017.284 00017.308 00017.331 00017.357 00017.383 00017.410 00017.438 00017.468 00017.498 00017.530 00017.562 00017.598 00017.632 00017.666 00017.701 00017.735 00017.772 00017.812 00017.859 00017.901 00017.945 00017.973 00018.012 00018.064 00018.121 00018.184 00018.248 00018.340 00018.434 00018.554 00018.583 00018.668 00018.759 00018.883 00018.992 00019.063 00019.143 00019.224 00019.329 00019.468 00019.639 00019.852 00020.072 00020.313 00020.579 00020.855
00016.141 00016.235 00016.351 00016.575 00016.847 00016.905 00016.999 00017.048 00017.091 00017.134 00017.182 00017.218 00017.241 00017.267 00017.290 00017.317 00017.344 00017.371 00017.399 00017.428 00017.458 00017.489 00017.522 00017.557 00017.591 00017.625 00017.659 00017.694 00017.731 00017.771 00017.814 00017.855 00017.892 00017.928 00017.963 00017.998 00018.054 00018.114 00018.176 00018.246 00018.322 00018.408 00018.486 00018.580 00018.659 00018.758 00018.871 00018.951 00018.991 00019.062 00019.141 00019.223 00019.349 00019.525 00019.736 00019.953 00020.205 00020.473 00020.752 00021.032
00016.262 00016.387 00016.534 00016.697 00016.810 00016.980 00017.054 00017.099 00017.150 00017.178 00017.200 00017.224 00017.249 00017.276 00017.303 00017.330 00017.358 00017.388 00017.417 00017.448 00017.482 00017.515 00017.549 00017.585 00017.619 00017.657 00017.695 00017.734 00017.774 00017.814 00017.848 00017.885 00017.919 00017.954 00017.989 00018.051 00018.120 00018.194 00018.270 00018.351 00018.430 00018.510 00018.590 00018.672 00018.767 00018.859 00018.909 00018.950 00018.990 00019.055 00019.138 00019.222 00019.397 00019.612 00019.853 00020.104 00020.371 00020.636 00020.923 00021.217
00016.478 00016.622 00016.764 00016.891 00017.006 00017.065 00017.110 00017.136 00017.158 00017.183 00017.208 00017.232 00017.261 00017.289 00017.316 00017.345 00017.375 00017.405 00017.438 00017.472 00017.505 00017.541 00017.584 00017.625 00017.663 00017.702 00017.734 00017.767 00017.804 00017.841 00017.874 00017.909 00017.947 00017.989 00018.054 00018.130 00018.209 00018.289 00018.374 00018.458 00018.541 00018.625 00018.711 00018.775 00018.822 00018.870 00018.910 00018.948 00018.985 00019.048 00019.139 00019.249 00019.469 00019.715 00019.968 00020.223 00020.490 00020.781 00021.065 00021.380
00016.785 00016.927 00016.994 00017.033 00017.058 00017.089 00017.116 00017.141 00017.166 00017.191 00017.219 00017.247 00017.275 00017.303 00017.333 00017.362 00017.394 00017.426 00017.459 00017.493 00017.532 00017.574 00017.617 00017.655 00017.690 00017.726 00017.763 00017.796 00017.829 00017.863 00017.902 00017.944 00017.987 00018.055 00018.131 00018.208 00018.293 00018.384 00018.475 00018.572 00018.634 00018.680 00018.733 00018.783 00018.832 00018.870 00018.908 00018.945 00018.981 00019.061 00019.177 00019.297 00019.526 00019.764 00020.027 00020.312 00020.581 00020.853 00021.152 00021.473
00016.869 00016.932 00016.985 00017.035 00017.069 00017.098 00017.124 00017.150 00017.177 00017.206 00017.234 00017.262 00017.291 00017.321 00017.350 00017.382 00017.414 00017.447 00017.481 00017.520 00017.561 00017.602 00017.639 00017.677 00017.716 00017.749 00017.784 00017.820 00017.859 00017.898 00017.940 00017.983 00018.045 00018.124 00018.210 00018.317 00018.406 00018.508 00018.552 00018.589 00018.639 00018.693 00018.743 00018.791 00018.831 00018.869 00018.906 00018.947 00018.996 00019.106 00019.213 00019.363 00019.575 00019.805 00020.059 00020.330 00020.613 00020.908 00021.232 00021.580
00016.871 00016.927 00017.007 00017.050 00017.081 00017.108 00017.137 00017.166 00017.194 00017.222 00017.251 00017.280 00017.309 00017.340 00017.371 00017.402 00017.434 00017.470 00017.507 00017.547 00017.586 00017.622 00017.663 00017.699 00017.734 00017.770 00017.810 00017.852 00017.894 00017.936 00017.977 00018.059 00018.140 00018.224 00018.317 00018.403 00018.463 00018.505 00018.546 00018.599 00018.652 00018.702 00018.750 00018.791 00018.829 00018.867 00018.918 00018.967 00019.042 00019.161 00019.279 00019.401 00019.613 00019.832 00020.073 00020.339 00020.632 00020.955 00021.323 00021.711
00016.884 00016.967 00017.030 00017.064 00017.096 00017.126 00017.154 00017.183 00017.212 00017.241 00017.270 00017.300 00017.330 00017.360 00017.390 00017.425 00017.460 00017.496 00017.534 00017.570 00017.609 00017.648 00017.683 00017.717 00017.756 00017.796 00017.839 00017.882 00017.931 00017.979 00018.042 00018.132 00018.218 00018.300 00018.372 00018.420 00018.460 00018.502 00018.559 00018.612 00018.662 00018.709 00018.751 00018.791 00018.837 00018.889 00018.941 00018.994 00019.105 00019.228 00019.351 00019.499 00019.676 00019.871 00020.092 00020.339 00020.654 00020.964 00021.291 00021.649
00016.926 00017.004 00017.051 00017.084 00017.115 00017.145 00017.174 00017.203 00017.233 00017.262 00017.291 00017.321 00017.351 00017.385 00017.418 00017.452 00017.488 00017.522 00017.559 00017.598 00017.635 00017.668 00017.706 00017.744 00017.783 00017.824 00017.868 00017.917 00017.957 00018.011 00018.106 00018.188 00018.274 00018.329 00018.378 00018.419 00018.458 00018.519 00018.573 00018.624 00018.670 00018.713 00018.757 00018.812 00018.864 00018.915 00018.969 00019.060 00019.191 00019.316 00019.446 00019.570 00019.751 00019.932 00020.164 00020.458 00020.740 00020.927 00021.201 00021.534
00016.976 00017.037 00017.074 00017.107 00017.137 00017.166 00017.196 00017.225 00017.254 00017.284 00017.317 00017.350 00017.382 00017.415 00017.448 00017.481 00017.516 00017.554 00017.589 00017.623 00017.659 00017.698 00017.733 00017.773 00017.811 00017.854 00017.898 00017.936 00017.987 00018.063 00018.149 00018.230 00018.285 00018.334 00018.378 00018.422 00018.484 00018.537 00018.587 00018.634 00018.682 00018.736 00018.788 00018.839 00018.892 00018.951 00019.021 00019.157 00019.286 00019.420 00019.552 00019.752 00019.925 00020.118 00020.349 00020.605 00020.868 00021.176 00021.506 00021.929
00017.025 00017.065 00017.098 00017.129 00017.159 00017.188 00017.219 00017.251 00017.283 00017.315 00017.348 00017.380 00017.414 00017.448 00017.482 00017.516 00017.550 00017.585 00017.620 00017.656 00017.691 00017.729 00017.766 00017.804 00017.844 00017.881 00017.925 00017.971 00018.025 00018.112 00018.187 00018.244 00018.293 00018.338 00018.395 00018.454 00018.505 00018.553 00018.609 00018.664 00018.716 00018.768 00018.823 00018.879 00018.936 00018.993 00019.122 00019.261 00019.400 00019.534 00019.683 00019.875 00020.054 00020.277 00020.527 00020.814 00021.171 00021.540 00021.977 00022.370
00017.055 00017.090 00017.122 00017.155 00017.188 00017.220 00017.251 00017.283 00017.316 00017.350 00017.383 00017.417 00017.451 00017.485 00017.519 00017.553 00017.588 00017.622 00017.657 00017.693 00017.728 00017.764 00017.799 00017.836 00017.878 00017.921 00017.960 00018.007 00018.084 00018.150 00018.206 00018.255 00018.319 00018.375 00018.428 00018.485 00018.540 00018.595 00018.649 00018.703 00018.757 00018.812 00018.867 00018.922 00018.979 00019.093 00019.240 00019.388 00019.530 00019.668 00019.838 00019.998 00020.216 00020.455 00020.689 00020.934 00021.222 00021.677 00022.530 00023.170
