data/trial7/ashley.fli
NCOLS 382
NROWS 266
XLLCORNER 157819.328125
YLLCORNER 384678.625000
CELLSIZE 30.000000
NODATA_VALUE -1
[rows 52 to 77 of 266, columns 180 to 239 of 382]
00070.403 00076.090 00085.176 00064.111 00046.305 00041.915 00033.066 00027.981 00026.373 00016.864 00006.529 00045.532 00046.931 00059.094 00074.373 00085.648 00082.532 00093.995 00078.863 00063.648 00033.635 00034.349 00038.144 00035.435 00027.578 00041.526 00040.205 00036.928 00032.747 00031.736 00025.582 00015.502 -0001.000 -0001.000 -0001.000 -0001.000 -0001.000 -0001.000 -0001.000 -0001.000 -0001.000 -0001.000 -0001.000 -0001.000 -0001.000 -0001.000 -0001.000 -0001.000 -0001.000 -0001.000 -0001.000 -0001.000 -0001.000 -0001.000 -0001.000 -0001.000 -0001.000 -0001.000 -0001.000 -0001.000
00071.222 00073.223 00083.680 00065.761 00048.285 00042.334 00030.592 00025.219 00023.565 00014.236 00026.258 00046.774 00048.109 00065.580 00078.489 00081.934 00091.671 00078.307 00068.227 00063.393 00067.483 00123.842 00030.343 00025.790 00032.038 00039.495 00039.606 00035.403 00031.264 00031.700 00026.124 00019.665 -0001.000 -0001.000 -0001.000 -0001.000 -0001.000 -0001.000 -0001.000 -0001.000 -0001.000 -0001.000 -0001.000 -0001.000 -0001.000 -0001.000 -0001.000 -0001.000 -0001.000 -0001.000 -0001.000 -0001.000 -0001.000 -0001.000 -0001.000 -0001.000 -0001.000 -0001.000 -0001.000 -0001.000
00069.033 00070.829 00081.166 00059.340 00049.695 00040.758 00029.055 00022.762 00021.878 00012.264 00040.230 00044.418 00053.242 00062.799 00068.483 00077.451 00084.795 00075.889 00063.172 00068.859 00099.981 00094.396 00026.821 00031.148 00032.639 00035.362 00036.848 00033.775 00030.564 00031.625 00028.196 00023.487 00028.740 -0001.000 -0001.000 -0001.000 -0001.000 -0001.000 -0001.000 -0001.000 -0001.000 -0001.000 -0001.000 -0001.000 -0001.000 -0001.000 -0001.000 -0001.000 -0001.000 -0001.000 -0001.000 -0001.000 -0001.000 -0001.000 -0001.000 -0001.000 -0001.000 -0001.000 -0001.000 -0001.000
00067.242 00069.059 00073.594 00053.450 00048.301 00038.345 00026.058 00024.222 00022.017 00011.014 00043.103 00041.065 00044.578 00053.797 00066.700 00074.093 00078.763 00066.740 00054.279 00068.949 00106.603 00043.991 00045.532 00021.751 00030.317 00031.379 00034.208 00030.274 00029.900 00035.489 00027.585 00050.604 00048.634 -0001.000 -0001.000 -0001.000 -0001.000 -0001.000 -0001.000 -0001.000 -0001.000 -0001.000 -0001.000 -0001.000 -0001.000 -0001.000 -0001.000 -0001.000 -0001.000 -0001.000 -0001.000 -0001.000 -0001.000 -0001.000 -0001.000 -0001.000 -0001.000 -0001.000 -0001.000 -0001.000
00067.297 00065.607 00062.970 00049.352 00040.196 00031.901 00027.027 00025.574 00018.754 00009.025 00040.092 00036.310 00037.561 00049.845 00058.684 00064.793 00070.267 00053.871 00056.216 00078.257 00076.684 00066.380 00073.937 00030.868 00051.771 00028.591 00028.084 00027.472 00035.508 00041.043 00038.173 00064.322 00065.855 00063.852 -0001.000 -0001.000 -0001.000 -0001.000 -0001.000 -0001.000 -0001.000 -0001.000 -0001.000 -0001.000 -0001.000 -0001.000 -0001.000 -0001.000 -0001.000 -0001.000 -0001.000 -0001.000 -0001.000 -0001.000 -0001.000 -0001.000 -0001.000 -0001.000 -0001.000 -0001.000
00063.074 00062.215 00048.709 00041.504 00037.234 00031.158 00024.152 00028.739 00017.663 00007.840 00034.895 00034.833 00036.882 00045.227 00059.469 00066.132 00049.433 00046.834 00054.768 00061.512 00074.543 00075.902 00055.863 00066.083 00071.859 00039.640 00046.530 00039.875 00039.741 00046.897 00055.381 00071.790 00069.326 00061.600 -0001.000 -0001.000 -0001.000 -0001.000 -0001.000 -0001.000 -0001.000 -0001.000 -0001.000 -0001.000 -0001.000 -0001.000 -0001.000 -0001.000 -0001.000 -0001.000 -0001.000 -0001.000 -0001.000 -0001.000 -0001.000 -0001.000 -0001.000 -0001.000 -0001.000 -0001.000
00058.680 00058.550 00043.786 00039.216 00036.360 00032.258 00024.419 00026.214 00007.682 00002.510 00033.073 00035.104 00036.378 00040.607 00049.491 00058.299 00056.381 00051.966 00057.543 00066.580 00070.517 00065.789 00060.715 00054.302 00046.975 00064.245 00053.164 00053.555 00060.268 00060.740 00057.303 00058.310 00062.821 00068.744 00061.294 -0001.000 -0001.000 -0001.000 -0001.000 -0001.000 -0001.000 -0001.000 -0001.000 -0001.000 -0001.000 -0001.000 -0001.000 -0001.000 -0001.000 -0001.000 -0001.000 -0001.000 -0001.000 -0001.000 -0001.000 -0001.000 -0001.000 00012.740 00050.729 00078.738
00061.092 00057.740 00039.628 00037.872 00032.483 00028.548 00028.096 00018.163 00006.625 00024.224 00023.051 00029.055 00034.504 00036.725 00039.278 00038.528 00039.880 00047.398 00054.285 00056.293 00040.072 00041.525 00035.672 00039.851 00046.018 00058.456 00076.731 00077.265 00072.780 00085.684 00077.640 00071.611 00077.000 00076.009 00071.796 00063.479 -0001.000 -0001.000 -0001.000 -0001.000 -0001.000 -0001.000 -0001.000 -0001.000 -0001.000 -0001.000 -0001.000 -0001.000 -0001.000 -0001.000 -0001.000 -0001.000 -0001.000 00021.588 00022.517 00025.189 00025.534 00051.965 00124.050 00084.094
00057.541 00044.196 00039.736 00034.190 00030.171 00025.635 00024.953 00007.215 00008.495 00008.742 00019.022 00027.654 00026.686 00027.152 00028.601 00032.207 00038.173 00042.462 00024.994 00026.143 00023.982 00022.029 00033.249 00048.667 00064.946 00077.668 00107.647 00092.040 00094.466 00093.488 00088.699 00084.544 00095.873 00105.495 00092.683 00077.830 00069.014 -0001.000 -0001.000 -0001.000 -0001.000 -0001.000 -0001.000 -0001.000 -0001.000 -0001.000 -0001.000 -0001.000 -0001.000 -0001.000 00018.355 00022.262 00024.060 00025.684 00026.267 00045.128 00078.459 00120.676 00152.670 00120.119
00056.310 00041.421 00038.342 00031.243 00026.469 00025.520 00007.341 00006.802 00008.971 00008.554 00012.910 00019.275 00017.615 00019.170 00019.358 00020.241 00022.825 00026.160 00027.525 00038.589 00043.382 00042.590 00041.577 00045.540 00067.928 00091.437 00094.590 00099.604 00105.874 00101.916 00093.799 00100.158 00110.309 00115.050 00106.574 00094.209 00092.537 00081.252 -0001.000 -0001.000 -0001.000 -0001.000 -0001.000 -0001.000 -0001.000 -0001.000 -0001.000 -0001.000 -0001.000 00019.403 00022.427 00029.372 00044.561 00131.430 00115.950 00201.954 00178.148 00159.849 00154.284 00137.409
00043.363 00039.905 00033.565 00026.625 00022.174 00017.286 00006.235 00008.648 00009.879 00009.965 00010.058 00020.802 00024.307 00026.646 00030.996 00028.357 00030.385 00034.816 00040.811 00056.004 00059.183 00060.162 00043.917 00046.407 00056.231 00070.270 00086.445 00101.778 00105.268 00107.040 00101.542 00112.586 00123.489 00124.399 00120.292 00114.043 00117.360 00112.055 -0001.000 -0001.000 -0001.000 -0001.000 -0001.000 -0001.000 -0001.000 -0001.000 -0001.000 -0001.000 00018.766 00036.551 00076.502 00164.054 00142.878 00207.446 00208.371 00219.826 00201.949 00164.332 00144.056 00133.365
00035.997 00032.192 00025.712 00022.650 00021.941 00005.702 00005.756 00008.284 00010.415 00013.739 00038.953 00023.161 00028.945 00033.440 00038.628 00043.785 00035.552 00041.380 00047.685 00057.527 00068.828 00072.000 00092.566 00048.134 00058.795 00065.007 00086.482 00101.443 00099.189 00100.361 00103.300 00126.760 00130.764 00134.061 00131.508 00136.000 00144.153 00140.540 -0001.000 -0001.000 -0001.000 -0001.000 -0001.000 -0001.000 -0001.000 -0001.000 00017.154 00019.006 00044.698 00120.824 00168.518 00207.767 00211.609 00206.668 00197.042 00202.041 00175.608 00147.002 00134.647 00121.344
00027.595 00023.370 00022.423 00006.369 00005.382 00007.035 00008.273 00010.521 00011.794 00043.081 00045.228 00027.133 00032.613 00036.848 00043.830 00051.246 00038.774 00050.042 00065.140 00076.094 00090.869 00104.895 00093.892 00085.433 00056.820 00062.334 00070.825 00085.341 00096.252 00085.142 00104.869 00115.966 00133.506 00145.035 00136.555 00138.628 00149.955 00160.781 -0001.000 -0001.000 -0001.000 -0001.000 -0001.000 -0001.000 -0001.000 00019.261 00018.341 00062.154 00139.066 00174.788 00192.048 00205.967 00202.036 00196.493 00182.428 00181.767 00169.961 00137.105 00124.273 00116.063
00020.542 00011.205 00005.412 00005.489 00006.887 00008.996 00010.455 00018.067 00041.532 00042.799 00046.222 00034.524 00035.404 00038.258 00052.149 00068.313 00071.097 00046.537 00076.017 00094.636 00109.742 00127.076 00142.995 00110.275 00066.777 00055.130 00059.886 00067.277 00075.620 00083.423 00091.636 00109.584 00121.685 00119.562 00139.475 00138.905 00127.595 00138.128 -0001.000 -0001.000 -0001.000 -0001.000 -0001.000 -0001.000 00019.220 00048.948 00104.144 00138.820 00184.900 00206.918 00193.496 00187.245 00177.188 00180.059 00170.209 00157.863 00166.206 00146.101 00120.969 00113.317
00005.035 00005.171 00006.984 00007.869 00009.837 00010.722 00030.378 00039.913 00041.870 00044.170 00041.127 00041.852 00039.604 00052.045 00055.690 00078.472 00100.049 00046.456 00066.797 00092.447 00139.602 00137.967 00147.632 00127.683 00104.134 00045.342 00042.124 00040.273 00042.162 00054.465 00076.438 00083.178 00076.732 00090.326 00102.120 00098.533 00112.908 -0001.000 -0001.000 -0001.000 -0001.000 -0001.000 -0001.000 00019.765 00071.445 00169.352 00205.213 00198.507 00197.586 00191.847 00179.651 00172.396 00159.684 00159.790 00145.872 00145.122 00147.158 00147.161 00133.074 00123.951
00006.926 00006.639 00008.483 00010.463 00014.015 00014.226 00021.394 00042.111 00041.010 00038.012 00048.582 00051.410 -0001.000 -0001.000 00068.513 00087.257 00106.922 00067.574 00060.701 00074.420 00111.375 00132.383 00132.000 00127.732 00105.022 00098.596 00056.511 00050.066 00050.403 00055.330 00056.030 00055.000 00056.373 00062.537 00069.002 -0001.000 -0001.000 -0001.000 -0001.000 -0001.000 -0001.000 -0001.000 00014.389 00090.769 00141.197 00171.799 00187.066 00183.082 00174.159 00178.217 00171.676 00162.046 00153.423 00138.503 00125.117 00130.598 00114.214 00134.300 00132.555 00123.677
00010.039 00010.609 00011.774 00013.689 00013.715 00031.252 00036.691 00035.318 00047.513 00049.407 00048.404 -0001.000 -0001.000 -0001.000 -0001.000 00077.962 -0001.000 -0001.000 00047.624 00057.373 00068.776 00109.270 00116.292 00103.383 00100.311 00093.092 00091.188 -0001.000 -0001.000 -0001.000 00064.140 -0001.000 -0001.000 -0001.000 -0001.000 -0001.000 -0001.000 -0001.000 -0001.000 -0001.000 -0001.000 -0001.000 00009.899 00072.785 00107.706 00133.093 00163.223 00168.205 00164.203 00167.794 00166.583 00153.715 00146.587 00137.393 00120.494 00096.329 00097.105 00115.670 00121.738 00118.371
00012.347 00012.701 00014.045 00014.295 00033.994 00036.212 00044.831 00043.685 -0001.000 -0001.000 -0001.000 -0001.000 -0001.000 -0001.000 -0001.000 -0001.000 -0001.000 -0001.000 -0001.000 -0001.000 00053.411 00064.344 00092.383 00093.342 00095.730 -0001.000 -0001.000 -0001.000 -0001.000 -0001.000 -0001.000 -0001.000 -0001.000 -0001.000 -0001.000 -0001.000 -0001.000 -0001.000 -0001.000 -0001.000 -0001.000 -0001.000 00004.823 00020.886 00112.167 00129.365 00150.714 00166.745 00175.355 00165.903 00158.613 00139.887 00134.233 00133.379 00122.915 00100.162 00085.746 00097.290 00110.524 00109.941
00011.812 00010.819 00020.315 00038.767 00041.639 00042.074 -0001.000 -0001.000 -0001.000 -0001.000 -0001.000 -0001.000 -0001.000 -0001.000 -0001.000 -0001.000 -0001.000 -0001.000 -0001.000 -0001.000 -0001.000 -0001.000 -0001.000 00085.849 -0001.000 -0001.000 -0001.000 -0001.000 -0001.000 -0001.000 -0001.000 -0001.000 -0001.000 -0001.000 -0001.000 -0001.000 00030.028 -0001.000 -0001.000 -0001.000 -0001.000 -0001.000 00001.478 00001.936 00106.436 00147.554 00152.324 00158.436 00170.680 00166.606 00149.343 00125.524 00123.950 00130.214 00123.051 00099.536 00078.666 00085.923 00099.462 00101.513
00011.375 -0001.000 -0001.000 -0001.000 -0001.000 -0001.000 -0001.000 -0001.000 -0001.000 -0001.000 -0001.000 -0001.000 -0001.000 -0001.000 -0001.000 -0001.000 -0001.000 -0001.000 -0001.000 -0001.000 -0001.000 -0001.000 -0001.000 -0001.000 -0001.000 -0001.000 -0001.000 -0001.000 -0001.000 -0001.000 -0001.000 00019.590 00022.597 00026.064 00027.973 00031.709 00041.254 00035.954 00027.205 -0001.000 -0001.000 -0001.000 00002.129 00003.119 00174.109 00171.545 00160.095 00165.120 00165.220 00165.802 00150.514 00128.241 00120.343 00124.741 00120.078 00110.724 00073.683 00079.371 00085.332 00091.885
00017.141 00038.322 00038.432 00030.072 -0001.000 -0001.000 -0001.000 -0001.000 -0001.000 -0001.000 -0001.000 -0001.000 00027.485 -0001.000 -0001.000 -0001.000 -0001.000 -0001.000 -0001.000 -0001.000 -0001.000 -0001.000 -0001.000 -0001.000 -0001.000 -0001.000 -0001.000 -0001.000 00018.129 00019.928 00019.737 00021.364 00024.424 00027.317 00028.706 00030.843 00029.870 00030.372 00007.016 -0001.000 -0001.000 00002.268 00002.615 00004.003 00072.245 00139.340 00150.087 00154.624 00161.669 00164.113 00148.073 00126.678 00119.789 00119.535 00114.975 00107.884 00070.354 00070.716 00077.703 00091.770
00028.438 00033.570 00029.844 00041.869 00036.992 -0001.000 00024.491 00028.730 00030.275 00031.538 00031.452 00031.300 00031.519 00031.807 00032.322 00032.020 00030.409 00031.102 00028.374 -0001.000 -0001.000 -0001.000 -0001.000 -0001.000 00021.683 00022.025 00022.286 00021.723 00019.941 00019.734 00019.263 00020.571 00022.053 00023.997 00026.255 00031.040 00036.434 00037.038 00020.144 -0001.000 -0001.000 00002.649 00003.296 00016.136 00034.316 00079.892 00112.077 00118.451 00140.720 00154.266 00155.587 00119.000 00103.331 00109.305 00104.583 00098.760 00070.633 00065.224 00079.452 00087.226
00023.832 00035.323 00039.580 00030.771 00018.979 00024.618 00027.211 00028.402 00029.506 00031.507 00033.168 00032.576 00031.814 00032.344 00032.212 00032.309 00032.745 00035.078 00035.676 00026.194 00023.303 00025.947 00019.575 00022.770 00022.855 00023.829 00023.796 00022.320 00018.250 00017.034 00017.368 00018.344 00019.900 00021.617 00023.147 00024.715 00024.346 00010.164 00006.347 -0001.000 -0001.000 00002.864 00003.154 00003.688 00160.012 00093.224 00093.267 00090.458 00114.983 00138.125 00157.369 00112.965 00089.960 00092.409 00094.996 00096.880 00065.786 00062.911 00080.621 00080.403
00027.510 00032.935 00031.383 00035.450 00021.036 00027.589 00028.706 00030.171 00031.811 00033.759 00035.215 00035.829 00034.804 00034.022 00032.174 00032.327 00032.895 00035.523 00025.926 00025.220 00025.551 00024.128 00022.047 00020.519 00020.635 00021.164 00021.377 00019.625 00015.962 00004.145 00002.017 00002.314 00008.284 00016.615 00020.445 00024.823 00023.846 00015.801 00000.595 -0001.000 -0001.000 00002.864 00002.937 00003.033 00073.567 00100.606 00077.659 00076.819 00092.086 00119.110 00142.506 00110.173 00086.123 00080.050 00087.762 00085.293 00060.595 00060.753 00076.944 00082.962
00026.863 00025.662 00041.625 00018.378 00024.216 00024.709 00028.122 00031.655 00034.716 00038.255 00041.123 00042.385 00042.833 00037.793 00032.211 00029.801 00026.231 00024.262 00024.295 00025.036 00025.857 00026.789 00019.588 00018.019 00017.705 00017.138 00016.247 00004.853 00014.111 00017.783 00018.491 00019.079 00019.084 00018.906 00014.585 00018.205 00009.672 00006.853 -0001.000 -0001.000 -0001.000 -0001.000 00002.610 00002.717 00014.789 00093.232 00098.520 00068.168 00076.336 00102.666 00124.177 00106.551 00090.522 00075.861 00085.758 00079.346 00057.287 00058.725 00072.680 00088.632
00027.037 00023.482 00016.760 00019.268 00023.337 00026.865 00029.977 00031.870 00033.811 00037.567 00042.776 00049.769 00058.026 00065.797 00033.805 00025.962 00022.629 00021.968 00022.100 00022.431 00022.157 00018.024 00016.393 00013.513 00011.523 00010.178 00014.040 00015.033 00023.609 00024.286 00023.684 00027.090 00029.155 00030.199 00029.148 00020.938 00017.320 00000.567 -0001.000 -0001.000 -0001.000 -0001.000 00002.884 00002.934 00002.760 00046.666 00089.606 00061.823 00065.637 00080.737 00100.991 00105.606 00095.698 00089.606 00085.585 00086.760 00056.904 00056.642 00066.465 00078.419
