data/trial7/ashley.fml
NCOLS 382
NROWS 266
XLLCORNER 157819.328125
YLLCORNER 384678.625000
CELLSIZE 30.000000
NODATA_VALUE -1
[rows 204 to 237 of 266, columns 231 to 307 of 382]
02.51 02.51 02.57 02.62 02.63 02.65 02.64 02.63 02.64 02.62 02.60 01.82 01.79 01.76 01.74 01.72 01.69 01.66 01.61 01.57 01.49 01.42 01.33 01.23 01.01 00.75 01.03 01.13 01.15 01.16 01.61 01.98 02.05 02.09 02.11 02.09 02.11 02.12 02.13 02.15 02.17 02.18 02.19 02.19 02.20 02.22 02.24 02.26 02.14 01.76 01.77 01.77 01.77 01.77 01.77 01.77 01.77 01.78 02.12 02.21 02.23 02.25 02.26 02.26 02.27 02.29 02.30 02.31 02.33 02.34 02.35 02.42 02.43 02.44 02.45 02.46 02.47
02.41 02.43 02.45 02.47 02.47 02.48 02.48 02.49 02.49 02.28 01.74 01.73 01.70 01.68 01.66 01.64 01.59 01.56 01.52 01.46 01.36 01.29 01.17 00.98 00.73 01.06 01.19 01.25 02.10 02.09 02.09 02.08 02.09 02.12 02.14 02.16 02.13 02.14 02.16 02.17 02.18 02.19 02.20 02.21 02.21 02.22 01.91 01.72 01.74 01.76 01.78 01.79 01.79 01.79 01.79 01.94 02.13 02.18 02.20 02.22 02.24 02.25 02.26 02.27 02.28 02.29 02.31 02.32 02.34 02.37 02.43 02.44 02.46 02.42 02.45 02.46 02.47
02.32 02.33 02.34 02.36 02.36 02.37 02.38 02.37 01.69 01.69 01.66 01.64 01.63 01.60 01.57 01.54 01.50 01.45 01.40 01.33 01.24 01.11 00.92 00.66 01.09 01.18 01.25 02.19 02.30 02.35 02.15 02.16 02.15 02.15 02.16 02.18 02.18 02.14 02.16 02.18 02.20 02.21 02.22 01.91 01.71 01.71 01.72 01.73 01.74 01.76 01.78 01.80 01.81 01.93 02.16 02.20 02.21 02.21 02.21 02.22 02.23 02.25 02.27 02.28 02.29 02.30 02.31 02.33 02.41 02.43 02.45 02.45 02.44 02.47 02.47 02.47 02.47
02.20 02.22 02.23 02.26 02.27 02.01 01.65 01.64 01.62 01.60 01.58 01.56 01.54 01.51 01.47 01.43 01.39 01.31 01.24 01.15 01.05 00.84 00.44 01.14 01.21 01.47 02.20 02.29 02.33 02.37 02.40 02.44 02.17 02.17 02.18 02.18 02.19 02.20 02.18 02.17 01.90 01.70 01.71 01.71 01.71 01.72 01.72 01.73 01.74 01.75 01.76 02.00 02.15 02.20 02.22 02.23 02.23 02.23 02.23 02.23 02.24 02.26 02.27 02.28 02.29 02.31 02.38 02.41 02.43 02.45 02.45 02.46 02.47 02.46 02.47 02.48 02.47
02.11 02.11 01.81 01.59 01.59 01.59 01.58 01.58 01.57 01.55 01.52 01.48 01.47 01.42 01.37 01.30 01.22 01.14 01.07 00.92 00.72 00.89 01.18 01.23 01.67 02.23 02.30 02.33 02.35 02.37 02.40 02.44 02.34 02.32 02.27 02.20 02.14 01.81 01.71 01.70 01.68 01.70 01.72 01.72 01.72 01.73 01.73 01.74 01.86 02.09 02.16 02.19 02.21 02.22 02.24 02.24 02.25 02.25 02.25 02.25 02.26 02.27 02.28 02.28 02.36 02.39 02.41 02.43 02.45 02.46 02.46 02.47 02.43 02.45 02.48 02.49 02.49
01.54 01.54 01.52 01.51 01.50 01.50 01.50 01.50 01.49 01.47 01.48 01.44 01.37 01.31 01.23 01.15 01.08 00.95 00.76 00.36 01.17 01.21 01.24 01.85 02.22 02.28 02.32 02.34 02.36 02.38 02.40 02.42 02.40 02.39 02.02 01.82 01.69 01.69 01.73 01.74 01.72 01.70 01.71 01.72 01.74 01.83 02.08 02.14 02.16 02.18 02.19 02.20 02.21 02.23 02.24 02.25 02.26 02.27 02.27 02.28 02.28 02.28 02.35 02.38 02.40 02.41 02.42 02.43 02.45 02.45 02.45 02.44 02.47 02.49 02.49 02.50 02.50
01.51 01.49 01.48 01.46 01.43 01.41 01.42 01.43 01.43 01.41 01.36 01.32 01.26 01.16 01.09 00.97 00.78 00.37 01.13 01.20 01.23 01.53 02.14 02.23 02.26 02.30 02.33 02.35 02.36 02.39 02.40 02.42 02.43 02.11 01.93 01.92 01.89 01.87 01.70 01.73 01.75 01.74 01.87 02.07 02.13 02.16 02.18 02.18 02.18 02.19 02.20 02.21 02.22 02.23 02.25 02.26 02.28 02.29 02.29 02.32 02.38 02.39 02.40 02.40 02.41 02.42 02.43 02.44 02.45 02.46 02.47 02.47 02.49 02.50 02.50 02.51 02.53
01.44 01.43 01.41 01.40 01.39 01.37 01.34 01.33 01.31 01.27 01.23 01.16 01.09 01.00 00.81 00.57 01.10 01.17 01.21 01.45 02.12 02.20 02.23 02.25 02.29 02.31 02.33 02.34 02.35 02.38 02.40 02.42 01.99 01.92 01.94 01.96 01.98 01.98 01.98 01.95 02.12 02.16 02.16 02.15 02.16 02.18 02.19 02.20 02.21 02.21 02.22 02.22 02.22 02.24 02.25 02.27 02.28 02.30 02.38 02.39 02.41 02.41 02.41 02.41 02.42 02.43 02.44 02.45 02.46 02.47 02.47 02.49 02.49 02.50 02.52 02.54 02.55
01.41 01.39 01.36 01.32 01.29 01.23 01.19 01.15 01.12 01.09 01.05 00.96 00.80 00.63 01.08 01.16 01.20 01.41 02.12 02.19 02.22 02.24 02.25 02.25 02.29 02.32 02.33 02.34 02.35 02.37 02.36 01.88 01.89 01.90 01.92 01.94 01.96 01.96 02.24 02.32 02.21 02.21 02.20 02.19 02.17 02.18 02.20 02.21 02.21 02.22 02.23 02.23 02.24 02.24 02.25 02.31 02.37 02.39 02.40 02.41 02.42 02.41 02.41 02.42 02.42 02.43 02.44 02.46 02.46 02.47 02.48 02.49 02.51 02.53 02.53 02.55 02.56
01.29 01.26 01.22 01.20 01.15 01.09 01.04 00.97 00.90 00.81 00.73 00.40 01.08 01.14 01.20 01.24 01.97 02.17 02.21 02.33 02.31 02.05 02.14 02.20 02.25 02.30 02.33 02.33 02.35 02.15 01.85 01.86 01.87 01.89 01.91 01.92 01.93 02.23 02.30 02.33 02.34 02.23 02.22 02.21 02.20 02.19 02.20 02.21 02.23 02.24 02.24 02.24 02.27 02.33 02.35 02.38 02.39 02.40 02.41 02.42 02.42 02.42 02.43 02.43 02.43 02.44 02.45 02.46 02.47 02.47 02.48 02.52 02.53 02.50 02.54 02.55 02.55
01.13 01.09 01.05 01.03 00.96 00.84 00.72 00.44 00.99 01.07 01.10 01.13 01.16 01.32 01.97 02.14 02.19 02.21 02.30 02.40 02.26 02.18 02.03 02.12 02.20 02.24 02.28 02.32 01.89 01.84 01.85 01.86 01.87 01.89 01.89 02.03 02.25 02.29 02.31 02.33 02.34 02.36 02.37 02.26 02.23 02.20 02.21 02.22 02.23 02.26 02.33 02.35 02.36 02.38 02.38 02.39 02.40 02.41 02.42 02.43 02.43 02.43 02.44 02.44 02.44 02.45 02.45 02.46 02.48 02.51 02.52 02.53 02.54 02.55 02.55 02.56 02.57
00.94 00.83 00.74 00.63 00.33 01.04 01.09 01.12 01.15 01.16 01.38 01.74 02.01 02.09 02.13 02.17 02.19 02.24 02.44 02.46 02.19 01.79 02.01 02.00 02.10 02.19 01.89 01.77 01.80 01.83 01.85 01.86 01.90 01.93 02.18 02.26 02.29 02.30 02.31 02.33 02.34 02.32 02.33 02.34 02.29 02.24 02.25 02.31 02.33 02.36 02.37 02.38 02.38 02.39 02.39 02.40 02.41 02.41 02.41 02.42 02.43 02.44 02.44 02.45 02.45 02.45 02.46 02.50 02.52 02.54 02.54 02.55 02.55 02.56 02.57 02.57 02.58
01.48 00.88 00.30 01.64 01.60 01.41 01.16 01.66 01.97 02.04 02.06 02.08 02.09 02.11 02.14 02.17 02.20 02.34 02.46 02.44 02.43 02.47 01.66 01.50 01.58 01.65 01.71 01.75 01.78 01.80 01.83 01.86 01.88 02.20 02.27 02.28 02.29 02.31 02.32 02.33 02.34 02.35 02.35 02.35 02.41 02.38 02.36 02.34 02.36 02.37 02.39 02.39 02.39 02.39 02.40 02.40 02.40 02.40 02.42 02.42 02.43 02.44 02.44 02.45 02.48 02.50 02.51 02.52 02.53 02.54 02.55 02.56 02.56 02.57 02.57 02.58 02.59
00.90 00.78 01.63 01.89 02.12 02.12 02.07 02.01 02.04 02.06 02.09 02.11 02.12 02.13 02.14 02.17 02.23 02.29 02.40 02.51 02.39 02.44 02.20 01.78 01.73 01.65 01.65 01.69 01.73 01.77 01.80 02.13 02.21 02.24 02.27 02.28 02.30 02.31 02.33 02.34 02.35 02.36 02.37 02.42 02.44 02.45 02.39 02.38 02.36 02.38 02.39 02.40 02.40 02.40 02.41 02.41 02.42 02.42 02.43 02.44 02.44 02.45 02.49 02.51 02.51 02.52 02.53 02.53 02.54 02.55 02.56 02.56 02.57 02.57 02.58 02.59 02.59
01.35 01.57 02.02 02.16 02.11 02.05 02.01 02.00 02.00 02.04 02.07 02.11 02.13 02.14 02.15 02.16 02.23 02.30 02.37 02.38 02.31 02.39 02.43 02.25 02.12 02.17 02.17 02.23 02.27 02.29 02.25 02.20 02.17 02.20 02.25 02.28 02.30 02.31 02.33 02.34 02.36 02.39 02.43 02.44 02.45 02.46 02.46 02.39 02.37 02.38 02.40 02.41 02.41 02.42 02.42 02.42 02.43 02.43 02.43 02.45 02.48 02.50 02.52 02.53 02.53 02.54 02.54 02.54 02.55 02.55 02.56 02.57 02.58 02.58 02.59 02.60 02.60
02.13 02.20 02.20 02.16 02.08 02.03 01.91 01.93 01.95 02.00 02.10 02.15 02.14 02.14 02.13 02.16 02.20 02.14 01.75 01.88 02.05 02.21 02.29 02.34 02.27 02.20 02.24 02.26 02.26 02.26 02.21 02.17 02.16 02.16 02.20 02.25 02.29 02.31 02.33 02.34 02.41 02.43 02.45 02.45 02.46 02.47 02.47 02.47 02.40 02.39 02.40 02.41 02.42 02.42 02.43 02.43 02.44 02.47 02.48 02.50 02.51 02.52 02.53 02.54 02.54 02.55 02.55 02.55 02.56 02.56 02.57 02.58 02.58 02.59 02.60 02.60 02.73
02.22 02.34 02.04 01.95 01.66 01.66 01.78 01.87 01.93 01.97 02.05 02.12 02.17 02.06 01.79 01.65 01.67 01.70 01.74 01.98 01.89 02.03 02.10 02.31 02.33 02.29 02.20 02.08 02.39 02.37 02.30 01.75 02.02 02.08 02.12 02.18 02.26 02.30 02.33 02.39 02.42 02.44 02.46 02.46 02.46 02.48 02.48 02.49 02.49 02.39 02.40 02.41 02.42 02.43 02.46 02.48 02.50 02.50 02.51 02.51 02.52 02.53 02.54 02.54 02.55 02.55 02.56 02.56 02.56 02.57 02.57 02.58 02.59 02.60 02.67 02.95 03.14
02.26 02.24 02.09 02.18 02.29 02.31 01.42 01.42 01.46 01.52 01.77 01.62 01.65 01.68 01.68 01.67 01.67 01.69 01.73 01.78 01.88 01.95 02.24 02.30 02.33 02.34 02.33 02.29 02.21 01.95 01.85 01.87 01.85 01.91 02.09 02.16 02.22 02.35 02.38 02.41 02.42 02.43 02.45 02.45 02.47 02.47 02.49 02.50 02.50 02.40 02.41 02.45 02.47 02.49 02.50 02.51 02.51 02.51 02.52 02.52 02.53 02.53 02.54 02.55 02.55 02.56 02.56 02.56 02.56 02.57 02.58 02.59 02.66 02.92 03.13 03.18 03.22
02.31 01.99 02.10 02.15 02.20 02.21 01.84 01.42 01.46 01.51 01.56 01.60 01.63 01.66 01.69 01.69 01.69 01.69 01.72 01.76 02.01 02.19 02.25 02.30 02.30 02.31 02.26 02.29 02.34 02.38 02.19 02.16 01.90 01.98 02.10 02.21 02.32 02.37 02.39 02.41 02.42 02.43 02.44 02.46 02.47 02.49 02.48 02.50 02.51 02.53 02.48 02.48 02.50 02.50 02.51 02.51 02.52 02.52 02.52 02.53 02.53 02.54 02.55 02.55 02.56 02.57 02.57 02.57 02.58 02.58 02.71 02.92 03.11 03.16 03.21 03.22 03.23
02.03 01.92 01.99 02.05 02.08 02.04 02.11 01.55 01.47 01.50 01.54 01.58 01.62 01.67 01.70 01.71 01.93 02.05 02.09 02.12 02.16 02.26 02.28 02.29 02.29 02.26 02.27 02.29 02.32 02.31 02.29 02.30 02.31 01.99 02.09 02.20 02.28 02.36 02.39 02.41 02.42 02.43 02.44 02.46 02.46 02.47 02.49 02.50 02.53 02.54 02.53 02.50 02.50 02.51 02.52 02.52 02.53 02.53 02.53 02.53 02.54 02.54 02.54 02.55 02.56 02.57 02.58 02.58 02.83 03.08 03.12 03.15 03.18 03.20 03.21 03.22 03.23
01.73 01.81 01.83 01.91 01.99 02.02 02.29 02.18 01.92 01.89 01.87 01.88 01.84 01.98 02.07 02.10 02.12 02.13 02.13 02.14 02.22 02.28 02.37 02.39 02.33 02.26 02.28 02.30 02.33 02.40 02.42 02.38 02.43 01.96 02.04 02.17 02.26 02.33 02.38 02.40 02.42 02.43 02.44 02.45 02.46 02.47 02.50 02.53 02.54 02.54 02.55 02.54 02.51 02.51 02.52 02.53 02.54 02.54 02.54 02.54 02.54 02.54 02.55 02.56 02.57 02.58 02.79 03.02 03.13 03.18 03.18 03.19 03.19 03.20 03.21 03.21 03.22
01.63 01.66 01.76 01.86 01.90 02.22 02.32 02.34 02.11 01.91 01.92 01.96 01.99 02.03 02.08 02.13 02.14 02.15 02.15 02.18 02.25 02.32 02.38 02.33 02.26 02.18 02.18 02.23 02.32 02.37 02.41 02.45 02.45 02.41 02.03 02.16 02.26 02.31 02.36 02.39 02.41 02.43 02.44 02.45 02.47 02.50 02.53 02.54 02.54 02.55 02.56 02.57 02.51 02.51 02.51 02.53 02.55 02.55 02.55 02.56 02.56 02.56 02.57 02.66 02.89 03.08 03.12 03.17 03.19 03.20 03.19 03.19 03.19 03.18 03.19 03.20 03.20
01.68 01.80 01.92 02.08 02.15 02.23 02.29 02.36 02.28 02.13 01.97 01.96 01.99 02.06 02.10 02.13 02.16 02.17 02.17 02.17 02.24 02.32 02.39 02.40 02.19 02.11 02.11 02.21 02.26 02.32 02.34 02.38 02.43 02.43 02.16 02.12 02.24 02.29 02.34 02.38 02.41 02.43 02.45 02.48 02.49 02.50 02.53 02.55 02.55 02.56 02.57 02.57 02.58 02.52 02.52 02.53 02.55 02.56 02.56 02.57 02.61 02.80 02.97 03.09 03.13 03.16 03.17 03.19 03.20 03.20 03.20 03.19 03.18 03.18 03.18 03.18 03.18
02.07 02.10 02.07 02.11 02.16 02.22 02.27 02.32 02.37 02.35 02.06 01.95 01.97 02.03 02.09 02.12 02.15 02.17 02.18 02.19 02.20 02.27 02.35 02.41 02.35 02.25 02.18 02.16 01.99 02.28 02.34 02.35 02.37 02.42 02.41 02.08 02.19 02.28 02.32 02.36 02.40 02.45 02.48 02.49 02.50 02.51 02.52 02.54 02.56 02.57 02.58 02.58 02.58 02.53 02.53 02.54 02.55 02.57 02.75 02.95 03.07 03.11 03.14 03.15 03.16 03.17 03.18 03.19 03.19 03.20 03.19 03.18 03.18 03.17 03.17 03.17 03.17
02.08 02.11 02.14 02.11 02.16 02.19 02.25 02.31 02.35 02.38 02.39 01.92 01.96 02.00 02.05 02.10 02.13 02.17 02.18 02.20 02.28 02.32 02.37 02.40 02.43 02.39 02.33 02.26 02.19 02.03 01.97 02.38 02.38 02.38 02.38 02.27 02.30 02.23 02.35 02.43 02.45 02.47 02.48 02.50 02.51 02.51 02.52 02.54 02.56 02.58 02.58 02.58 02.58 02.57 02.62 02.78 02.93 03.05 03.09 03.12 03.14 03.16 03.16 03.17 03.17 03.17 03.18 03.18 03.18 03.19 03.19 03.18 03.18 03.17 03.16 03.15 03.14
02.06 02.09 02.11 02.10 02.10 02.14 02.20 02.26 02.31 02.33 02.26 02.38 02.09 02.11 02.13 02.14 02.21 02.25 02.28 02.30 02.32 02.35 02.37 02.40 02.41 02.41 02.43 02.38 02.31 02.21 02.09 02.16 02.42 02.40 02.41 02.32 02.33 02.35 02.38 02.41 02.43 02.45 02.46 02.49 02.51 02.51 02.52 02.53 02.55 02.58 02.57 02.57 02.58 02.87 03.07 03.09 03.10 03.12 03.13 03.15 03.16 03.16 03.17 03.17 03.17 03.17 03.17 03.18 03.18 03.18 03.18 03.18 03.18 03.17 03.16 03.14 03.12
02.07 02.08 02.10 02.13 02.11 02.12 02.15 02.21 02.26 02.31 02.38 02.32 02.33 02.21 02.18 02.22 02.25 02.28 02.30 02.32 02.33 02.35 02.37 02.38 02.40 02.42 02.44 02.46 02.42 02.35 02.25 02.22 02.04 02.03 02.09 02.71 02.45 02.37 02.39 02.40 02.41 02.41 02.43 02.46 02.48 02.49 02.50 02.51 02.53 02.54 02.56 02.67 02.99 03.14 03.21 03.16 03.14 03.12 03.14 03.15 03.16 03.16 03.16 03.16 03.16 03.16 03.17 03.17 03.17 03.18 03.18 03.18 03.18 03.17 03.16 03.14 03.12
02.08 02.09 02.10 02.12 02.14 02.15 02.21 02.27 02.32 02.37 02.38 02.38 02.38 02.31 02.17 02.21 02.26 02.28 02.30 02.32 02.33 02.35 02.36 02.38 02.40 02.42 02.44 02.45 02.46 02.46 02.36 02.30 02.22 02.19 02.11 02.61 02.18 02.57 02.56 02.65 02.66 02.59 02.41 02.46 02.49 02.45 02.38 02.43 02.51 02.53 02.82 03.08 03.15 03.18 03.20 03.23 03.17 03.14 03.13 03.14 03.15 03.15 03.15 03.15 03.15 03.15 03.16 03.16 03.16 03.16 03.17 03.17 03.17 03.17 03.15 03.14 03.13
02.20 02.21 02.23 02.24 02.27 02.29 02.27 02.29 02.32 02.36 02.39 02.40 02.40 02.40 02.22 02.20 02.24 02.28 02.30 02.32 02.33 02.35 02.36 02.38 02.40 02.42 02.44 02.45 02.47 02.48 02.45 02.38 02.31 02.29 02.23 02.20 02.62 02.46 02.47 02.68 02.68 02.65 02.62 02.67 02.66 02.55 02.56 02.69 02.81 02.97 03.07 03.14 03.18 03.19 03.20 03.23 03.24 03.16 03.13 03.13 03.13 03.14 03.14 03.14 03.14 03.15 03.15 03.15 03.15 03.16 03.16 03.16 03.16 03.16 03.15 03.15 03.14
02.24 02.24 02.25 02.26 02.28 02.29 02.27 02.29 02.31 02.35 02.38 02.41 02.41 02.42 02.43 02.17 02.21 02.26 02.29 02.33 02.34 02.35 02.36 02.38 02.39 02.41 02.44 02.48 02.49 02.49 02.47 02.45 02.40 02.36 02.31 02.28 02.75 02.78 02.66 02.57 02.77 02.93 02.70 02.71 02.69 02.57 02.45 02.44 02.67 02.91 03.07 03.11 03.16 03.19 03.19 03.20 03.23 03.21 03.14 03.11 03.12 03.13 03.13 03.13 03.13 03.13 03.14 03.14 03.14 03.15 03.15 03.15 03.15 03.15 03.15 03.15 03.11
02.24 02.24 02.25 02.27 02.28 02.29 02.31 02.29 02.31 02.34 02.37 02.40 02.42 02.44 02.45 02.14 02.19 02.23 02.28 02.32 02.34 02.35 02.36 02.38 02.42 02.45 02.47 02.49 02.50 02.51 02.50 02.48 02.47 02.43 02.39 02.36 02.87 02.89 02.80 02.78 02.73 02.69 02.66 02.65 02.40 02.52 02.25 02.28 02.47 02.67 03.00 03.08 03.12 03.16 03.18 03.18 03.20 03.22 03.15 03.12 03.11 03.12 03.13 03.13 03.13 03.13 03.13 03.14 03.13 03.13 03.13 03.14 03.14 03.14 02.84 03.01 03.03
02.25 02.25 02.25 02.27 02.28 02.30 02.31 02.29 02.31 02.33 02.34 02.36 02.41 02.46 02.46 02.48 02.19 02.25 02.27 02.33 02.39 02.41 02.43 02.44 02.45 02.47 02.48 02.49 02.51 02.51 02.52 02.51 02.49 02.49 02.47 02.48 02.97 03.01 02.94 02.91 02.90 02.84 02.78 02.76 02.60 02.53 02.07 02.16 02.22 02.55 02.83 03.03 03.07 03.12 03.16 03.17 03.18 03.19 03.22 03.13 03.10 03.10 03.11 03.12 03.12 03.13 03.13 03.13 03.12 03.12 03.12 03.12 -1.00 -1.00 -1.00 02.08 02.92
02.26 02.26 02.26 02.27 02.28 02.30 02.31 02.33 02.30 02.32 02.34 02.36 02.39 02.44 02.49 02.45 02.41 02.33 02.36 02.39 02.41 02.43 02.44 02.45 02.46 02.47 02.48 02.50 02.51 02.52 02.53 02.54 02.53 02.52 02.52 02.67 03.06 03.07 03.05 03.00 02.98 02.95 02.91 02.86 02.77 02.65 02.75 02.07 02.18 02.48 02.68 02.92 03.02 03.07 03.12 03.16 03.17 03.17 03.19 03.21 03.11 03.08 03.09 03.10 03.11 03.12 03.12 03.12 03.12 01.82 -1.00 -1.00 -1.00 -1.00 -1.00 -1.00 02.43
02.26 02.26 02.27 02.27 02.29 02.30 02.31 02.33 02.34 02.33 02.37 02.41 02.44 02.47 02.49 02.49 02.48 02.35 02.35 02.39 02.42 02.44 02.45 02.46 02.47 02.48 02.49 02.50 02.51 02.52 02.53 02.54 02.55 02.54 02.61 03.02 03.14 03.13 03.10 03.06 03.04 02.99 02.97 02.94 02.92 02.84 02.82 01.98 02.18 02.39 02.60 02.82 03.00 03.05 03.14 03.16 03.18 03.18 03.17 03.19 03.20 03.08 03.08 03.09 03.11 03.11 03.10 03.05 02.79 01.96 01.93 -1.00 -1.00 -1.00 -1.00 -1.00 -1.00
