data/trial7/ashley.hpa
NCOLS 382
NROWS 266
XLLCORNER 157819.328125
YLLCORNER 384678.625000
CELLSIZE 30.000000
NODATA_VALUE -1
[rows 78 to 103 of 266, columns 120 to 179 of 382]
-0001.000 -0001.000 -0001.000 -0001.000 -0001.000 -0001.000 -0001.000 -0001.000 -0001.000 -0001.000 -0001.000 -0001.000 -0001.000 -0001.000 -0001.000 -0001.000 -0001.000 -0001.000 -0001.000 -0001.000 -0001.000 -0001.000 -0001.000 -0001.000 -0001.000 -0001.000 -0001.000 -0001.000 -0001.000 -0001.000 -0001.000 -0001.000 -0001.000 00099.835 00099.673 00099.452 00099.414 00099.437 00099.432 00099.369 00099.083 00181.973 00494.553 00494.770 00498.511 00502.802 00499.344 01313.836 01323.799 01319.880 01283.540 01256.281 01241.321 01210.492 01169.136 01138.479 01104.001 01064.930 01110.165 01136.817
00455.022 00460.245 00463.755 -0001.000 -0001.000 -0001.000 00091.729 -0001.000 -0001.000 -0001.000 -0001.000 -0001.000 -0001.000 -0001.000 -0001.000 -0001.000 -0001.000 -0001.000 -0001.000 -0001.000 -0001.000 -0001.000 -0001.000 -0001.000 -0001.000 -0001.000 -0001.000 -0001.000 -0001.000 -0001.000 -0001.000 -0001.000 -0001.000 00099.643 00099.724 00099.964 00100.171 00100.108 00099.829 00099.145 00098.528 00098.426 00098.993 00100.297 00101.703 00134.205 00501.877 01333.885 01321.906 01320.181 01284.709 01239.507 01233.691 01197.335 01158.453 01142.171 01118.329 01077.955 01057.163 01059.224
00461.301 00465.457 00468.437 00476.191 00091.168 00091.485 00486.198 00490.689 00498.110 00095.491 00095.651 00095.794 00095.982 00096.165 00096.223 -0001.000 -0001.000 -0001.000 -0001.000 -0001.000 00097.118 -0001.000 -0001.000 -0001.000 -0001.000 -0001.000 -0001.000 -0001.000 -0001.000 -0001.000 -0001.000 -0001.000 00098.388 00099.845 00099.436 00100.137 00100.462 00100.247 00100.365 00100.954 00100.405 00099.633 00098.852 00098.409 00100.714 00503.471 00640.006 01339.418 01320.080 01317.643 01279.252 01218.188 01227.892 01195.388 01167.529 01145.969 01127.163 01099.846 01100.121 01101.316
00466.396 00468.778 00472.318 00476.910 00091.303 00091.689 00489.472 00496.722 00498.418 00095.529 00095.700 00095.887 00096.076 00096.225 00096.351 00096.564 00096.676 00096.871 00097.024 00097.127 00097.232 00099.192 00100.623 00100.751 -0001.000 -0001.000 -0001.000 00105.106 -0001.000 -0001.000 -0001.000 -0001.000 00099.679 00100.519 00100.908 00101.938 00102.520 00102.927 00102.943 00102.869 00102.833 00100.729 00098.749 00098.578 00099.868 00501.214 00500.732 01338.141 01318.217 01306.719 01274.282 01249.780 01213.416 01196.920 01175.628 01153.670 01144.139 01143.959 01142.363 01140.709
00470.052 00411.667 00305.903 00477.565 00091.403 00109.126 00489.063 00497.213 00498.528 00095.549 00095.730 00095.920 00096.122 00096.275 00096.442 00096.622 00096.793 00096.952 00097.085 00097.199 00097.290 00099.921 00099.096 00102.214 00102.906 00104.223 00105.392 00105.916 00105.120 00104.194 00102.795 00102.559 00100.902 00100.247 00101.785 00102.827 00103.187 00103.006 00102.735 00102.851 00102.641 00102.165 00102.991 00099.321 00353.505 00501.043 00499.786 01265.815 01311.737 01311.721 01259.129 01237.118 01219.380 01210.283 01196.623 01193.235 01189.895 01186.805 01182.903 01179.676
00115.912 00302.514 00242.562 00276.854 00097.880 00485.835 00489.465 00497.179 00498.527 00095.567 00095.750 00095.936 00096.145 00096.303 00096.485 00096.664 00096.857 00097.010 00097.145 00097.254 00097.350 00099.044 00099.708 00101.996 00103.919 00105.948 00106.732 00105.684 00105.049 00104.413 00102.887 00101.523 00100.297 00101.696 00102.524 00102.851 00103.059 00102.964 00102.874 00102.769 00102.634 00102.485 00126.821 00118.989 00501.685 00502.157 00692.350 00591.391 00478.755 01143.626 01277.526 01240.014 01233.937 01229.886 01228.094 01226.321 01225.124 01223.134 01221.728 01220.425
00089.249 00089.877 00132.965 00125.500 00091.308 00118.941 00491.408 00497.223 00498.419 00095.543 00095.768 00095.950 00096.168 00096.327 00096.514 00096.700 00096.900 00097.056 00097.206 00097.302 00097.411 00097.493 00100.037 00102.970 00103.750 00105.547 00106.085 00106.328 00106.119 00105.253 00103.317 00101.247 00100.828 00101.699 00102.462 00103.111 00103.214 00103.144 00102.781 00102.415 00102.063 00118.167 00204.047 00502.498 00503.269 00479.489 00477.029 00476.610 00474.073 00473.297 00473.351 00473.704 00566.674 00504.727 00474.273 00473.685 00824.914 00518.481 00472.219 00472.018
00089.383 00091.020 00127.010 00156.770 00208.311 00484.400 00491.881 00497.626 00223.333 00095.499 00095.722 00095.963 00096.186 00096.351 00096.547 00096.740 00096.939 00097.102 00097.262 00097.365 00097.467 00097.554 00101.036 00101.211 00103.793 00105.012 00106.400 00106.685 00105.805 00105.436 00102.920 00100.821 00101.328 00101.575 00102.905 00103.536 00103.583 00102.423 00101.784 00101.848 00101.949 00102.281 00502.394 00502.506 00502.592 00481.093 00474.437 00474.395 00474.191 00474.079 00473.777 00473.966 00473.897 00474.158 00473.685 00473.707 00473.582 00507.662 00474.725 00472.553
00159.222 00089.218 00089.629 00245.429 00477.590 00482.891 00490.910 00496.816 00095.244 00095.453 00095.672 00095.912 00096.184 00096.372 00096.582 00096.780 00096.978 00097.152 00097.306 00097.425 00097.523 00097.772 00098.073 00099.863 00102.353 00103.609 00104.844 00105.230 00105.935 00104.199 00102.405 00101.975 00101.591 00102.528 00103.310 00102.988 00102.362 00101.842 00101.930 00102.027 00102.207 00102.478 00117.073 00500.824 00501.447 00478.814 00474.658 00474.734 00474.951 00475.070 00474.619 00474.527 00474.102 00474.430 00482.738 00475.394 00473.738 00473.976 00474.327 00474.710
00097.089 00098.021 00089.011 00471.939 00476.994 00481.792 00489.901 00495.743 00095.173 00095.392 00095.613 00095.858 00096.113 00096.343 00096.610 00096.817 00097.011 00097.199 00097.359 00097.482 00097.581 00097.666 00097.966 00099.813 00101.386 00103.138 00103.722 00102.420 00102.222 00103.058 00103.647 00102.422 00102.386 00103.122 00102.499 00102.019 00102.052 00102.111 00102.168 00102.180 00102.184 00137.565 00502.119 00500.289 00496.722 00486.497 00477.344 00475.086 00475.305 00475.452 00475.161 00474.842 00476.043 00477.616 00474.809 00484.064 00492.081 00495.450 00484.182 00493.381
00086.480 00098.792 00308.725 00471.092 00475.810 00479.882 00486.282 00493.109 00104.865 00095.303 00095.566 00095.773 00096.026 00096.284 00096.543 00096.851 00097.042 00097.234 00097.409 00097.543 00097.639 00097.723 00097.789 00099.962 00101.221 00101.554 00101.616 00101.793 00101.862 00101.894 00101.923 00101.796 00101.970 00102.027 00102.258 00102.250 00102.268 00102.338 00102.377 00102.241 00126.125 00299.517 00499.032 00492.469 00489.238 00486.494 00475.860 00475.332 00475.538 00475.425 00475.395 00475.313 00479.097 00475.194 00486.115 00494.683 00492.886 00494.429 00496.101 00495.022
00084.861 00085.409 00085.743 00122.775 00473.216 00477.284 00481.591 00488.251 00495.299 00095.116 00095.509 00095.681 00095.938 00096.215 00097.016 00171.693 00097.073 00097.275 00097.453 00097.602 00097.700 00097.780 00098.226 00100.794 00101.246 00101.279 00101.542 00101.639 00101.996 00102.025 00101.771 00101.678 00101.694 00102.068 00102.227 00102.294 00102.371 00102.452 00102.327 00102.162 00102.029 00153.395 00189.936 00485.341 00482.093 00479.333 00474.615 00474.780 00475.126 00475.139 00475.119 00475.219 00475.475 00483.441 00497.443 00495.041 00492.213 00492.799 00493.812 00495.706
00081.331 00082.944 00084.540 00111.463 00470.790 00475.961 00480.475 00486.809 00494.630 00095.107 00095.249 00096.529 00096.406 00172.588 00221.186 00242.542 00097.012 00100.796 00097.493 00097.665 00097.761 00097.840 00099.307 00098.673 00100.803 00101.195 00101.212 00101.598 00101.927 00101.986 00101.981 00101.826 00101.975 00102.161 00102.284 00102.352 00102.388 00102.344 00102.210 00102.192 00103.775 00145.337 00503.313 00481.358 00479.140 00476.542 00475.815 00473.732 00474.252 00474.601 00475.633 00474.725 00496.373 00497.300 00494.313 00492.258 00491.112 00492.841 00493.668 00497.968
00077.212 00078.940 00155.054 00259.042 00469.794 00475.280 00479.666 00485.458 00442.605 00095.287 00095.165 00095.618 00096.828 00119.688 00308.952 00505.446 00137.491 00189.783 00097.538 00097.729 00097.823 00097.900 00098.025 00099.544 00099.628 00100.255 00100.972 00101.837 00102.005 00102.227 00102.152 00102.137 00102.228 00102.262 00102.297 00102.348 00102.381 00102.361 00102.376 00102.434 00102.245 00102.027 00137.404 00494.009 00478.987 00474.022 00473.400 00473.024 00473.449 00473.960 00476.677 00495.667 00491.708 00496.256 00491.476 00488.826 00490.526 00491.055 00495.876 00499.196
00084.827 00072.795 00092.112 00458.531 00466.842 00472.629 00476.603 00481.116 00488.045 00114.665 00150.272 00114.039 00291.075 00500.210 00501.959 00503.440 00502.791 00338.432 00155.506 00097.783 00097.946 00098.331 00098.532 00098.826 00099.283 00099.576 00100.685 00101.726 00102.124 00102.102 00101.993 00101.980 00102.016 00102.116 00102.101 00102.069 00102.123 00102.230 00102.231 00102.197 00102.118 00107.847 00125.147 00502.947 00493.215 00474.740 00481.953 00489.131 00496.501 00497.950 00489.860 00495.754 00520.744 00500.116 00490.030 00487.668 00490.295 00492.295 00498.026 00500.231
00353.476 00346.864 00441.237 00451.824 00463.177 00467.997 00473.429 00477.762 00483.453 00491.752 00094.307 00116.858 00249.270 00501.388 00502.381 00500.892 00501.464 00501.836 00317.300 00098.329 00098.253 00098.662 00098.917 00099.924 00099.794 00100.731 00101.811 00101.978 00101.910 00101.801 00101.710 00101.683 00101.772 00101.877 00101.873 00101.881 00101.969 00102.007 00101.932 00101.893 00101.850 00138.047 00235.031 00503.499 00503.173 00501.426 00499.371 00499.218 00498.342 00499.297 00497.698 00502.439 00517.579 00504.358 00496.529 00487.797 00491.191 00493.310 00498.009 00499.998
00400.965 00405.694 00427.829 00420.081 00456.996 00464.432 00469.980 00474.580 00478.463 00483.365 00488.615 00492.020 00198.952 00502.132 00502.627 00503.438 00501.327 00501.093 00501.186 00100.087 00099.199 00099.233 00101.005 00100.850 00101.554 00101.628 00101.669 00101.564 00101.495 00101.460 00101.455 00101.473 00101.504 00101.549 00101.616 00101.679 00101.735 00101.679 00101.535 00101.368 00101.241 00120.369 00495.654 00504.705 00504.845 00505.331 00500.228 00499.706 00500.260 00500.715 00500.520 00512.553 00514.061 00504.204 00498.102 00488.152 00492.107 00494.581 00499.358 00499.032
00316.986 00326.993 00404.358 00433.037 00447.851 00459.919 00466.516 00471.491 00475.022 00478.381 00482.078 00490.331 00447.623 00501.746 00503.413 00506.280 00504.553 00501.385 00100.961 00100.734 00100.669 00101.090 00100.748 00101.123 00100.997 00101.147 00101.223 00101.019 00100.915 00101.117 00101.225 00101.284 00101.319 00101.354 00101.384 00101.380 00101.345 00101.315 00101.292 00101.209 00101.101 00101.212 00123.913 00503.274 00505.664 00505.977 00505.750 00500.432 00500.732 00501.032 00500.589 00506.611 00513.013 00506.877 00500.401 00498.571 00493.911 00495.091 00494.623 00499.227
00432.419 00183.769 00364.674 00413.539 00437.047 00452.674 00460.482 00465.106 00471.232 00477.049 00483.442 00490.030 00496.745 00501.321 00504.466 00505.769 00507.435 00506.134 00101.435 00100.490 00101.143 00101.241 00101.133 00100.933 00100.935 00100.879 00100.698 00100.527 00100.671 00101.001 00101.064 00101.096 00101.093 00101.099 00101.106 00101.108 00101.105 00101.097 00101.120 00101.179 00101.148 00101.059 00101.531 00102.579 00504.782 00504.625 00505.860 00499.380 00500.123 00500.480 00506.880 00515.140 00513.069 00509.871 00503.387 00492.081 00494.491 00494.090 00494.806 00494.843
00460.094 00450.242 00256.442 00389.109 00430.962 00443.188 00455.285 00465.142 00472.470 00478.518 00484.045 00491.042 00496.662 00500.900 00503.684 00505.155 00507.263 00509.346 00101.764 00101.558 00101.291 00100.945 00100.853 00100.861 00100.767 00100.516 00100.388 00100.282 00100.448 00100.643 00100.857 00100.867 00100.826 00100.830 00100.837 00100.938 00101.031 00101.115 00101.125 00101.119 00101.006 00100.943 00100.935 00101.983 00502.087 00504.095 00505.920 00498.193 00499.189 00500.914 00513.967 00514.813 00511.327 00507.946 00493.082 00493.612 00494.250 00494.968 00495.236 00495.596
00471.161 00448.417 00299.532 00401.108 00433.515 00445.858 00456.655 00466.250 00473.699 00479.210 00484.724 00491.957 00499.355 00500.419 00502.213 00504.479 00506.798 00509.293 00101.783 00101.369 00101.075 00100.474 00100.573 00100.676 00100.561 00100.375 00100.241 00100.191 00100.288 00100.471 00100.713 00100.689 00100.667 00100.644 00100.644 00100.688 00100.730 00100.799 00100.908 00100.937 00100.863 00100.762 00100.872 00102.090 00381.575 00504.455 00505.974 00496.535 00498.660 00501.576 00508.470 00511.624 00510.037 00494.288 00494.300 00495.057 00494.371 00495.231 00495.331 00495.407
00467.330 00445.825 00311.916 00408.785 00435.157 00447.271 00458.014 00467.003 00474.522 00479.694 00485.447 00493.025 00501.092 00500.883 00501.380 00503.808 00506.457 00509.220 00101.791 00101.034 00100.473 00100.315 00100.424 00100.379 00100.259 00100.192 00100.136 00100.140 00100.369 00100.429 00100.419 00100.428 00100.445 00100.467 00100.508 00100.558 00100.607 00100.591 00100.552 00100.648 00100.665 00100.565 00100.835 00102.458 00341.763 00504.863 00506.272 00501.055 00502.867 00498.556 00509.009 00509.992 00508.809 00497.560 00495.363 00494.786 00494.844 00495.437 00495.435 00495.556
00468.014 00446.625 00303.721 00404.413 00434.892 00448.602 00459.290 00466.977 00475.811 00480.073 00486.746 00494.194 00501.153 00501.466 00502.359 00503.885 00505.988 00509.135 00101.560 00101.743 00100.167 00100.296 00100.148 00099.972 00100.069 00100.129 00099.910 00099.958 00100.231 00100.207 00100.210 00100.221 00100.257 00100.292 00100.342 00100.393 00100.443 00100.437 00100.440 00100.511 00100.601 00100.680 00100.819 00102.942 00502.804 00505.983 00506.886 00508.419 00506.348 00501.144 00510.796 00509.779 00503.652 00495.688 00495.199 00495.274 00495.343 00495.595 00495.720 00496.056
00468.300 00447.521 00294.967 00400.948 00434.033 00447.875 00459.588 00466.883 00476.507 00481.176 00487.254 00495.084 00501.548 00502.102 00503.048 00504.156 00506.101 00507.416 00116.986 00124.298 00100.038 00100.076 00099.827 00099.789 00100.015 00099.962 00099.717 00099.770 00099.897 00100.021 00100.058 00100.081 00100.107 00100.133 00100.174 00100.216 00100.256 00100.282 00100.324 00100.396 00100.468 00100.675 00100.877 00109.356 00503.597 00507.478 00507.278 00508.444 00504.831 00503.694 00509.674 00508.752 00511.901 00495.904 00495.585 00495.447 00495.746 00495.952 00496.154 00496.300
00469.543 00450.073 00282.858 00396.794 00433.164 00447.156 00459.102 00467.412 00476.602 00481.777 00487.922 00495.914 00501.709 00502.657 00503.994 00504.513 00505.867 00240.055 00509.867 00205.841 00109.370 00099.573 00099.561 00099.707 00099.757 00099.656 00099.579 00099.695 00099.804 00099.893 00099.908 00099.907 00099.890 00099.905 00099.954 00100.004 00100.059 00100.119 00100.180 00100.231 00100.374 00100.598 00100.894 00124.342 00504.304 00506.173 00507.828 00506.062 00505.905 00502.839 00506.863 00515.890 00503.931 00502.206 00495.708 00495.743 00496.056 00496.153 00496.341 00496.543
00471.380 00453.593 00246.896 00392.065 00431.809 00446.387 00458.769 00468.264 00476.612 00481.140 00487.304 00496.111 00501.841 00503.082 00504.644 00504.296 00506.103 00509.442 00509.960 00328.583 00154.288 00099.008 00099.457 00099.568 00099.410 00099.456 00099.605 00099.642 00099.698 00099.739 00099.733 00099.721 00099.710 00099.734 00099.771 00099.809 00099.845 00099.890 00099.977 00100.049 00100.280 00100.523 00100.795 00126.549 00505.603 00505.181 00506.483 00506.040 00505.618 00504.869 00505.412 00505.840 00513.825 00495.990 00495.853 00496.042 00496.240 00496.340 00496.327 00496.958
