data/trial7/ashley.toa
NCOLS 382
NROWS 266
XLLCORNER 157819.328125
YLLCORNER 384678.625000
CELLSIZE 30.000000
NODATA_VALUE -1
[rows 182 to 207 of 266, columns 180 to 239 of 382]
00013.397 00013.470 00013.548 00013.626 00013.704 00013.782 00013.860 00013.938 00014.020 00014.075 00014.122 00014.167 00014.211 00014.254 00014.297 00014.339 00014.382 00014.425 00014.469 00014.513 00014.556 00014.600 00014.644 00014.688 00014.732 00014.776 00014.823 00014.871 00014.920 00014.969 00015.021 00015.079 00015.139 00015.202 00015.265 00015.326 00015.384 00015.441 00015.498 00015.556 00015.613 00015.668 00015.725 00015.782 00015.843 00015.904 00015.966 00016.040 00016.127 00016.216 00016.305 00016.396 00016.486 00016.572 00016.655 00016.737 00016.819 00016.902 00016.987 00017.048
00013.591 00013.663 00013.736 00013.812 00013.888 00013.965 00014.034 00014.082 00014.126 00014.167 00014.208 00014.249 00014.291 00014.334 00014.377 00014.420 00014.463 00014.506 00014.549 00014.593 00014.637 00014.680 00014.724 00014.768 00014.812 00014.856 00014.902 00014.948 00014.995 00015.048 00015.104 00015.162 00015.221 00015.280 00015.338 00015.395 00015.449 00015.505 00015.560 00015.615 00015.670 00015.727 00015.784 00015.842 00015.900 00015.961 00016.039 00016.128 00016.219 00016.309 00016.396 00016.486 00016.572 00016.655 00016.739 00016.823 00016.909 00016.996 00017.051 00017.090
00013.786 00013.855 00013.926 00013.998 00014.053 00014.098 00014.140 00014.181 00014.221 00014.261 00014.301 00014.342 00014.382 00014.423 00014.463 00014.504 00014.545 00014.587 00014.631 00014.675 00014.719 00014.762 00014.806 00014.850 00014.894 00014.938 00014.982 00015.031 00015.083 00015.135 00015.187 00015.241 00015.294 00015.349 00015.404 00015.458 00015.513 00015.568 00015.624 00015.681 00015.737 00015.796 00015.854 00015.914 00015.976 00016.051 00016.137 00016.225 00016.314 00016.403 00016.497 00016.592 00016.680 00016.762 00016.840 00016.923 00017.006 00017.055 00017.093 00017.128
00013.990 00014.044 00014.080 00014.121 00014.160 00014.199 00014.237 00014.276 00014.316 00014.356 00014.404 00014.436 00014.477 00014.517 00014.557 00014.596 00014.637 00014.678 00014.719 00014.761 00014.802 00014.844 00014.888 00014.932 00014.976 00015.023 00015.073 00015.124 00015.176 00015.226 00015.279 00015.331 00015.385 00015.440 00015.495 00015.548 00015.601 00015.656 00015.711 00015.766 00015.822 00015.879 00015.936 00015.994 00016.070 00016.149 00016.230 00016.318 00016.411 00016.508 00016.612 00016.716 00016.813 00016.898 00016.976 00017.058 00017.104 00017.134 00017.168 00017.203
00014.204 00014.189 00014.209 00014.229 00014.262 00014.301 00014.339 00014.380 -0001.000 -0001.000 00014.573 00014.581 00014.592 00014.617 00014.657 00014.697 00014.735 00014.774 00014.812 00014.854 00014.896 00014.937 00014.979 00015.024 00015.071 00015.119 00015.168 00015.219 00015.270 00015.321 00015.374 00015.426 00015.481 00015.537 00015.594 00015.649 00015.700 00015.753 00015.806 00015.859 00015.912 00015.966 00016.028 00016.106 00016.185 00016.266 00016.348 00016.431 00016.521 00016.619 00016.723 00016.825 00016.918 00017.004 00017.077 00017.175 00017.224 00017.262 00017.289 00017.291
-0001.000 -0001.000 -0001.000 00014.579 00014.422 00014.414 00014.513 00014.653 -0001.000 -0001.000 -0001.000 00014.889 00014.778 00014.767 00014.765 00014.803 00014.840 00014.877 00014.915 00014.954 00014.992 00015.034 00015.082 00015.129 00015.177 00015.224 00015.272 00015.321 00015.370 00015.418 00015.470 00015.523 00015.579 00015.637 00015.696 00015.752 00015.805 00015.858 00015.911 00015.963 00016.021 00016.092 00016.163 00016.235 00016.307 00016.379 00016.457 00016.542 00016.630 00016.723 00016.815 00016.905 00016.991 00017.051 00017.101 00017.209 00017.257 00017.298 00017.333 00017.367
-0001.000 -0001.000 -0001.000 -0001.000 00014.659 00014.634 00014.569 00014.632 -0001.000 -0001.000 -0001.000 00015.175 00014.957 00014.930 00014.921 00014.916 00014.952 00014.989 00015.027 00015.065 00015.106 00015.150 00015.193 00015.237 00015.283 00015.330 00015.378 00015.426 00015.475 00015.524 00015.573 00015.625 00015.681 00015.740 00015.799 00015.855 00015.909 00015.962 00016.020 00016.091 00016.160 00016.229 00016.300 00016.372 00016.444 00016.517 00016.590 00016.667 00016.747 00016.828 00016.909 00016.992 00017.052 00017.097 00017.163 00017.267 00017.340 00017.381 00017.410 00017.443
-0001.000 -0001.000 -0001.000 -0001.000 -0001.000 -0001.000 -0001.000 -0001.000 -0001.000 -0001.000 00015.597 00015.281 00015.134 00015.107 00015.084 00015.076 00015.075 00015.114 00015.152 00015.190 00015.228 00015.267 00015.309 00015.353 00015.397 00015.441 00015.485 00015.533 00015.581 00015.629 00015.678 00015.729 00015.784 00015.843 00015.901 00015.959 00016.018 00016.086 00016.153 00016.226 00016.299 00016.374 00016.447 00016.516 00016.586 00016.658 00016.731 00016.804 00016.879 00016.959 00017.029 00017.073 00017.111 00017.154 00017.271 00017.404 00017.490 00017.533 00017.541 00017.550
-0001.000 -0001.000 -0001.000 -0001.000 -0001.000 -0001.000 -0001.000 -0001.000 -0001.000 -0001.000 00015.538 00015.394 00015.336 00015.292 00015.259 00015.244 00015.238 00015.243 00015.281 00015.318 00015.355 00015.393 00015.432 00015.471 00015.513 00015.557 00015.602 00015.646 00015.691 00015.738 00015.787 00015.839 00015.895 00015.953 00016.019 00016.101 00016.173 00016.241 00016.307 00016.375 00016.442 00016.517 00016.592 00016.666 00016.739 00016.808 00016.877 00016.949 00017.019 00017.065 00017.102 00017.138 00017.177 00017.244 00017.382 00017.513 00017.610 00017.656 00017.672 00017.683
-0001.000 -0001.000 -0001.000 -0001.000 -0001.000 -0001.000 -0001.000 -0001.000 -0001.000 -0001.000 00015.837 00015.613 00015.530 00015.466 00015.434 00015.410 00015.406 00015.402 00015.413 00015.450 00015.486 00015.522 00015.558 00015.597 00015.636 00015.675 00015.719 00015.763 00015.808 00015.853 00015.898 00015.945 00015.998 00016.075 00016.156 00016.237 00016.317 00016.399 00016.477 00016.544 00016.611 00016.676 00016.741 00016.814 00016.887 00016.961 00017.027 00017.070 00017.107 00017.141 00017.174 00017.208 00017.249 00017.315 00017.449 00017.573 00017.671 00017.718 00017.777 00017.820
-0001.000 00020.154 00020.063 -0001.000 -0001.000 -0001.000 -0001.000 -0001.000 -0001.000 -0001.000 00015.979 00015.778 00015.707 00015.642 00015.610 00015.577 00015.572 00015.569 00015.569 00015.584 00015.620 00015.654 00015.690 00015.726 00015.764 00015.803 00015.842 00015.882 00015.926 00015.970 00016.020 00016.082 00016.149 00016.221 00016.297 00016.380 00016.465 00016.548 00016.628 00016.705 00016.780 00016.844 00016.909 00016.974 00017.032 00017.072 00017.109 00017.144 00017.178 00017.212 00017.245 00017.280 00017.320 00017.385 00017.508 00017.637 00017.731 00017.810 00017.856 00017.889
00020.231 00020.083 00019.895 00019.640 -0001.000 -0001.000 -0001.000 -0001.000 -0001.000 -0001.000 00016.083 00015.971 00015.891 00015.819 00015.786 00015.753 00015.740 00015.734 00015.735 00015.737 00015.756 00015.790 00015.823 00015.858 00015.894 00015.931 00015.971 00016.013 00016.063 00016.116 00016.175 00016.234 00016.295 00016.369 00016.448 00016.529 00016.613 00016.695 00016.775 00016.852 00016.927 00017.000 00017.053 00017.087 00017.120 00017.153 00017.186 00017.219 00017.251 00017.283 00017.315 00017.349 00017.387 00017.457 00017.577 00017.707 00017.840 00017.941 00017.994 00018.051
00020.168 00020.029 00019.715 00019.384 00019.393 -0001.000 -0001.000 -0001.000 -0001.000 -0001.000 -0001.000 00016.193 00016.088 00015.997 00015.964 00015.932 00015.909 00015.903 00015.899 00015.902 00015.906 00015.928 00015.961 00015.994 00016.035 00016.082 00016.130 00016.179 00016.230 00016.282 00016.334 00016.394 00016.457 00016.521 00016.588 00016.669 00016.751 00016.831 00016.911 00017.002 00017.131 00017.225 00017.294 00017.265 00017.252 00017.248 00017.268 00017.300 00017.332 00017.363 00017.395 00017.427 00017.463 00017.522 00017.655 00017.785 00017.916 00018.022 00018.081 00018.135
00020.164 00019.959 00019.641 00019.297 00019.133 00018.771 00018.712 -0001.000 -0001.000 -0001.000 -0001.000 -0001.000 00016.305 00016.215 00016.173 00016.133 00016.098 00016.089 00016.080 00016.082 00016.087 00016.092 00016.127 00016.169 00016.212 00016.255 00016.302 00016.350 00016.399 00016.452 00016.505 00016.559 00016.617 00016.684 00016.753 00016.823 00016.894 00017.015 00017.149 00017.264 00017.385 00017.532 00017.679 00017.675 00017.553 00017.453 00017.419 00017.400 00017.422 00017.453 00017.483 00017.513 00017.560 00017.697 00017.825 00017.954 00018.071 00018.140 00018.187 00018.237
00020.166 00019.918 00019.572 00019.245 00018.952 00018.704 00018.527 00018.271 00018.309 -0001.000 -0001.000 -0001.000 00016.625 00016.441 00016.396 00016.354 00016.313 00016.300 00016.291 00016.287 00016.292 00016.299 00016.309 00016.350 00016.392 00016.436 00016.479 00016.526 00016.574 00016.624 00016.678 00016.733 00016.788 00016.844 00016.911 00016.986 00017.048 00017.136 00017.316 00017.490 00017.671 00017.826 00017.933 00018.149 00018.056 00017.755 00017.607 00017.567 00017.554 00017.550 00017.581 00017.613 00017.686 00017.818 00017.952 00018.117 00018.264 00018.335 00018.367 00018.377
00020.172 00019.931 00019.557 00019.211 00018.903 00018.675 00018.422 00018.141 00018.010 00017.609 00017.522 00017.119 00016.781 00016.685 00016.630 00016.600 00016.647 00016.675 00016.649 00016.623 00016.636 00016.605 00016.541 00016.535 00016.577 00016.620 00016.663 00016.706 00016.753 00016.804 00016.855 00016.909 00016.965 00017.019 00017.061 00017.100 00017.144 00017.230 00017.407 00017.577 00017.751 00017.950 00018.169 00018.106 00017.935 00017.874 00017.822 00017.727 00017.710 00017.702 00017.699 00017.724 00017.779 00017.865 00018.004 00018.193 00018.339 00018.416 00018.474 00018.537
00020.199 00019.944 00019.568 00019.216 00018.912 00018.674 00018.432 00018.167 00017.885 00017.659 00017.350 00017.120 00017.051 00016.981 00016.942 00016.928 00017.064 00017.170 00017.162 00017.141 00017.142 00017.102 00016.869 00016.747 00016.772 00016.813 00016.853 00016.895 00016.939 00016.987 00017.031 00017.064 00017.095 00017.125 00017.157 00017.193 00017.238 00017.363 00017.537 00017.721 00017.805 00017.900 00017.919 00017.870 00017.836 00017.827 00017.849 00017.872 00017.875 00017.854 00017.854 00017.864 00017.898 00017.960 00018.147 00018.342 00018.443 00018.522 00018.524 00018.580
00020.282 00020.037 00019.640 00019.260 00018.928 00018.686 00018.455 00018.222 00017.978 00017.756 00017.531 00017.357 00017.250 00017.184 00017.138 00017.178 00017.305 00017.422 00017.535 00017.511 00017.488 00017.527 00017.255 00017.022 00016.984 00017.014 00017.041 00017.066 00017.090 00017.116 00017.140 00017.165 00017.193 00017.221 00017.251 00017.288 00017.391 00017.499 00017.558 00017.619 00017.713 00017.771 00017.783 00017.787 00017.800 00017.835 00017.863 00017.893 00017.925 00017.954 00017.988 00018.016 00018.067 00018.150 00018.338 00018.409 00018.436 00018.504 00018.559 00018.611
00020.373 00020.135 00019.796 00019.408 00019.046 00018.786 00018.547 00018.312 00018.078 00017.855 00017.693 00017.543 00017.439 00017.352 00017.370 00017.418 00017.515 00017.631 00017.751 00017.876 00017.875 00017.868 00017.627 00017.309 00017.136 00017.153 00017.169 00017.183 00017.201 00017.222 00017.244 00017.268 00017.292 00017.318 00017.348 00017.391 00017.435 00017.491 00017.538 00017.591 00017.691 00017.716 00017.738 00017.786 00017.822 00017.852 00017.886 00017.921 00017.955 00017.989 00018.036 00018.089 00018.142 00018.195 00018.345 00018.430 00018.486 00018.590 00018.625 00018.658
00020.479 00020.226 00019.954 00019.558 00019.194 00018.893 00018.654 00018.417 00018.183 00018.017 00017.871 00017.725 00017.650 00017.619 00017.587 00017.682 00017.774 00017.865 00017.960 00018.118 00018.303 00018.317 00018.007 00017.707 00017.394 00017.397 00017.400 00017.375 00017.344 00017.332 00017.354 00017.375 00017.395 00017.422 00017.451 00017.484 00017.521 00017.559 00017.600 00017.644 00017.696 00017.743 00017.780 00017.820 00017.858 00017.892 00017.926 00017.961 00017.996 00018.047 00018.101 00018.154 00018.209 00018.282 00018.449 00018.505 00018.542 00018.578 00018.613 00018.674
00020.623 00020.358 00020.111 00019.755 00019.374 00019.017 00018.766 00018.558 00018.381 00018.212 00018.047 00017.928 00017.834 00017.857 00017.893 00017.959 00018.064 00018.180 00018.304 00018.430 00018.568 00018.777 00018.469 00018.142 00017.825 00017.780 00017.776 00017.725 00017.552 00017.504 00017.471 00017.491 00017.511 00017.531 00017.552 00017.579 00017.614 00017.648 00017.683 00017.718 00017.756 00017.793 00017.830 00017.867 00017.902 00017.937 00017.972 00018.011 00018.064 00018.118 00018.171 00018.225 00018.287 00018.376 00018.449 00018.493 00018.549 00018.612 00018.669 00018.724
00020.785 00020.500 00020.243 00019.970 00019.567 00019.199 00018.942 00018.755 00018.576 00018.408 00018.263 00018.172 00018.025 00018.016 00018.132 00018.282 00018.425 00018.554 00018.671 00018.796 00018.928 00019.108 00018.972 00018.648 00018.313 00018.235 00018.253 00018.091 00017.773 00017.670 00017.639 00017.612 00017.630 00017.647 00017.665 00017.691 00017.719 00017.749 00017.777 00017.810 00017.843 00017.875 00017.908 00017.942 00017.976 00018.014 00018.062 00018.110 00018.159 00018.208 00018.259 00018.310 00018.366 00018.430 00018.498 00018.560 00018.617 00018.674 00018.730 00018.786
00020.966 00020.656 00020.383 00020.143 00019.840 00019.511 00019.213 00018.953 00018.778 00018.609 00018.486 00018.399 00018.356 00018.337 00018.482 00018.621 00018.762 00018.910 00019.092 00019.295 00019.517 00019.783 00019.842 00019.248 00018.858 00018.788 00018.951 00018.325 00017.977 00017.846 00017.807 00017.776 00017.753 00017.770 00017.788 00017.811 00017.838 00017.866 00017.891 00017.914 00017.939 00017.963 00017.994 00018.035 00018.079 00018.124 00018.170 00018.219 00018.267 00018.315 00018.363 00018.417 00018.470 00018.525 00018.582 00018.637 00018.693 00018.748 00018.805 00018.862
00021.494 00020.924 00020.634 00020.377 00020.140 00019.845 00019.522 00019.237 00018.987 00018.816 00018.714 00018.633 00018.566 00018.651 00018.794 00019.012 00019.269 00019.444 00019.706 00019.967 00020.166 00020.394 00020.389 00020.063 00019.628 00019.567 00019.257 00018.508 00018.145 00018.042 00017.985 00017.941 00017.915 00017.897 00017.916 00017.935 00017.958 00017.988 00018.020 00018.046 00018.066 00018.096 00018.127 00018.160 00018.201 00018.247 00018.292 00018.339 00018.385 00018.431 00018.480 00018.529 00018.578 00018.627 00018.677 00018.730 00018.786 00018.842 00018.899 00018.955
00032.369 00021.453 00020.909 00020.630 00020.381 00020.146 00019.861 00019.574 00019.305 00019.048 00018.945 00018.862 00018.819 00018.775 00018.913 00019.143 00019.583 00020.011 00020.334 00020.578 00020.795 00021.001 00021.089 00020.723 00020.392 00020.149 00019.399 00018.687 00018.362 00018.269 00018.194 00018.135 00018.099 00018.070 00018.053 00018.083 00018.114 00018.145 00018.174 00018.202 00018.229 00018.251 00018.277 00018.311 00018.345 00018.380 00018.422 00018.468 00018.513 00018.558 00018.604 00018.650 00018.697 00018.747 00018.798 00018.847 00018.898 00018.949 00019.002 00019.113
00033.001 00032.328 00021.440 00020.926 00020.645 00020.409 00020.186 00019.940 00019.650 00019.429 00019.287 00019.149 00019.118 00019.120 00019.180 00019.336 00019.722 00020.130 00020.497 00020.881 00021.427 00021.662 00021.888 00021.176 00020.583 00020.145 00019.591 00018.988 00018.692 00018.522 00018.403 00018.345 00018.298 00018.270 00018.244 00018.243 00018.278 00018.314 00018.340 00018.364 00018.395 00018.426 00018.449 00018.470 00018.505 00018.541 00018.577 00018.613 00018.654 00018.697 00018.740 00018.785 00018.832 00018.878 00018.923 00018.969 00019.038 00019.140 00019.247 00019.361
