data/trial7/ashley.ros
NCOLS 382
NROWS 266
XLLCORNER 157819.328125
YLLCORNER 384678.625000
CELLSIZE 30.000000
NODATA_VALUE -1
[rows 170 to 203 of 266, columns 228 to 303 of 382]
24.01 24.92 28.07 31.81 08.46 09.47 13.16 29.21 31.49 40.57 36.63 35.15 34.14 30.43 06.27 07.39 14.28 22.65 49.75 102.74 81.10 69.84 55.25 51.99 46.83 109.34 103.92 120.07 127.85 119.98 112.43 106.35 98.81 93.79 88.91 84.35 81.23 80.05 78.50 77.68 76.50 74.98 56.34 74.58 79.01 63.13 82.13 88.85 79.23 51.79 47.85 46.03 39.20 19.50 09.94 30.20 59.83 53.10 27.22 19.49 80.85 48.59 43.53 39.19 22.83 23.99 21.99 10.01 08.80 07.72 07.43 07.51 08.40 09.06 09.88 10.10
26.48 30.01 33.32 08.39 09.24 20.68 74.64 85.61 59.66 49.58 44.31 35.54 27.09 23.03 20.05 04.79 12.45 28.48 50.04 58.35 56.37 51.50 57.71 131.37 138.28 117.54 125.34 118.23 111.24 105.64 101.43 96.69 91.06 85.50 81.50 78.90 75.47 73.83 72.54 69.76 66.44 62.30 59.45 61.69 79.11 79.26 77.41 74.99 43.62 40.19 36.82 32.92 30.87 25.05 32.62 42.98 30.13 24.95 19.62 75.21 83.13 51.27 40.87 37.18 12.18 10.08 09.21 09.17 07.89 07.56 06.93 07.01 07.50 08.29 08.05 08.34
30.02 27.19 10.03 09.08 103.57 56.73 74.14 52.37 42.97 37.08 30.45 23.16 16.95 17.60 12.61 15.01 20.97 23.92 43.98 45.07 72.98 106.60 134.86 128.82 122.41 116.85 110.22 106.36 99.15 95.45 92.16 88.25 83.11 80.81 75.35 71.47 69.36 65.69 61.59 57.90 53.16 65.66 76.91 78.52 76.50 73.06 69.24 37.90 33.83 30.55 28.22 26.07 25.53 27.33 28.37 25.08 20.05 70.97 71.19 80.25 84.94 52.63 35.62 34.90 15.26 11.33 08.61 07.98 07.82 06.95 06.85 06.67 07.27 06.86 07.01 06.32
24.72 24.25 07.97 47.17 68.83 59.45 41.27 36.61 27.19 19.24 13.28 12.70 11.63 12.34 14.63 14.65 18.61 33.25 105.15 98.90 131.22 127.88 120.19 112.99 108.96 105.19 102.35 98.10 92.48 88.91 86.04 80.86 78.16 73.23 63.42 64.77 69.48 78.88 78.56 77.29 76.96 77.71 76.96 73.27 67.56 60.44 33.11 30.89 31.76 28.28 26.11 26.49 25.58 23.56 21.15 48.65 71.71 79.69 79.69 81.20 81.66 54.18 31.09 33.57 08.98 08.37 08.60 07.92 07.79 08.01 07.42 06.52 06.55 06.80 06.06 05.74
26.60 21.22 20.96 30.22 37.55 31.50 27.45 17.95 12.45 11.37 11.06 10.73 10.25 13.83 40.64 69.04 115.62 127.53 118.43 126.47 121.46 113.84 108.16 102.92 101.44 99.09 96.73 91.69 88.18 85.89 78.37 75.36 66.92 62.50 68.71 74.83 78.32 82.19 84.14 81.19 80.11 76.62 67.20 59.09 57.68 33.51 30.63 29.38 26.04 24.38 22.67 20.27 53.02 70.20 62.33 69.49 77.38 80.37 79.38 79.47 78.42 41.27 30.25 16.49 09.41 09.10 08.35 07.99 07.71 07.82 07.26 06.74 06.59 06.15 05.64 04.36
23.51 25.59 25.81 25.60 28.00 25.72 18.32 13.19 12.91 12.97 45.13 49.57 41.47 47.97 45.97 88.78 105.95 111.25 114.35 113.33 109.48 104.32 100.75 98.64 97.51 94.78 91.51 87.51 85.40 77.48 74.87 65.57 66.66 70.64 72.48 74.97 79.55 81.05 81.35 78.46 71.86 65.66 62.43 57.79 34.02 28.66 26.57 23.78 24.99 63.05 60.81 69.60 67.62 61.25 67.94 72.57 75.05 77.88 79.03 74.88 67.82 27.28 28.36 11.57 09.90 09.45 08.44 07.83 08.11 07.25 06.73 06.31 05.51 04.71 03.27 02.37
37.27 33.14 30.68 30.60 29.38 17.94 13.27 14.17 41.41 47.40 51.27 47.11 45.10 46.99 52.34 89.06 100.11 103.71 104.64 103.73 100.37 97.56 96.34 95.68 92.50 90.20 87.17 82.40 76.90 75.16 67.24 67.63 69.36 70.46 72.57 74.77 76.80 73.93 68.82 64.52 66.66 62.27 58.71 33.24 29.02 28.64 31.20 24.28 76.11 63.65 67.68 66.68 62.41 66.02 70.97 71.17 72.74 75.36 69.14 61.21 40.11 25.44 24.43 24.48 10.23 09.84 08.52 07.36 06.98 06.79 06.12 05.79 04.11 02.37 02.54 05.32
33.70 32.50 31.34 29.15 19.70 15.91 18.40 36.00 42.68 47.61 46.26 45.53 44.91 40.66 71.70 89.04 95.78 97.63 97.24 95.86 94.40 93.35 92.54 90.23 88.26 85.41 81.68 76.46 74.68 68.48 68.28 67.71 68.62 70.98 72.49 73.28 69.93 65.22 63.01 59.72 61.49 65.84 37.26 33.82 35.63 37.56 62.56 72.75 69.53 64.92 63.77 61.49 63.13 67.61 68.77 69.71 68.92 61.67 56.60 53.89 23.19 22.30 24.64 13.83 10.77 10.32 08.46 06.88 05.97 07.79 07.60 05.76 03.58 02.14 02.13 05.10
34.39 31.54 31.00 22.79 18.73 20.29 31.85 40.59 41.83 42.90 41.39 39.92 36.91 40.95 78.15 87.74 90.84 92.60 92.52 91.18 89.38 87.99 85.85 85.00 82.20 79.09 75.23 73.78 70.54 71.75 66.88 68.18 70.91 73.91 70.77 67.13 63.29 62.71 57.19 60.74 60.48 51.85 34.07 35.83 47.77 57.28 67.98 67.59 63.15 59.45 59.40 61.28 64.75 66.12 65.66 63.25 57.98 52.51 50.15 27.98 21.60 21.38 18.52 23.02 10.80 10.61 08.65 06.59 10.25 12.98 11.02 05.81 03.45 02.37 02.74 05.06
35.28 34.11 24.82 21.45 25.40 29.85 34.65 38.54 39.94 38.14 35.13 33.80 33.69 65.29 80.85 86.77 89.00 88.21 86.74 85.12 84.22 80.75 77.35 74.92 73.54 72.42 71.18 70.45 71.41 67.14 69.61 71.99 71.69 69.02 64.71 64.72 63.70 61.20 60.28 59.73 56.22 31.10 35.08 44.10 51.56 60.35 64.90 62.02 56.12 56.52 58.01 62.09 62.51 59.41 57.32 54.60 48.94 47.81 39.72 20.48 19.81 19.35 19.56 08.91 10.83 08.85 07.83 10.64 10.29 09.00 06.30 04.45 03.66 02.08 03.10 09.69
38.01 31.05 25.24 27.35 31.02 32.86 33.90 36.00 35.05 34.12 31.49 31.59 54.47 75.06 81.23 82.95 82.84 81.95 80.30 78.62 75.32 70.74 69.91 68.87 68.52 68.21 67.92 67.99 67.25 68.44 68.58 67.17 66.72 65.23 66.57 63.30 61.64 62.01 58.39 57.53 45.22 35.47 41.65 48.64 53.91 61.99 58.51 55.22 53.84 54.64 56.08 54.84 52.67 51.00 49.37 46.34 44.77 43.81 18.17 17.97 18.25 18.22 12.80 09.88 09.48 07.87 07.12 06.85 05.94 06.74 03.61 03.24 04.13 01.43 03.34 06.88
33.06 27.79 27.83 28.49 31.39 31.41 31.32 31.63 31.52 30.35 29.99 36.72 65.99 73.83 76.60 76.51 75.36 73.80 72.16 70.43 67.66 66.98 66.35 64.65 65.05 65.35 65.49 64.83 64.19 63.30 62.89 62.53 62.25 61.28 59.63 61.18 59.54 57.66 59.17 54.43 35.34 41.40 47.36 52.33 53.76 50.82 49.47 50.20 49.47 48.42 47.35 46.64 45.60 44.40 42.80 40.91 39.94 17.05 16.32 16.51 16.94 16.55 10.42 11.92 07.33 08.56 08.79 08.67 09.24 06.68 03.42 04.08 04.77 05.27 08.20 10.97
26.49 26.69 27.46 27.94 28.72 29.39 29.54 29.51 29.35 28.72 27.29 57.14 66.42 68.95 69.12 68.24 67.64 67.21 66.34 64.71 63.55 61.97 60.74 61.77 61.74 60.96 59.56 59.63 59.48 58.83 57.02 55.30 55.21 54.82 53.53 54.03 55.30 55.43 55.03 36.13 41.07 44.34 46.08 44.97 44.10 43.74 43.86 43.47 43.43 42.04 41.27 40.58 39.99 39.18 38.01 37.66 15.60 15.58 15.35 14.82 13.57 13.99 17.46 07.70 09.42 11.83 09.90 10.60 08.81 06.24 02.78 03.32 01.63 07.01 09.23 15.11
25.42 25.87 26.28 25.80 26.87 27.05 26.69 26.67 26.27 25.41 51.46 58.65 60.57 60.56 60.69 60.75 59.91 58.70 57.55 57.21 57.05 56.68 54.43 54.24 53.84 53.15 52.98 52.62 52.09 51.18 51.09 50.77 50.30 50.32 50.51 50.81 51.72 47.07 34.93 35.99 37.26 37.88 38.65 38.79 38.73 38.72 38.30 37.57 37.18 36.90 36.52 36.47 35.87 35.68 35.30 15.21 15.02 14.78 14.34 13.72 14.32 14.81 09.50 10.32 10.95 07.89 10.73 11.11 07.52 01.39 01.04 00.70 02.91 05.26 12.15 14.81
24.49 24.77 23.15 22.89 23.60 23.40 23.41 23.65 26.58 44.60 50.22 51.77 51.60 51.74 50.72 50.36 50.07 49.22 47.99 48.14 47.82 47.33 47.17 47.38 46.90 47.04 47.10 47.16 47.31 47.58 47.89 48.00 47.76 47.89 48.01 48.15 36.04 32.48 32.88 33.56 34.14 34.43 34.98 35.15 35.20 34.18 34.36 34.33 34.21 34.05 33.86 33.65 33.11 25.73 14.46 14.37 14.27 13.91 13.66 13.45 12.58 11.23 11.06 10.11 07.72 11.77 12.26 09.79 00.49 05.56 11.48 06.67 02.59 04.99 08.26 12.44
23.18 21.41 20.95 21.09 22.51 22.22 22.01 18.36 28.01 36.10 37.25 37.33 38.69 39.93 41.00 42.04 40.90 41.41 42.08 42.39 42.66 42.98 43.19 43.24 43.25 43.56 43.81 44.15 44.50 44.73 44.77 44.98 45.22 45.40 40.81 30.78 31.32 31.63 31.87 31.85 32.08 32.16 32.04 32.33 32.18 32.13 32.02 31.87 31.72 31.56 31.27 31.05 14.02 13.79 13.77 13.39 13.08 13.06 12.77 12.65 12.22 11.77 10.18 08.05 11.77 12.83 08.72 02.78 12.18 16.86 19.47 22.17 16.24 18.93 16.64 08.37
22.84 21.76 21.88 23.45 25.94 29.52 22.67 26.63 51.17 51.43 77.00 30.42 32.18 34.14 35.96 37.13 37.95 38.37 38.54 38.31 38.82 39.23 39.51 40.04 40.41 39.78 39.98 40.62 41.10 41.45 41.75 41.52 40.12 29.29 29.76 30.32 30.35 30.03 30.15 29.91 30.24 30.38 30.70 30.65 30.46 30.28 30.11 29.92 29.78 29.57 22.71 13.37 13.22 13.09 12.72 12.60 12.45 11.99 11.88 11.40 10.93 09.87 08.41 11.01 10.65 06.16 08.87 19.33 09.20 12.35 16.24 16.42 17.32 16.19 21.91 15.73
22.60 22.96 24.05 25.42 26.01 40.28 13.85 49.49 47.39 49.78 48.98 47.78 46.33 45.76 31.08 36.21 37.17 37.40 37.67 37.64 37.32 37.26 37.14 37.47 37.53 37.56 37.71 37.96 38.16 38.35 36.18 27.69 28.08 28.38 28.64 28.79 28.94 28.90 29.03 29.29 29.29 29.16 29.17 29.34 29.29 29.12 28.99 28.87 28.78 13.21 13.04 12.82 12.56 12.30 12.02 11.74 11.60 11.42 10.77 10.22 09.73 09.04 08.78 06.03 03.69 02.23 12.45 15.23 30.84 44.86 43.10 29.50 23.18 18.92 23.11 22.99
22.82 23.86 24.48 24.77 49.25 38.74 13.29 16.66 19.93 28.52 35.18 36.11 36.36 38.39 38.93 39.53 40.20 40.79 41.37 41.91 38.34 38.65 38.85 39.12 39.10 38.56 37.84 37.04 31.06 26.44 26.67 26.87 27.00 27.09 27.27 27.43 27.45 27.70 27.84 27.98 28.09 27.88 28.09 28.32 28.37 28.27 28.17 13.22 12.97 12.87 12.50 12.24 11.98 11.74 11.45 11.26 10.92 10.47 09.78 09.07 08.25 07.06 05.37 02.81 03.07 08.87 16.28 26.30 25.27 39.60 36.48 30.32 21.78 25.07 25.78 23.11
21.32 21.86 33.66 43.49 48.28 28.24 12.10 11.00 21.19 29.17 29.04 29.03 29.58 31.64 33.37 35.22 36.65 37.78 38.30 38.48 38.42 38.51 38.56 38.70 38.81 38.80 29.25 27.69 27.66 27.48 26.30 25.04 25.22 25.55 25.80 25.95 26.11 26.30 26.47 26.43 26.53 26.58 27.05 27.43 27.60 21.62 12.97 12.79 12.63 12.24 11.99 11.75 11.41 11.33 11.19 10.64 09.95 09.34 08.55 07.55 06.01 04.26 05.17 05.85 06.61 19.92 24.68 22.78 29.40 33.38 31.84 27.22 24.00 25.79 24.16 21.16
26.68 37.65 42.04 44.30 27.24 22.83 13.89 13.34 19.75 32.66 26.30 25.68 26.00 26.92 28.98 30.97 32.42 33.62 34.21 34.88 34.99 35.77 36.45 35.96 27.25 27.72 28.01 27.89 27.62 27.29 27.09 27.33 27.16 26.60 24.63 24.78 24.92 25.06 24.98 25.08 25.19 25.44 25.82 19.82 12.61 12.53 12.51 12.34 12.12 11.85 11.54 11.44 11.16 10.58 10.03 09.42 08.71 07.94 06.71 05.04 03.51 05.51 05.91 09.76 20.83 22.50 23.27 25.09 27.28 29.46 30.51 29.18 24.83 25.75 19.37 17.31
39.18 40.89 41.93 43.68 29.88 23.77 15.21 15.84 51.36 45.96 39.02 33.33 24.35 25.01 26.30 27.92 29.44 30.34 31.22 32.82 33.21 27.18 24.53 24.76 25.06 25.24 25.71 26.37 26.66 26.99 26.65 27.21 27.56 28.03 28.13 27.29 26.67 23.86 23.96 24.07 24.17 15.39 12.00 12.03 12.03 11.77 11.68 11.57 11.48 11.41 11.39 10.87 10.32 09.55 08.72 08.00 07.11 05.61 02.74 05.31 05.78 06.04 16.86 21.28 22.22 22.92 23.64 24.27 26.83 27.47 27.31 26.59 25.60 19.06 13.87 14.07
41.18 42.00 42.53 43.94 28.18 22.82 14.64 16.08 16.96 19.84 30.32 33.92 29.80 29.52 28.04 25.25 26.07 24.96 23.54 22.62 23.01 23.56 23.81 24.00 24.16 24.27 24.32 24.47 24.67 24.97 25.24 25.47 25.56 25.83 26.31 26.25 26.40 26.51 26.62 12.79 11.81 11.62 11.52 11.50 11.40 11.22 11.09 11.20 11.34 10.99 10.45 09.91 09.36 08.46 07.57 05.92 04.17 05.03 05.53 05.85 11.60 20.31 21.64 22.11 22.35 22.59 23.33 24.08 24.15 25.50 27.33 26.79 20.39 12.23 12.09 13.52
40.42 40.75 41.47 43.01 46.83 15.75 13.94 13.23 11.57 23.77 31.37 25.27 23.75 21.80 22.29 22.87 19.23 19.75 20.53 21.64 22.44 22.70 23.12 23.56 23.75 23.67 23.63 23.61 23.72 23.82 23.96 24.16 24.42 24.43 24.55 24.69 24.82 12.45 12.37 12.20 12.07 11.03 10.92 11.02 10.82 10.86 11.00 10.76 10.22 09.63 09.18 08.53 07.90 06.91 05.20 03.09 05.55 05.95 08.50 19.84 21.14 21.72 22.03 22.25 22.46 22.75 23.13 23.51 24.55 26.15 27.32 19.79 12.02 10.30 11.01 11.85
34.47 36.00 37.78 39.46 42.95 11.94 12.28 12.32 12.22 27.63 32.53 30.31 27.46 21.52 21.23 21.81 22.47 18.33 19.16 20.07 20.99 21.84 22.34 22.46 22.69 22.95 23.12 23.05 23.02 23.00 23.03 23.06 23.13 23.49 16.48 11.69 11.85 11.87 11.76 11.60 11.58 11.01 10.66 11.05 10.86 10.42 10.08 09.57 09.07 08.41 07.85 06.98 05.53 03.09 05.27 05.77 06.06 16.43 21.25 21.92 22.09 22.12 22.19 22.34 22.62 22.95 23.27 23.64 24.69 25.20 14.89 13.39 11.74 11.57 12.02 15.42
28.55 31.34 33.57 35.58 09.21 11.22 11.32 10.95 12.44 22.37 26.62 26.86 27.69 28.96 23.55 22.26 22.38 20.91 20.59 20.11 19.44 20.06 20.88 21.22 21.80 22.35 22.99 22.56 21.99 22.04 22.19 17.82 11.36 11.34 11.50 11.16 11.02 11.23 11.21 11.02 11.02 11.24 10.81 10.36 09.87 09.31 08.85 08.25 07.79 06.96 05.58 04.01 04.93 05.71 05.98 09.58 20.12 21.75 22.29 22.43 22.58 22.60 22.53 22.61 22.83 23.14 23.37 23.66 16.85 13.77 13.95 13.26 13.22 13.33 13.95 20.05
23.36 25.99 29.42 33.37 10.23 13.19 14.62 10.22 21.88 26.77 25.95 23.63 22.12 23.91 25.41 26.54 25.85 20.82 20.99 20.78 20.25 19.68 19.72 20.09 20.44 20.77 21.42 21.70 16.31 11.03 10.81 10.67 10.72 10.62 10.53 10.43 10.31 10.30 10.43 10.69 10.44 10.33 10.00 09.34 08.60 07.81 07.45 06.55 05.41 04.06 04.96 05.61 05.94 08.05 19.44 21.12 21.79 22.42 22.57 22.76 22.88 23.00 23.19 23.20 23.25 23.20 19.87 13.38 13.45 13.33 13.17 13.29 13.65 14.24 20.79 22.82
20.73 23.94 27.38 26.67 25.21 11.74 13.62 09.72 14.90 31.09 30.17 26.03 21.88 21.96 22.80 23.51 21.75 23.25 22.35 21.18 20.82 20.41 19.06 18.54 16.38 10.74 10.88 10.97 10.62 10.60 10.48 10.32 10.15 10.03 09.91 09.80 10.22 10.08 09.78 09.52 09.18 08.91 08.55 08.13 07.43 06.12 04.65 01.86 05.21 05.45 05.64 06.78 18.08 20.35 21.15 21.54 21.99 22.36 22.77 23.09 23.20 23.34 23.43 23.56 22.40 13.48 13.48 13.40 13.36 13.35 13.49 13.75 15.71 20.92 22.47 23.26
30.42 21.31 23.28 25.44 21.60 20.00 08.44 11.04 37.78 50.15 82.97 47.19 40.47 40.84 41.45 35.92 49.71 43.87 58.67 43.37 17.00 10.84 10.70 10.20 10.04 10.18 10.30 10.40 10.28 10.14 10.09 09.87 09.82 10.04 09.93 09.65 09.38 09.01 08.57 08.22 07.80 07.53 07.07 06.04 04.88 02.53 05.30 05.61 05.76 09.95 18.51 19.56 20.42 21.02 21.49 21.97 22.24 22.29 22.56 22.96 23.33 23.54 23.70 17.86 13.67 13.82 13.93 13.84 13.69 13.67 13.80 19.50 21.34 21.98 22.52 22.97
63.05 76.32 55.02 17.34 18.03 18.03 11.62 33.73 69.82 64.81 43.51 42.63 42.36 41.62 56.37 54.28 54.16 53.63 45.90 24.04 18.03 16.41 16.16 17.00 09.81 09.52 09.58 09.63 09.62 09.71 10.14 10.02 09.68 09.30 08.82 08.46 08.14 07.70 07.50 07.17 06.32 05.27 04.06 04.32 05.29 05.60 05.81 13.07 19.46 20.43 20.57 20.76 21.08 21.47 21.74 21.92 22.16 22.38 22.59 22.84 23.17 22.36 13.55 13.70 13.80 13.96 14.03 14.11 14.24 17.16 20.69 21.53 22.01 22.32 22.62 22.90
69.27 59.89 47.57 38.23 40.25 40.54 35.24 42.22 40.84 61.71 64.29 66.36 67.13 63.72 50.01 49.50 48.65 47.61 35.36 18.17 17.87 17.30 16.90 16.40 14.62 09.61 10.44 09.96 09.82 09.64 09.53 09.11 08.63 08.16 07.57 07.30 07.05 06.33 05.31 04.24 02.49 04.96 05.29 05.54 05.77 13.42 19.31 20.49 20.84 21.05 21.14 21.22 21.33 21.40 21.58 21.87 22.16 22.50 22.79 22.96 14.76 13.13 13.36 13.60 13.85 14.20 14.31 14.29 20.02 21.37 21.80 22.00 22.08 22.32 22.58 22.86
57.27 39.72 38.24 38.40 37.06 22.44 34.52 53.62 58.57 60.26 66.09 59.11 48.10 45.49 44.94 44.05 43.61 37.99 17.49 16.98 16.61 16.22 15.92 15.46 15.12 14.97 11.72 10.26 08.60 08.41 08.14 07.73 07.41 07.01 05.99 05.07 04.06 02.57 05.01 05.23 05.37 05.53 10.66 18.08 19.31 20.09 20.59 21.00 21.24 21.32 21.36 21.46 21.59 21.69 21.82 22.00 22.28 22.67 15.48 13.15 13.13 13.23 13.36 13.51 13.75 13.95 16.85 20.73 21.54 21.83 22.00 22.30 22.37 22.33 22.52 22.81
33.73 34.12 34.36 34.40 25.24 18.74 41.81 54.81 55.08 48.18 45.29 42.80 41.31 40.43 39.80 39.65 33.74 16.63 16.22 15.92 15.56 15.36 14.89 14.54 14.17 13.31 12.75 12.22 11.16 07.67 07.05 06.28 05.29 04.07 03.82 04.98 05.14 05.37 05.52 09.18 17.44 18.63 19.26 19.66 19.94 20.20 20.68 21.09 21.41 21.62 21.68 21.76 21.97 22.08 22.10 21.96 15.12 12.61 12.87 13.14 13.23 13.28 13.46 13.68 14.77 19.93 21.12 21.57 21.83 22.00 22.22 22.40 22.52 22.56 22.63 22.81
29.69 30.17 30.48 31.17 33.34 37.53 41.29 41.11 36.66 37.25 37.35 36.64 36.68 36.53 35.71 25.35 15.63 15.45 15.22 14.90 14.59 14.30 13.98 13.60 12.69 12.10 11.15 10.10 07.32 05.11 03.13 03.78 04.72 05.01 05.31 05.53 13.35 17.10 18.22 19.04 19.54 19.70 19.79 20.05 20.33 20.53 20.64 20.97 21.28 21.58 22.03 22.24 22.27 18.75 12.57 12.57 12.55 12.57 12.60 12.91 13.22 13.39 13.55 19.44 20.82 21.24 21.40 21.62 21.85 22.07 22.27 22.44 22.58 22.78 22.84 23.20
