data/trial6/ashley.fml
NCOLS 382
NROWS 266
XLLCORNER 157819.328125
YLLCORNER 384678.625000
CELLSIZE 30.000000
NODATA_VALUE -1
[rows 170 to 203 of 266, columns 154 to 230 of 382]
-1.00 -1.00 -1.00 -1.00 -1.00 00.74 01.92 01.89 01.87 01.69 00.54 03.96 03.73 03.55 03.40 03.31 03.27 03.24 03.20 03.18 03.15 03.12 03.10 03.07 03.04 03.01 02.98 02.95 02.92 02.89 02.86 02.85 02.84 02.82 02.81 02.80 02.79 02.77 02.75 02.72 02.70 02.72 02.76 03.31 03.40 03.39 03.35 03.29 03.22 03.45 03.86 04.06 04.12 04.11 04.14 04.14 04.17 04.18 04.19 04.21 04.28 04.36 04.43 04.47 04.49 04.51 04.41 04.32 04.29 04.28 04.31 04.39 04.36 04.36 04.32 04.24 03.40
-1.00 -1.00 -1.00 -1.00 -1.00 -1.00 -1.00 02.15 02.01 01.82 -1.00 02.36 02.61 03.29 03.43 03.37 03.32 03.28 03.24 03.21 03.18 03.15 03.12 03.10 03.07 03.04 03.01 02.98 02.94 02.91 02.89 02.87 02.85 02.82 02.81 02.80 02.79 02.78 02.76 02.72 02.70 02.69 02.70 02.77 03.21 03.33 03.35 03.31 03.22 03.08 02.94 03.33 03.67 03.91 03.97 04.03 04.07 04.11 04.13 04.18 04.27 04.35 04.42 04.43 04.46 04.48 04.41 04.38 04.34 04.35 04.34 04.36 04.32 04.25 04.22 03.96 03.29
-1.00 -1.00 -1.00 -1.00 -1.00 -1.00 -1.00 -1.00 -1.00 -1.00 -1.00 -1.00 03.72 03.61 03.53 03.45 03.39 03.34 03.29 03.25 03.22 03.18 03.15 03.13 03.10 03.07 03.04 03.01 02.98 02.94 02.90 02.88 02.87 02.85 02.83 02.81 02.79 02.77 02.76 02.74 02.71 02.69 02.69 02.70 02.85 03.12 03.28 03.33 03.29 03.16 03.01 02.91 02.91 02.86 03.30 03.73 03.83 03.93 04.00 04.10 04.22 04.32 04.39 04.44 04.46 04.48 04.49 04.50 04.48 04.47 04.44 04.35 04.27 04.22 04.13 03.98 03.05
-1.00 -1.00 -1.00 -1.00 -1.00 -1.00 -1.00 -1.00 -1.00 -1.00 -1.00 -1.00 03.95 03.77 03.65 03.57 03.49 03.40 03.36 03.31 03.27 03.23 03.19 03.16 03.13 03.10 03.08 03.04 03.01 02.98 02.93 02.89 02.88 02.86 02.84 02.82 02.80 02.78 02.76 02.75 02.73 02.70 02.68 02.67 02.69 02.64 03.07 03.24 03.26 03.22 03.07 02.95 02.91 02.90 02.81 02.70 02.78 03.21 03.60 03.85 04.04 04.20 04.31 04.42 04.47 04.52 04.51 04.53 04.50 04.47 04.42 04.34 04.23 04.22 04.16 04.14 04.10
-1.00 -1.00 -1.00 -1.00 -1.00 -1.00 -1.00 -1.00 -1.00 -1.00 -1.00 -1.00 03.04 04.21 03.98 03.77 03.59 03.48 03.43 03.37 03.33 03.28 03.24 03.20 03.16 03.13 03.10 03.08 03.05 03.01 02.98 02.93 02.89 02.87 02.85 02.83 02.81 02.79 02.77 02.75 02.74 02.72 02.69 02.67 02.66 02.65 02.62 03.04 03.10 03.12 03.10 03.01 02.86 02.89 02.86 02.80 02.69 02.70 02.68 02.68 03.31 03.85 04.06 04.26 04.35 04.44 04.46 04.48 04.47 04.43 04.37 04.30 04.26 04.26 04.23 04.19 04.22
-1.00 -1.00 -1.00 -1.00 -1.00 -1.00 -1.00 -1.00 -1.00 -1.00 -1.00 -1.00 -1.00 03.83 03.90 03.82 03.68 03.59 03.51 03.45 03.40 03.35 03.31 03.26 03.22 03.17 03.14 03.11 03.08 03.05 03.01 02.98 02.93 02.88 02.86 02.84 02.82 02.80 02.78 02.76 02.75 02.73 02.70 02.68 02.66 02.65 02.65 02.90 02.91 02.94 03.00 03.01 02.80 03.05 02.92 02.86 02.81 02.76 02.72 02.67 02.71 02.70 02.97 03.70 04.05 04.23 04.34 04.40 04.40 04.34 04.30 04.24 04.25 04.29 04.34 04.25 04.22
-1.00 -1.00 -1.00 -1.00 -1.00 -1.00 -1.00 -1.00 -1.00 -1.00 -1.00 -1.00 -1.00 02.02 02.02 03.85 03.93 03.71 03.58 03.52 03.47 03.42 03.37 03.33 03.30 03.25 03.19 03.14 03.11 03.08 03.05 03.02 02.98 02.93 02.87 02.85 02.83 02.82 02.79 02.77 02.75 02.73 02.71 02.70 02.67 02.65 02.64 02.64 02.84 02.90 02.97 02.95 02.94 03.10 03.01 02.92 02.86 02.80 02.78 02.75 02.71 02.68 02.65 02.62 03.09 03.87 04.11 04.25 04.31 04.29 04.23 04.19 04.21 04.25 04.30 04.28 04.22
-1.00 -1.00 -1.00 -1.00 -1.00 -1.00 -1.00 -1.00 -1.00 -1.00 -1.00 -1.00 -1.00 -1.00 04.51 04.34 04.10 03.89 03.74 03.63 03.54 03.49 03.44 03.39 03.35 03.31 03.26 03.21 03.17 03.13 03.09 03.06 03.02 02.98 02.92 02.86 02.85 02.83 02.81 02.79 02.76 02.73 02.70 02.69 02.68 02.66 02.64 02.62 02.66 02.79 02.84 02.90 02.85 02.93 02.98 02.94 02.87 02.80 02.76 02.72 02.70 02.62 02.63 02.60 02.58 02.57 03.42 03.92 04.09 04.17 04.16 04.18 04.19 04.20 04.15 04.12 04.17
-1.00 -1.00 -1.00 -1.00 -1.00 -1.00 -1.00 -1.00 -1.00 -1.00 -1.00 -1.00 -1.00 -1.00 -1.00 02.45 01.23 03.32 03.91 03.77 03.69 03.61 03.52 03.48 03.43 03.39 03.35 03.29 03.23 03.19 03.14 03.10 03.07 03.03 02.97 02.91 02.86 02.84 02.82 02.80 02.78 02.75 02.71 02.68 02.66 02.65 02.64 02.62 02.62 02.67 02.75 02.80 02.79 02.76 02.89 02.89 02.87 02.84 02.75 02.70 02.67 02.61 02.56 02.54 02.53 02.49 02.57 02.67 03.38 03.89 04.01 04.14 04.18 04.18 04.05 03.93 03.97
-1.00 -1.00 -1.00 -1.00 -1.00 -1.00 -1.00 -1.00 -1.00 -1.00 -1.00 -1.00 -1.00 -1.00 -1.00 -1.00 00.14 04.25 04.07 03.96 03.86 03.77 03.67 03.62 03.57 03.52 03.48 03.66 03.80 03.90 03.95 03.95 03.92 03.86 03.80 03.71 03.61 03.56 03.44 03.31 03.17 02.99 02.75 02.70 02.67 02.64 02.63 02.61 02.60 02.60 02.66 02.70 02.75 02.75 02.93 02.95 02.86 02.84 02.77 02.71 02.68 02.65 02.57 02.54 02.51 02.43 02.43 02.55 02.69 02.72 03.28 03.94 04.14 04.14 03.97 03.82 03.78
-1.00 -1.00 -1.00 -1.00 -1.00 -1.00 -1.00 -1.00 -1.00 -1.00 -1.00 -1.00 -1.00 -1.00 -1.00 -1.00 -1.00 02.32 04.35 04.22 04.06 03.96 03.89 03.85 04.27 04.53 04.66 04.55 04.42 04.31 04.22 04.12 04.03 03.96 03.88 03.81 03.74 03.67 03.60 03.53 03.47 03.43 03.39 03.32 03.26 03.09 02.81 02.61 02.59 02.59 02.61 02.65 02.66 02.65 02.74 02.98 02.99 02.91 02.83 02.75 02.68 02.66 02.62 02.53 02.51 02.44 02.40 02.43 02.51 02.61 02.68 02.64 03.60 03.96 03.94 03.76 03.67
-1.00 -1.00 -1.00 -1.00 -1.00 -1.00 -1.00 -1.00 -1.00 -1.00 -1.00 -1.00 -1.00 -1.00 -1.00 -1.00 -1.00 -1.00 04.40 04.21 04.22 04.14 04.50 04.91 05.15 05.06 04.96 04.83 04.71 04.58 04.44 04.29 04.19 04.09 04.00 03.92 03.84 03.77 03.70 03.62 03.55 03.48 03.42 03.37 03.32 03.24 03.19 03.17 03.13 02.96 02.66 02.59 02.61 02.62 02.58 02.69 02.91 02.96 02.89 02.81 02.73 02.68 02.64 02.57 02.52 02.46 02.39 02.43 02.48 02.49 02.59 02.63 02.60 03.12 03.71 03.76 03.62
-1.00 -1.00 -1.00 -1.00 -1.00 -1.00 -1.00 -1.00 -1.00 -1.00 -1.00 -1.00 -1.00 -1.00 -1.00 -1.00 -1.00 -1.00 -1.00 01.83 03.86 04.87 05.37 05.52 05.46 05.38 05.28 05.16 05.04 04.91 04.77 04.61 04.45 04.27 04.16 04.06 03.96 03.88 03.80 03.72 03.65 03.56 03.48 03.42 03.37 03.32 03.25 03.19 03.15 03.12 03.08 03.09 03.05 02.81 02.56 02.48 02.65 02.90 02.89 02.84 02.78 02.68 02.64 02.59 02.52 02.47 02.42 02.40 02.42 02.41 02.47 02.55 02.59 02.52 02.62 03.60 03.63
-1.00 -1.00 -1.00 -1.00 -1.00 -1.00 -1.00 -1.00 -1.00 -1.00 -1.00 -1.00 -1.00 -1.00 -1.00 -1.00 -1.00 -1.00 -1.00 -1.00 03.73 05.52 05.81 05.78 05.73 05.65 05.57 05.47 05.37 05.26 05.13 04.99 04.81 04.60 04.43 04.29 04.14 03.99 03.89 03.82 03.75 03.67 03.59 03.50 03.42 03.36 03.31 03.26 03.20 03.13 03.09 03.07 03.08 03.04 03.02 02.95 02.65 02.82 02.88 02.84 02.79 02.73 02.65 02.59 02.53 02.48 02.42 02.37 02.37 02.37 02.34 02.41 02.52 02.53 02.42 02.88 03.57
-1.00 -1.00 -1.00 -1.00 -1.00 -1.00 -1.00 -1.00 -1.00 -1.00 -1.00 -1.00 -1.00 -1.00 -1.00 -1.00 -1.00 -1.00 -1.00 -1.00 -1.00 05.91 05.99 06.03 05.98 05.91 05.83 05.74 05.69 05.65 05.58 05.50 05.38 05.16 04.90 04.59 04.20 04.09 03.99 03.90 03.84 03.79 03.71 03.62 03.51 03.41 03.35 03.29 03.24 03.18 03.11 03.08 03.06 03.08 03.02 02.97 02.91 03.27 03.43 03.53 03.27 02.99 02.68 02.61 02.54 02.48 02.44 02.38 02.33 02.35 02.37 02.31 02.39 02.48 02.45 02.28 03.24
-1.00 -1.00 -1.00 -1.00 -1.00 -1.00 -1.00 -1.00 -1.00 -1.00 -1.00 -1.00 -1.00 -1.00 -1.00 03.19 01.19 -1.00 -1.00 -1.00 -1.00 -1.00 -1.00 04.91 05.64 05.60 05.54 05.61 05.59 05.55 05.50 05.44 05.08 05.67 05.46 05.08 04.65 04.30 04.06 03.97 03.92 03.86 03.82 03.75 03.65 03.53 03.40 03.35 03.29 03.23 03.17 03.10 03.06 03.06 03.05 02.98 02.95 02.95 03.81 03.64 03.47 03.37 03.27 03.16 03.01 02.54 02.43 02.39 02.35 02.29 02.31 02.32 02.29 02.33 02.41 02.27 02.07
-1.00 -1.00 -1.00 -1.00 -1.00 -1.00 -1.00 -1.00 -1.00 -1.00 -1.00 -1.00 -1.00 -1.00 -1.00 03.20 01.67 -1.00 -1.00 -1.00 -1.00 -1.00 -1.00 -1.00 -1.00 04.62 04.47 04.30 04.11 04.20 04.03 02.29 00.74 -1.00 -1.00 03.06 02.16 03.29 04.16 04.08 04.00 03.95 03.89 03.84 03.78 03.67 03.53 03.45 03.38 03.31 03.23 03.15 03.09 03.06 03.04 03.03 02.99 02.91 03.01 03.57 03.63 03.50 03.38 03.26 03.14 03.02 02.88 02.61 02.35 02.32 02.27 02.27 02.23 02.23 02.27 02.24 02.15
-1.00 -1.00 -1.00 -1.00 -1.00 -1.00 -1.00 -1.00 -1.00 -1.00 -1.00 -1.00 -1.00 -1.00 -1.00 02.80 03.83 02.18 -1.00 -1.00 -1.00 -1.00 -1.00 -1.00 -1.00 -1.00 -1.00 -1.00 -1.00 01.37 02.63 02.02 01.50 -1.00 -1.00 -1.00 -1.00 03.75 04.30 04.21 04.12 04.05 03.99 03.93 03.88 03.81 03.72 03.64 03.53 03.40 03.29 03.22 03.14 03.08 03.03 03.01 02.96 02.89 02.85 03.17 03.48 03.61 03.49 03.38 03.26 03.11 02.97 02.83 02.76 02.58 02.29 02.23 02.21 02.19 02.18 02.17 02.12
-1.00 -1.00 -1.00 -1.00 -1.00 -1.00 -1.00 -1.00 -1.00 -1.00 -1.00 -1.00 -1.00 -1.00 -1.00 01.42 02.94 01.12 02.07 -1.00 -1.00 -1.00 -1.00 -1.00 -1.00 -1.00 -1.00 -1.00 -1.00 02.50 01.44 02.05 01.83 -1.00 -1.00 -1.00 -1.00 04.52 04.43 04.35 04.27 04.21 04.14 04.07 04.00 03.93 03.86 03.77 03.68 03.58 03.43 03.28 03.20 03.13 03.05 02.98 02.97 02.98 02.84 02.70 03.84 03.88 03.62 03.50 03.38 03.25 03.06 02.92 02.79 02.73 02.65 02.40 02.20 02.18 02.15 02.13 02.10
-1.00 -1.00 -1.00 -1.00 -1.00 -1.00 -1.00 -1.00 -1.00 -1.00 -1.00 -1.00 -1.00 -1.00 -1.00 -1.00 02.82 02.93 03.53 03.57 03.61 -1.00 -1.00 -1.00 -1.00 -1.00 -1.00 -1.00 -1.00 -1.00 -1.00 -1.00 -1.00 -1.00 -1.00 -1.00 03.98 04.68 04.61 04.53 04.45 04.37 04.28 04.21 04.13 04.06 03.98 03.92 03.85 03.74 03.62 03.46 03.27 03.18 03.10 03.02 02.95 02.95 02.94 02.80 02.59 03.55 03.86 03.78 03.59 03.40 03.24 03.08 02.88 02.78 02.66 02.56 02.47 02.17 02.14 02.12 02.08
-1.00 -1.00 -1.00 -1.00 -1.00 -1.00 -1.00 -1.00 -1.00 -1.00 -1.00 -1.00 -1.00 -1.00 -1.00 -1.00 01.62 03.20 03.54 03.57 03.51 03.32 -1.00 -1.00 -1.00 -1.00 -1.00 -1.00 -1.00 -1.00 -1.00 -1.00 -1.00 -1.00 -1.00 05.09 04.97 04.89 04.81 04.73 04.65 04.56 04.47 04.38 04.29 04.20 04.13 04.05 03.98 03.91 03.82 03.65 03.47 03.29 03.17 03.09 03.00 02.95 02.91 02.85 02.68 02.49 03.75 04.09 03.88 03.66 03.43 03.23 03.05 02.87 02.72 02.61 02.50 02.43 02.15 02.11 02.07
-1.00 -1.00 -1.00 -1.00 -1.00 -1.00 -1.00 -1.00 -1.00 -1.00 -1.00 -1.00 -1.00 -1.00 -1.00 02.87 03.26 03.00 02.72 02.60 03.39 02.94 -1.00 -1.00 -1.00 -1.00 -1.00 -1.00 -1.00 -1.00 -1.00 -1.00 -1.00 -1.00 -1.00 04.86 05.18 05.08 05.02 04.95 04.89 04.82 04.73 04.61 04.48 04.39 04.32 04.24 04.16 04.06 03.95 03.85 03.73 03.61 03.43 03.21 03.07 02.98 02.88 02.84 02.73 02.52 03.63 04.44 04.24 04.01 03.75 03.48 03.21 02.98 02.77 02.64 02.52 02.41 02.37 02.12 02.06
-1.00 -1.00 -1.00 -1.00 -1.00 -1.00 -1.00 -1.00 -1.00 -1.00 -1.00 -1.00 -1.00 -1.00 -1.00 03.60 03.51 03.50 03.13 02.66 02.27 -1.00 -1.00 -1.00 -1.00 -1.00 -1.00 01.58 02.77 -1.00 -1.00 -1.00 -1.00 -1.00 -1.00 05.57 05.40 05.30 05.23 05.16 05.11 05.04 04.96 04.86 04.75 04.66 04.56 04.47 04.36 04.25 04.15 04.06 03.95 03.81 03.65 03.47 03.22 03.03 02.92 02.85 02.65 02.52 02.31 05.33 05.07 04.80 04.49 04.01 03.49 03.17 02.87 02.66 02.51 02.40 02.32 02.30 02.04
-1.00 -1.00 -1.00 -1.00 -1.00 -1.00 -1.00 -1.00 -1.00 -1.00 -1.00 -1.00 -1.00 -1.00 -1.00 03.39 03.73 03.61 03.49 03.06 00.96 -1.00 -1.00 04.38 04.24 04.06 03.83 03.55 03.22 02.51 -1.00 -1.00 -1.00 -1.00 -1.00 -1.00 04.10 05.52 05.43 05.37 05.32 05.26 05.18 05.09 04.99 04.89 04.79 04.69 04.59 04.49 04.38 04.27 04.17 04.08 03.95 03.72 03.46 03.23 02.98 02.84 02.76 02.51 02.26 05.31 05.10 05.21 05.01 05.12 04.66 04.34 03.02 02.72 02.53 02.39 02.30 02.25 02.18
-1.00 -1.00 -1.00 -1.00 -1.00 -1.00 -1.00 -1.00 -1.00 -1.00 -1.00 -1.00 -1.00 -1.00 -1.00 03.95 03.89 03.82 03.78 04.05 04.64 04.97 04.86 04.74 04.60 04.44 04.23 04.04 03.75 03.40 02.71 -1.00 -1.00 -1.00 -1.00 -1.00 05.32 05.68 05.65 05.60 05.55 05.48 05.41 05.32 05.21 05.11 05.01 04.91 04.81 04.72 04.63 04.52 04.42 04.31 04.19 04.02 03.82 03.60 03.34 03.03 02.78 02.59 02.30 02.05 03.21 03.10 03.11 03.22 04.27 03.84 03.18 02.80 02.54 02.41 02.30 02.23 02.22
-1.00 -1.00 -1.00 -1.00 -1.00 -1.00 -1.00 -1.00 -1.00 -1.00 -1.00 -1.00 -1.00 -1.00 03.97 03.95 03.96 04.00 03.98 04.74 05.35 05.25 05.16 05.07 04.97 04.83 04.67 04.48 04.26 04.00 03.64 03.17 -1.00 -1.00 -1.00 -1.00 -1.00 05.42 05.68 05.78 05.77 05.72 05.68 05.60 05.53 05.41 05.28 05.13 05.00 04.91 04.82 04.74 04.65 04.55 04.44 04.33 04.20 03.94 03.61 03.29 02.90 02.67 02.40 02.10 03.27 03.59 03.39 03.39 03.39 03.23 03.08 02.78 02.64 02.39 02.29 02.22 02.20
-1.00 -1.00 -1.00 -1.00 -1.00 -1.00 -1.00 -1.00 -1.00 -1.00 -1.00 -1.00 -1.00 03.87 03.93 03.92 04.05 04.06 04.38 04.78 05.78 05.68 05.56 05.56 05.49 05.35 05.17 04.97 04.73 04.49 04.22 03.90 03.46 03.04 02.33 -1.00 -1.00 04.64 05.33 05.40 05.59 05.49 05.75 05.81 05.84 05.72 05.56 05.39 05.22 05.08 04.98 04.91 04.82 04.73 04.63 04.53 04.40 04.20 03.96 03.66 03.27 02.86 02.52 02.21 03.35 03.39 03.40 03.39 03.38 03.22 02.91 02.56 02.40 02.32 02.25 02.22 02.18
-1.00 -1.00 -1.00 -1.00 -1.00 -1.00 -1.00 -1.00 -1.00 -1.00 -1.00 -1.00 -1.00 03.67 03.75 04.03 04.13 04.10 04.65 04.85 06.05 06.05 06.05 06.09 06.02 05.93 05.83 05.72 05.57 05.42 05.26 04.94 04.58 04.02 02.26 00.97 -1.00 01.40 03.37 03.99 03.75 03.42 03.41 03.59 03.90 04.70 05.17 05.13 05.08 05.15 05.10 05.01 04.92 04.82 04.71 04.59 04.45 04.28 04.06 03.67 02.46 01.88 02.41 02.37 03.48 03.32 03.31 03.34 03.07 01.88 01.71 02.04 02.26 02.29 02.22 02.19 02.16
-1.00 -1.00 -1.00 -1.00 -1.00 -1.00 -1.00 -1.00 -1.00 -1.00 -1.00 -1.00 03.75 03.69 04.23 04.29 04.21 04.10 04.05 04.72 05.63 05.64 05.61 05.58 05.56 05.56 05.67 05.64 05.60 05.54 05.52 05.51 05.53 05.48 05.28 04.81 04.23 03.97 03.57 03.00 02.96 02.99 03.51 03.98 04.18 04.18 04.35 04.78 04.83 05.55 05.43 05.30 05.13 04.93 04.69 04.50 04.23 03.79 02.45 01.96 01.93 01.89 01.90 01.94 03.35 02.77 02.06 02.02 01.97 01.85 01.66 01.62 01.56 02.19 02.20 02.16 02.14
-1.00 -1.00 -1.00 -1.00 -1.00 -1.00 -1.00 -1.00 -1.00 -1.00 -1.00 -1.00 03.87 04.33 04.49 04.52 04.33 03.61 04.03 04.65 05.32 05.28 05.23 05.18 05.12 05.05 05.02 05.07 04.98 04.86 04.71 04.57 04.43 04.34 04.20 03.81 03.49 03.21 02.89 02.44 02.60 04.49 04.38 04.33 04.29 04.30 04.30 04.36 05.51 05.70 05.71 05.59 05.39 05.17 04.85 04.40 03.16 01.99 01.99 01.98 01.95 01.89 02.03 01.97 01.98 02.04 01.98 01.95 01.89 01.81 01.72 01.59 01.53 01.51 02.14 02.14 02.12
-1.00 -1.00 -1.00 -1.00 -1.00 -1.00 -1.00 02.23 03.23 03.10 -1.00 01.46 04.19 04.42 04.36 04.29 04.02 04.21 04.04 04.04 04.40 05.03 04.94 04.87 04.80 04.73 04.65 04.57 04.50 04.41 04.28 04.13 03.97 03.80 03.62 03.40 03.16 02.88 02.61 02.38 02.45 04.37 04.40 04.35 04.30 04.21 04.15 04.09 04.03 04.13 04.56 05.01 04.97 05.05 04.72 03.08 02.01 02.00 01.99 01.98 01.81 01.92 02.20 02.30 02.25 02.23 02.20 02.16 02.08 01.99 01.90 01.67 01.51 01.49 01.77 02.10 02.09
-1.00 -1.00 -1.00 -1.00 -1.00 -1.00 -1.00 02.68 03.18 02.39 03.20 04.10 04.60 04.70 04.70 04.64 04.54 04.35 04.15 03.82 04.27 04.50 04.64 04.57 04.49 04.41 04.33 04.24 04.15 04.03 03.91 03.78 03.63 03.46 03.29 03.11 02.90 02.62 02.43 02.35 03.23 03.80 04.30 04.25 04.18 04.09 04.02 03.95 03.92 03.93 03.98 04.04 04.41 04.88 04.56 02.00 02.00 01.99 01.95 01.84 01.95 02.14 02.32 02.35 02.31 02.26 02.21 02.17 02.11 02.02 01.94 01.83 01.59 01.47 01.45 01.94 02.05
-1.00 -1.00 -1.00 -1.00 -1.00 -1.00 -1.00 02.39 04.10 04.15 04.13 04.07 04.20 04.48 04.37 04.18 03.93 03.57 03.65 03.62 04.09 04.23 04.24 04.30 04.22 04.14 04.04 03.92 03.79 03.68 03.58 03.48 03.39 03.28 03.10 02.92 02.71 02.53 02.61 02.85 03.59 03.76 03.64 04.04 03.95 03.86 04.27 04.50 04.47 04.75 04.67 04.63 04.64 04.76 03.92 01.98 01.98 01.97 02.03 02.19 02.28 02.34 02.39 02.39 02.34 02.27 02.19 02.15 02.14 02.05 01.95 01.83 01.71 01.51 01.43 01.42 01.99
-1.00 -1.00 -1.00 -1.00 -1.00 -1.00 -1.00 02.29 04.12 04.13 04.11 04.07 03.80 03.84 03.64 03.50 03.34 03.80 03.83 04.30 04.30 04.35 04.22 04.09 03.97 03.86 03.75 03.67 03.59 03.51 03.43 03.34 03.21 03.08 02.94 02.73 02.59 02.37 02.33 02.17 03.97 03.98 03.95 03.44 04.73 04.74 04.72 04.70 04.61 04.78 04.78 04.77 04.75 04.73 03.30 01.96 01.96 01.95 02.11 02.39 02.44 02.43 02.43 02.40 02.36 02.28 02.21 02.14 02.14 02.11 01.94 01.81 01.67 01.62 01.43 01.40 01.88
