data/trial6/ashley.fli
NCOLS 382
NROWS 266
XLLCORNER 157819.328125
YLLCORNER 384678.625000
CELLSIZE 30.000000
NODATA_VALUE -1
[rows 208 to 233 of 266, columns 240 to 299 of 382]
00036.797 00063.958 00066.424 00065.876 00064.879 00063.862 00062.430 00061.050 00060.054 00060.362 00059.462 00058.105 00126.419 00158.003 00165.756 00160.338 00155.872 00141.044 00126.371 00115.448 00110.125 00104.384 00098.780 00095.635 00094.326 00092.163 00088.303 00086.408 00084.182 00082.129 00080.346 00079.177 00077.913 00077.571 00075.458 00074.459 00073.640 00061.832 00061.537 00061.066 00061.192 00061.441 00060.731 00059.918 00058.913 00055.984 00061.607 00092.157 00114.797 00111.397 00106.756 00103.714 00100.780 00097.506 00094.941 00091.320 00089.662 00088.277 00055.583 00054.281
00045.502 00062.371 00064.140 00064.427 00062.902 00061.043 00059.642 00058.481 00058.421 00057.589 00056.369 00059.395 00137.232 00152.185 00150.092 00144.126 00126.271 00113.424 00105.908 00101.201 00095.491 00091.530 00089.969 00086.397 00083.603 00081.528 00080.223 00078.475 00077.208 00074.823 00074.283 00073.724 00072.817 00071.848 00071.305 00070.840 00060.164 00060.279 00059.991 00060.324 00060.135 00056.404 00071.739 00099.195 00114.112 00116.131 00106.737 00109.562 00105.668 00102.303 00099.271 00096.159 00093.422 00090.848 00089.044 00087.759 00086.254 00054.875 00053.361 00052.865
00048.900 00060.920 00062.099 00061.307 00060.256 00058.281 00057.332 00055.922 00054.406 00054.103 00052.572 00106.658 00136.063 00138.786 00123.156 00108.280 00100.298 00094.920 00089.362 00085.795 00084.186 00080.336 00078.100 00077.015 00075.091 00073.935 00073.849 00072.686 00071.794 00070.953 00070.382 00069.876 00069.304 00068.940 00061.985 00058.402 00058.834 00057.222 00065.816 00105.679 00121.166 00123.710 00120.494 00113.588 00110.972 00107.428 00104.628 00100.761 00097.580 00094.862 00092.043 00090.026 00088.404 00086.963 00086.301 00085.209 00060.982 00052.728 00052.381 00051.849
00049.954 00059.231 00059.561 00058.260 00056.425 00055.739 00054.630 00052.279 00051.404 00049.927 00050.180 00118.976 00117.160 00104.933 00093.563 00087.125 00082.552 00078.789 00077.479 00076.466 00071.172 00070.785 00070.450 00070.697 00071.249 00070.390 00069.621 00068.270 00067.814 00067.340 00066.547 00066.296 00066.074 00055.777 00055.058 00070.438 00120.421 00129.005 00142.513 00120.474 00123.092 00109.753 00109.390 00107.059 00103.632 00099.726 00096.082 00093.201 00090.256 00089.142 00087.873 00086.609 00085.926 00084.845 00083.858 00069.475 00052.605 00051.949 00050.973 00049.892
00051.641 00057.150 00055.833 00054.705 00053.656 00052.815 00051.023 00048.976 00048.347 00049.160 00094.826 00088.449 00090.676 00074.221 00070.540 00068.589 00068.547 00068.498 00067.473 00066.595 00067.149 00067.640 00067.155 00065.276 00064.456 00065.126 00065.308 00064.658 00062.646 00062.440 00062.485 00055.186 00063.782 00138.832 00129.921 00155.240 00142.635 00133.361 00123.533 00117.216 00108.558 00106.252 00103.370 00099.926 00095.686 00093.414 00090.825 00088.685 00087.173 00086.846 00085.595 00084.273 00083.016 00082.255 00077.032 00052.321 00051.130 00049.652 00049.085 00047.908
00051.370 00052.516 00052.076 00050.527 00049.528 00048.302 00048.188 00046.847 00047.305 00048.457 00109.479 00086.423 00071.363 00057.245 00053.824 00057.194 00057.334 00058.775 00059.570 00061.524 00062.707 00062.232 00061.192 00060.834 00061.191 00061.515 00059.252 00060.300 00062.989 00174.343 00177.038 00186.647 00137.237 00154.401 00145.821 00135.782 00126.240 00117.698 00111.154 00105.855 00102.716 00099.287 00096.620 00093.773 00090.797 00088.724 00087.611 00086.823 00085.665 00083.435 00081.708 00081.041 00080.159 00078.132 00050.386 00049.568 00048.268 00048.033 00047.364 00046.942
00048.004 00048.479 00047.515 00046.211 00045.205 00045.372 00045.382 00044.809 00044.569 00116.145 00116.674 00131.031 00117.333 00039.112 00041.054 00053.632 00051.165 00048.711 00050.705 00053.538 00056.243 00067.639 00063.759 00058.353 00077.610 00048.260 00065.734 00385.525 00181.125 00207.814 00201.321 00168.783 00150.755 00138.316 00129.139 00119.708 00111.826 00105.197 00102.180 00099.043 00095.766 00093.492 00090.931 00088.285 00087.389 00086.880 00084.633 00082.766 00081.135 00079.269 00078.384 00077.522 00076.484 00049.319 00048.433 00047.764 00047.109 00046.636 00046.393 00046.002
00043.750 00043.612 00042.791 00042.399 00042.833 00042.657 00042.107 00042.212 00074.302 00113.403 00171.829 00230.682 00216.830 00170.672 00106.491 00164.051 00097.356 00079.633 00136.109 00172.715 00096.823 00114.076 00097.644 00076.632 00078.253 00070.782 00370.814 00324.131 00210.642 00233.585 00165.489 00145.115 00131.235 00122.597 00112.795 00106.019 00102.189 00098.540 00095.749 00092.471 00089.913 00087.878 00085.672 00085.309 00083.919 00082.097 00079.491 00077.937 00077.038 00075.712 00074.843 00073.576 00048.300 00047.626 00047.098 00046.519 00045.989 00045.273 00045.147 00044.695
00038.100 00037.987 00039.216 00039.339 00038.405 00038.574 00039.329 00040.103 00088.578 00113.513 00192.752 00191.144 00197.044 00135.117 00156.016 00144.288 00216.276 00276.474 00154.334 00117.632 00081.935 00078.039 00075.511 00068.278 00066.377 00353.895 00329.915 00265.410 00228.380 00169.244 00139.875 00125.873 00114.017 00103.990 00101.596 00098.774 00094.898 00092.623 00089.321 00087.318 00085.107 00082.973 00082.257 00080.105 00077.635 00075.667 00074.799 00074.259 00072.759 00072.105 00070.708 00047.243 00046.660 00046.077 00045.328 00044.698 00043.673 00043.433 00042.830 00040.705
00033.089 00034.535 00035.262 00034.789 00035.470 00035.661 00036.540 00074.608 00149.808 00160.987 00178.143 00170.950 00177.366 00176.301 00244.933 00155.748 00228.994 00222.645 00154.236 00055.350 00099.285 00078.177 00064.571 00203.610 00304.151 00321.499 00255.985 00214.084 00188.236 00133.210 00122.240 00109.721 00099.724 00096.769 00093.289 00090.364 00088.458 00086.269 00084.883 00082.460 00080.283 00076.809 00074.789 00073.963 00073.179 00072.489 00071.538 00070.869 00070.648 00068.948 00046.109 00045.016 00044.086 00043.112 00042.321 00041.555 00040.908 00040.155 00039.089 00038.538
00029.535 00030.426 00031.721 00032.823 00031.991 00046.489 00122.019 00146.901 00167.402 00166.821 00161.461 00157.560 00206.743 00243.824 00244.732 00245.173 00189.476 00192.176 00132.213 00130.339 00097.411 00176.988 00206.101 00270.903 00305.855 00237.340 00198.351 00176.931 00146.725 00114.201 00104.021 00097.189 00094.295 00088.329 00086.463 00083.349 00082.615 00080.719 00078.549 00077.388 00074.574 00072.601 00071.732 00071.469 00071.324 00070.466 00069.449 00068.750 00067.682 00045.061 00044.281 00042.871 00041.910 00041.673 00041.176 00040.682 00040.451 00039.049 00038.502 00038.465
00035.933 00063.933 00047.051 00050.845 00056.228 00136.099 00143.578 00159.784 00159.027 00155.174 00156.246 00152.767 00191.143 00211.918 00207.725 00202.912 00200.841 00141.393 00147.390 00131.558 00217.498 00236.073 00240.014 00256.522 00211.137 00179.289 00158.982 00142.963 00104.656 00097.309 00092.365 00088.556 00084.386 00083.620 00079.000 00077.952 00074.760 00074.407 00074.013 00072.007 00071.076 00070.399 00070.087 00068.691 00067.602 00066.834 00066.374 00065.813 00044.144 00043.580 00042.158 00041.416 00041.179 00040.825 00040.628 00040.025 00039.313 00038.990 00038.599 00046.673
00058.586 00050.532 00054.380 00054.679 00098.982 00136.224 00149.916 00151.203 00149.884 00148.380 00147.257 00149.204 00167.929 00156.050 00146.731 00134.606 00110.920 00124.665 00150.090 00233.608 00241.373 00225.835 00203.129 00178.345 00158.402 00139.437 00127.262 00095.590 00090.315 00086.378 00081.321 00078.633 00077.710 00075.373 00073.761 00070.998 00070.560 00069.538 00068.759 00069.614 00068.657 00068.097 00066.085 00065.555 00064.602 00063.866 00060.473 00043.342 00042.728 00041.830 00041.227 00040.735 00040.080 00039.858 00039.359 00038.867 00038.509 00038.084 00051.692 00080.740
00053.544 00052.970 00052.411 00051.819 00116.464 00138.216 00143.396 00143.873 00143.037 00140.660 00138.059 00138.245 00133.120 00104.046 00075.012 00032.405 00056.134 00072.397 00274.745 00222.982 00211.421 00178.697 00162.925 00137.853 00124.608 00112.699 00098.929 00082.868 00079.653 00076.138 00073.370 00071.806 00071.008 00069.915 00069.261 00066.858 00066.117 00065.920 00064.536 00065.122 00065.293 00063.612 00063.771 00062.534 00061.547 00054.082 00042.154 00041.422 00040.806 00040.365 00039.848 00039.309 00038.966 00038.624 00038.060 00037.584 00036.664 00060.362 00080.928 00088.408
00050.456 00050.094 00049.637 00083.621 00124.228 00135.073 00137.211 00137.805 00135.656 00132.308 00129.286 00129.077 00096.541 00073.340 00068.162 00050.367 00055.068 00284.630 00219.999 00198.931 00158.426 00138.407 00120.154 00110.220 00101.997 00094.328 00075.154 00072.847 00070.974 00069.022 00067.428 00066.528 00065.768 00065.685 00063.662 00064.148 00062.867 00061.934 00061.131 00059.968 00061.054 00061.601 00060.366 00059.303 00047.816 00040.765 00040.199 00039.901 00039.087 00038.780 00038.349 00038.058 00037.409 00036.961 00036.266 00035.678 00065.365 00082.330 00089.044 00092.546
00047.840 00047.549 00047.292 00107.294 00125.417 00132.047 00132.766 00130.717 00127.810 00124.680 00121.814 00102.250 00152.165 00171.778 00198.398 00171.755 00186.215 00196.790 00190.102 00134.027 00114.035 00103.199 00094.112 00087.969 00081.145 00066.532 00066.217 00065.793 00063.930 00062.967 00062.189 00061.574 00061.003 00059.352 00059.392 00059.721 00060.196 00057.744 00057.285 00057.487 00057.038 00056.270 00055.950 00039.740 00039.731 00038.867 00038.549 00038.119 00037.512 00037.573 00037.413 00036.386 00036.125 00035.822 00035.505 00071.315 00085.025 00091.379 00094.484 00095.604
00045.666 00045.998 00084.314 00115.732 00126.401 00129.067 00126.262 00124.264 00120.334 00117.150 00114.091 00113.016 00133.173 00162.507 00183.395 00182.653 00152.031 00146.825 00147.310 00092.560 00088.791 00076.375 00070.513 00062.044 00057.057 00056.134 00056.758 00054.661 00056.743 00054.687 00054.092 00054.099 00053.968 00054.675 00055.200 00055.380 00055.672 00056.318 00053.170 00052.782 00053.383 00049.557 00038.533 00039.239 00037.812 00037.168 00037.041 00036.816 00036.922 00036.881 00036.144 00036.197 00035.710 00039.415 00075.386 00086.159 00090.185 00091.620 00091.963 00091.797
00044.821 00045.628 00105.072 00119.979 00123.858 00121.942 00119.914 00116.138 00112.179 00109.844 00107.901 00112.038 00117.881 00134.359 00142.437 00151.304 00132.726 00146.714 00066.594 00093.613 00086.312 00105.514 00051.518 00044.621 00087.336 00102.116 00037.127 00050.821 00049.352 00051.389 00050.643 00048.361 00050.211 00049.650 00050.300 00050.940 00051.631 00051.089 00051.617 00052.248 00040.826 00037.503 00037.820 00037.901 00037.222 00036.561 00036.359 00035.774 00035.509 00035.638 00035.969 00035.596 00048.543 00075.053 00083.262 00086.546 00087.275 00087.040 00086.400 00085.520
00043.693 00092.098 00112.096 00116.381 00116.402 00113.333 00110.675 00105.807 00104.359 00100.650 00097.905 00102.032 00111.425 00110.556 00110.077 00118.075 00114.827 00126.255 00172.970 00173.768 00147.152 00139.393 00140.291 00169.908 00114.721 00092.892 00109.045 00063.785 00078.074 00070.845 00052.115 00052.745 00053.214 00053.929 00053.227 00049.484 00045.671 00049.866 00050.013 00037.476 00036.984 00036.735 00035.705 00035.179 00034.770 00034.607 00034.306 00034.075 00033.941 00033.879 00034.152 00059.456 00072.936 00077.927 00080.118 00080.611 00080.229 00079.806 00078.177 00073.810
00076.283 00103.556 00108.354 00109.141 00106.753 00104.314 00100.805 00096.661 00095.611 00094.136 00092.602 00094.594 00099.818 00098.084 00095.760 00100.378 00100.555 00104.496 00139.627 00124.780 00154.127 00172.414 00129.553 00122.133 00132.875 00101.247 00083.181 00052.656 00055.103 00050.536 00050.602 00050.123 00051.857 00053.280 00053.942 00055.889 00055.813 00042.775 00037.969 00037.291 00035.480 00034.843 00033.801 00033.145 00033.026 00032.908 00032.608 00032.305 00032.144 00041.945 00063.099 00070.196 00075.043 00077.034 00079.674 00078.856 00069.019 00059.309 00111.204 00155.003
00093.034 00100.730 00101.740 00100.288 00098.374 00095.840 00092.886 00092.689 00091.478 00091.121 00090.324 00090.144 00090.096 00089.834 00090.340 00089.152 00091.285 00093.050 00100.243 00102.060 00125.463 00121.715 00114.736 00094.251 00106.346 00106.726 00069.753 00047.294 00053.974 00038.246 00040.013 00039.344 00044.122 00047.390 00044.262 00046.595 00035.915 00037.112 00037.778 00037.585 00037.134 00036.588 00035.721 00035.354 00035.526 00036.536 00033.655 00039.811 00072.071 00082.654 00087.423 00058.253 00060.994 00135.846 00149.522 00163.966 00180.042 00196.393 00196.913 00188.734
00092.793 00094.581 00093.919 00092.864 00091.722 00090.347 00089.783 00089.310 00088.935 00087.644 00085.982 00085.236 00084.797 00084.612 00084.558 00084.856 00083.897 00083.793 00089.494 00088.229 00097.310 00092.265 00090.681 00091.326 00095.175 00104.897 00138.935 00144.797 00158.842 00169.980 00135.370 00141.012 00031.196 00027.258 00029.488 00032.954 00031.964 00032.781 00033.604 00034.077 00034.922 00035.344 00035.528 00035.059 00035.886 00034.754 00046.152 00073.757 00081.804 00083.464 00104.823 00215.427 00148.437 00162.721 00176.949 00191.620 00191.991 00185.663 00176.872 00169.836
00088.772 00089.581 00089.176 00088.311 00087.658 00086.849 00085.701 00085.589 00085.033 00083.717 00082.152 00081.530 00080.919 00080.520 00080.200 00079.838 00079.768 00080.633 00079.555 00081.019 00078.782 00068.835 00074.857 00079.515 00083.315 00096.670 00121.183 00133.367 00163.047 00162.058 00159.818 00166.658 00162.948 00089.125 00055.387 00041.648 00031.349 00028.213 00028.875 00031.692 00032.400 00032.515 00033.165 00034.092 00034.824 00070.291 00142.500 00172.662 00207.784 00214.950 00205.441 00202.195 00176.422 00190.977 00185.648 00179.044 00172.329 00164.899 00160.348 00155.897
00086.011 00085.786 00085.113 00084.070 00083.272 00082.514 00081.780 00081.714 00081.293 00080.046 00078.575 00078.066 00077.531 00077.147 00076.791 00076.468 00076.475 00076.346 00076.825 00066.651 00065.035 00065.254 00067.191 00072.565 00078.948 00083.512 00099.902 00111.379 00129.058 00127.518 00126.580 00137.391 00141.399 00083.315 00064.208 00075.432 00088.133 00024.481 00024.869 00028.015 00026.922 00029.205 00030.313 00122.392 00114.629 00155.599 00191.953 00203.331 00202.159 00198.463 00192.492 00186.958 00179.809 00173.072 00166.279 00159.691 00155.360 00151.611 00146.977 00142.132
00082.497 00082.002 00080.500 00079.818 00079.252 00078.583 00077.947 00078.131 00077.835 00077.199 00075.825 00075.454 00075.027 00074.606 00074.242 00073.963 00073.715 00073.585 00062.296 00061.944 00061.777 00061.835 00062.722 00065.351 00071.337 00070.110 00080.417 00087.077 00089.421 00090.196 00096.267 00114.726 00102.151 00080.173 00086.359 00087.544 00084.971 00084.781 00060.266 00045.384 00095.376 00110.230 00123.090 00095.014 00147.865 00177.316 00185.904 00187.806 00186.451 00181.261 00173.964 00166.902 00160.290 00155.060 00149.952 00146.314 00143.099 00136.843 00132.292 00128.039
00078.936 00078.413 00077.427 00076.945 00076.418 00075.893 00075.357 00075.764 00074.475 00074.472 00073.575 00073.238 00072.892 00072.542 00072.228 00071.476 00071.129 00060.138 00059.933 00059.754 00059.666 00059.718 00060.055 00060.796 00061.847 00063.252 00071.355 00073.561 00071.051 00074.110 00075.518 00079.451 00089.367 00099.813 00075.372 00077.986 00081.368 00082.771 00081.908 00096.009 00109.872 00128.307 00092.772 00085.653 00146.742 00164.754 00171.436 00170.779 00165.873 00160.134 00154.596 00149.843 00144.985 00140.092 00136.600 00132.549 00125.982 00121.819 00118.655 00116.272
