data/trial6/ashley.fml
NCOLS 382
NROWS 266
XLLCORNER 157819.328125
YLLCORNER 384678.625000
CELLSIZE 30.000000
NODATA_VALUE -1
[rows 204 to 237 of 266, columns 154 to 230 of 382]
-1.00 -1.00 -1.00 -1.00 -1.00 -1.00 -1.00 01.66 02.24 04.10 04.03 03.94 03.81 03.48 03.20 02.99 04.08 04.04 04.06 04.33 04.11 04.03 03.93 03.83 03.75 03.67 03.60 03.52 03.46 03.39 03.32 03.23 03.09 02.94 02.74 02.57 02.39 02.23 02.18 03.49 04.09 04.07 04.02 04.01 04.83 04.82 04.81 04.81 04.80 04.79 04.77 04.76 04.74 04.74 02.73 01.94 01.94 01.92 02.19 02.45 02.44 02.40 02.37 02.40 02.35 02.28 02.20 02.17 02.13 02.04 01.96 01.86 01.60 01.59 01.52 01.37 01.36
-1.00 -1.00 -1.00 -1.00 -1.00 -1.00 -1.00 -1.00 02.26 04.01 03.95 03.78 03.75 03.28 03.48 03.86 03.90 04.02 03.68 04.19 04.13 04.14 04.46 04.41 04.28 04.17 04.07 03.99 03.93 03.85 03.73 03.61 03.48 03.36 03.27 03.18 03.05 02.69 02.54 02.51 04.07 04.05 04.03 04.28 04.85 04.83 04.81 04.80 04.79 04.78 04.76 04.75 04.72 04.77 02.17 01.92 01.92 01.90 02.24 02.46 02.42 02.34 02.37 02.40 02.36 02.33 02.25 02.16 02.11 02.03 01.94 01.82 01.65 01.54 01.53 01.34 01.34
-1.00 -1.00 -1.00 -1.00 -1.00 -1.00 -1.00 -1.00 -1.00 03.92 03.89 03.52 03.05 03.32 04.11 04.10 04.07 03.96 03.87 03.75 03.69 03.77 04.24 04.16 04.44 04.29 04.20 04.12 04.03 03.95 03.88 03.78 03.67 03.51 03.37 03.27 03.17 03.06 02.96 02.77 02.50 03.41 04.04 04.87 04.85 04.83 04.80 04.78 04.77 04.76 04.75 04.73 04.73 04.77 02.08 01.90 01.90 01.95 02.27 02.43 02.40 02.30 02.35 02.41 02.39 02.37 02.24 01.42 01.33 01.38 01.51 01.60 01.61 01.50 01.49 01.36 01.30
-1.00 -1.00 -1.00 -1.00 -1.00 -1.00 -1.00 -1.00 -1.00 01.86 03.01 03.15 04.01 04.06 04.04 04.09 04.06 03.32 02.88 02.79 03.14 03.66 04.15 04.33 04.45 04.42 04.35 04.28 04.20 04.11 04.03 03.93 03.83 03.73 03.58 03.39 03.26 03.15 03.04 02.91 02.71 02.46 04.05 04.88 04.85 04.82 04.80 04.78 04.77 04.76 04.74 04.73 05.06 04.76 02.06 01.87 01.88 01.93 02.27 02.41 02.38 02.33 02.35 02.40 02.38 02.32 01.12 01.22 01.26 01.21 01.51 01.63 01.70 01.43 01.44 01.36 01.25
-1.00 -1.00 -1.00 -1.00 -1.00 -1.00 -1.00 -1.00 -1.00 00.86 01.62 03.16 03.88 04.07 03.98 04.59 04.32 04.02 03.76 03.40 03.55 03.78 03.99 04.87 04.77 04.66 04.54 04.44 04.36 04.28 04.19 04.11 04.03 03.91 03.76 03.61 03.41 03.26 03.14 03.03 02.81 02.61 03.75 04.58 04.84 04.82 04.80 04.78 04.76 04.75 04.74 04.73 05.17 04.82 02.75 01.85 01.86 01.89 02.25 02.40 02.38 02.33 02.33 02.38 02.37 02.20 01.07 01.02 01.08 01.40 01.38 01.66 01.73 01.33 01.35 01.34 01.22
-1.00 -1.00 -1.00 -1.00 -1.00 -1.00 -1.00 -1.00 -1.00 03.29 04.11 04.20 04.28 04.21 03.93 03.85 03.90 03.71 03.39 03.47 03.44 04.12 05.07 05.11 05.03 04.94 04.85 04.73 04.60 04.46 04.37 04.28 04.19 04.10 04.00 03.84 03.67 03.49 03.31 03.14 02.98 02.72 02.49 04.26 04.84 04.81 04.79 04.78 04.76 04.75 04.74 04.79 05.26 04.87 03.35 01.82 01.84 01.78 02.13 02.32 02.34 02.31 02.22 02.27 02.30 01.92 01.07 01.18 00.95 01.51 01.51 01.60 01.71 01.30 01.34 01.27 01.22
-1.00 -1.00 -1.00 -1.00 -1.00 -1.00 -1.00 -1.00 -1.00 -1.00 04.83 04.78 04.68 04.56 04.22 03.65 03.75 03.58 03.53 04.03 03.92 05.45 05.40 05.35 05.28 05.21 05.13 05.05 04.96 04.85 04.70 04.53 04.46 04.38 04.22 04.09 03.94 03.78 03.61 03.35 03.12 02.88 02.63 04.03 04.83 04.81 04.79 04.77 04.76 04.75 04.72 04.99 05.23 04.91 03.96 01.74 01.74 01.73 01.99 02.20 02.20 02.18 02.11 02.12 02.12 01.64 01.10 01.23 01.20 01.49 01.55 01.66 01.50 01.32 01.35 01.20 01.22
-1.00 -1.00 -1.00 -1.00 -1.00 -1.00 -1.00 -1.00 -1.00 -1.00 04.68 04.67 04.55 04.32 03.57 03.72 03.73 03.66 03.62 04.26 05.71 05.65 05.61 05.56 05.51 05.45 05.38 05.32 05.24 05.16 05.05 04.96 04.86 04.72 04.58 04.41 04.22 04.05 03.87 03.66 03.42 03.10 02.77 02.40 04.55 04.80 04.79 04.77 04.75 04.74 04.70 05.28 05.19 04.93 04.42 01.67 01.64 01.65 01.82 02.06 02.05 02.02 01.98 01.94 01.88 01.77 01.68 01.64 01.39 01.39 01.48 01.59 01.30 01.32 01.27 01.21 01.89
-1.00 -1.00 -1.00 -1.00 -1.00 -1.00 -1.00 -1.00 -1.00 -1.00 03.57 03.86 03.84 03.90 03.80 03.79 03.77 03.75 04.43 05.26 05.88 05.81 05.76 05.73 05.69 05.65 05.61 05.56 05.50 05.42 05.35 05.27 05.18 05.08 04.97 04.85 04.68 04.48 04.25 04.03 03.79 03.52 03.18 02.93 02.54 04.79 04.77 04.75 04.73 04.71 04.79 05.09 04.93 04.75 04.49 04.02 01.93 01.58 01.55 01.52 01.75 01.87 01.78 01.73 01.71 01.65 01.60 01.65 01.62 01.57 01.45 01.35 01.33 01.35 01.19 01.22 02.00
-1.00 -1.00 -1.00 -1.00 -1.00 -1.00 -1.00 -1.00 -1.00 -1.00 -1.00 01.47 01.54 03.57 03.80 03.78 03.77 03.77 03.86 04.44 05.22 05.59 05.92 05.89 05.85 05.81 05.78 05.77 05.73 05.68 05.63 05.57 05.50 05.42 05.33 05.22 05.10 04.96 04.80 04.58 04.35 04.11 03.80 03.42 02.92 03.76 04.37 04.69 04.70 04.67 04.97 04.80 04.69 04.59 04.45 04.25 03.90 02.59 01.51 01.48 01.44 01.51 01.63 01.71 01.68 01.67 01.65 01.63 01.60 01.56 01.48 01.38 01.36 01.21 01.20 01.97 02.02
-1.00 -1.00 -1.00 -1.00 -1.00 -1.00 -1.00 -1.00 -1.00 -1.00 -1.00 02.76 03.21 03.48 03.76 03.75 03.69 03.75 03.76 04.44 04.60 06.11 06.09 06.07 06.04 06.01 06.01 05.97 05.94 05.90 05.86 05.81 05.77 05.72 05.65 05.58 05.50 05.39 05.27 05.21 05.09 04.93 04.68 04.32 03.87 04.16 04.32 04.70 04.75 04.77 04.73 04.67 04.60 04.52 04.42 04.30 04.14 03.90 03.50 01.60 01.43 01.41 01.39 01.37 01.40 01.50 01.60 01.64 01.60 01.56 01.49 01.43 01.32 01.20 01.89 02.20 02.07
-1.00 -1.00 -1.00 -1.00 -1.00 -1.00 -1.00 -1.00 -1.00 -1.00 -1.00 04.08 03.61 03.59 03.66 03.61 03.40 03.37 03.39 04.18 04.67 06.07 06.05 06.06 06.06 06.06 06.07 06.08 06.10 06.12 06.09 06.06 06.03 06.00 05.96 05.92 05.87 05.81 05.74 05.65 05.54 05.42 05.27 05.12 04.89 04.72 04.88 04.77 04.58 04.79 04.63 04.54 04.47 04.40 04.32 04.22 04.11 04.00 03.85 03.65 03.32 02.31 01.39 01.38 01.37 01.36 01.35 01.33 01.31 01.29 01.27 01.24 01.20 01.88 02.05 02.33 02.20
-1.00 -1.00 -1.00 -1.00 -1.00 -1.00 -1.00 -1.00 -1.00 -1.00 -1.00 03.95 03.57 03.65 03.62 03.59 03.54 04.22 04.88 05.37 05.24 05.40 05.87 05.87 05.86 05.84 05.83 05.82 05.81 05.81 05.80 05.81 05.90 05.90 05.91 05.91 05.90 05.89 05.89 05.91 05.92 05.89 05.79 05.68 05.58 05.41 05.18 04.92 04.67 04.51 04.44 04.37 04.32 04.26 04.19 04.11 04.02 03.94 03.85 03.76 03.67 03.57 03.43 03.23 02.89 01.73 01.36 01.35 01.33 01.31 01.29 01.49 01.96 02.14 02.31 02.58 02.65
-1.00 -1.00 -1.00 -1.00 -1.00 -1.00 -1.00 -1.00 -1.00 -1.00 02.43 03.82 03.78 03.70 03.67 03.65 03.87 04.55 05.91 05.85 05.77 05.70 05.69 05.68 05.67 05.64 05.61 05.59 05.57 05.55 05.53 05.52 05.56 05.61 05.59 05.57 05.55 05.51 05.47 05.43 05.39 05.35 05.41 05.37 05.28 05.18 05.03 04.82 04.60 04.41 04.28 04.21 04.15 04.08 04.01 03.93 03.88 03.84 03.80 03.77 03.74 03.70 03.65 03.54 03.40 03.25 03.10 02.95 02.83 02.71 02.63 02.47 02.31 02.22 02.26 02.67 02.62
-1.00 -1.00 -1.00 -1.00 -1.00 -1.00 -1.00 -1.00 -1.00 -1.00 02.53 03.81 03.79 03.75 03.73 03.71 04.40 05.09 05.69 05.65 05.60 05.56 05.53 05.52 05.49 05.45 05.42 05.40 05.38 05.36 05.35 05.33 05.31 05.31 05.29 05.27 05.23 05.18 05.13 05.08 05.02 04.96 04.90 04.85 04.75 04.61 04.50 04.39 04.29 04.19 04.10 04.02 03.96 03.92 03.88 03.85 03.83 03.82 03.80 03.79 03.74 03.65 03.56 03.45 03.33 03.21 03.09 02.98 02.86 02.77 02.62 02.45 02.29 02.15 02.19 02.03 02.23
-1.00 -1.00 -1.00 -1.00 -1.00 -1.00 -1.00 -1.00 -1.00 -1.00 03.68 03.76 03.74 03.73 03.72 03.72 04.66 05.54 05.47 05.43 05.40 05.37 05.35 05.33 05.31 05.27 05.23 05.20 05.18 05.16 05.14 05.11 05.08 05.06 05.03 05.00 04.96 04.91 04.85 04.80 04.74 04.67 04.60 04.53 04.45 04.38 04.29 04.19 04.09 04.01 03.96 03.91 03.87 03.86 03.84 03.83 03.82 03.79 03.72 03.65 03.58 03.51 03.43 03.34 03.22 03.08 02.97 02.87 02.77 02.68 02.56 02.36 02.21 02.06 02.11 01.90 01.91
-1.00 -1.00 -1.00 -1.00 -1.00 -1.00 -1.00 -1.00 -1.00 -1.00 03.19 03.51 03.58 03.63 03.66 03.66 05.15 05.21 05.25 05.22 05.19 05.17 05.15 05.13 05.10 05.06 05.01 04.99 04.99 04.96 04.93 04.90 04.86 04.83 04.79 04.74 04.70 04.65 04.59 04.53 04.47 04.41 04.33 04.25 04.16 04.08 04.04 04.01 03.97 03.91 03.89 03.86 03.85 03.83 03.81 03.76 03.70 03.63 03.57 03.51 03.45 03.38 03.30 03.19 03.08 02.98 02.89 02.79 02.71 02.65 02.49 02.39 02.20 02.08 02.02 01.92 01.93
-1.00 -1.00 -1.00 -1.00 -1.00 -1.00 -1.00 -1.00 -1.00 -1.00 03.60 03.51 03.48 03.45 03.66 04.22 04.87 05.14 05.08 05.05 05.02 04.99 04.97 04.94 04.91 04.86 04.80 04.79 04.75 04.77 04.72 04.68 04.64 04.60 04.55 04.51 04.46 04.41 04.36 04.30 04.23 04.16 04.11 04.06 04.01 03.97 03.93 03.92 03.91 03.90 03.88 03.86 03.78 03.69 03.65 03.62 03.58 03.54 03.48 03.38 03.29 03.21 03.14 03.06 02.98 02.90 02.81 02.74 02.67 02.59 02.48 02.34 02.22 02.13 02.08 01.95 01.94
-1.00 -1.00 -1.00 -1.00 -1.00 -1.00 -1.00 -1.00 -1.00 -1.00 02.89 03.55 03.57 04.52 04.56 04.89 04.98 04.94 04.91 04.88 04.84 04.81 04.78 04.73 04.70 04.67 04.65 04.62 04.61 04.60 04.56 04.52 04.47 04.42 04.38 04.33 04.27 04.22 04.16 04.12 04.09 04.05 04.01 03.97 03.95 03.93 03.92 03.90 03.89 03.83 03.76 03.68 03.64 03.61 03.57 03.54 03.49 03.41 03.32 03.25 03.18 03.12 03.04 02.96 02.89 02.82 02.77 02.70 02.63 02.58 02.45 02.36 02.24 02.17 02.07 02.00 01.98
-1.00 -1.00 -1.00 -1.00 -1.00 -1.00 -1.00 -1.00 -1.00 -1.00 03.69 03.57 03.89 03.84 04.50 04.41 04.55 04.70 04.75 04.72 04.70 04.67 04.65 04.62 04.59 04.58 04.55 04.53 04.50 04.47 04.42 04.37 04.32 04.26 04.20 04.14 04.05 03.95 03.93 03.96 03.95 03.96 03.96 03.94 03.93 03.91 03.86 03.80 03.74 03.69 03.65 03.60 03.57 03.54 03.50 03.45 03.40 03.31 03.20 03.15 03.11 03.05 02.98 02.91 02.84 02.76 02.70 02.65 02.60 02.51 02.42 02.31 02.26 02.17 02.08 02.03 02.01
-1.00 -1.00 -1.00 -1.00 -1.00 -1.00 -1.00 -1.00 -1.00 -1.00 01.98 04.31 04.24 04.16 04.17 04.14 04.10 04.23 04.43 04.61 04.59 04.56 04.53 04.50 04.47 04.44 04.40 04.38 04.34 04.29 04.24 04.18 04.12 04.06 04.00 03.97 03.96 03.96 03.99 04.02 04.00 03.94 03.89 03.85 03.81 03.78 03.74 03.69 03.65 03.62 03.58 03.54 03.50 03.45 03.40 03.34 03.27 03.20 03.15 03.11 03.07 03.00 02.92 02.83 02.77 02.72 02.68 02.62 02.57 02.53 02.41 02.32 02.23 02.14 02.11 02.05 02.05
-1.00 -1.00 -1.00 -1.00 -1.00 -1.00 -1.00 -1.00 -1.00 -1.00 -1.00 04.61 04.45 04.30 04.17 04.10 04.06 04.02 03.99 04.12 04.28 04.42 04.40 04.37 04.33 04.28 04.24 04.19 04.15 04.11 04.06 04.00 03.99 04.00 04.00 04.03 04.05 04.02 03.98 03.94 03.89 03.85 03.80 03.76 03.73 03.70 03.66 03.62 03.58 03.55 03.51 03.47 03.43 03.38 03.31 03.23 03.19 03.14 03.10 03.05 02.99 02.92 02.84 02.79 02.75 02.71 02.66 02.62 02.57 02.50 02.40 02.29 02.19 02.17 02.12 02.08 02.06
-1.00 -1.00 -1.00 -1.00 -1.00 -1.00 -1.00 -1.00 -1.00 -1.00 -1.00 03.65 04.27 04.14 04.07 04.04 04.00 03.97 03.94 03.91 03.87 03.94 04.07 04.17 04.18 04.14 04.10 04.06 04.01 04.00 04.00 04.00 04.03 04.05 04.04 04.02 03.97 03.93 03.89 03.85 03.82 03.78 03.73 03.69 03.65 03.62 03.59 03.56 03.52 03.48 03.45 03.41 03.34 03.28 03.22 03.18 03.14 03.10 03.04 02.99 02.92 02.86 02.81 02.75 02.72 02.68 02.65 02.60 02.56 02.44 02.38 02.27 02.23 02.20 02.14 02.11 02.10
-1.00 -1.00 -1.00 -1.00 -1.00 -1.00 -1.00 -1.00 -1.00 -1.00 -1.00 -1.00 03.21 03.74 03.69 03.98 03.95 03.92 03.89 03.86 03.82 03.78 03.74 03.70 03.77 03.84 03.92 04.02 04.02 04.04 04.06 04.04 04.02 03.99 03.97 03.91 03.87 03.83 03.79 03.76 03.73 03.71 03.67 03.63 03.60 03.56 03.55 03.54 03.48 03.41 03.36 03.30 03.24 03.21 03.17 03.14 03.10 03.04 02.99 02.93 02.87 02.82 02.78 02.74 02.70 02.66 02.59 02.52 02.47 02.43 02.33 02.28 02.25 02.20 02.17 02.15 02.12
-1.00 -1.00 -1.00 -1.00 -1.00 -1.00 -1.00 -1.00 -1.00 -1.00 -1.00 -1.00 02.97 03.24 03.40 03.58 03.70 03.87 03.85 03.75 03.62 03.55 03.40 03.26 03.30 03.63 03.64 03.69 03.80 03.88 03.96 03.98 03.94 03.89 03.84 03.80 03.77 03.74 03.72 03.69 03.66 03.63 03.61 03.58 03.57 03.57 03.51 03.45 03.36 03.27 03.26 03.24 03.20 03.17 03.13 03.09 03.04 02.99 02.94 02.89 02.85 02.80 02.76 02.69 02.61 02.57 02.53 02.50 02.47 02.41 02.32 02.29 02.25 02.21 02.20 02.17 02.32
-1.00 -1.00 -1.00 -1.00 -1.00 -1.00 -1.00 -1.00 -1.00 -1.00 -1.00 -1.00 03.85 03.42 03.57 03.63 03.77 03.75 03.59 03.44 03.21 02.89 02.68 02.92 03.18 03.62 03.64 03.64 03.62 03.60 03.57 03.60 03.64 03.67 03.70 03.73 03.71 03.69 03.67 03.64 03.61 03.58 03.57 03.56 03.52 03.47 03.41 03.33 03.28 03.26 03.22 03.20 03.16 03.13 03.09 03.04 03.00 02.94 02.89 02.83 02.78 02.72 02.65 02.62 02.59 02.56 02.53 02.49 02.48 02.41 02.33 02.29 02.24 02.22 02.22 02.22 02.35
-1.00 -1.00 -1.00 -1.00 -1.00 -1.00 -1.00 -1.00 -1.00 -1.00 -1.00 -1.00 -1.00 03.75 03.29 03.65 03.56 03.42 03.36 03.20 02.95 02.76 02.67 02.68 03.79 03.78 03.72 03.47 03.59 03.55 03.52 03.50 03.48 03.46 03.43 03.41 03.41 03.44 03.46 03.48 03.49 03.49 03.49 03.48 03.44 03.37 03.31 03.29 03.27 03.23 03.19 03.15 03.10 03.05 02.99 02.94 02.84 02.80 02.77 02.76 02.75 02.68 02.64 02.62 02.59 02.55 02.52 02.51 02.47 02.39 02.33 02.29 02.24 02.24 02.23 02.29 02.31
-1.00 -1.00 -1.00 -1.00 -1.00 -1.00 -1.00 -1.00 -1.00 -1.00 -1.00 -1.00 -1.00 01.43 02.38 03.33 03.39 03.36 03.27 03.17 03.06 02.88 02.84 03.15 03.82 03.89 03.86 03.63 03.55 03.41 03.30 03.24 03.41 03.44 03.42 03.40 03.38 03.37 03.35 03.33 03.31 03.29 03.26 03.22 03.16 03.12 03.10 03.09 03.07 03.06 03.03 03.00 02.98 02.94 02.89 02.85 02.81 02.79 02.77 02.76 02.71 02.66 02.63 02.60 02.57 02.55 02.52 02.50 02.44 02.38 02.33 02.27 02.25 02.23 02.22 02.25 02.26
-1.00 -1.00 -1.00 -1.00 -1.00 -1.00 -1.00 -1.00 -1.00 -1.00 -1.00 -1.00 -1.00 -1.00 02.07 03.41 03.31 03.25 03.19 03.14 03.01 02.87 02.31 04.05 03.98 03.99 03.91 03.57 03.15 02.99 02.94 03.33 03.41 03.39 03.30 03.36 03.36 03.34 03.32 03.30 03.27 03.24 03.20 03.15 03.12 03.10 03.09 03.08 03.06 03.04 03.01 02.98 02.95 02.91 02.86 02.82 02.80 02.79 02.77 02.73 02.69 02.66 02.61 02.59 02.57 02.55 02.51 02.48 02.42 02.38 02.33 02.28 02.20 02.20 02.21 02.22 02.24
-1.00 -1.00 -1.00 -1.00 -1.00 -1.00 -1.00 -1.00 -1.00 -1.00 -1.00 -1.00 -1.00 -1.00 -1.00 01.67 02.09 02.10 02.09 02.10 02.14 02.17 02.36 03.96 03.85 03.75 03.63 03.40 03.00 02.79 03.76 03.92 03.89 03.69 03.56 03.46 03.38 03.32 03.29 03.27 03.23 03.18 03.14 03.13 03.11 03.09 03.07 03.05 03.03 03.00 02.98 02.95 02.91 02.88 02.84 02.82 02.81 02.78 02.73 02.72 02.69 02.65 02.60 02.58 02.55 02.53 02.50 02.47 02.44 02.38 02.33 02.16 02.18 02.19 02.20 02.22 02.24
-1.00 -1.00 -1.00 -1.00 -1.00 -1.00 -1.00 -1.00 -1.00 -1.00 -1.00 -1.00 -1.00 -1.00 -1.00 -1.00 -1.00 01.94 02.14 02.14 02.14 02.17 02.41 04.09 03.65 03.55 03.40 03.14 02.89 03.68 04.16 04.14 04.05 03.77 03.62 03.39 03.34 03.29 03.25 03.22 03.19 03.16 03.14 03.13 03.11 03.10 03.07 03.04 03.00 02.98 02.96 02.92 02.88 02.85 02.83 02.83 02.82 02.77 02.74 02.72 02.68 02.63 02.59 02.57 02.55 02.53 02.50 02.47 02.44 02.38 02.14 02.16 02.16 02.17 02.19 02.21 02.23
-1.00 -1.00 -1.00 -1.00 -1.00 -1.00 -1.00 -1.00 -1.00 -1.00 -1.00 -1.00 -1.00 -1.00 -1.00 -1.00 -1.00 -1.00 -1.00 01.54 02.68 02.31 02.47 03.84 03.38 03.30 02.99 03.04 03.03 03.48 04.09 04.14 04.06 03.67 03.53 03.42 03.33 03.26 03.22 03.18 03.16 03.15 03.14 03.12 03.10 03.07 03.04 03.01 02.99 02.97 02.94 02.91 02.86 02.85 02.84 02.83 02.79 02.75 02.74 02.70 02.66 02.61 02.59 02.57 02.55 02.52 02.50 02.48 02.06 02.09 02.10 02.12 02.14 02.15 02.17 02.20 02.22
-1.00 -1.00 -1.00 -1.00 -1.00 -1.00 -1.00 -1.00 -1.00 -1.00 -1.00 -1.00 -1.00 -1.00 -1.00 -1.00 -1.00 -1.00 -1.00 -1.00 01.70 01.87 02.18 03.96 04.36 04.03 03.69 03.43 04.02 04.18 04.39 04.25 03.94 03.66 03.47 03.35 03.28 03.23 03.19 03.16 03.15 03.14 03.13 03.10 03.07 03.05 03.03 03.01 02.99 02.97 02.93 02.88 02.86 02.85 02.84 02.80 02.76 02.75 02.72 02.69 02.66 02.63 02.61 02.58 02.56 02.53 02.03 02.04 02.05 02.07 02.08 02.10 02.12 02.14 02.16 02.18 02.19
-1.00 -1.00 -1.00 -1.00 -1.00 -1.00 -1.00 -1.00 -1.00 -1.00 -1.00 -1.00 -1.00 -1.00 -1.00 -1.00 -1.00 -1.00 -1.00 -1.00 -1.00 -1.00 01.20 04.36 04.73 04.84 04.88 04.85 04.76 04.72 04.57 04.20 03.74 03.61 03.36 03.28 03.23 03.20 03.18 03.16 03.14 03.12 03.10 03.08 03.06 03.04 03.03 03.00 02.97 02.94 02.91 02.89 02.88 02.85 02.81 02.78 02.76 02.72 02.71 02.68 02.65 02.63 02.60 02.58 02.00 02.01 02.04 02.05 02.05 02.06 02.08 02.09 02.11 02.13 02.15 02.62 02.89
