data/trial6/ashley.fml
NCOLS 382
NROWS 266
XLLCORNER 157819.328125
YLLCORNER 384678.625000
CELLSIZE 30.000000
NODATA_VALUE -1
[rows 68 to 101 of 266, columns 154 to 230 of 382]
03.66 03.98 03.85 03.70 03.53 03.34 03.19 03.09 03.05 02.99 03.12 03.35 03.18 02.49 01.33 01.49 01.40 00.62 01.29 01.10 01.22 01.24 01.38 01.40 01.40 01.48 01.47 01.45 -1.00 -1.00 -1.00 -1.00 -1.00 -1.00 -1.00 -1.00 -1.00 -1.00 -1.00 -1.00 -1.00 -1.00 -1.00 -1.00 -1.00 -1.00 -1.00 -1.00 -1.00 -1.00 -1.00 -1.00 -1.00 -1.00 -1.00 -1.00 -1.00 -1.00 -1.00 -1.00 -1.00 -1.00 -1.00 -1.00 -1.00 -1.00 -1.00 -1.00 00.71 03.79 04.46 04.63 04.71 04.79 04.81 04.77 04.55
03.84 04.13 04.12 04.09 04.01 03.84 03.51 03.11 03.25 02.99 02.97 03.06 02.47 01.76 01.39 01.03 01.05 01.05 01.10 01.22 01.35 01.44 01.49 01.44 01.56 -1.00 -1.00 -1.00 -1.00 -1.00 -1.00 -1.00 -1.00 -1.00 -1.00 -1.00 -1.00 -1.00 -1.00 -1.00 -1.00 -1.00 -1.00 -1.00 -1.00 -1.00 -1.00 -1.00 -1.00 -1.00 -1.00 -1.00 -1.00 -1.00 -1.00 -1.00 -1.00 -1.00 -1.00 -1.00 -1.00 -1.00 -1.00 -1.00 -1.00 -1.00 -1.00 -1.00 00.50 04.04 03.90 04.76 04.76 04.78 04.78 04.77 04.40
03.70 04.13 04.16 04.07 03.97 03.98 03.98 03.68 03.32 03.29 03.21 03.34 03.44 01.81 01.41 01.07 01.35 01.30 01.27 01.50 01.59 01.46 01.51 01.54 -1.00 -1.00 -1.00 -1.00 -1.00 -1.00 -1.00 -1.00 -1.00 -1.00 -1.00 -1.00 -1.00 -1.00 -1.00 -1.00 -1.00 -1.00 -1.00 -1.00 -1.00 -1.00 -1.00 -1.00 -1.00 -1.00 -1.00 -1.00 -1.00 -1.00 -1.00 -1.00 -1.00 -1.00 -1.00 -1.00 -1.00 -1.00 -1.00 -1.00 -1.00 -1.00 -1.00 -1.00 00.57 02.37 02.86 04.34 04.71 04.81 04.76 04.70 04.28
03.52 03.88 04.06 04.02 04.01 04.00 03.96 03.92 03.43 03.29 03.32 03.55 03.42 01.78 01.43 01.16 01.19 01.38 01.35 01.34 01.51 01.51 01.49 -1.00 -1.00 -1.00 -1.00 -1.00 -1.00 -1.00 -1.00 -1.00 -1.00 -1.00 -1.00 -1.00 -1.00 -1.00 -1.00 -1.00 -1.00 -1.00 -1.00 -1.00 -1.00 -1.00 -1.00 -1.00 -1.00 -1.00 -1.00 -1.00 -1.00 -1.00 -1.00 -1.00 -1.00 -1.00 -1.00 01.91 02.04 02.18 02.29 02.39 02.42 -1.00 -1.00 -1.00 00.65 00.79 03.47 04.16 04.52 04.84 04.78 04.63 04.32
03.36 03.39 03.58 03.78 03.90 03.93 03.92 03.82 03.76 03.51 03.77 03.97 03.38 01.74 01.54 01.19 01.18 01.19 01.40 01.31 01.42 01.51 01.62 01.39 -1.00 -1.00 -1.00 -1.00 -1.00 -1.00 -1.00 -1.00 -1.00 -1.00 -1.00 -1.00 -1.00 -1.00 -1.00 -1.00 -1.00 -1.00 -1.00 -1.00 -1.00 -1.00 -1.00 -1.00 -1.00 -1.00 -1.00 -1.00 -1.00 -1.00 -1.00 01.70 01.81 01.85 01.93 02.06 02.16 02.28 02.28 02.57 02.21 02.16 -1.00 00.62 00.71 00.82 04.51 04.42 04.31 04.57 04.65 04.58 04.37
02.79 03.17 03.25 03.48 03.76 03.95 03.91 03.88 03.41 03.60 03.98 04.00 03.20 01.88 01.79 01.64 01.17 01.17 01.36 01.42 01.35 01.42 01.47 01.55 01.59 01.82 -1.00 -1.00 -1.00 -1.00 -1.00 -1.00 -1.00 -1.00 -1.00 -1.00 -1.00 -1.00 -1.00 -1.00 -1.00 -1.00 -1.00 -1.00 -1.00 -1.00 -1.00 -1.00 -1.00 -1.00 -1.00 -1.00 01.80 01.78 01.79 01.80 01.80 01.81 01.92 02.03 02.15 02.28 02.29 02.00 02.18 01.71 -1.00 00.68 00.75 02.37 04.34 04.21 04.09 04.08 04.38 04.56 04.36
02.67 02.90 03.00 03.26 03.85 03.96 03.93 03.29 03.65 03.95 03.95 03.68 03.90 02.55 02.51 02.26 01.61 01.36 01.11 01.40 01.36 01.33 01.63 01.96 02.18 02.47 02.17 -1.00 -1.00 -1.00 -1.00 -1.00 -1.00 -1.00 -1.00 -1.00 02.06 02.08 02.05 02.02 02.00 -1.00 -1.00 -1.00 -1.00 -1.00 -1.00 -1.00 -1.00 01.75 01.89 01.89 01.87 01.82 01.76 01.72 01.69 01.76 01.85 01.93 01.99 01.95 02.00 01.04 01.10 -1.00 -1.00 00.73 00.78 01.73 03.92 03.77 03.88 03.63 03.98 04.33 04.19
02.56 02.81 02.95 03.29 03.65 03.95 03.88 03.52 03.85 03.96 03.92 03.89 03.79 02.96 02.90 02.52 01.92 01.66 01.23 01.23 01.67 01.80 01.83 02.08 02.42 02.23 02.37 02.15 -1.00 -1.00 01.83 02.05 02.19 02.27 02.27 02.33 02.44 02.38 02.35 02.30 02.23 02.10 02.16 02.17 02.07 02.03 -1.00 01.75 01.83 01.85 01.85 01.84 01.87 01.75 01.64 01.62 01.48 01.65 01.73 01.85 01.93 02.08 01.88 01.62 -1.00 -1.00 -1.00 00.77 00.76 00.78 02.81 02.84 03.61 03.48 03.43 03.89 03.85
02.62 02.76 02.87 03.19 03.39 03.78 03.50 03.61 03.87 03.90 03.84 03.93 03.84 03.52 03.16 03.05 02.19 02.43 01.84 01.57 02.09 02.29 02.27 02.20 02.43 02.53 02.16 02.18 01.60 01.82 01.94 02.10 02.29 02.38 02.44 02.51 02.58 02.64 02.63 02.57 02.33 02.23 02.12 02.11 02.11 02.14 01.83 01.83 01.80 01.76 01.72 01.72 01.70 01.50 01.32 01.56 01.63 01.61 01.62 01.14 01.95 01.79 01.86 01.00 -1.00 -1.00 -1.00 00.79 00.74 00.73 01.17 02.12 03.32 03.39 03.27 03.44 03.55
02.61 02.72 02.90 03.27 03.17 03.18 03.12 03.96 03.75 03.84 03.70 03.84 03.57 03.52 03.13 03.03 02.41 02.40 01.87 01.58 02.29 02.33 02.23 02.16 02.30 02.37 02.11 01.63 01.73 01.94 02.08 02.23 02.32 02.38 02.45 02.59 02.73 02.84 02.93 02.56 02.40 02.18 02.12 02.11 02.08 01.97 01.81 01.75 01.70 01.65 01.60 01.47 01.31 01.60 01.66 01.95 01.98 02.01 01.79 01.78 01.55 01.59 01.51 00.34 -1.00 00.57 00.68 00.77 00.78 00.76 03.69 03.56 03.32 03.22 03.16 03.07 03.28
02.61 02.66 02.82 03.13 03.04 03.44 03.69 03.73 03.54 03.43 03.42 03.56 03.90 03.50 03.12 03.01 02.40 02.37 01.90 01.91 02.20 02.33 02.13 02.13 02.18 01.66 01.67 01.70 01.79 01.94 02.09 02.18 02.26 02.34 02.48 02.61 02.67 02.71 02.60 02.44 02.27 02.28 02.21 02.06 01.92 01.89 01.68 01.63 01.55 01.29 01.48 01.60 01.61 01.88 01.92 02.18 02.43 01.74 01.05 01.70 00.45 00.38 00.47 00.49 00.52 00.67 00.61 00.54 00.83 00.80 02.55 03.77 03.23 03.26 03.08 02.92 03.03
02.60 02.64 03.00 03.06 03.23 03.45 03.60 03.50 03.36 04.17 03.22 02.92 03.80 03.51 03.10 02.99 02.41 02.35 01.94 01.95 01.77 01.96 02.03 01.73 01.65 01.64 01.68 01.75 01.79 01.97 02.01 02.03 02.05 02.15 02.30 02.42 02.50 02.41 02.22 02.37 02.50 02.42 02.25 02.03 01.92 01.93 01.54 01.34 01.57 01.63 01.85 01.83 01.86 02.07 03.29 03.73 03.35 01.89 00.57 01.09 00.44 00.56 00.52 00.53 00.50 00.70 00.74 00.64 00.52 00.82 01.40 03.87 03.06 03.11 03.02 02.84 02.90
02.59 02.95 03.00 03.07 03.26 03.47 03.60 03.84 04.17 04.34 02.85 02.78 03.68 03.54 03.13 03.08 02.49 02.41 02.07 01.99 01.86 01.85 01.63 01.64 01.64 01.62 01.63 01.66 01.81 01.83 01.88 01.92 01.98 02.13 02.24 02.26 02.19 02.09 02.07 02.23 02.27 02.26 02.14 02.06 01.80 01.09 01.50 01.64 01.87 01.83 02.03 02.24 02.93 04.18 05.02 05.32 05.39 05.52 00.74 00.67 00.58 00.55 00.54 00.55 00.54 00.76 00.76 03.83 03.05 00.53 02.57 02.69 03.52 02.89 02.89 02.81 02.81
02.93 02.98 03.01 03.11 03.35 03.51 03.76 04.03 04.28 04.08 02.74 03.40 03.85 03.58 03.21 03.12 02.59 02.61 02.25 02.02 01.90 01.62 01.62 01.63 01.64 01.67 01.73 01.81 01.82 01.84 01.85 01.57 01.80 01.90 02.03 02.12 01.87 01.91 01.89 01.90 01.93 01.75 00.39 02.01 01.75 01.65 01.68 02.09 01.91 02.44 04.65 04.68 04.94 05.36 05.63 05.98 06.12 06.03 01.83 00.74 00.73 00.62 00.52 00.52 00.50 00.74 01.29 03.44 03.74 03.24 01.04 02.19 03.27 02.68 02.66 02.74 02.74
02.94 03.01 03.07 03.17 03.41 03.61 03.90 04.19 04.54 03.74 02.74 03.80 04.00 03.60 03.76 03.19 02.95 02.66 02.58 01.97 01.81 01.74 01.72 01.73 01.76 01.77 01.89 01.94 01.96 01.96 01.91 01.90 01.87 01.81 01.73 01.65 01.71 01.76 01.78 01.78 01.86 01.92 02.01 02.21 01.98 01.72 01.93 02.34 03.06 05.09 05.47 05.82 05.76 05.77 05.90 05.98 06.42 06.47 06.27 05.99 00.81 00.73 00.58 00.46 00.49 00.87 05.18 03.87 03.64 03.43 01.37 02.53 02.96 02.67 02.53 02.68 02.69
02.96 03.02 03.08 03.20 03.42 03.68 04.02 04.41 04.18 03.30 02.75 03.85 03.54 03.61 03.85 03.54 02.63 02.41 02.02 01.99 01.97 01.97 01.96 01.96 01.97 02.01 02.18 02.19 02.20 01.97 01.94 01.92 01.93 01.88 01.80 01.83 01.85 01.86 01.85 01.86 01.87 01.98 02.19 02.11 01.87 01.83 02.35 03.91 05.23 05.97 06.23 06.40 06.34 06.40 06.29 06.39 06.57 06.62 06.62 06.39 04.76 00.83 00.69 00.50 00.45 05.04 04.35 05.03 03.47 03.28 02.47 03.06 02.77 02.70 02.62 02.67 02.71
02.94 03.01 03.06 03.16 03.37 03.60 04.04 04.46 03.57 02.63 03.80 03.93 04.09 03.91 03.76 03.61 03.32 02.96 02.73 02.74 02.54 02.74 02.82 02.82 02.60 02.59 02.55 02.63 02.17 02.15 02.25 02.19 02.12 02.04 02.03 02.04 02.07 02.11 02.12 02.13 02.15 02.41 02.27 02.03 01.82 02.43 03.14 04.98 05.40 05.78 06.16 06.33 06.54 06.54 06.46 06.40 06.35 06.46 06.47 06.44 06.51 02.25 00.85 00.62 00.42 00.45 04.21 02.93 03.41 03.10 02.95 02.93 02.72 02.70 02.74 02.69 02.74
02.92 02.99 03.04 03.16 03.35 03.61 04.20 04.23 02.99 03.12 04.24 04.17 04.06 04.01 03.79 03.78 03.70 03.47 03.19 02.99 03.11 03.11 02.82 02.68 02.66 02.61 02.61 02.69 02.77 02.85 02.93 02.70 02.65 02.47 02.53 02.58 02.65 02.65 02.60 02.32 02.17 01.94 01.92 01.95 02.22 03.30 03.78 05.11 05.43 05.61 05.80 05.93 06.16 06.24 06.42 06.58 06.42 06.25 06.23 06.31 06.44 06.51 00.92 00.79 00.48 00.42 01.45 02.49 02.87 02.88 02.74 02.78 02.70 02.73 02.68 02.75 02.74
02.90 02.98 03.04 03.16 03.35 03.73 04.09 03.84 03.03 03.34 04.16 04.28 04.24 04.16 04.10 04.03 03.96 03.58 03.49 03.35 03.17 02.94 02.50 02.71 02.85 02.80 03.03 03.22 03.10 03.56 03.73 02.51 02.56 02.65 02.68 02.65 02.65 02.50 02.33 02.33 01.94 02.28 02.05 02.31 02.85 03.39 03.81 04.72 04.93 05.12 05.35 05.61 05.81 06.06 06.28 06.49 06.66 06.36 06.11 06.09 06.12 06.38 06.34 00.91 00.70 00.40 00.79 02.75 02.72 02.67 02.38 02.36 02.62 02.65 02.70 02.73 02.48
02.90 02.99 03.07 03.18 03.37 03.79 03.78 03.61 03.23 03.56 03.78 04.26 04.39 04.28 04.25 04.31 04.23 04.11 03.97 03.42 03.24 03.15 03.76 04.25 04.13 03.36 03.33 03.59 04.04 04.41 02.74 03.14 03.17 03.25 03.42 03.34 03.03 02.73 02.26 02.10 02.29 02.21 02.72 02.96 03.31 03.68 03.44 04.04 04.33 04.66 05.03 05.49 05.78 06.01 06.28 06.52 06.61 06.61 06.34 06.00 06.00 06.03 06.23 06.33 00.75 00.45 00.43 02.21 02.25 02.51 01.61 02.49 02.08 02.41 02.71 02.14 02.02
02.91 02.99 03.08 03.21 03.52 03.70 03.61 03.65 03.48 03.40 04.03 04.11 04.25 04.36 04.35 04.61 04.74 04.35 03.35 03.22 03.57 04.06 04.28 04.09 03.98 03.66 03.65 03.80 04.53 03.60 03.57 03.87 04.26 04.11 04.16 04.09 04.15 02.61 02.77 02.85 02.34 02.58 03.43 03.48 03.64 03.69 03.48 03.51 03.80 04.33 04.59 05.15 05.57 05.88 06.08 06.44 06.72 06.67 06.56 06.19 05.95 06.16 06.28 06.61 00.80 00.52 00.42 01.39 01.63 01.62 01.41 01.45 01.49 01.50 01.38 01.56 01.41
02.93 03.01 03.11 03.23 03.47 03.47 03.45 04.18 03.73 03.58 03.76 04.17 04.09 04.16 04.15 04.14 03.99 03.55 03.71 04.00 04.26 04.00 03.94 03.81 03.78 03.55 04.12 04.86 03.03 03.52 03.94 04.23 04.48 04.75 04.69 04.86 03.92 03.00 03.27 02.96 02.68 02.89 03.66 03.74 03.70 03.65 03.58 03.68 03.63 03.90 04.21 04.60 05.18 05.59 05.95 06.16 06.45 06.62 06.55 06.38 05.90 06.07 06.45 06.67 02.10 00.62 00.42 00.48 02.01 01.83 01.79 01.52 01.45 01.42 01.42 01.42 01.40
02.96 03.03 03.13 03.23 03.39 03.66 03.94 03.86 03.41 03.59 04.06 04.12 04.08 03.80 03.43 03.45 03.51 03.80 04.05 04.26 03.97 03.72 03.59 03.53 03.38 04.14 04.79 04.52 03.40 03.89 04.09 04.56 04.86 04.77 05.10 04.79 03.72 03.39 03.43 03.26 02.85 03.44 03.59 03.65 03.64 03.66 03.49 03.81 03.83 03.77 03.90 04.11 04.82 05.50 05.94 06.25 06.32 06.19 06.23 06.18 05.98 06.04 06.04 06.28 04.14 01.46 00.47 00.42 00.54 01.82 01.78 01.54 01.38 01.40 -1.00 -1.00 -1.00
02.97 03.04 03.13 03.23 03.36 03.62 03.74 03.63 03.57 03.71 03.98 04.34 04.27 02.91 02.93 03.29 03.90 04.37 03.99 04.29 03.59 03.44 03.37 03.41 03.69 05.15 04.91 03.90 03.92 04.20 04.48 04.69 04.82 04.89 05.24 04.47 03.08 03.47 03.66 03.30 02.97 03.44 03.64 03.77 03.81 03.55 03.41 04.13 03.93 03.69 03.78 03.90 04.28 05.24 05.86 06.32 06.44 06.15 06.00 05.89 05.67 05.92 06.10 03.52 03.50 05.32 00.59 00.44 00.43 00.49 01.53 01.51 01.50 01.47 -1.00 -1.00 -1.00
02.97 03.04 03.14 03.23 03.35 03.55 03.63 04.20 03.58 03.95 04.61 04.64 03.89 04.07 04.20 04.29 04.55 04.33 03.86 04.31 03.40 03.24 03.33 03.75 04.46 04.40 04.40 03.87 04.32 04.54 04.78 04.83 04.85 04.99 05.57 05.78 03.20 03.48 03.80 03.40 03.21 03.54 03.62 04.13 04.03 03.71 03.53 04.47 04.36 04.00 03.70 03.79 04.08 04.70 05.30 06.08 06.25 06.26 05.91 05.80 05.54 05.74 06.25 03.44 04.34 05.39 05.11 00.56 00.48 00.41 00.45 00.92 01.62 01.61 01.49 -1.00 -1.00
02.98 03.06 03.14 03.23 03.35 03.51 03.83 04.56 03.84 04.23 04.36 04.45 04.85 05.15 04.88 04.32 04.26 04.04 03.71 04.24 03.05 03.22 03.54 04.22 04.06 04.32 03.76 04.18 04.64 04.76 04.73 04.75 04.78 05.05 05.64 04.05 03.21 03.51 03.72 03.39 03.11 03.37 03.65 04.53 04.13 03.84 03.67 04.76 04.50 04.29 03.82 03.75 03.94 04.27 04.76 05.32 05.77 06.08 06.04 05.73 05.72 05.77 03.04 03.58 05.04 05.43 05.03 02.05 00.60 00.46 00.37 00.43 01.45 01.66 01.40 -1.00 -1.00
02.98 03.06 03.13 03.26 03.38 03.66 04.59 04.63 03.71 03.84 04.44 05.13 05.80 05.81 04.83 04.34 03.95 03.76 03.85 03.76 03.50 03.45 03.91 04.14 04.43 03.42 03.84 04.27 04.61 04.75 04.70 04.79 05.07 05.32 04.56 03.57 03.20 03.51 03.65 04.25 03.03 03.18 03.66 05.12 04.86 03.78 03.43 04.69 04.66 04.36 03.97 03.76 03.84 04.06 04.37 04.79 05.57 05.80 05.88 05.84 05.91 05.72 03.83 04.11 05.83 05.35 05.31 05.11 04.05 00.57 00.41 00.42 01.33 01.02 -1.00 -1.00 -1.00
02.98 03.05 03.16 03.29 03.62 04.59 04.93 05.30 04.69 04.41 04.59 05.08 05.42 05.39 04.77 04.37 03.85 03.41 03.91 03.79 04.20 03.88 03.99 04.30 03.77 03.48 03.90 04.14 04.34 04.46 04.66 04.82 04.95 05.20 03.39 03.57 03.22 03.63 03.79 04.46 03.06 03.22 03.57 05.54 05.17 03.70 03.43 04.78 04.67 04.44 04.08 03.77 03.67 03.93 04.13 04.53 05.05 05.55 05.83 05.92 06.16 04.92 03.27 04.54 05.66 05.25 05.34 05.53 04.73 03.63 00.47 00.34 00.44 00.56 -1.00 -1.00 -1.00
02.97 03.06 03.18 03.49 04.39 04.70 05.05 05.39 05.75 06.46 05.21 04.88 04.95 04.96 04.45 04.04 03.50 03.29 04.05 04.12 04.35 04.01 04.17 04.08 03.51 03.56 03.82 04.00 04.22 04.47 04.57 04.72 04.78 04.88 03.51 03.41 03.29 03.51 04.15 04.08 03.23 03.16 03.50 05.22 05.14 03.66 03.49 04.56 04.58 04.37 04.09 03.88 03.85 03.74 03.93 04.14 04.52 05.17 05.70 06.10 05.56 05.13 03.39 04.89 05.21 05.09 05.33 05.52 05.36 04.09 03.38 00.37 00.53 00.51 01.07 -1.00 -1.00
02.98 03.08 03.28 04.19 04.46 04.81 05.17 05.51 06.11 06.81 05.59 04.76 04.70 04.24 03.65 03.48 03.23 03.92 04.29 05.29 05.05 04.03 04.01 03.68 03.42 03.47 03.57 03.79 04.04 04.31 04.82 04.77 04.61 04.08 03.98 03.31 03.44 03.72 04.09 04.89 02.87 03.11 03.44 04.87 04.57 03.81 03.61 04.33 04.43 04.21 04.03 03.79 03.80 03.85 03.79 03.97 04.14 04.88 05.46 05.18 05.07 04.95 03.42 05.92 04.97 04.98 05.35 05.46 05.41 04.35 03.38 00.39 00.48 00.48 00.50 -1.00 -1.00
02.99 03.10 03.99 04.24 04.54 04.95 05.35 05.97 06.53 06.46 05.41 04.69 04.61 03.76 03.49 03.32 03.05 04.28 04.96 04.91 04.68 04.18 03.34 03.32 03.34 03.43 03.57 03.71 04.07 04.56 04.98 05.24 03.59 03.65 03.89 03.32 03.44 03.87 04.35 05.11 04.48 03.07 03.55 04.33 04.34 03.87 03.32 04.20 04.15 03.92 03.86 03.70 03.64 03.74 03.81 03.60 03.96 04.28 04.95 05.23 05.68 04.84 03.90 05.77 04.77 04.82 05.28 05.50 05.64 05.29 03.49 00.41 00.41 00.46 00.48 -1.00 -1.00
02.99 03.70 04.08 04.34 04.73 05.12 05.64 06.27 06.48 06.10 05.16 04.38 04.37 03.90 03.45 02.99 04.26 04.19 04.47 04.49 04.36 03.48 03.37 03.30 03.36 03.37 03.57 03.82 04.13 04.43 04.96 05.14 03.45 03.75 03.83 03.39 03.44 03.89 04.45 04.43 04.62 03.03 03.39 04.28 04.52 03.90 03.63 04.34 04.01 03.75 03.63 03.65 03.56 03.53 03.61 03.48 03.84 04.11 04.75 05.25 05.80 04.20 04.87 05.58 04.60 04.67 05.14 05.45 05.64 05.23 03.57 00.53 00.45 00.40 00.46 00.47 -1.00
03.32 03.89 04.13 04.47 04.86 05.26 05.96 06.65 06.02 05.65 04.41 04.09 04.20 03.67 03.15 03.92 04.19 04.34 03.88 03.98 04.14 03.06 03.10 03.23 03.37 03.46 03.54 03.60 03.80 04.47 04.59 04.27 03.46 03.77 03.50 03.47 03.49 03.89 04.54 05.03 03.72 03.56 03.33 04.21 04.84 04.11 03.36 04.27 04.17 04.08 03.78 03.58 03.55 03.50 03.47 03.39 03.52 04.16 04.50 04.83 05.01 04.83 04.71 05.56 04.13 04.57 04.84 05.27 05.64 05.09 03.69 03.00 00.54 00.40 00.44 00.46 -1.00
03.61 03.91 04.20 04.56 04.99 05.56 06.34 06.62 05.22 05.02 04.16 03.86 03.85 03.56 03.25 04.13 04.40 04.32 04.28 04.10 03.56 03.04 03.16 03.39 03.53 03.61 03.68 03.81 04.09 04.41 04.67 03.20 03.48 03.59 03.47 03.40 03.72 03.86 04.05 04.21 03.27 03.66 03.23 04.17 05.35 04.75 04.35 04.35 04.24 04.14 04.03 03.88 03.53 03.46 03.35 03.34 03.49 04.06 04.44 04.60 04.54 03.87 04.51 04.82 03.93 04.34 04.61 05.12 05.47 04.94 03.58 03.40 03.46 00.42 00.42 00.46 -1.00
