data/trial6/ashley.fli
NCOLS 382
NROWS 266
XLLCORNER 157819.328125
YLLCORNER 384678.625000
CELLSIZE 30.000000
NODATA_VALUE -1
[rows 52 to 77 of 266, columns 180 to 239 of 382]
00118.473 00102.872 00104.255 00099.721 00085.635 00067.004 00064.038 00067.009 00065.778 00065.914 00061.808 00069.519 00085.932 00110.624 00110.666 00101.168 00111.992 00103.734 00092.759 00066.003 00096.600 00175.212 00052.943 00032.285 00023.584 00027.794 00037.243 00034.164 -0001.000 -0001.000 -0001.000 -0001.000 -0001.000 -0001.000 -0001.000 -0001.000 -0001.000 -0001.000 -0001.000 -0001.000 -0001.000 -0001.000 -0001.000 -0001.000 -0001.000 -0001.000 -0001.000 -0001.000 -0001.000 -0001.000 -0001.000 -0001.000 -0001.000 -0001.000 -0001.000 -0001.000 -0001.000 -0001.000 -0001.000 -0001.000
00107.720 00096.428 00099.903 00091.998 00082.364 00066.340 00061.788 00064.823 00064.149 00062.488 00065.806 00067.548 00075.134 00087.739 00084.951 00096.273 00096.264 00111.868 00094.341 00076.313 00106.651 00170.120 00039.271 00024.677 00026.850 00039.545 00040.852 00034.114 00032.034 -0001.000 -0001.000 -0001.000 -0001.000 -0001.000 -0001.000 -0001.000 -0001.000 -0001.000 -0001.000 -0001.000 -0001.000 -0001.000 -0001.000 -0001.000 -0001.000 -0001.000 -0001.000 -0001.000 -0001.000 -0001.000 -0001.000 -0001.000 -0001.000 -0001.000 -0001.000 -0001.000 -0001.000 -0001.000 -0001.000 -0001.000
00093.884 00087.560 00086.910 00082.316 00072.252 00065.910 00061.975 00061.637 00060.923 00061.925 00062.974 00058.116 00070.619 00069.481 00092.285 00111.557 00123.358 00125.991 00103.423 00075.276 00101.100 00141.341 00027.617 00026.742 00033.743 00038.746 00038.450 00035.517 00030.716 -0001.000 -0001.000 -0001.000 -0001.000 -0001.000 -0001.000 -0001.000 -0001.000 -0001.000 -0001.000 -0001.000 -0001.000 -0001.000 -0001.000 -0001.000 -0001.000 -0001.000 -0001.000 -0001.000 -0001.000 -0001.000 -0001.000 -0001.000 -0001.000 -0001.000 -0001.000 -0001.000 -0001.000 -0001.000 -0001.000 -0001.000
00084.590 00078.625 00077.342 00071.483 00070.915 00061.539 00062.069 00058.832 00059.059 00063.180 00059.031 00060.234 00065.034 00073.750 00091.676 00112.761 00119.861 00110.123 00073.813 00077.182 00114.221 00129.580 00074.479 00025.186 00030.909 00037.425 00033.292 00032.562 00025.739 -0001.000 -0001.000 -0001.000 -0001.000 -0001.000 -0001.000 -0001.000 -0001.000 -0001.000 -0001.000 -0001.000 -0001.000 -0001.000 -0001.000 -0001.000 -0001.000 -0001.000 -0001.000 -0001.000 -0001.000 -0001.000 -0001.000 -0001.000 -0001.000 -0001.000 -0001.000 -0001.000 -0001.000 -0001.000 -0001.000 -0001.000
00074.931 00071.190 00067.487 00062.992 00060.291 00058.468 00060.717 00056.916 00058.370 00060.449 00062.300 00052.712 00053.814 00056.453 00077.568 00093.732 00096.266 00074.766 00067.787 00089.037 00115.111 00133.485 00091.117 00034.023 00050.197 00029.925 00032.749 00028.255 00034.510 -0001.000 -0001.000 -0001.000 -0001.000 -0001.000 -0001.000 -0001.000 -0001.000 -0001.000 -0001.000 -0001.000 -0001.000 -0001.000 -0001.000 -0001.000 -0001.000 -0001.000 -0001.000 -0001.000 -0001.000 -0001.000 -0001.000 -0001.000 -0001.000 -0001.000 -0001.000 -0001.000 -0001.000 -0001.000 -0001.000 -0001.000
00074.712 00065.474 00063.950 00058.730 00055.449 00053.292 00057.211 00058.251 00057.118 00055.413 00047.682 00049.617 00041.875 00045.884 00054.548 00064.984 00072.231 00067.063 00069.832 00092.494 00102.839 00095.049 00060.844 00064.786 00074.889 00029.865 00058.178 00023.816 00045.374 -0001.000 -0001.000 -0001.000 -0001.000 -0001.000 -0001.000 -0001.000 -0001.000 -0001.000 -0001.000 -0001.000 -0001.000 -0001.000 -0001.000 -0001.000 -0001.000 -0001.000 -0001.000 -0001.000 -0001.000 -0001.000 -0001.000 -0001.000 -0001.000 -0001.000 -0001.000 -0001.000 -0001.000 -0001.000 00000.556 00049.013
00067.465 00065.029 00058.718 00052.423 00051.864 00053.617 00054.992 00053.682 00053.644 00027.620 00047.444 00048.594 00043.053 00047.477 00066.399 00080.510 00064.977 00059.403 00056.043 00066.072 00074.543 00073.838 00073.402 00064.775 00046.605 00055.591 00062.818 00048.202 00048.741 00052.155 -0001.000 -0001.000 -0001.000 -0001.000 -0001.000 -0001.000 -0001.000 -0001.000 -0001.000 -0001.000 -0001.000 -0001.000 -0001.000 -0001.000 -0001.000 -0001.000 -0001.000 -0001.000 -0001.000 -0001.000 -0001.000 -0001.000 -0001.000 -0001.000 -0001.000 -0001.000 -0001.000 00009.749 00089.944 00080.704
00065.174 00065.600 00050.738 00050.338 00047.998 00053.545 00051.651 00050.838 00010.058 00017.707 00037.735 00044.240 00046.612 00049.765 00059.355 00068.140 00071.589 00064.899 00066.746 00062.045 00056.081 00050.637 00044.456 00045.782 00059.895 00074.833 00098.188 00099.086 00076.557 00075.297 00065.575 -0001.000 -0001.000 -0001.000 -0001.000 -0001.000 -0001.000 -0001.000 -0001.000 -0001.000 -0001.000 -0001.000 -0001.000 -0001.000 -0001.000 -0001.000 -0001.000 -0001.000 -0001.000 -0001.000 -0001.000 -0001.000 -0001.000 00022.385 00023.841 00025.151 00023.558 00041.104 00077.849 00148.709
00061.354 00055.417 00050.680 00046.985 00048.531 00052.853 00050.488 00010.912 00011.398 00015.996 00034.082 00034.709 00037.085 00042.080 00050.711 00048.423 00054.639 00062.158 00063.571 00037.153 00027.368 00045.038 00048.319 00054.612 00062.380 00098.868 00106.960 00100.430 00093.752 00100.839 00088.740 00074.871 -0001.000 -0001.000 -0001.000 -0001.000 -0001.000 -0001.000 -0001.000 -0001.000 -0001.000 -0001.000 -0001.000 -0001.000 -0001.000 -0001.000 -0001.000 -0001.000 -0001.000 -0001.000 00019.136 00021.916 00024.110 00024.441 00030.019 00054.539 00085.576 00105.683 00131.907 00146.416
00055.181 00049.653 00048.339 00044.530 00049.591 00049.552 00046.597 00011.117 00010.926 00008.560 00027.407 00031.125 00031.841 00027.946 00025.233 00027.165 00029.147 00030.889 00038.299 00042.288 00034.642 00044.715 00048.308 00065.634 00081.905 00090.333 00101.715 00100.203 00102.065 00103.333 00098.756 00097.398 -0001.000 -0001.000 -0001.000 -0001.000 -0001.000 -0001.000 -0001.000 -0001.000 -0001.000 -0001.000 -0001.000 -0001.000 -0001.000 -0001.000 -0001.000 -0001.000 00018.500 00021.395 00024.039 00062.149 00082.062 00113.524 00145.084 00209.443 00146.522 00114.902 00167.820 00138.180
00047.907 00046.729 00046.288 00046.172 00045.115 00042.888 00008.980 00011.084 00013.865 00012.098 00013.023 00021.783 00032.136 00034.935 00027.734 00028.679 00032.428 00036.563 00039.954 00046.429 00052.043 00042.710 00042.274 00062.327 00075.783 00087.423 00094.286 00100.493 00107.964 00107.682 00101.384 -0001.000 -0001.000 -0001.000 -0001.000 -0001.000 -0001.000 -0001.000 -0001.000 -0001.000 -0001.000 -0001.000 -0001.000 -0001.000 -0001.000 -0001.000 -0001.000 00019.347 00020.362 00051.276 00132.922 00154.932 00179.345 00187.488 00177.903 00216.231 00158.729 00135.223 00146.576 00125.902
00039.865 00039.309 00041.230 00040.697 00020.075 00008.517 00010.205 00012.723 00014.687 00013.981 00029.042 00033.516 00033.783 00030.242 00032.880 00036.741 00040.819 00044.919 00049.664 00056.142 00064.116 00073.750 00045.974 00063.585 00084.201 00090.871 00090.724 00097.111 00103.897 00106.427 00100.536 -0001.000 -0001.000 -0001.000 -0001.000 -0001.000 -0001.000 -0001.000 -0001.000 -0001.000 -0001.000 -0001.000 -0001.000 -0001.000 -0001.000 -0001.000 00019.376 00023.843 00113.799 00148.038 00190.697 00198.630 00196.565 00194.842 00188.271 00184.554 00152.160 00139.369 00123.667 00127.107
00032.811 00035.544 00033.912 00008.932 00009.558 00010.664 00012.567 00013.069 00015.682 -0001.000 -0001.000 -0001.000 -0001.000 -0001.000 -0001.000 -0001.000 -0001.000 -0001.000 -0001.000 -0001.000 -0001.000 -0001.000 00041.901 00060.041 00075.955 00079.582 00082.124 00081.013 00086.384 -0001.000 -0001.000 -0001.000 -0001.000 -0001.000 -0001.000 -0001.000 -0001.000 -0001.000 -0001.000 -0001.000 -0001.000 -0001.000 -0001.000 -0001.000 00018.550 00019.957 00024.112 00122.429 00166.500 00170.532 00198.986 00189.649 00179.787 00177.179 00173.048 00160.685 00136.318 00141.212 00127.102 00119.217
00025.811 00009.006 00008.997 00009.619 00011.520 00012.224 00013.996 -0001.000 -0001.000 -0001.000 -0001.000 -0001.000 -0001.000 -0001.000 -0001.000 -0001.000 -0001.000 -0001.000 -0001.000 -0001.000 -0001.000 -0001.000 -0001.000 -0001.000 -0001.000 -0001.000 -0001.000 -0001.000 -0001.000 -0001.000 -0001.000 -0001.000 -0001.000 -0001.000 -0001.000 -0001.000 -0001.000 -0001.000 -0001.000 -0001.000 -0001.000 -0001.000 -0001.000 00017.105 00054.712 00129.187 00196.209 00200.312 00196.219 00189.436 00186.964 00175.341 00160.573 00156.957 00156.845 00143.034 00141.637 00149.976 00131.646 00110.901
00007.984 00009.824 00010.448 00010.984 00012.113 00013.416 -0001.000 -0001.000 -0001.000 -0001.000 -0001.000 -0001.000 -0001.000 -0001.000 -0001.000 -0001.000 -0001.000 -0001.000 -0001.000 -0001.000 -0001.000 -0001.000 -0001.000 -0001.000 -0001.000 -0001.000 -0001.000 -0001.000 -0001.000 -0001.000 -0001.000 -0001.000 -0001.000 -0001.000 -0001.000 -0001.000 -0001.000 -0001.000 -0001.000 -0001.000 -0001.000 -0001.000 00013.133 00034.041 00118.387 00167.181 00196.004 00193.631 00187.372 00175.015 00167.945 00162.490 00144.908 00136.586 00140.382 00123.755 00145.357 00149.598 00132.380 00109.830
00011.229 00010.967 00011.331 00014.356 -0001.000 -0001.000 -0001.000 -0001.000 -0001.000 -0001.000 -0001.000 -0001.000 -0001.000 -0001.000 -0001.000 -0001.000 -0001.000 -0001.000 -0001.000 -0001.000 -0001.000 -0001.000 -0001.000 -0001.000 -0001.000 -0001.000 -0001.000 -0001.000 -0001.000 -0001.000 -0001.000 -0001.000 -0001.000 -0001.000 -0001.000 -0001.000 -0001.000 -0001.000 -0001.000 -0001.000 -0001.000 -0001.000 00007.980 00076.133 00147.855 00168.461 00171.425 00174.602 00174.951 00169.915 00156.259 00148.844 00138.559 00128.350 00125.627 00102.926 00127.847 00127.178 00117.979 00118.252
00013.049 00012.809 -0001.000 -0001.000 -0001.000 -0001.000 -0001.000 -0001.000 -0001.000 -0001.000 -0001.000 -0001.000 -0001.000 -0001.000 -0001.000 -0001.000 -0001.000 -0001.000 -0001.000 -0001.000 -0001.000 -0001.000 -0001.000 -0001.000 -0001.000 -0001.000 -0001.000 -0001.000 -0001.000 -0001.000 -0001.000 -0001.000 -0001.000 -0001.000 -0001.000 -0001.000 -0001.000 -0001.000 -0001.000 -0001.000 -0001.000 -0001.000 00002.672 00102.598 00146.410 00159.042 00165.022 00171.092 00172.387 00169.475 00152.575 00139.043 00131.287 00128.083 00124.241 00096.819 00102.391 00105.426 00096.647 00121.886
-0001.000 -0001.000 -0001.000 -0001.000 -0001.000 -0001.000 -0001.000 -0001.000 -0001.000 -0001.000 -0001.000 -0001.000 -0001.000 -0001.000 -0001.000 -0001.000 -0001.000 -0001.000 -0001.000 -0001.000 -0001.000 -0001.000 -0001.000 -0001.000 -0001.000 -0001.000 -0001.000 -0001.000 -0001.000 -0001.000 -0001.000 -0001.000 -0001.000 -0001.000 -0001.000 -0001.000 -0001.000 -0001.000 -0001.000 -0001.000 -0001.000 -0001.000 00001.275 00118.261 00109.158 00168.172 00168.248 00169.784 00170.329 00169.342 00142.248 00126.812 00121.135 00122.630 00129.455 00105.253 00086.636 00083.921 00096.243 00118.739
-0001.000 -0001.000 -0001.000 -0001.000 -0001.000 -0001.000 -0001.000 -0001.000 -0001.000 -0001.000 -0001.000 -0001.000 -0001.000 -0001.000 -0001.000 -0001.000 -0001.000 -0001.000 -0001.000 -0001.000 -0001.000 -0001.000 -0001.000 -0001.000 -0001.000 -0001.000 -0001.000 -0001.000 -0001.000 -0001.000 -0001.000 -0001.000 -0001.000 -0001.000 -0001.000 -0001.000 -0001.000 -0001.000 -0001.000 -0001.000 -0001.000 -0001.000 00001.702 00037.143 00055.621 00137.889 00164.697 00172.068 00168.481 00164.311 00133.851 00108.420 00110.533 00110.304 00116.087 00108.084 00082.107 00075.984 00095.163 00111.254
-0001.000 -0001.000 -0001.000 -0001.000 -0001.000 -0001.000 -0001.000 -0001.000 -0001.000 -0001.000 -0001.000 -0001.000 -0001.000 -0001.000 -0001.000 -0001.000 -0001.000 -0001.000 -0001.000 -0001.000 -0001.000 -0001.000 -0001.000 -0001.000 -0001.000 -0001.000 -0001.000 -0001.000 -0001.000 -0001.000 -0001.000 -0001.000 -0001.000 00023.099 00026.616 00030.719 00034.343 00037.775 00038.888 -0001.000 -0001.000 -0001.000 00002.187 00003.355 00084.872 00125.823 00150.389 00174.372 00170.057 00158.436 00136.189 00105.284 00102.742 00113.667 00110.298 00108.257 00081.446 00073.121 00089.626 00095.094
-0001.000 -0001.000 -0001.000 -0001.000 -0001.000 -0001.000 -0001.000 -0001.000 -0001.000 -0001.000 -0001.000 -0001.000 -0001.000 -0001.000 -0001.000 -0001.000 -0001.000 -0001.000 -0001.000 -0001.000 -0001.000 -0001.000 -0001.000 -0001.000 -0001.000 -0001.000 -0001.000 -0001.000 -0001.000 00018.016 00020.621 00021.501 00023.665 00027.294 00030.174 00034.025 00033.996 00044.208 00031.788 00030.170 -0001.000 00001.989 00002.722 00003.646 00149.778 00143.391 00135.569 00154.220 00160.456 00155.001 00139.922 00106.899 00100.299 00115.120 00107.254 00107.992 00086.228 00071.225 00081.868 00088.040
-0001.000 -0001.000 -0001.000 -0001.000 -0001.000 -0001.000 -0001.000 -0001.000 -0001.000 -0001.000 -0001.000 -0001.000 -0001.000 -0001.000 -0001.000 -0001.000 -0001.000 -0001.000 -0001.000 -0001.000 -0001.000 -0001.000 -0001.000 -0001.000 -0001.000 -0001.000 00020.279 00019.932 00020.043 00020.429 00020.371 00020.575 00023.299 00026.364 00029.866 00033.909 00034.191 00025.624 00030.736 00018.126 -0001.000 00002.487 00003.044 00036.899 00138.007 00129.049 00121.417 00120.315 00140.366 00153.603 00139.201 00103.994 00093.985 00099.654 00101.632 00106.244 00080.369 00070.221 00072.446 00077.816
00030.606 -0001.000 -0001.000 -0001.000 -0001.000 -0001.000 -0001.000 -0001.000 -0001.000 -0001.000 00027.248 00027.774 00026.996 00026.185 00025.462 -0001.000 -0001.000 -0001.000 -0001.000 -0001.000 -0001.000 -0001.000 -0001.000 00019.225 00022.528 00022.725 00022.177 00020.728 00019.406 00018.506 00017.802 00019.350 00021.619 00023.751 00025.416 00024.346 00025.582 00006.211 00007.039 -0001.000 -0001.000 00002.878 00003.306 00018.752 00110.796 00101.395 00107.860 00093.417 00113.971 00136.851 00127.451 00100.427 00087.695 00086.075 00093.214 00096.093 00072.080 00068.134 00068.138 00078.762
00037.155 00029.916 -0001.000 -0001.000 00020.973 00027.123 00031.231 00033.606 00033.713 00035.714 00039.270 00037.400 00036.290 00034.519 00032.373 00028.380 00030.168 00030.512 00027.513 00026.378 -0001.000 00019.102 00021.024 00021.713 00021.596 00021.469 00022.008 00019.100 00016.647 00016.167 00013.364 00016.763 00018.774 00021.475 00023.588 00027.882 00022.347 00016.223 -0001.000 -0001.000 -0001.000 00003.248 00003.164 00003.301 00053.489 00054.832 00092.605 00085.385 00082.907 00108.757 00106.014 00102.974 00093.410 00076.376 00083.961 00086.295 00065.800 00062.203 00065.228 00081.228
00030.352 00031.002 00015.783 00020.939 00023.948 00028.556 00034.343 00037.293 00039.540 00041.898 00044.324 00046.940 00046.351 00043.969 00035.635 00032.272 00029.077 00028.717 00028.815 00029.722 00020.991 00021.111 00020.278 00019.352 00018.507 00018.460 00018.080 00013.683 00010.289 00014.848 00016.344 00015.956 00016.238 00007.568 00024.132 00020.145 00021.739 00005.628 -0001.000 -0001.000 -0001.000 00003.399 00002.958 00002.873 00008.033 00029.188 00076.958 00080.394 00074.644 00083.244 00088.946 00108.724 00100.803 00078.858 00076.739 00084.012 00062.919 00056.694 00062.695 00082.056
00028.685 00016.329 00018.746 00023.887 00027.976 00032.480 00035.169 00037.315 00039.616 00044.711 00050.306 00054.685 00058.728 00043.790 00037.944 00030.978 00029.039 00028.713 00027.972 00024.826 00020.551 00019.254 00018.051 00016.846 00015.766 00013.012 00010.119 00015.700 00017.153 00024.316 00025.126 00025.811 00020.013 00019.749 00014.681 00015.581 00013.904 00000.528 -0001.000 00001.660 00002.472 00003.257 00003.306 00003.141 00096.675 00089.853 00076.923 00072.293 00068.970 00065.131 00075.016 00101.394 00091.745 00081.663 00080.604 00086.572 00060.940 00055.540 00059.604 00091.175
