data/trial6/ashley.fli
NCOLS 382
NROWS 266
XLLCORNER 157819.328125
YLLCORNER 384678.625000
CELLSIZE 30.000000
NODATA_VALUE -1
[rows 234 to 259 of 266, columns 180 to 239 of 382]
00081.225 00068.378 00056.953 00096.492 00125.695 00124.677 00118.907 00101.389 00093.141 00080.709 00077.935 00075.710 00073.633 00072.014 00070.499 00069.084 00068.367 00067.631 00066.876 00066.131 00065.033 00063.527 00061.919 00061.062 00059.939 00058.357 00056.738 00055.086 00054.410 00054.413 00054.012 00051.768 00050.850 00050.018 00048.291 00046.375 00044.736 00044.070 00043.355 00042.631 00041.508 00040.530 00039.498 00037.400 00029.588 00030.148 00030.129 00030.657 00031.181 00031.671 00032.508 00033.023 00033.351 00049.206 00068.355 00074.161 00076.214 00076.833 00076.787 00076.424
00061.375 00063.674 00062.962 00085.086 00121.490 00124.524 00119.507 00095.783 00087.866 00082.350 00077.741 00074.108 00072.212 00070.321 00069.078 00068.920 00068.307 00067.354 00066.375 00064.960 00063.427 00062.168 00061.525 00060.472 00059.308 00057.666 00055.707 00055.106 00054.759 00054.443 00052.564 00051.140 00050.604 00049.184 00047.718 00045.593 00044.861 00044.074 00043.467 00042.408 00041.456 00040.760 00027.315 00028.147 00028.445 00028.954 00029.506 00030.086 00030.632 00031.385 00031.996 00032.556 00056.109 00068.478 00072.536 00073.845 00074.042 00073.700 00073.145 00072.548
00096.785 00082.521 00116.569 00127.088 00141.255 00132.059 00111.995 00095.186 00084.713 00078.454 00074.918 00072.750 00070.594 00069.318 00068.565 00068.297 00067.725 00066.139 00065.136 00064.244 00063.270 00062.407 00061.516 00060.281 00058.485 00056.503 00055.713 00055.256 00054.728 00053.152 00051.701 00050.952 00050.062 00048.587 00047.482 00046.451 00045.626 00044.526 00043.777 00042.564 00026.292 00026.661 00027.037 00027.469 00027.922 00028.536 00029.116 00029.680 00030.214 00030.766 00031.282 00057.349 00065.505 00068.340 00069.313 00069.526 00069.420 00069.116 00068.798 00067.877
00177.816 00175.181 00168.508 00165.545 00154.352 00128.476 00099.741 00092.556 00078.806 00075.074 00072.591 00071.155 00070.021 00068.966 00068.232 00067.304 00066.201 00065.288 00064.402 00063.431 00062.950 00061.800 00060.252 00058.935 00057.626 00056.763 00056.351 00055.194 00053.775 00052.513 00051.519 00050.084 00049.463 00048.400 00047.196 00046.294 00045.382 00044.586 00025.601 00025.939 00026.584 00027.046 00027.005 00027.408 00027.841 00028.300 00028.843 00029.410 00029.945 00046.153 00057.106 00061.466 00063.436 00064.346 00064.760 00064.921 00064.944 00064.440 00064.098 00063.970
00170.589 00164.885 00156.610 00148.469 00138.167 00121.416 00102.567 00089.492 00077.085 00072.241 00071.242 00070.678 00070.078 00069.386 00068.096 00066.568 00064.794 00063.856 00063.718 00062.985 00062.136 00060.963 00059.530 00058.205 00057.337 00056.784 00056.026 00054.999 00053.537 00052.444 00050.987 00049.844 00049.152 00048.006 00046.660 00040.678 00025.596 00026.067 00026.568 00026.290 00026.454 00026.811 00027.153 00027.469 00027.821 00028.291 00028.767 00039.746 00052.882 00057.347 00059.279 00060.201 00060.696 00060.995 00061.186 00061.308 00061.380 00061.411 00060.994 00061.011
00163.494 00157.330 00147.468 00132.971 00120.855 00107.819 00093.035 00078.570 00074.606 00071.731 00070.940 00070.305 00069.880 00068.868 00067.626 00065.319 00064.284 00063.701 00062.578 00061.562 00060.937 00060.196 00059.060 00057.948 00057.204 00056.433 00055.503 00054.659 00053.848 00052.124 00050.505 00049.766 00048.983 00024.783 00025.219 00025.710 00026.214 00026.732 00026.800 00026.890 00027.016 00027.185 00027.480 00027.768 00028.033 00035.131 00048.971 00053.936 00056.153 00057.685 00058.437 00058.797 00059.083 00059.228 00059.326 00059.352 00059.275 00059.292 00059.304 00059.309
-0001.000 00126.975 00114.307 00099.135 00093.098 00087.364 00081.753 00076.358 00073.156 00071.452 00070.488 00069.906 00068.970 00067.856 00066.304 00065.183 00064.183 00063.470 00062.671 00061.587 00060.478 00059.357 00057.945 00057.421 00056.866 00055.917 00055.272 00054.000 00052.503 00051.100 00023.617 00023.635 00024.225 00024.656 00025.070 00025.400 00025.895 00026.584 00027.292 00027.502 00027.128 00027.451 00027.783 00040.488 00049.091 00052.980 00054.623 00055.804 00056.248 00056.811 00057.402 00058.081 00057.816 00058.145 00057.768 00058.019 00058.223 00058.730 00058.638 00058.443
-0001.000 -0001.000 00016.834 00091.054 00085.285 00080.649 00075.953 00073.813 00071.884 00071.030 00070.214 00068.949 00067.827 00066.874 00065.602 00064.524 00064.167 00063.417 00062.275 00061.108 00059.771 00058.411 00057.896 00057.466 00056.300 00055.214 00044.181 00022.793 00022.826 00023.146 00023.321 00023.778 00024.239 00024.671 00025.080 00025.445 00025.880 00026.200 00026.594 00026.996 00027.433 00041.383 00050.130 00053.732 00054.755 00054.852 00054.231 00054.402 00054.530 00054.523 00054.343 00054.149 00053.918 00054.581 00055.000 00055.647 00055.762 00056.006 00056.711 00057.102
-0001.000 -0001.000 -0001.000 00082.190 00081.150 00076.024 00074.028 00072.121 00071.417 00070.479 00069.222 00068.244 00067.509 00066.126 00064.938 00064.569 00063.834 00062.719 00061.573 00060.236 00058.936 00057.032 00025.641 00022.722 00022.938 00023.079 00023.532 00023.713 00023.813 00023.287 00023.559 00023.777 00024.227 00024.710 00025.315 00025.861 00026.178 00026.607 00032.004 00044.427 00048.936 00051.063 00052.187 00053.008 00053.789 00054.155 00054.395 00054.046 00053.705 00053.175 00052.748 00053.097 00053.234 00052.769 00052.954 00053.427 00053.995 00054.312 00054.224 00053.990
-0001.000 -0001.000 -0001.000 -0001.000 -0001.000 00050.818 00072.498 00071.733 00070.762 00069.661 00068.517 00067.327 00066.106 00065.104 00060.746 00036.922 00021.908 00022.045 00022.183 00022.460 00022.590 00022.706 00022.883 00023.054 00023.582 00024.234 00024.144 00023.970 00023.826 00023.990 00024.067 00024.544 00025.033 00025.144 00025.449 00026.036 00038.532 00045.197 00048.244 00050.033 00051.284 00050.772 00051.201 00051.439 00052.150 00052.984 00052.369 00052.539 00052.677 00053.051 00053.401 00053.508 00053.197 00052.669 00052.629 00052.709 00052.241 00051.852 00051.880 00052.144
-0001.000 -0001.000 -0001.000 -0001.000 -0001.000 -0001.000 -0001.000 -0001.000 00004.827 00018.879 00021.312 00021.648 00021.564 00021.381 00021.722 00022.076 00022.215 00022.334 00022.462 00022.776 00023.016 00023.112 00023.061 00022.911 00022.849 00023.526 00024.195 00024.223 00024.280 00024.376 00024.694 00024.851 00033.011 00038.959 00041.944 00044.307 00046.108 00047.155 00048.796 00049.563 00048.916 00049.216 00050.391 00051.158 00050.661 00050.896 00051.259 00051.512 00051.488 00051.981 00052.281 00052.551 00052.405 00052.756 00053.028 00053.330 00052.223 00051.555 00045.579 00045.506
-0001.000 -0001.000 -0001.000 -0001.000 -0001.000 -0001.000 -0001.000 -0001.000 -0001.000 -0001.000 00002.509 00012.554 00021.725 00022.160 00022.462 00022.525 00022.620 00022.749 00022.876 00023.095 00023.396 00023.596 00023.769 00023.598 00023.426 00023.866 00024.458 00024.831 00026.265 00036.847 00040.982 00042.899 00043.756 00043.814 00043.445 00043.658 00044.159 00044.720 00045.636 00046.008 00046.581 00047.555 00048.361 00049.150 00049.485 00049.606 00049.712 00049.950 00050.271 00050.763 00050.790 00050.991 00051.182 00051.361 00051.442 00051.904 00046.124 00046.009 00045.808 00045.622
-0001.000 -0001.000 -0001.000 -0001.000 -0001.000 -0001.000 -0001.000 -0001.000 -0001.000 -0001.000 -0001.000 -0001.000 00021.545 00022.209 00022.856 00022.946 00023.050 00023.187 00023.325 00023.463 00023.764 00024.065 00023.819 00023.733 00032.668 00036.758 00039.359 00041.436 00042.833 00043.710 00044.205 00044.472 00044.602 00044.431 00043.893 00043.615 00043.368 00043.474 00043.788 00044.278 00045.114 00045.707 00046.109 00046.878 00047.878 00048.668 00048.214 00048.740 00049.001 00049.249 00049.262 00049.314 00049.259 00044.786 00044.916 00045.573 00044.958 00045.045 00045.068 00045.072
-0001.000 -0001.000 -0001.000 -0001.000 -0001.000 -0001.000 -0001.000 -0001.000 -0001.000 -0001.000 -0001.000 -0001.000 -0001.000 -0001.000 00018.178 00022.754 00024.401 00029.278 00032.311 00034.525 00036.499 00038.593 00040.200 00040.520 00040.465 00041.057 00040.654 00040.665 00041.900 00042.345 00042.370 00043.438 00044.636 00044.391 00043.497 00043.007 00042.241 00041.699 00041.984 00042.730 00043.357 00043.278 00043.804 00044.866 00046.249 00046.911 00047.196 00047.668 00048.175 00048.566 00048.499 00043.306 00043.321 00043.617 00044.012 00043.268 00043.587 00044.072 00044.061 00044.233
-0001.000 -0001.000 -0001.000 -0001.000 -0001.000 -0001.000 -0001.000 -0001.000 -0001.000 -0001.000 -0001.000 -0001.000 -0001.000 -0001.000 -0001.000 00004.325 00025.133 00025.270 00035.548 00038.314 00039.398 00040.220 00040.893 00041.543 00041.613 00041.569 00041.207 00040.639 00040.018 00040.573 00041.098 00041.590 00042.447 00043.600 00044.303 00043.710 00042.419 00041.780 00040.634 00040.161 00040.370 00040.788 00041.682 00043.005 00044.209 00044.879 00045.597 00046.313 00042.410 00042.372 00042.498 00042.399 00042.506 00042.576 00043.475 00043.391 00042.486 00043.056 00043.439 00043.685
-0001.000 -0001.000 -0001.000 -0001.000 -0001.000 -0001.000 -0001.000 -0001.000 -0001.000 -0001.000 -0001.000 -0001.000 -0001.000 -0001.000 -0001.000 -0001.000 00029.362 00032.092 00034.511 00036.413 00038.294 00039.102 00039.890 00040.444 00040.973 00041.402 00041.613 00040.170 00039.543 00038.849 00039.104 00039.887 00040.557 00041.083 00042.230 00043.033 00043.581 00042.252 00040.366 00039.872 00039.437 00038.728 00039.543 00040.779 00039.530 00039.368 00039.886 00040.237 00040.695 00041.146 00041.596 00041.907 00042.539 00042.050 00042.130 00042.384 00042.926 00043.153 00042.201 00042.252
-0001.000 -0001.000 -0001.000 -0001.000 -0001.000 -0001.000 -0001.000 -0001.000 -0001.000 -0001.000 -0001.000 -0001.000 -0001.000 -0001.000 -0001.000 -0001.000 -0001.000 -0001.000 -0001.000 00011.069 00016.547 00036.135 00038.038 00040.291 00040.358 00040.204 00040.132 00039.983 00040.314 00039.559 00038.736 00038.103 00037.684 00038.305 00039.433 00040.623 00041.399 00041.915 00042.155 00040.005 00036.547 00034.516 00033.291 00035.209 00037.230 00037.922 00038.533 00039.255 00039.707 00040.162 00040.731 00041.000 00040.645 00041.130 00041.926 00041.382 00041.475 00042.019 00042.459 00041.934
-0001.000 -0001.000 -0001.000 -0001.000 -0001.000 -0001.000 -0001.000 -0001.000 -0001.000 -0001.000 -0001.000 -0001.000 -0001.000 -0001.000 -0001.000 -0001.000 -0001.000 -0001.000 -0001.000 -0001.000 -0001.000 -0001.000 -0001.000 -0001.000 -0001.000 00020.838 00031.894 00035.850 00037.077 00038.286 00038.461 00037.711 00036.970 00036.232 00036.574 00038.004 00035.742 00036.451 00037.197 00037.098 00038.094 00035.974 00033.184 00030.371 00031.965 00033.642 00035.094 00036.530 00037.972 00038.527 00038.936 00039.132 00039.554 00039.960 00040.367 00040.862 00041.778 00042.226 00042.095 00041.824
-0001.000 -0001.000 -0001.000 -0001.000 -0001.000 -0001.000 -0001.000 -0001.000 -0001.000 -0001.000 -0001.000 -0001.000 -0001.000 -0001.000 -0001.000 -0001.000 -0001.000 -0001.000 -0001.000 -0001.000 -0001.000 -0001.000 -0001.000 -0001.000 -0001.000 -0001.000 -0001.000 00013.075 00035.266 00036.188 00037.754 00036.417 00034.525 00033.789 00033.007 00032.498 00032.879 00033.318 00034.220 00035.434 00036.301 00036.283 00036.438 00034.872 00027.971 00029.257 00030.590 00032.284 00033.740 00035.678 00036.822 00037.460 00038.257 00039.187 00039.639 00039.535 00040.101 00040.712 00040.899 00041.050
-0001.000 -0001.000 -0001.000 -0001.000 -0001.000 -0001.000 -0001.000 -0001.000 -0001.000 -0001.000 -0001.000 -0001.000 -0001.000 -0001.000 -0001.000 -0001.000 -0001.000 -0001.000 -0001.000 -0001.000 -0001.000 -0001.000 -0001.000 -0001.000 -0001.000 -0001.000 -0001.000 -0001.000 -0001.000 -0001.000 -0001.000 00007.827 00031.805 00032.302 00033.620 00033.016 00031.099 00031.144 00031.227 00031.923 00033.170 00034.257 00034.766 00035.586 00036.097 00026.627 00026.596 00028.480 00053.518 00065.768 00067.101 00067.876 00034.823 00025.541 00031.106 00035.976 00037.259 00035.724 00030.568 00030.601
-0001.000 -0001.000 -0001.000 -0001.000 -0001.000 -0001.000 -0001.000 -0001.000 -0001.000 -0001.000 -0001.000 -0001.000 -0001.000 -0001.000 -0001.000 -0001.000 -0001.000 -0001.000 -0001.000 -0001.000 -0001.000 -0001.000 -0001.000 -0001.000 -0001.000 -0001.000 -0001.000 -0001.000 -0001.000 -0001.000 -0001.000 -0001.000 -0001.000 -0001.000 -0001.000 00019.839 00031.638 00032.614 00032.206 00031.353 00030.862 00031.412 00031.836 00032.784 00033.933 00030.275 00029.303 00027.731 00034.880 00048.741 00057.535 00054.191 00053.007 00053.673 00047.180 00037.167 00027.425 00027.863 00028.394 00029.257
-0001.000 -0001.000 -0001.000 -0001.000 -0001.000 -0001.000 -0001.000 -0001.000 -0001.000 -0001.000 -0001.000 -0001.000 -0001.000 -0001.000 -0001.000 -0001.000 -0001.000 -0001.000 -0001.000 -0001.000 -0001.000 -0001.000 -0001.000 -0001.000 -0001.000 -0001.000 -0001.000 -0001.000 -0001.000 -0001.000 -0001.000 -0001.000 -0001.000 -0001.000 -0001.000 -0001.000 -0001.000 -0001.000 -0001.000 00023.083 00028.662 00031.221 00031.637 00031.946 00025.948 00031.545 00024.057 00050.374 00056.390 00051.578 00050.342 00050.315 00044.531 00044.893 00038.540 00021.975 00024.180 00026.293 00027.393 00028.375
-0001.000 -0001.000 -0001.000 -0001.000 -0001.000 -0001.000 -0001.000 -0001.000 -0001.000 -0001.000 -0001.000 -0001.000 -0001.000 -0001.000 -0001.000 -0001.000 -0001.000 -0001.000 -0001.000 -0001.000 -0001.000 -0001.000 -0001.000 -0001.000 -0001.000 -0001.000 -0001.000 -0001.000 -0001.000 -0001.000 -0001.000 -0001.000 -0001.000 -0001.000 -0001.000 -0001.000 -0001.000 -0001.000 -0001.000 -0001.000 -0001.000 -0001.000 -0001.000 00014.020 00023.520 00025.354 00028.491 00038.746 00016.736 00038.345 00050.368 00049.447 00049.770 00037.630 00035.557 00017.809 00032.950 00046.220 00041.709 00032.405
-0001.000 -0001.000 -0001.000 -0001.000 -0001.000 -0001.000 -0001.000 -0001.000 -0001.000 -0001.000 -0001.000 -0001.000 -0001.000 -0001.000 -0001.000 -0001.000 -0001.000 -0001.000 -0001.000 -0001.000 -0001.000 -0001.000 -0001.000 -0001.000 -0001.000 -0001.000 -0001.000 -0001.000 -0001.000 -0001.000 -0001.000 -0001.000 -0001.000 -0001.000 -0001.000 -0001.000 -0001.000 -0001.000 -0001.000 -0001.000 -0001.000 -0001.000 -0001.000 -0001.000 -0001.000 -0001.000 -0001.000 -0001.000 -0001.000 -0001.000 -0001.000 00032.534 00071.947 00082.367 00045.715 00043.122 00041.560 00047.102 00048.970 00037.140
-0001.000 -0001.000 -0001.000 -0001.000 -0001.000 -0001.000 -0001.000 -0001.000 -0001.000 -0001.000 -0001.000 -0001.000 -0001.000 -0001.000 -0001.000 -0001.000 -0001.000 -0001.000 -0001.000 -0001.000 -0001.000 -0001.000 -0001.000 -0001.000 -0001.000 -0001.000 -0001.000 -0001.000 -0001.000 -0001.000 -0001.000 -0001.000 -0001.000 -0001.000 -0001.000 -0001.000 -0001.000 -0001.000 -0001.000 -0001.000 -0001.000 -0001.000 -0001.000 -0001.000 -0001.000 -0001.000 -0001.000 -0001.000 -0001.000 -0001.000 -0001.000 -0001.000 -0001.000 00010.759 00045.273 00050.169 00052.882 00058.580 00060.244 00060.155
-0001.000 -0001.000 -0001.000 -0001.000 -0001.000 -0001.000 -0001.000 -0001.000 -0001.000 -0001.000 -0001.000 -0001.000 -0001.000 -0001.000 -0001.000 -0001.000 -0001.000 -0001.000 -0001.000 -0001.000 -0001.000 -0001.000 -0001.000 -0001.000 -0001.000 -0001.000 -0001.000 -0001.000 -0001.000 -0001.000 -0001.000 -0001.000 -0001.000 -0001.000 -0001.000 -0001.000 -0001.000 -0001.000 -0001.000 -0001.000 -0001.000 -0001.000 -0001.000 -0001.000 -0001.000 -0001.000 -0001.000 -0001.000 -0001.000 -0001.000 -0001.000 -0001.000 -0001.000 -0001.000 -0001.000 -0001.000 00054.309 00057.698 00061.165 00060.369
