data/trial6/ashley.hpa
NCOLS 382
NROWS 266
XLLCORNER 157819.328125
YLLCORNER 384678.625000
CELLSIZE 30.000000
NODATA_VALUE -1
[rows 52 to 77 of 266, columns 180 to 239 of 382]
00473.305 00474.728 00473.032 00473.672 00475.548 00482.509 00484.562 00485.452 00485.734 00487.071 00489.508 00491.689 00492.320 00492.651 00493.471 00492.496 00496.945 00499.092 00506.570 00511.569 00506.681 00515.043 00765.310 00763.753 00755.970 00726.609 00719.377 00712.086 -0001.000 -0001.000 -0001.000 -0001.000 -0001.000 -0001.000 -0001.000 -0001.000 -0001.000 -0001.000 -0001.000 -0001.000 -0001.000 -0001.000 -0001.000 -0001.000 -0001.000 -0001.000 -0001.000 -0001.000 -0001.000 -0001.000 -0001.000 -0001.000 -0001.000 -0001.000 -0001.000 -0001.000 -0001.000 -0001.000 -0001.000 -0001.000
00472.963 00475.029 00472.188 00473.520 00475.200 00482.156 00484.209 00485.074 00485.664 00487.557 00490.610 00491.984 00493.212 00495.604 00497.867 00498.086 00499.540 00501.315 00502.293 00501.713 00510.003 00520.775 00764.711 00761.376 00747.041 00732.763 00726.420 00716.817 00708.850 -0001.000 -0001.000 -0001.000 -0001.000 -0001.000 -0001.000 -0001.000 -0001.000 -0001.000 -0001.000 -0001.000 -0001.000 -0001.000 -0001.000 -0001.000 -0001.000 -0001.000 -0001.000 -0001.000 -0001.000 -0001.000 -0001.000 -0001.000 -0001.000 -0001.000 -0001.000 -0001.000 -0001.000 -0001.000 -0001.000 -0001.000
00472.561 00474.458 00473.415 00473.994 00476.897 00480.606 00483.861 00485.096 00486.215 00488.327 00491.175 00492.696 00496.445 00497.093 00498.634 00499.560 00501.193 00502.995 00503.739 00503.943 00511.176 00519.370 00762.345 00756.925 00750.978 00740.944 00732.283 00723.679 00713.532 -0001.000 -0001.000 -0001.000 -0001.000 -0001.000 -0001.000 -0001.000 -0001.000 -0001.000 -0001.000 -0001.000 -0001.000 -0001.000 -0001.000 -0001.000 -0001.000 -0001.000 -0001.000 -0001.000 -0001.000 -0001.000 -0001.000 -0001.000 -0001.000 -0001.000 -0001.000 -0001.000 -0001.000 -0001.000 -0001.000 -0001.000
00471.245 00473.706 00474.112 00475.496 00476.705 00480.512 00483.651 00485.737 00487.063 00490.225 00493.254 00495.757 00497.145 00498.862 00499.394 00501.125 00502.902 00504.401 00505.020 00507.087 00514.739 00521.445 00541.454 00754.686 00759.655 00751.175 00743.100 00731.044 00714.936 -0001.000 -0001.000 -0001.000 -0001.000 -0001.000 -0001.000 -0001.000 -0001.000 -0001.000 -0001.000 -0001.000 -0001.000 -0001.000 -0001.000 -0001.000 -0001.000 -0001.000 -0001.000 -0001.000 -0001.000 -0001.000 -0001.000 -0001.000 -0001.000 -0001.000 -0001.000 -0001.000 -0001.000 -0001.000 -0001.000 -0001.000
00469.890 00473.699 00475.341 00476.084 00477.367 00480.833 00484.811 00487.180 00490.135 00493.915 00496.328 00497.429 00498.256 00499.618 00501.652 00504.204 00505.053 00505.996 00506.015 00512.422 00516.254 00516.452 00509.127 00610.587 00567.915 00760.670 00763.557 00736.418 00969.506 -0001.000 -0001.000 -0001.000 -0001.000 -0001.000 -0001.000 -0001.000 -0001.000 -0001.000 -0001.000 -0001.000 -0001.000 -0001.000 -0001.000 -0001.000 -0001.000 -0001.000 -0001.000 -0001.000 -0001.000 -0001.000 -0001.000 -0001.000 -0001.000 -0001.000 -0001.000 -0001.000 -0001.000 -0001.000 -0001.000 -0001.000
00468.464 00473.762 00475.780 00476.093 00477.870 00481.397 00487.299 00487.023 00493.308 00501.486 00511.018 00499.951 00500.554 00506.276 00509.921 00511.304 00510.700 00510.003 00510.581 00516.364 00517.749 00515.319 00524.016 00514.749 00499.083 00697.032 00994.057 00743.462 01196.125 -0001.000 -0001.000 -0001.000 -0001.000 -0001.000 -0001.000 -0001.000 -0001.000 -0001.000 -0001.000 -0001.000 -0001.000 -0001.000 -0001.000 -0001.000 -0001.000 -0001.000 -0001.000 -0001.000 -0001.000 -0001.000 -0001.000 -0001.000 -0001.000 -0001.000 -0001.000 -0001.000 -0001.000 -0001.000 00165.188 00466.706
00469.496 00472.335 00476.838 00478.653 00478.135 00484.844 00488.930 00491.859 00494.950 00539.653 00505.691 00503.866 00505.139 00510.474 00514.554 00517.490 00512.064 00509.327 00509.719 00512.655 00515.968 00510.593 00501.498 00498.435 00517.591 00529.132 00879.987 01038.370 01123.710 01193.998 -0001.000 -0001.000 -0001.000 -0001.000 -0001.000 -0001.000 -0001.000 -0001.000 -0001.000 -0001.000 -0001.000 -0001.000 -0001.000 -0001.000 -0001.000 -0001.000 -0001.000 -0001.000 -0001.000 -0001.000 -0001.000 -0001.000 -0001.000 -0001.000 -0001.000 -0001.000 -0001.000 00948.552 00465.243 00466.291
00468.821 00471.647 00478.065 00478.460 00481.263 00487.405 00490.101 00493.037 00768.592 00596.658 00517.175 00511.134 00509.450 00512.561 00519.670 00520.767 00519.227 00515.352 00513.143 00510.109 00507.476 00505.973 00504.278 00502.941 00608.836 00606.211 01225.985 01221.032 01161.365 01205.786 01184.543 -0001.000 -0001.000 -0001.000 -0001.000 -0001.000 -0001.000 -0001.000 -0001.000 -0001.000 -0001.000 -0001.000 -0001.000 -0001.000 -0001.000 -0001.000 -0001.000 -0001.000 -0001.000 -0001.000 -0001.000 -0001.000 -0001.000 01162.637 01175.225 01185.099 01188.074 00665.671 00530.421 00464.789
00468.169 00475.219 00477.217 00480.573 00485.358 00488.529 00491.476 00757.808 00783.883 00588.124 00514.163 00514.655 00514.507 00515.226 00516.876 00563.721 00555.129 00521.354 00540.365 00930.283 01247.101 00503.078 00503.165 01227.693 01225.204 01223.485 01221.015 01216.721 01212.584 01208.931 01197.797 01175.338 -0001.000 -0001.000 -0001.000 -0001.000 -0001.000 -0001.000 -0001.000 -0001.000 -0001.000 -0001.000 -0001.000 -0001.000 -0001.000 -0001.000 -0001.000 -0001.000 -0001.000 -0001.000 01162.186 01188.382 01194.204 01195.049 00922.314 00560.987 00471.678 00467.786 00474.633 00464.705
00471.996 00474.937 00478.176 00482.756 00486.930 00490.021 00493.047 00775.315 00783.313 00782.493 00619.150 00993.129 01330.786 01298.122 01268.111 01269.630 01271.126 01277.439 01272.745 01267.307 01246.173 01246.961 01233.331 01225.058 01219.831 01217.102 01217.161 01213.330 01209.327 01205.316 01194.777 01180.989 -0001.000 -0001.000 -0001.000 -0001.000 -0001.000 -0001.000 -0001.000 -0001.000 -0001.000 -0001.000 -0001.000 -0001.000 -0001.000 -0001.000 -0001.000 -0001.000 01173.936 01191.516 00741.041 00476.691 00476.931 00477.246 00473.480 00470.484 00471.856 00469.224 00465.709 00464.890
00473.275 00475.321 00477.628 00484.847 00488.650 00492.010 00761.585 00783.996 00776.267 00737.599 00913.004 01129.669 01272.061 01300.325 01252.448 01250.491 01251.998 01253.166 01239.717 01230.742 01222.399 01204.872 01230.615 01228.648 01222.667 01215.733 01212.103 01208.812 01205.647 01196.878 01183.649 -0001.000 -0001.000 -0001.000 -0001.000 -0001.000 -0001.000 -0001.000 -0001.000 -0001.000 -0001.000 -0001.000 -0001.000 -0001.000 -0001.000 -0001.000 -0001.000 01189.874 01208.501 00479.700 00475.711 00475.394 00474.872 00474.671 00474.138 00471.125 00471.660 00470.222 00466.889 00465.365
00469.700 00465.851 00472.231 00478.783 00544.910 00763.421 00786.748 00788.839 00752.583 00722.935 01225.891 01233.016 01231.267 01220.168 01216.861 01212.855 01216.533 01220.617 01222.552 01221.157 01203.431 01186.030 01216.098 01221.511 01224.918 01221.148 01214.423 01204.959 01196.774 01186.994 01175.374 -0001.000 -0001.000 -0001.000 -0001.000 -0001.000 -0001.000 -0001.000 -0001.000 -0001.000 -0001.000 -0001.000 -0001.000 -0001.000 -0001.000 -0001.000 01194.975 00840.957 00475.835 00475.034 00474.417 00474.018 00473.560 00474.072 00473.806 00472.879 00472.151 00470.854 00468.565 00466.948
00464.121 00467.736 00473.687 00764.250 00785.784 00785.912 00776.178 00752.983 00735.427 -0001.000 -0001.000 -0001.000 -0001.000 -0001.000 -0001.000 -0001.000 -0001.000 -0001.000 -0001.000 -0001.000 -0001.000 -0001.000 01182.458 01189.697 01195.076 01199.087 01193.630 01188.112 01180.531 -0001.000 -0001.000 -0001.000 -0001.000 -0001.000 -0001.000 -0001.000 -0001.000 -0001.000 -0001.000 -0001.000 -0001.000 -0001.000 -0001.000 -0001.000 01197.957 01205.799 00922.177 00488.902 00474.252 00474.250 00473.889 00473.533 00473.244 00473.824 00473.988 00474.290 00473.330 00471.302 00469.378 00467.551
00479.238 00744.092 00770.022 00785.210 00778.074 00752.284 00733.969 -0001.000 -0001.000 -0001.000 -0001.000 -0001.000 -0001.000 -0001.000 -0001.000 -0001.000 -0001.000 -0001.000 -0001.000 -0001.000 -0001.000 -0001.000 -0001.000 -0001.000 -0001.000 -0001.000 -0001.000 -0001.000 -0001.000 -0001.000 -0001.000 -0001.000 -0001.000 -0001.000 -0001.000 -0001.000 -0001.000 -0001.000 -0001.000 -0001.000 -0001.000 -0001.000 -0001.000 01200.123 00498.923 00475.092 00473.791 00473.681 00473.743 00473.778 00473.680 00473.357 00473.018 00473.644 00474.554 00474.991 00473.215 00471.729 00470.112 00468.112
00776.272 00786.757 00786.842 00771.060 00747.048 00722.606 -0001.000 -0001.000 -0001.000 -0001.000 -0001.000 -0001.000 -0001.000 -0001.000 -0001.000 -0001.000 -0001.000 -0001.000 -0001.000 -0001.000 -0001.000 -0001.000 -0001.000 -0001.000 -0001.000 -0001.000 -0001.000 -0001.000 -0001.000 -0001.000 -0001.000 -0001.000 -0001.000 -0001.000 -0001.000 -0001.000 -0001.000 -0001.000 -0001.000 -0001.000 -0001.000 -0001.000 01148.513 00605.326 00476.491 00474.652 00473.770 00473.746 00473.952 00474.407 00474.252 00473.691 00473.107 00473.489 00474.946 00474.488 00473.005 00471.589 00470.048 00469.248
00781.583 00765.328 00753.149 00740.682 -0001.000 -0001.000 -0001.000 -0001.000 -0001.000 -0001.000 -0001.000 -0001.000 -0001.000 -0001.000 -0001.000 -0001.000 -0001.000 -0001.000 -0001.000 -0001.000 -0001.000 -0001.000 -0001.000 -0001.000 -0001.000 -0001.000 -0001.000 -0001.000 -0001.000 -0001.000 -0001.000 -0001.000 -0001.000 -0001.000 -0001.000 -0001.000 -0001.000 -0001.000 -0001.000 -0001.000 -0001.000 -0001.000 00898.173 00474.015 00474.378 00474.382 00474.192 00474.012 00474.023 00474.337 00474.534 00473.790 00473.804 00474.232 00475.501 00474.361 00471.686 00471.390 00470.241 00471.131
00722.091 00722.774 -0001.000 -0001.000 -0001.000 -0001.000 -0001.000 -0001.000 -0001.000 -0001.000 -0001.000 -0001.000 -0001.000 -0001.000 -0001.000 -0001.000 -0001.000 -0001.000 -0001.000 -0001.000 -0001.000 -0001.000 -0001.000 -0001.000 -0001.000 -0001.000 -0001.000 -0001.000 -0001.000 -0001.000 -0001.000 -0001.000 -0001.000 -0001.000 -0001.000 -0001.000 -0001.000 -0001.000 -0001.000 -0001.000 -0001.000 -0001.000 00401.045 00471.930 00472.179 00473.797 00473.992 00474.165 00474.132 00474.138 00474.475 00473.930 00473.245 00475.615 00476.851 00473.014 00470.467 00470.917 00470.808 00471.929
-0001.000 -0001.000 -0001.000 -0001.000 -0001.000 -0001.000 -0001.000 -0001.000 -0001.000 -0001.000 -0001.000 -0001.000 -0001.000 -0001.000 -0001.000 -0001.000 -0001.000 -0001.000 -0001.000 -0001.000 -0001.000 -0001.000 -0001.000 -0001.000 -0001.000 -0001.000 -0001.000 -0001.000 -0001.000 -0001.000 -0001.000 -0001.000 -0001.000 -0001.000 -0001.000 -0001.000 -0001.000 -0001.000 -0001.000 -0001.000 -0001.000 -0001.000 00174.494 00468.311 00465.944 00471.416 00472.701 00473.850 00474.325 00474.054 00474.493 00474.906 00473.831 00476.763 00477.175 00472.460 00469.957 00469.894 00471.607 00472.051
-0001.000 -0001.000 -0001.000 -0001.000 -0001.000 -0001.000 -0001.000 -0001.000 -0001.000 -0001.000 -0001.000 -0001.000 -0001.000 -0001.000 -0001.000 -0001.000 -0001.000 -0001.000 -0001.000 -0001.000 -0001.000 -0001.000 -0001.000 -0001.000 -0001.000 -0001.000 -0001.000 -0001.000 -0001.000 -0001.000 -0001.000 -0001.000 -0001.000 -0001.000 -0001.000 -0001.000 -0001.000 -0001.000 -0001.000 -0001.000 -0001.000 -0001.000 00171.385 00422.954 00439.904 00468.029 00471.964 00473.773 00474.669 00475.034 00474.813 00475.292 00474.735 00476.722 00476.180 00473.780 00470.372 00469.583 00471.847 00472.271
-0001.000 -0001.000 -0001.000 -0001.000 -0001.000 -0001.000 -0001.000 -0001.000 -0001.000 -0001.000 -0001.000 -0001.000 -0001.000 -0001.000 -0001.000 -0001.000 -0001.000 -0001.000 -0001.000 -0001.000 -0001.000 -0001.000 -0001.000 -0001.000 -0001.000 -0001.000 -0001.000 -0001.000 -0001.000 -0001.000 -0001.000 -0001.000 -0001.000 01180.033 01198.214 01199.964 01193.706 01185.100 01170.286 -0001.000 -0001.000 -0001.000 00171.038 00173.031 00452.661 00466.577 00471.746 00473.928 00474.608 00475.036 00475.076 00475.174 00474.586 00475.351 00475.905 00474.863 00471.668 00470.306 00471.900 00472.200
-0001.000 -0001.000 -0001.000 -0001.000 -0001.000 -0001.000 -0001.000 -0001.000 -0001.000 -0001.000 -0001.000 -0001.000 -0001.000 -0001.000 -0001.000 -0001.000 -0001.000 -0001.000 -0001.000 -0001.000 -0001.000 -0001.000 -0001.000 -0001.000 -0001.000 -0001.000 -0001.000 -0001.000 -0001.000 01185.118 01203.423 01210.501 01219.073 01220.502 01210.162 01208.139 01206.979 01203.636 01187.439 01163.150 -0001.000 00165.300 00172.375 00172.755 00468.291 00469.670 00471.820 00473.465 00474.570 00475.016 00475.109 00475.044 00474.199 00474.572 00476.490 00476.265 00473.754 00471.220 00472.418 00472.216
-0001.000 -0001.000 -0001.000 -0001.000 -0001.000 -0001.000 -0001.000 -0001.000 -0001.000 -0001.000 -0001.000 -0001.000 -0001.000 -0001.000 -0001.000 -0001.000 -0001.000 -0001.000 -0001.000 -0001.000 -0001.000 -0001.000 -0001.000 -0001.000 -0001.000 -0001.000 01193.314 01207.046 01217.344 01218.872 01202.849 01191.467 01193.408 01195.080 01191.825 01189.901 01192.450 01157.890 01151.965 01084.522 -0001.000 00167.648 00172.781 00403.891 00467.563 00469.736 00471.140 00473.434 00474.804 00475.802 00475.823 00475.384 00473.628 00474.489 00477.122 00477.998 00475.138 00471.739 00471.363 00470.681
01219.442 -0001.000 -0001.000 -0001.000 -0001.000 -0001.000 -0001.000 -0001.000 -0001.000 -0001.000 01206.252 01196.284 01191.493 01186.915 01181.550 -0001.000 -0001.000 -0001.000 -0001.000 -0001.000 -0001.000 -0001.000 -0001.000 01191.529 01212.160 01219.445 01229.007 01220.161 01190.170 01158.544 01132.319 01127.810 01132.785 01134.808 01136.142 01157.099 01184.253 00843.376 00852.040 -0001.000 -0001.000 00168.192 00172.468 00346.835 00463.833 00465.295 00469.887 00472.237 00474.564 00476.627 00476.106 00476.175 00474.415 00474.103 00477.850 00479.015 00476.351 00472.064 00470.812 00471.928
01231.136 01197.515 -0001.000 -0001.000 01196.628 01228.732 01250.328 01270.224 01272.493 01275.749 01279.107 01260.733 01243.367 01232.272 01228.213 01223.830 01223.772 01222.146 01208.378 01190.949 -0001.000 01196.310 01224.821 01233.918 01221.713 01204.616 01194.671 01161.154 01111.410 01059.049 00978.694 01020.553 01041.621 01065.545 01090.540 01110.914 01108.843 01126.428 -0001.000 -0001.000 -0001.000 00165.739 00171.136 00172.987 00443.268 00447.652 00466.909 00469.182 00471.713 00475.314 00475.718 00477.145 00476.425 00473.992 00478.530 00480.143 00477.457 00471.004 00471.332 00472.994
01231.144 01207.732 01203.722 01226.630 01240.230 01245.769 01248.333 01263.961 01282.647 01300.273 01291.916 01281.780 01269.226 01255.074 01244.321 01241.036 01241.627 01237.297 01233.451 01228.611 01225.595 01232.962 01209.182 01187.775 01153.603 01136.561 01117.830 01009.826 00872.293 01017.462 01026.721 01002.632 00963.586 00705.274 00982.991 01082.423 01127.821 00813.512 -0001.000 -0001.000 -0001.000 00164.833 00169.785 00173.228 00292.869 00424.224 00469.337 00467.063 00468.884 00472.867 00475.146 00477.822 00477.841 00475.750 00479.121 00480.760 00478.305 00469.794 00472.664 00471.357
01228.265 01235.793 01249.664 01233.618 01223.858 01225.955 01227.454 01228.804 01230.109 01243.035 01254.546 01259.543 01262.710 01256.653 01238.062 01221.734 01216.219 01218.532 01221.583 01221.370 01206.071 01176.549 01142.444 01109.784 01057.726 01009.118 00883.029 01055.710 01096.155 01114.290 01112.908 01110.704 01094.298 01015.428 00850.181 00951.104 01026.329 00170.932 -0001.000 00165.679 00164.737 00165.743 00170.051 00172.781 00463.091 00464.904 00467.467 00469.565 00467.460 00469.997 00474.134 00477.434 00477.720 00477.196 00479.473 00480.873 00479.344 00469.981 00468.716 00471.314
