data/trial6/ashley.fli
NCOLS 382
NROWS 266
XLLCORNER 157819.328125
YLLCORNER 384678.625000
CELLSIZE 30.000000
NODATA_VALUE -1
[rows 104 to 129 of 266, columns 180 to 239 of 382]
00097.206 00081.968 00089.963 00111.713 00089.953 00094.897 00128.062 00082.037 00083.738 00103.927 00127.176 00110.318 00106.914 00109.381 00101.024 00138.653 00072.684 00101.032 00164.306 00149.099 00126.133 00132.385 00124.485 00112.550 00103.853 00097.749 00096.356 00093.088 00067.457 00076.125 00080.519 00088.293 00099.773 00120.250 00083.834 00131.296 00225.327 00163.786 00088.405 00090.327 00131.954 00155.417 00153.909 00166.291 00192.157 00103.313 00075.486 00000.902 00000.672 00001.016 -0001.000 -0001.000 -0001.000 -0001.000 -0001.000 -0001.000 -0001.000 -0001.000 -0001.000 -0001.000
00098.114 00081.363 00084.296 00089.871 00073.514 00106.679 00138.771 00088.910 00097.652 00107.981 00101.060 00112.238 00132.107 00107.277 00102.079 00124.259 00071.349 00096.649 00156.446 00140.737 00116.999 00125.132 00119.630 00107.011 00104.522 00096.550 00095.921 00092.221 00091.687 00077.514 00080.208 00082.197 00089.101 00106.639 00112.274 00180.353 00280.749 00160.175 00080.987 00100.475 00112.459 00134.947 00126.579 00179.298 00176.337 00086.892 00072.645 00000.799 00000.724 00000.933 -0001.000 -0001.000 -0001.000 -0001.000 -0001.000 -0001.000 -0001.000 -0001.000 -0001.000 -0001.000
00140.868 00084.168 00076.852 00089.328 00080.410 00145.885 00122.553 00100.790 00102.297 00098.017 00124.646 00176.225 00144.572 00117.143 00107.395 00102.404 00049.310 00078.328 00166.725 00228.797 00130.953 00131.171 00122.456 00105.130 00101.665 00098.790 00092.445 00093.279 00092.825 00118.194 00094.928 00083.912 00084.119 00089.866 00115.494 00147.606 00208.307 00163.572 00076.698 00080.058 00095.071 00109.248 00139.497 00146.347 00113.384 00079.872 00034.633 00000.487 00001.004 -0001.000 -0001.000 -0001.000 -0001.000 -0001.000 -0001.000 -0001.000 -0001.000 -0001.000 -0001.000 -0001.000
00135.278 00103.663 00107.019 00092.942 00120.505 00148.404 00115.700 00096.231 00096.630 00100.172 00132.921 00148.268 00128.193 00131.775 00116.638 00104.094 00100.717 00098.690 00164.512 00281.048 00189.697 00168.135 00146.458 00118.474 00098.192 00098.372 00095.147 00092.437 00113.533 00111.974 00110.615 00109.838 00086.962 00083.185 00090.124 00106.435 00121.740 00113.244 00070.554 00060.870 00050.322 00093.969 00094.303 00092.209 00066.772 00024.303 00000.553 00001.088 00001.074 00000.980 -0001.000 -0001.000 -0001.000 -0001.000 -0001.000 -0001.000 -0001.000 -0001.000 -0001.000 -0001.000
00115.063 00100.066 00101.721 00092.450 00125.215 00123.615 00098.327 00099.056 00092.601 00096.493 00116.071 00126.140 00129.236 00118.504 00116.611 00124.828 00100.920 00094.301 00184.724 00203.851 00213.714 00193.726 00170.119 00142.185 00102.268 00094.172 00094.574 00096.617 00110.639 00104.988 00102.459 00104.519 00102.240 00087.100 00073.288 00081.133 00091.614 00069.204 00052.705 00053.470 00055.744 00059.937 00075.481 00079.648 00062.851 00000.891 00000.858 00000.854 00000.958 00001.159 -0001.000 -0001.000 -0001.000 -0001.000 -0001.000 -0001.000 -0001.000 -0001.000 -0001.000 -0001.000
00104.234 00106.486 00104.003 00109.922 00125.671 00117.744 00100.467 00104.826 00094.569 00108.573 00127.936 00100.389 00102.464 00114.154 00143.395 00160.182 00122.461 00122.526 00151.027 00206.898 00220.162 00228.124 00202.608 00151.086 00110.293 00092.128 00092.773 00106.225 00105.458 00103.719 00099.682 00098.634 00095.146 00090.447 00082.967 00080.088 00078.101 00082.846 00049.056 00049.270 00053.955 00053.420 00060.998 00066.720 00061.171 00037.240 00001.622 00000.680 00000.850 00001.141 -0001.000 -0001.000 -0001.000 -0001.000 -0001.000 -0001.000 -0001.000 -0001.000 -0001.000 -0001.000
00122.073 00122.780 00111.226 00110.570 00111.737 00108.843 00103.273 00118.149 00101.917 00138.677 00191.535 00103.073 00118.438 00140.991 00178.700 00181.124 00145.263 00123.127 00187.533 00196.714 00203.952 00195.001 00185.751 00175.275 00106.522 00103.285 00096.107 00103.332 00100.658 00098.140 00096.236 00092.839 00092.134 00088.853 00080.379 00080.684 00078.882 00075.682 00076.049 00050.904 00050.911 00047.694 00045.738 00061.912 00061.596 00062.739 00039.176 00000.756 00000.717 00001.119 -0001.000 -0001.000 -0001.000 -0001.000 -0001.000 -0001.000 -0001.000 -0001.000 -0001.000 -0001.000
00107.303 00133.762 00123.057 00122.481 00124.927 00094.025 00103.898 00110.957 00117.053 00192.180 00234.709 00139.645 00121.196 00156.959 00193.973 00186.826 00168.621 00122.455 00169.500 00166.548 00171.293 00167.943 00164.619 00158.179 00127.265 00108.549 00103.807 00100.095 00093.632 00092.125 00092.038 00088.281 00085.490 00083.778 00079.030 00082.201 00078.413 00075.370 00076.014 00075.007 00074.920 00040.180 00040.230 00060.101 00061.525 00060.161 00043.738 00000.636 00000.705 00001.130 -0001.000 -0001.000 -0001.000 -0001.000 -0001.000 -0001.000 -0001.000 -0001.000 -0001.000 -0001.000
00103.058 00125.889 00153.326 00180.800 00134.471 00116.400 00104.662 00104.463 00147.453 00209.660 00179.266 00130.335 00161.111 00166.543 00197.991 00175.069 00156.341 00118.553 00136.754 00139.455 00342.548 00388.494 00380.383 00129.996 00117.294 00102.673 00103.055 00102.168 00101.455 00097.241 00087.981 00086.232 00083.043 00075.268 00079.636 00081.748 00078.394 00075.126 00074.025 00068.664 00059.058 00033.067 00041.962 00062.934 00061.488 00057.979 00038.232 00000.607 00000.767 00001.152 -0001.000 -0001.000 -0001.000 -0001.000 -0001.000 -0001.000 -0001.000 -0001.000 -0001.000 -0001.000
00093.106 00096.562 00156.839 00193.870 00149.914 00127.463 00125.988 00105.064 00147.923 00172.180 00145.149 00145.920 00166.794 00217.833 00243.660 00204.538 00181.684 00133.682 00133.256 00267.775 00378.860 00421.584 00461.777 00364.083 00116.757 00101.436 00099.833 00106.025 00098.225 00102.410 00096.509 00094.549 00093.634 00077.347 00361.094 00086.411 00078.996 00079.450 00072.671 00062.174 00045.405 00031.743 00046.870 00064.678 00037.360 00006.972 00000.447 00000.683 00001.114 00001.183 -0001.000 -0001.000 -0001.000 -0001.000 -0001.000 -0001.000 -0001.000 -0001.000 -0001.000 -0001.000
00071.438 00078.278 00095.294 00128.592 00129.801 00139.660 00134.600 00112.899 00123.316 00157.516 00151.901 00166.746 00190.887 00238.914 00218.809 00196.686 00171.547 00134.873 00244.464 00400.375 00427.085 00454.898 00455.318 00346.988 00219.695 00257.185 00252.836 00247.092 00236.046 00242.887 00237.787 00127.866 00165.143 00302.532 00293.164 00152.298 00068.822 00069.067 00066.466 00052.863 00044.294 00031.830 00047.246 00061.583 00009.528 00000.494 00000.759 00001.243 00001.287 -0001.000 -0001.000 -0001.000 -0001.000 -0001.000 -0001.000 -0001.000 -0001.000 -0001.000 -0001.000 -0001.000
00062.461 00074.301 00089.253 00082.662 00077.249 00088.964 00107.696 00125.515 00124.548 00117.406 00162.618 00166.847 00205.818 00201.146 00177.780 00186.751 00349.077 00401.976 00429.564 00448.342 00452.569 00455.068 00446.740 00435.141 00248.279 00250.944 00227.380 00202.586 00225.386 00225.624 00203.181 00181.883 00227.062 00274.453 00190.225 00143.742 00065.280 00112.150 00049.401 00044.341 00037.789 00033.967 00046.893 00045.916 00000.627 00000.679 00001.367 00001.475 -0001.000 -0001.000 -0001.000 -0001.000 -0001.000 -0001.000 -0001.000 -0001.000 -0001.000 -0001.000 -0001.000 -0001.000
00059.624 00068.225 00079.678 00067.956 00080.977 00096.886 00110.698 00120.812 00132.570 00147.942 00164.980 00182.407 00205.052 00235.017 00273.352 00311.822 00372.911 00405.892 00437.390 00454.112 00470.393 00459.744 00447.967 00434.792 00254.620 00215.829 00184.731 00170.841 00171.466 00168.453 00195.164 00229.659 00251.433 00161.019 00117.461 00090.409 00080.125 00060.618 00041.320 00042.252 00032.483 00011.853 00001.148 00000.625 00000.725 00001.117 00001.597 -0001.000 -0001.000 -0001.000 -0001.000 -0001.000 -0001.000 -0001.000 -0001.000 -0001.000 -0001.000 -0001.000 -0001.000 -0001.000
00057.852 00062.819 00070.662 00076.036 00083.942 00097.508 00109.159 00113.952 00131.003 00145.226 00163.539 00187.256 00209.674 00244.125 00277.601 00330.091 00378.919 00415.685 00443.256 00460.323 00455.509 00446.220 00441.883 00281.651 00194.835 00161.502 00142.967 00131.488 00118.101 00143.801 00209.811 00161.693 00127.261 00084.288 00066.768 00051.049 00050.148 00041.947 00037.314 00040.607 00034.200 00001.282 00000.582 00000.751 00001.301 00001.781 00001.798 -0001.000 -0001.000 -0001.000 -0001.000 -0001.000 -0001.000 -0001.000 -0001.000 -0001.000 -0001.000 -0001.000 -0001.000 -0001.000
00054.738 00059.393 00065.844 00071.279 00080.889 00095.726 00109.025 00118.429 00133.568 00149.720 00170.241 00189.696 00221.159 00253.437 00289.887 00339.003 00381.546 00423.708 00454.714 00469.414 00447.339 00431.845 00324.386 00181.449 00142.391 00117.335 00108.504 00102.322 00106.748 00125.709 00122.280 00117.968 00070.358 00053.889 00034.861 00038.402 00036.052 00033.503 00037.551 00029.410 00001.257 00000.799 00000.849 00001.267 00001.964 00001.753 -0001.000 -0001.000 -0001.000 -0001.000 -0001.000 -0001.000 -0001.000 -0001.000 -0001.000 -0001.000 -0001.000 -0001.000 -0001.000 -0001.000
00050.692 00057.680 00062.652 00069.273 00079.245 00096.051 00110.175 00122.292 00136.974 00155.308 00176.554 00202.809 00235.445 00264.033 00314.322 00359.769 00401.331 00435.186 00466.442 00449.474 00430.986 00318.280 00189.350 00127.630 00101.278 00093.388 00084.989 00084.743 00087.578 00096.407 00098.992 00068.979 00070.980 00047.888 00047.436 00030.216 00032.259 00034.480 00005.915 00001.382 00000.622 00000.669 00001.220 00001.858 00001.849 -0001.000 -0001.000 -0001.000 -0001.000 -0001.000 -0001.000 -0001.000 -0001.000 -0001.000 -0001.000 -0001.000 -0001.000 -0001.000 -0001.000 -0001.000
00046.374 00054.466 00060.366 00067.501 00078.898 00096.649 00110.616 00124.876 00140.946 00161.955 00185.811 00217.169 00248.099 00286.406 00337.003 00378.427 00416.231 00447.967 00456.662 00451.830 00333.191 00155.112 00109.675 00084.666 00081.008 00078.223 00074.439 00076.043 00077.136 00080.735 00074.871 00075.909 00071.832 00065.660 00072.782 00121.426 00119.419 00019.347 00001.602 00000.779 00000.842 00001.144 00001.766 00001.912 00001.701 -0001.000 -0001.000 -0001.000 -0001.000 -0001.000 -0001.000 -0001.000 -0001.000 -0001.000 -0001.000 -0001.000 -0001.000 -0001.000 -0001.000 -0001.000
00041.706 00050.173 00057.954 00065.513 00079.951 00097.622 00112.292 00127.612 00145.521 00168.762 00198.085 00232.383 00263.061 00312.065 00357.542 00401.907 00433.377 00456.263 00457.679 00367.489 00135.453 00089.486 00085.859 00075.292 00072.872 00069.701 00067.516 00068.567 00067.711 00069.205 00069.818 00059.696 00066.423 00087.355 00111.883 00127.369 00127.045 00112.276 00002.038 00000.930 00000.828 00001.172 00001.848 00001.775 -0001.000 -0001.000 -0001.000 -0001.000 -0001.000 -0001.000 -0001.000 -0001.000 -0001.000 -0001.000 -0001.000 -0001.000 00000.831 00000.965 00001.046 00000.968
00037.424 00045.620 00053.598 00062.356 00078.432 00096.958 00115.772 00132.562 00151.308 00178.224 00213.181 00250.178 00291.364 00335.698 00381.619 00417.468 00447.687 00462.163 00447.777 00137.959 00091.619 00084.203 00072.716 00061.921 00057.737 00058.435 00056.115 00057.025 00056.235 00058.069 00059.958 00053.969 00061.418 00105.337 00120.147 00130.962 00126.406 00096.215 00002.166 00001.065 00000.744 00001.110 00001.607 -0001.000 -0001.000 -0001.000 -0001.000 -0001.000 -0001.000 00000.608 00001.089 00010.691 00020.945 00022.030 00015.252 00019.279 00018.327 00009.906 00003.809 00000.889
00032.720 00040.714 00047.777 00061.409 00075.698 00096.018 00119.842 00136.042 00158.613 00192.191 00227.591 00269.024 00311.070 00357.981 00399.153 00432.572 00450.525 00465.218 00281.015 00091.424 00106.647 00082.599 00071.363 00057.855 00048.205 00046.230 00046.784 00048.206 00047.042 00047.458 00048.555 00123.643 00113.860 00122.296 00122.042 00127.175 00138.276 00036.115 00002.253 00001.223 00000.848 00001.116 00001.428 00001.542 -0001.000 -0001.000 -0001.000 00000.689 00002.741 00014.409 00020.021 00020.904 00021.544 00018.577 00017.214 00017.172 00013.122 00012.924 00015.285 00002.516
00030.110 00034.563 00042.401 00058.265 00073.328 00098.596 00121.888 00143.759 00168.599 00207.378 00246.673 00308.148 00351.777 00383.400 00415.084 00437.518 00453.180 00441.833 00186.837 00133.604 00074.298 00100.438 00067.447 00048.501 00048.644 00045.118 00044.717 00039.923 00039.277 00117.034 00137.584 00147.388 00124.519 00120.835 00122.443 00125.697 00137.269 00141.222 00002.411 00001.359 00001.002 00001.081 00001.557 00001.788 -0001.000 00000.676 00000.489 00015.178 00016.578 00018.951 00020.434 00023.098 00017.682 00015.745 00014.155 00014.616 00015.369 00018.320 00019.529 00015.185
00117.575 00032.018 00027.702 00053.338 00073.337 00102.222 00128.346 00151.074 00186.839 00223.864 00280.073 00345.952 00372.532 00398.861 00421.609 00435.428 00448.500 00449.705 00420.226 00137.124 00088.365 00093.313 00077.313 00048.667 00036.749 00035.183 00035.537 00079.820 00116.411 00137.310 00160.227 00164.501 00159.091 00129.517 00115.190 00119.632 00138.114 00061.203 00002.578 00001.441 00001.109 00000.895 00001.200 00000.456 00000.471 00004.170 00018.034 00019.581 00018.961 00018.844 00018.272 00014.839 00013.218 00012.554 00014.018 00016.136 00020.143 00023.155 00024.560 00025.250
00120.473 00031.524 00032.956 00044.681 00069.770 00108.676 00135.438 00164.583 00200.797 00249.244 00323.522 00363.628 00391.031 00418.241 00420.824 00426.571 00438.733 00431.634 00364.707 00140.581 00111.147 00112.786 00121.452 00130.937 00097.376 00105.081 00073.928 00100.424 00133.868 00150.742 00166.088 00181.460 00177.429 00144.238 00110.290 00116.859 00129.204 00002.518 00002.446 00001.606 00001.229 00033.151 00005.455 00016.267 00017.112 00017.608 00018.805 00019.430 00019.970 00020.621 00020.019 00013.696 00013.953 00014.599 00026.206 00022.268 00024.599 00028.728 00031.225 00033.013
00120.233 00045.298 00060.770 00035.347 00062.351 00115.664 00141.099 00176.842 00216.026 00286.265 00353.205 00389.410 00425.739 00436.974 00432.525 00430.745 00423.077 00366.869 00309.474 00144.964 00136.606 00128.035 00129.514 00125.161 00099.354 00068.790 00079.751 00109.918 00139.611 00155.220 00174.115 00173.347 00147.331 00136.074 00101.457 00104.509 00122.136 00002.837 00003.119 00002.012 00000.830 00014.284 00018.304 00023.381 00023.150 00022.479 00023.855 00024.469 00028.414 00032.441 00035.765 00032.133 00033.245 00024.297 00022.904 00031.424 00037.936 00049.299 00056.412 00053.426
00125.083 00060.512 00056.373 00042.073 00077.041 00119.147 00149.669 00188.870 00243.727 00331.236 00378.697 00424.376 00453.470 00445.002 00440.841 00437.215 00361.037 00302.228 00217.000 00148.774 00163.287 00135.093 00125.715 00121.983 00099.802 00073.661 00080.549 00110.938 00234.184 00232.944 00178.832 00156.325 00125.699 00118.316 00090.841 00100.217 00133.781 00003.227 00004.313 00003.224 00017.934 00035.872 00025.837 00027.189 00027.459 00037.708 00036.503 00037.986 00038.866 00027.402 00026.158 00023.877 00032.685 00034.133 00039.463 00079.514 00046.191 00058.953 00066.104 00068.179
00099.531 00057.101 00067.147 00060.562 00099.631 00124.354 00160.179 00206.658 00286.909 00359.207 00408.347 00458.492 00451.490 00446.172 00440.449 00366.734 00297.651 00256.766 00185.847 00145.403 00157.742 00143.024 00121.499 00121.837 00071.815 00066.154 00124.298 00196.795 00296.888 00397.849 00270.351 00124.930 00115.414 00100.245 00083.774 00103.310 00130.777 00003.293 00004.184 00055.101 00025.166 00037.742 00032.467 00042.217 00070.226 00066.723 00067.226 00060.126 00055.837 00042.821 00041.383 00039.234 00045.390 00050.037 00062.116 00084.259 00057.031 00065.061 00070.174 00070.662
