data/trial6/ashley.hpa
NCOLS 382
NROWS 266
XLLCORNER 157819.328125
YLLCORNER 384678.625000
CELLSIZE 30.000000
NODATA_VALUE -1
[rows 234 to 259 of 266, columns 180 to 239 of 382]
00497.705 00498.432 00499.101 00500.634 00498.891 00497.212 00495.577 00305.755 00129.923 00095.011 00094.900 00094.800 00094.709 00094.828 00095.016 00095.188 00095.191 00095.195 00095.201 00095.207 00095.143 00094.978 00094.760 00094.901 00095.024 00095.041 00095.063 00095.040 00095.039 00095.050 00095.085 00095.137 00095.195 00095.246 00095.291 00095.298 00095.309 00095.378 00095.474 00095.593 00095.722 00095.935 00096.111 00096.178 00096.514 00096.743 00097.045 00097.355 00097.702 00098.042 00098.764 00099.236 00099.572 00099.466 00099.291 00099.162 00099.041 00098.926 00098.813 00098.703
00096.809 00166.055 00348.966 00501.374 00499.698 00497.842 00496.123 00101.817 00095.307 00095.283 00095.214 00095.095 00095.070 00095.048 00095.099 00095.275 00095.351 00095.356 00095.360 00095.242 00095.074 00095.000 00095.210 00095.273 00095.301 00095.297 00095.286 00095.283 00095.335 00095.379 00095.400 00095.468 00095.445 00095.579 00095.735 00095.643 00095.668 00095.686 00095.827 00095.859 00096.028 00096.153 00096.403 00096.684 00096.888 00097.164 00097.438 00097.794 00098.140 00098.662 00099.257 00099.712 00099.660 00099.251 00099.126 00099.006 00098.892 00098.780 00098.667 00098.557
00140.285 00279.215 00148.881 00155.260 00174.229 00190.364 00496.301 00116.766 00095.502 00095.498 00095.496 00095.483 00095.469 00095.321 00095.097 00095.296 00095.525 00095.532 00095.547 00095.564 00095.581 00095.606 00095.606 00095.573 00095.536 00095.552 00095.589 00095.584 00095.605 00095.638 00095.690 00095.771 00095.921 00096.004 00096.115 00096.315 00096.547 00096.322 00096.789 00096.464 00096.387 00096.598 00096.863 00097.218 00097.377 00097.689 00097.984 00098.298 00098.611 00098.991 00099.468 00099.412 00099.209 00099.082 00098.965 00098.850 00098.739 00098.628 00098.517 00098.406
00096.416 00096.295 00096.189 00096.168 00096.089 00095.988 00136.152 00179.026 00096.723 00095.694 00095.697 00095.702 00095.533 00095.341 00095.235 00095.269 00095.449 00095.600 00095.752 00095.796 00095.794 00095.805 00095.830 00095.823 00095.772 00095.763 00095.860 00095.827 00095.831 00095.891 00096.016 00096.091 00096.190 00096.380 00096.563 00096.723 00096.908 00096.962 00097.264 00097.327 00097.341 00097.985 00097.344 00097.645 00097.933 00098.240 00098.548 00098.870 00099.183 00099.422 00099.266 00099.139 00099.018 00098.901 00098.788 00098.676 00098.564 00098.455 00098.345 00098.238
00096.432 00096.328 00096.243 00096.193 00096.111 00096.014 00095.924 00095.893 00095.869 00095.871 00095.883 00095.886 00095.889 00095.888 00095.817 00095.738 00095.551 00095.572 00095.938 00095.990 00096.014 00096.018 00096.006 00095.964 00095.982 00096.081 00096.127 00096.154 00096.150 00096.244 00096.250 00096.308 00096.494 00096.587 00096.761 00096.934 00097.178 00097.601 00097.871 00098.138 00098.302 00098.340 00098.355 00098.376 00098.504 00098.821 00099.128 00099.467 00099.298 00099.168 00099.047 00098.932 00098.818 00098.708 00098.599 00098.489 00098.379 00098.273 00098.166 00098.060
00096.459 00096.341 00096.271 00096.258 00096.210 00096.159 00096.104 00096.062 00096.064 00096.068 00096.069 00096.076 00096.091 00096.086 00096.027 00095.761 00095.932 00096.134 00095.823 00095.742 00096.036 00096.228 00096.259 00096.326 00096.373 00096.429 00096.520 00096.526 00096.542 00096.501 00096.492 00096.518 00096.546 00096.934 00097.181 00097.493 00097.921 00098.175 00098.449 00098.756 00099.059 00099.394 00099.455 00099.480 00099.465 00099.522 00099.317 00099.186 00099.064 00099.487 00099.276 00099.070 00098.879 00098.712 00098.401 00098.295 00098.189 00098.084 00097.979 00097.874
-0001.000 00096.462 00096.413 00096.365 00096.328 00096.276 00096.260 00096.252 00096.260 00096.279 00096.288 00096.290 00096.286 00096.291 00096.331 00096.359 00096.389 00096.400 00096.416 00096.422 00096.441 00096.490 00096.556 00096.558 00096.586 00096.695 00096.737 00096.828 00096.734 00096.637 00096.975 00097.268 00097.529 00097.715 00098.010 00098.293 00098.566 00098.818 00099.057 00099.359 00099.716 00100.057 00100.398 00100.560 00100.216 00099.893 00099.576 00099.930 00099.727 00099.666 00099.559 00099.431 00099.065 00098.846 00098.204 00098.100 00097.996 00098.334 00098.092 00097.885
-0001.000 -0001.000 00096.579 00096.493 00096.466 00096.455 00096.448 00096.447 00096.447 00096.451 00096.460 00096.480 00096.488 00096.487 00096.526 00096.562 00096.584 00096.605 00096.624 00096.647 00096.689 00096.744 00096.777 00096.779 00096.844 00096.900 00096.946 00097.160 00097.363 00097.603 00097.819 00098.019 00098.241 00098.439 00098.697 00098.966 00099.272 00099.525 00099.793 00100.049 00100.411 00100.618 00100.462 00100.254 00100.099 00099.894 00099.530 00099.638 00099.517 00099.397 00099.237 00099.319 00098.829 00098.484 00098.197 00098.353 00098.029 00097.901 00097.887 00097.836
-0001.000 -0001.000 -0001.000 00096.638 00096.626 00096.618 00096.620 00096.621 00096.619 00096.625 00096.641 00096.643 00096.634 00096.672 00096.718 00096.755 00096.786 00096.805 00096.825 00096.859 00096.895 00096.868 00097.016 00097.220 00097.386 00097.549 00097.690 00097.830 00098.030 00098.273 00098.533 00098.788 00098.996 00099.224 00099.444 00099.695 00099.982 00100.246 00100.529 00100.461 00100.401 00100.281 00100.166 00099.980 00099.819 00099.406 00099.166 00098.550 00098.387 00098.288 00098.187 00098.763 00098.635 00098.092 00098.250 00098.105 00097.997 00097.851 00097.743 00097.309
-0001.000 -0001.000 -0001.000 -0001.000 -0001.000 00096.775 00096.774 00096.772 00096.775 00096.779 00096.787 00096.797 00096.821 00096.846 00096.865 00096.933 00097.080 00097.173 00097.282 00097.402 00097.527 00097.653 00097.783 00097.924 00098.084 00098.233 00098.403 00098.577 00098.754 00099.020 00099.274 00099.538 00099.809 00099.969 00100.165 00100.413 00100.574 00100.431 00100.273 00100.194 00100.085 00099.972 00099.848 00099.691 00099.581 00099.441 00098.370 00098.269 00098.167 00098.342 00098.324 00098.489 00098.291 00097.921 00098.280 00098.096 00097.834 00097.361 00097.198 00097.106
-0001.000 -0001.000 -0001.000 -0001.000 -0001.000 -0001.000 -0001.000 -0001.000 00097.632 00097.356 00097.391 00097.447 00097.508 00097.572 00097.662 00097.750 00097.832 00097.919 00097.999 00098.136 00098.252 00098.397 00098.543 00098.697 00098.837 00098.971 00099.085 00099.293 00099.492 00099.732 00100.001 00100.295 00100.537 00100.407 00100.335 00100.274 00100.179 00100.085 00099.991 00099.891 00099.764 00099.584 00099.527 00099.386 00099.134 00098.867 00098.618 00098.371 00098.148 00098.282 00098.243 00098.191 00097.803 00098.105 00098.064 00098.118 00097.426 00097.085 00096.992 00096.896
-0001.000 -0001.000 -0001.000 -0001.000 -0001.000 -0001.000 -0001.000 -0001.000 -0001.000 -0001.000 00098.953 00098.357 00098.271 00098.361 00098.449 00098.540 00098.629 00098.702 00098.773 00098.894 00099.049 00099.178 00099.304 00099.478 00099.668 00099.818 00099.979 00100.160 00100.397 00100.410 00100.283 00100.198 00100.101 00100.037 00099.969 00099.837 00099.758 00099.748 00099.602 00099.535 00099.423 00099.388 00099.085 00098.836 00098.877 00098.451 00098.011 00097.845 00097.834 00098.085 00097.997 00097.677 00097.455 00097.274 00097.394 00097.623 00097.373 00097.112 00096.776 00096.679
-0001.000 -0001.000 -0001.000 -0001.000 -0001.000 -0001.000 -0001.000 -0001.000 -0001.000 -0001.000 -0001.000 -0001.000 00099.145 00099.205 00099.258 00099.346 00099.441 00099.536 00099.630 00099.725 00099.839 00099.957 00100.126 00100.281 00100.395 00100.307 00100.199 00100.132 00100.090 00100.011 00099.944 00099.872 00099.786 00099.662 00099.571 00099.460 00099.361 00099.292 00099.252 00099.174 00099.010 00098.929 00098.881 00098.760 00098.690 00098.604 00097.657 00097.814 00097.892 00097.990 00097.681 00097.427 00097.141 00097.198 00097.358 00097.644 00096.760 00096.663 00096.565 00096.461
-0001.000 -0001.000 -0001.000 -0001.000 -0001.000 -0001.000 -0001.000 -0001.000 -0001.000 -0001.000 -0001.000 -0001.000 -0001.000 -0001.000 00100.165 00100.173 00100.284 00100.393 00100.320 00100.244 00100.174 00100.103 00100.038 00099.993 00099.953 00099.855 00099.800 00099.745 00099.705 00099.616 00099.551 00099.475 00099.392 00099.306 00099.227 00099.142 00099.055 00098.997 00098.892 00098.843 00098.790 00098.689 00098.593 00098.506 00098.426 00098.246 00097.959 00097.900 00097.719 00097.708 00097.466 00097.076 00096.906 00097.151 00097.351 00097.460 00097.116 00096.792 00096.460 00096.256
-0001.000 -0001.000 -0001.000 -0001.000 -0001.000 -0001.000 -0001.000 -0001.000 -0001.000 -0001.000 -0001.000 -0001.000 -0001.000 -0001.000 -0001.000 00099.301 00099.702 00099.857 00099.838 00099.765 00099.730 00099.698 00099.664 00099.632 00099.547 00099.444 00099.389 00099.363 00099.346 00099.284 00099.224 00099.164 00099.079 00098.968 00098.867 00098.773 00098.681 00098.603 00098.535 00098.455 00098.404 00098.372 00098.238 00097.995 00097.782 00097.713 00097.644 00097.425 00097.454 00097.164 00097.045 00096.648 00096.595 00096.501 00097.318 00097.219 00097.067 00096.815 00096.626 00096.497
-0001.000 -0001.000 -0001.000 -0001.000 -0001.000 -0001.000 -0001.000 -0001.000 -0001.000 -0001.000 -0001.000 -0001.000 -0001.000 -0001.000 -0001.000 -0001.000 00099.190 00099.320 00099.421 00099.358 00099.300 00099.331 00099.347 00099.264 00099.181 00099.036 00098.960 00098.975 00098.931 00098.890 00098.830 00098.778 00098.696 00098.615 00098.515 00098.434 00098.340 00098.253 00098.237 00098.185 00098.138 00098.033 00097.822 00097.655 00097.511 00097.361 00097.353 00097.169 00097.005 00096.877 00096.726 00096.498 00096.346 00096.414 00096.557 00096.514 00096.597 00096.658 00096.315 00095.972
-0001.000 -0001.000 -0001.000 -0001.000 -0001.000 -0001.000 -0001.000 -0001.000 -0001.000 -0001.000 -0001.000 -0001.000 -0001.000 -0001.000 -0001.000 -0001.000 -0001.000 -0001.000 -0001.000 00098.587 00098.862 00098.939 00098.907 00098.874 00098.771 00098.701 00098.613 00098.590 00098.567 00098.496 00098.424 00098.337 00098.265 00098.205 00098.157 00098.048 00097.984 00097.977 00097.946 00097.901 00097.816 00097.734 00097.698 00097.686 00097.676 00097.535 00097.272 00097.048 00096.886 00096.908 00096.846 00096.662 00095.988 00095.898 00095.807 00095.667 00095.877 00096.301 00096.304 00095.625
-0001.000 -0001.000 -0001.000 -0001.000 -0001.000 -0001.000 -0001.000 -0001.000 -0001.000 -0001.000 -0001.000 -0001.000 -0001.000 -0001.000 -0001.000 -0001.000 -0001.000 -0001.000 -0001.000 -0001.000 -0001.000 -0001.000 -0001.000 -0001.000 -0001.000 00098.056 00098.167 00098.248 00098.168 00098.089 00098.033 00097.940 00097.850 00097.823 00097.778 00097.770 00097.766 00097.701 00097.651 00097.511 00097.437 00097.364 00097.298 00097.231 00097.245 00097.260 00097.144 00097.019 00096.898 00096.586 00096.412 00096.178 00095.982 00095.750 00095.502 00095.573 00095.704 00096.052 00095.856 00095.657
-0001.000 -0001.000 -0001.000 -0001.000 -0001.000 -0001.000 -0001.000 -0001.000 -0001.000 -0001.000 -0001.000 -0001.000 -0001.000 -0001.000 -0001.000 -0001.000 -0001.000 -0001.000 -0001.000 -0001.000 -0001.000 -0001.000 -0001.000 -0001.000 -0001.000 -0001.000 -0001.000 00097.718 00097.819 00097.753 00097.639 00097.560 00097.505 00097.448 00097.381 00097.358 00097.316 00097.273 00097.228 00097.156 00097.074 00096.965 00096.852 00096.790 00096.741 00096.744 00096.746 00096.684 00096.635 00096.564 00096.434 00096.189 00096.332 00096.191 00095.534 00095.629 00095.656 00095.692 00095.491 00095.263
-0001.000 -0001.000 -0001.000 -0001.000 -0001.000 -0001.000 -0001.000 -0001.000 -0001.000 -0001.000 -0001.000 -0001.000 -0001.000 -0001.000 -0001.000 -0001.000 -0001.000 -0001.000 -0001.000 -0001.000 -0001.000 -0001.000 -0001.000 -0001.000 -0001.000 -0001.000 -0001.000 -0001.000 -0001.000 -0001.000 -0001.000 00096.971 00097.134 00097.064 00096.988 00096.923 00096.891 00096.848 00096.820 00096.772 00096.667 00096.564 00096.513 00096.457 00096.378 00096.232 00096.270 00103.490 00312.728 00516.424 00515.767 00515.257 00199.329 00095.933 00095.998 00096.028 00095.861 00095.415 00095.052 00094.686
-0001.000 -0001.000 -0001.000 -0001.000 -0001.000 -0001.000 -0001.000 -0001.000 -0001.000 -0001.000 -0001.000 -0001.000 -0001.000 -0001.000 -0001.000 -0001.000 -0001.000 -0001.000 -0001.000 -0001.000 -0001.000 -0001.000 -0001.000 -0001.000 -0001.000 -0001.000 -0001.000 -0001.000 -0001.000 -0001.000 -0001.000 -0001.000 -0001.000 -0001.000 -0001.000 00096.520 00096.520 00096.507 00096.446 00096.381 00096.315 00096.231 00096.144 00096.075 00095.992 00096.667 00096.940 00097.157 00142.985 00287.199 00511.163 00510.534 00510.213 00510.028 00310.649 00168.399 00095.084 00094.664 00094.305 00093.930
-0001.000 -0001.000 -0001.000 -0001.000 -0001.000 -0001.000 -0001.000 -0001.000 -0001.000 -0001.000 -0001.000 -0001.000 -0001.000 -0001.000 -0001.000 -0001.000 -0001.000 -0001.000 -0001.000 -0001.000 -0001.000 -0001.000 -0001.000 -0001.000 -0001.000 -0001.000 -0001.000 -0001.000 -0001.000 -0001.000 -0001.000 -0001.000 -0001.000 -0001.000 -0001.000 -0001.000 -0001.000 -0001.000 -0001.000 00095.892 00095.852 00095.804 00095.743 00095.679 00095.609 00095.763 00096.028 00361.692 00511.647 00511.959 00505.336 00499.677 00499.642 00500.153 00283.627 00094.035 00094.213 00094.066 00093.478 00093.244
-0001.000 -0001.000 -0001.000 -0001.000 -0001.000 -0001.000 -0001.000 -0001.000 -0001.000 -0001.000 -0001.000 -0001.000 -0001.000 -0001.000 -0001.000 -0001.000 -0001.000 -0001.000 -0001.000 -0001.000 -0001.000 -0001.000 -0001.000 -0001.000 -0001.000 -0001.000 -0001.000 -0001.000 -0001.000 -0001.000 -0001.000 -0001.000 -0001.000 -0001.000 -0001.000 -0001.000 -0001.000 -0001.000 -0001.000 -0001.000 -0001.000 -0001.000 -0001.000 00094.739 00094.762 00094.552 00100.427 00171.306 00497.247 00494.882 00495.467 00494.179 00492.495 00494.410 00396.487 00093.493 00228.432 00445.279 00306.138 00170.703
-0001.000 -0001.000 -0001.000 -0001.000 -0001.000 -0001.000 -0001.000 -0001.000 -0001.000 -0001.000 -0001.000 -0001.000 -0001.000 -0001.000 -0001.000 -0001.000 -0001.000 -0001.000 -0001.000 -0001.000 -0001.000 -0001.000 -0001.000 -0001.000 -0001.000 -0001.000 -0001.000 -0001.000 -0001.000 -0001.000 -0001.000 -0001.000 -0001.000 -0001.000 -0001.000 -0001.000 -0001.000 -0001.000 -0001.000 -0001.000 -0001.000 -0001.000 -0001.000 -0001.000 -0001.000 -0001.000 -0001.000 -0001.000 -0001.000 -0001.000 -0001.000 00487.069 00487.817 00486.588 00486.790 00490.961 00490.833 00489.906 00432.328 00256.425
-0001.000 -0001.000 -0001.000 -0001.000 -0001.000 -0001.000 -0001.000 -0001.000 -0001.000 -0001.000 -0001.000 -0001.000 -0001.000 -0001.000 -0001.000 -0001.000 -0001.000 -0001.000 -0001.000 -0001.000 -0001.000 -0001.000 -0001.000 -0001.000 -0001.000 -0001.000 -0001.000 -0001.000 -0001.000 -0001.000 -0001.000 -0001.000 -0001.000 -0001.000 -0001.000 -0001.000 -0001.000 -0001.000 -0001.000 -0001.000 -0001.000 -0001.000 -0001.000 -0001.000 -0001.000 -0001.000 -0001.000 -0001.000 -0001.000 -0001.000 -0001.000 -0001.000 -0001.000 00479.000 00480.751 00483.321 00484.449 00484.522 00484.520 00484.582
-0001.000 -0001.000 -0001.000 -0001.000 -0001.000 -0001.000 -0001.000 -0001.000 -0001.000 -0001.000 -0001.000 -0001.000 -0001.000 -0001.000 -0001.000 -0001.000 -0001.000 -0001.000 -0001.000 -0001.000 -0001.000 -0001.000 -0001.000 -0001.000 -0001.000 -0001.000 -0001.000 -0001.000 -0001.000 -0001.000 -0001.000 -0001.000 -0001.000 -0001.000 -0001.000 -0001.000 -0001.000 -0001.000 -0001.000 -0001.000 -0001.000 -0001.000 -0001.000 -0001.000 -0001.000 -0001.000 -0001.000 -0001.000 -0001.000 -0001.000 -0001.000 -0001.000 -0001.000 -0001.000 -0001.000 -0001.000 00480.721 00480.755 00480.791 00480.861
