data/trial6/ashley.fml
NCOLS 382
NROWS 266
XLLCORNER 157819.328125
YLLCORNER 384678.625000
CELLSIZE 30.000000
NODATA_VALUE -1
[rows 102 to 135 of 266, columns 154 to 230 of 382]
03.66 03.96 04.28 04.68 05.13 05.94 06.59 06.51 06.41 04.13 03.95 03.63 03.62 03.48 03.27 03.81 04.22 04.14 03.98 03.68 02.98 03.10 03.27 03.48 03.56 03.62 03.65 03.74 03.97 04.68 03.24 03.28 03.42 03.48 03.44 03.32 03.62 03.81 03.89 03.88 03.30 04.29 03.24 03.98 04.97 04.74 04.28 04.53 04.38 04.27 03.98 03.96 03.78 03.41 03.31 03.35 03.54 04.07 04.18 04.37 04.33 03.47 04.50 04.79 04.09 03.89 04.51 04.93 05.19 04.78 03.44 03.61 03.40 00.43 00.42 00.45 -1.00
03.73 03.99 04.36 04.81 05.42 06.37 06.46 06.38 06.30 05.30 03.89 03.53 03.66 03.25 03.26 03.49 03.72 03.99 04.03 03.57 02.97 03.19 03.33 03.50 03.72 03.93 03.76 03.52 03.88 04.40 03.45 03.42 03.84 03.22 03.63 03.39 03.79 03.92 03.96 03.74 03.68 04.24 03.29 03.90 04.79 04.58 04.30 04.46 04.31 04.15 03.91 03.80 03.78 03.36 03.28 03.27 03.49 03.76 03.92 04.50 05.13 03.73 04.93 04.63 03.69 03.55 04.41 04.75 04.89 04.32 03.25 03.99 03.37 00.43 00.40 00.45 00.42
03.75 04.04 04.46 04.95 05.88 06.38 06.31 06.24 05.72 04.36 03.88 03.40 03.52 02.96 03.38 03.62 03.77 03.95 04.17 03.02 03.05 03.24 03.91 04.20 04.31 03.88 03.70 03.42 03.57 03.94 03.57 03.65 04.20 03.42 03.45 03.81 04.18 03.92 03.86 03.90 03.76 04.35 03.23 03.76 04.70 04.50 04.17 04.26 04.14 03.95 03.81 03.70 03.68 03.62 03.12 03.30 03.39 03.54 03.74 04.08 03.45 04.24 05.44 04.70 03.54 03.57 04.25 04.59 04.57 04.73 05.06 03.80 03.29 00.43 00.37 00.45 -1.00
03.77 04.11 04.57 05.28 06.27 06.22 06.14 06.07 06.28 06.31 03.91 03.29 03.31 03.09 04.09 04.38 03.81 03.83 03.47 02.80 03.64 03.85 04.09 04.39 04.53 04.49 03.71 03.41 03.46 03.56 03.25 03.86 04.35 03.55 03.70 03.88 03.76 03.95 04.26 03.87 03.78 04.14 03.21 03.69 04.60 04.38 04.02 04.15 04.07 03.86 03.82 03.68 03.67 03.61 03.60 03.33 03.38 03.42 03.55 03.86 03.95 04.91 06.02 04.65 03.40 03.75 03.95 04.30 04.17 04.90 04.86 03.51 03.23 00.41 00.39 00.44 -1.00
03.79 04.19 04.92 05.86 06.13 06.05 05.96 06.06 06.24 05.96 03.95 03.33 02.77 03.50 04.25 04.36 04.39 03.99 02.50 03.23 03.71 04.00 04.34 04.55 04.52 04.47 04.38 03.46 03.32 03.55 03.39 04.45 04.11 03.76 03.78 03.71 04.14 04.86 04.44 04.03 03.87 03.79 02.70 03.35 04.74 05.48 04.24 04.24 04.11 03.83 03.77 03.72 03.61 03.63 03.62 04.04 03.66 03.45 03.46 03.56 04.00 04.48 05.25 04.70 03.31 03.38 03.66 03.90 04.36 04.46 03.97 03.38 02.30 00.32 00.45 -1.00 -1.00
03.82 04.25 05.26 06.06 05.98 05.90 04.35 05.67 05.81 05.56 03.80 03.49 03.15 04.28 04.55 04.36 04.29 04.32 02.50 03.16 03.53 03.96 04.62 04.65 04.42 04.44 04.30 03.81 03.86 03.62 04.08 04.49 04.00 03.68 03.69 03.75 04.27 04.49 04.20 04.25 04.02 03.81 03.76 03.72 04.71 06.02 05.03 04.75 04.46 04.05 03.71 03.72 03.66 03.61 03.97 03.94 03.92 03.91 03.51 03.44 03.57 03.85 04.10 03.96 03.19 02.98 02.73 03.64 03.64 03.61 03.11 01.95 00.34 00.47 00.47 00.45 -1.00
03.86 04.41 05.63 05.95 05.88 04.83 04.78 05.47 04.89 05.07 03.61 02.99 03.79 04.34 05.39 06.63 04.10 04.25 02.63 03.43 03.82 04.52 05.21 04.72 04.57 04.25 03.99 03.75 03.77 03.61 04.15 04.13 03.72 03.73 03.61 03.68 04.01 04.17 04.21 04.05 04.02 04.15 03.76 03.64 04.97 05.20 05.31 05.08 04.78 04.40 03.78 03.64 03.65 03.69 03.92 03.83 03.79 03.82 03.78 03.51 03.25 03.40 03.60 03.16 02.79 02.81 02.86 02.96 03.29 03.37 03.02 00.43 00.42 00.42 00.44 00.48 -1.00
03.85 04.70 05.55 05.87 04.97 03.77 04.86 04.76 04.40 04.53 03.49 03.52 03.93 04.48 05.97 06.11 05.50 04.24 02.69 03.44 03.98 04.98 05.22 05.34 05.15 04.21 03.82 03.85 03.81 03.91 04.16 04.04 03.75 03.83 03.65 03.89 04.19 03.75 03.79 03.98 04.42 04.65 04.11 04.11 04.53 05.23 05.38 05.47 05.18 04.53 03.92 03.61 03.62 03.85 03.84 03.81 03.74 03.72 03.66 03.57 03.44 03.38 03.34 03.43 02.70 02.70 02.82 02.81 02.98 03.11 02.99 02.38 00.56 00.38 00.42 00.48 -1.00
03.78 04.34 05.26 04.91 02.82 04.08 04.08 04.21 04.16 04.03 03.06 03.53 04.08 05.00 06.01 05.42 04.02 04.52 02.73 03.43 04.30 05.54 06.62 06.05 05.16 03.88 04.10 04.11 03.93 03.92 03.94 03.89 03.80 04.04 03.78 04.35 05.05 03.80 04.05 04.38 04.89 04.92 04.45 04.12 05.00 05.11 05.20 05.09 04.98 04.85 03.85 03.80 03.68 03.80 03.76 03.71 03.68 03.62 03.61 03.55 03.39 03.39 03.36 03.29 03.30 02.74 02.74 02.66 02.61 03.00 03.00 03.02 02.43 00.40 00.39 00.47 -1.00
03.78 03.80 04.44 03.83 03.67 03.74 03.88 04.05 04.04 03.56 02.98 03.55 04.11 05.41 05.45 04.50 03.52 03.34 02.74 03.45 04.62 05.97 06.52 05.96 05.44 03.32 03.87 04.28 04.12 04.11 04.15 03.64 03.81 03.93 04.03 05.06 05.54 04.37 04.09 04.61 05.08 04.99 04.76 04.11 04.77 04.73 04.80 04.75 04.71 04.62 04.18 03.89 03.81 03.75 03.63 03.61 03.60 03.54 03.48 03.45 03.36 03.42 03.35 03.29 03.30 03.28 03.28 02.46 02.46 02.96 02.99 02.96 02.56 00.37 00.38 00.48 -1.00
03.70 03.37 03.53 03.35 03.39 04.54 04.23 04.06 03.81 03.48 03.09 03.69 04.46 04.91 04.54 03.58 03.28 03.23 02.79 03.68 05.14 06.58 05.53 05.25 03.11 03.24 03.80 04.16 04.56 04.92 04.29 04.01 03.82 03.82 04.48 05.26 04.90 04.23 04.66 04.73 05.13 04.84 04.60 04.05 04.32 04.36 06.60 06.99 06.92 04.22 04.03 03.79 03.80 03.78 03.77 03.70 03.53 03.50 03.44 03.29 03.37 03.41 03.35 03.28 03.26 03.15 02.94 02.25 02.51 03.03 02.99 02.91 02.41 00.36 00.40 00.48 -1.00
03.47 03.58 03.74 03.78 04.16 04.99 05.90 03.72 03.54 03.54 03.27 03.25 04.04 04.23 04.19 04.04 03.67 04.09 02.95 04.20 05.89 05.68 04.88 06.44 02.96 03.18 03.62 03.68 04.61 05.08 04.51 04.19 04.16 03.83 04.48 04.81 04.44 04.45 04.74 05.36 05.64 05.20 04.93 04.28 04.27 05.89 06.91 07.26 07.57 06.78 04.02 03.77 03.74 03.85 03.71 03.79 03.68 03.65 03.63 03.33 06.76 03.50 03.36 03.37 03.23 03.01 02.60 02.21 02.64 03.06 02.38 01.10 00.31 00.38 00.47 00.49 -1.00
03.35 03.47 03.60 03.77 04.09 05.10 05.30 03.46 03.53 03.68 03.66 03.63 03.82 04.00 04.06 03.75 03.86 03.93 03.24 05.09 05.60 04.50 05.89 05.93 02.83 03.02 03.21 03.35 03.66 04.20 04.22 04.37 04.29 03.96 04.12 04.61 04.54 04.74 05.04 05.59 05.37 05.11 04.80 04.30 05.65 07.09 07.30 07.52 07.52 06.64 05.38 05.78 05.74 05.68 05.56 05.63 05.58 04.19 04.72 06.23 06.14 04.54 03.15 03.16 03.10 02.79 02.57 02.21 02.65 03.00 01.27 00.33 00.40 00.50 00.51 -1.00 -1.00
03.33 03.44 03.57 03.70 03.95 04.81 04.44 03.55 03.87 03.70 03.46 03.68 03.90 04.09 04.03 03.74 03.97 03.97 04.05 04.82 04.78 05.00 05.85 05.30 02.76 02.92 03.02 03.27 03.55 03.43 03.32 03.55 03.87 04.16 04.14 04.03 04.68 04.74 05.22 05.16 04.88 04.99 06.65 07.10 07.32 07.47 07.50 07.52 11.69 11.48 05.69 05.72 05.46 05.18 05.44 05.44 05.19 04.93 05.46 05.96 05.03 04.42 03.08 03.95 02.71 02.58 02.39 02.28 02.64 02.62 00.36 00.38 00.52 00.54 -1.00 -1.00 -1.00
03.32 03.43 03.54 03.64 04.02 03.92 03.95 03.95 04.12 03.38 03.49 03.78 04.03 04.09 03.94 03.82 04.15 04.24 04.33 04.41 04.57 05.01 05.12 04.82 02.68 02.88 02.95 03.14 03.37 03.13 03.40 03.69 03.92 04.08 04.26 04.48 04.71 04.94 05.21 05.55 05.95 06.32 06.86 07.13 07.38 07.51 07.63 07.55 07.46 07.36 05.75 05.33 04.97 04.79 04.80 04.76 05.09 05.49 05.72 04.66 04.03 03.57 03.38 02.97 02.49 02.52 02.23 01.40 00.48 00.36 00.39 00.47 00.56 -1.00 -1.00 -1.00 -1.00
03.31 03.43 03.53 03.61 03.85 03.53 03.66 04.06 03.98 03.41 03.58 03.96 04.30 04.11 03.87 04.03 04.24 04.33 04.41 04.45 04.42 04.26 04.48 04.61 02.60 02.81 02.91 03.02 03.19 03.30 03.45 03.70 03.90 03.98 04.24 04.44 04.69 05.00 05.26 05.64 05.99 06.48 06.91 07.21 07.43 07.56 07.52 07.45 07.42 06.03 05.09 04.67 04.41 04.25 04.04 04.42 05.26 04.67 04.18 03.46 03.11 02.75 02.73 02.51 02.38 02.47 02.29 00.50 00.35 00.39 00.51 00.59 00.59 -1.00 -1.00 -1.00 -1.00
03.32 03.42 03.51 03.61 03.65 03.84 03.41 03.88 03.73 03.29 04.76 05.19 04.69 04.15 03.41 03.83 04.37 04.52 04.63 04.38 04.32 04.27 04.18 03.99 02.45 02.72 02.84 02.95 03.09 03.20 03.40 03.67 03.90 04.05 04.28 04.51 04.78 05.03 05.39 05.74 06.11 06.56 06.93 07.27 07.51 07.63 07.46 07.34 06.43 04.92 04.40 04.03 03.89 03.78 03.86 04.16 04.11 04.04 03.18 02.82 02.31 02.41 02.34 02.26 02.39 02.13 00.50 00.41 00.42 00.50 00.61 00.58 -1.00 -1.00 -1.00 -1.00 -1.00
03.32 03.41 03.49 03.56 03.61 03.68 03.88 03.81 03.22 04.52 04.83 05.03 05.23 03.23 03.46 03.68 03.86 04.50 04.59 04.62 04.64 04.27 04.16 04.14 02.16 02.63 02.74 02.91 03.02 03.16 03.36 03.68 03.91 04.11 04.33 04.58 04.86 05.18 05.55 05.85 06.34 06.75 07.09 07.36 07.60 07.47 07.33 06.38 05.02 04.19 03.77 03.63 03.47 03.47 03.52 03.68 03.73 03.16 03.20 02.67 02.66 02.16 02.22 02.29 01.02 00.52 00.36 00.37 00.49 00.60 00.60 -1.00 -1.00 -1.00 -1.00 -1.00 -1.00
03.31 03.40 03.47 03.52 03.57 03.67 03.96 03.52 04.33 04.59 05.02 05.21 06.01 03.22 03.48 03.90 04.14 04.23 04.54 04.67 04.70 04.63 04.24 04.13 03.96 02.51 02.63 02.83 02.97 03.12 03.36 03.69 03.92 04.15 04.38 04.67 04.98 05.35 05.69 06.07 06.55 06.91 07.21 07.46 07.53 07.49 06.51 04.58 03.91 03.47 03.40 03.34 03.27 03.30 03.32 03.39 03.28 03.30 03.22 03.09 03.23 04.09 04.06 01.76 00.56 00.40 00.42 00.48 00.58 00.61 00.57 -1.00 -1.00 -1.00 -1.00 -1.00 -1.00
03.31 03.40 03.46 03.50 03.55 03.66 03.86 04.12 04.41 04.71 05.23 05.75 04.95 03.13 03.40 03.89 04.23 04.14 04.28 04.70 04.70 04.69 04.45 04.14 04.14 02.35 02.50 02.73 02.91 03.08 03.38 03.70 03.95 04.19 04.45 04.76 05.13 05.52 05.84 06.32 06.73 07.10 07.35 07.53 07.54 06.81 04.30 03.56 03.49 03.29 03.24 03.17 03.13 03.15 03.13 03.16 03.17 02.95 03.10 03.52 03.94 04.18 04.18 03.95 00.62 00.44 00.41 00.48 00.60 00.59 -1.00 -1.00 -1.00 -1.00 -1.00 -1.00 -1.00
03.31 03.39 03.45 03.48 03.52 03.64 03.89 04.20 04.52 04.95 05.46 05.97 04.04 03.09 03.43 03.76 04.00 04.58 04.41 04.65 04.73 04.67 04.53 04.20 04.13 02.22 02.38 02.61 02.81 03.01 03.35 03.69 04.00 04.26 04.53 04.88 05.30 05.71 06.12 06.54 06.93 07.22 07.46 07.57 07.46 04.34 03.60 03.46 03.23 03.00 02.91 02.92 02.87 02.89 02.87 02.92 02.96 02.82 02.99 03.83 04.07 04.24 04.17 03.68 00.64 00.46 00.39 00.47 00.56 -1.00 -1.00 -1.00 -1.00 -1.00 -1.00 00.36 00.47
03.31 03.38 03.44 03.47 03.50 03.63 03.94 04.28 04.66 05.15 05.70 05.89 02.93 03.07 03.38 03.70 04.16 04.17 05.10 04.56 04.71 04.67 04.63 04.48 04.13 04.03 02.24 02.48 02.67 02.99 03.29 03.67 04.07 04.31 04.63 05.06 05.47 05.90 06.31 06.73 07.08 07.34 07.48 07.59 06.02 03.59 03.86 03.43 03.21 02.91 02.68 02.63 02.64 02.68 02.65 02.66 02.69 04.13 03.97 04.11 04.10 04.18 04.35 02.34 00.65 00.49 00.42 00.47 00.53 00.55 -1.00 -1.00 -1.00 00.38 00.72 01.54 01.79
03.30 03.38 03.45 03.46 03.48 03.65 04.00 04.35 04.82 05.39 06.01 06.88 02.88 03.01 03.29 03.65 04.02 04.69 04.62 04.61 04.69 04.71 04.64 04.53 04.07 04.03 02.16 02.30 02.52 02.92 03.25 03.72 04.10 04.42 04.76 05.24 05.67 06.28 06.68 06.95 07.21 07.38 07.50 07.42 04.99 04.28 03.27 03.75 03.12 02.68 02.69 02.60 02.59 02.45 02.44 04.02 04.34 04.48 04.14 04.08 04.11 04.16 04.33 04.39 00.67 00.52 00.45 00.47 00.55 00.59 -1.00 00.38 00.32 01.57 01.64 01.74 01.80
03.30 03.38 03.44 03.45 03.48 03.68 04.06 04.46 05.01 05.67 06.57 07.00 02.84 02.94 03.32 03.63 04.10 04.40 05.65 04.73 04.70 04.74 04.71 04.51 04.41 04.10 04.03 02.22 02.07 02.80 03.25 03.78 04.20 04.53 04.99 05.42 06.01 06.63 06.86 07.07 07.26 07.37 07.47 07.48 11.22 04.33 03.54 03.63 03.33 02.69 02.36 02.32 02.33 03.38 04.02 04.33 04.65 04.71 04.64 04.22 04.00 04.07 04.34 02.99 00.70 00.53 00.47 00.43 00.49 00.31 00.32 00.87 01.70 01.77 01.74 01.74 01.71
03.30 03.38 03.44 03.43 03.49 03.74 04.14 04.62 05.26 06.16 07.09 05.71 02.79 02.89 03.28 03.61 04.08 04.93 04.99 04.63 04.74 04.67 04.71 04.57 04.45 04.12 04.08 02.20 02.25 02.58 03.17 03.89 04.30 04.71 05.16 05.70 06.43 06.78 07.01 07.23 07.25 07.30 07.39 07.34 06.79 04.38 03.93 03.96 04.09 04.24 03.70 03.83 03.26 03.75 04.28 04.52 04.73 04.92 04.87 04.43 03.92 04.02 04.21 00.69 00.68 00.56 00.49 02.25 00.98 01.62 01.66 01.68 01.74 01.76 01.78 01.81 01.79
03.29 03.36 03.43 03.45 03.52 03.81 04.22 04.79 05.74 06.81 05.55 02.59 02.73 02.89 03.25 03.61 04.09 04.74 04.41 04.34 04.64 04.64 04.74 04.71 04.58 04.46 04.08 02.60 02.98 02.32 03.01 04.00 04.39 04.87 05.34 06.07 06.69 07.00 07.29 07.38 07.34 07.33 07.27 06.81 06.30 04.44 04.32 04.19 04.22 04.15 03.73 03.15 03.37 03.91 04.37 04.58 04.83 04.82 04.47 04.31 03.77 03.82 04.10 00.73 00.76 00.62 00.41 01.53 01.71 01.92 01.91 01.88 01.94 01.96 02.10 02.23 02.33
03.28 03.33 03.40 03.44 03.54 03.84 04.30 05.09 06.26 05.68 03.57 02.50 02.62 02.82 03.19 03.63 04.26 04.89 05.32 04.95 04.66 04.70 04.78 04.72 04.57 04.42 04.15 02.97 02.88 02.51 03.32 04.06 04.51 05.02 05.64 06.50 06.91 07.28 07.50 07.44 07.41 07.38 06.76 06.23 05.35 04.49 04.69 04.30 04.16 04.10 03.74 03.25 03.39 03.93 05.54 05.52 04.89 04.60 04.16 04.05 03.58 03.75 04.28 00.77 00.88 00.77 01.70 02.34 02.01 02.06 02.07 02.39 02.36 02.40 02.42 02.06 02.02
03.25 03.28 03.36 03.40 03.54 03.87 04.39 05.57 06.05 03.41 02.71 02.15 02.55 02.71 03.16 03.66 04.37 04.93 05.57 06.17 04.72 04.74 04.67 04.63 04.44 04.18 03.74 02.89 03.12 02.97 03.74 04.14 04.65 05.23 06.08 06.74 07.15 07.54 07.49 07.45 07.40 06.81 06.18 05.78 04.98 04.45 04.62 04.41 04.09 04.10 03.22 03.10 04.14 05.11 06.18 07.07 05.92 04.15 04.00 03.75 03.45 03.80 04.24 00.78 00.87 02.85 01.98 02.39 02.23 02.52 03.18 03.11 03.12 02.96 02.86 02.53 02.49
03.23 03.24 03.33 03.37 03.53 03.92 04.50 05.60 04.84 03.58 03.92 02.21 02.41 02.60 03.11 03.79 04.57 05.04 05.54 05.19 04.71 04.54 04.43 04.34 04.37 04.23 04.46 02.70 02.90 03.12 03.80 04.24 04.82 05.55 06.53 06.98 07.42 07.52 07.46 07.41 06.87 06.15 05.70 05.37 05.04 04.63 04.08 04.47 04.04 04.15 02.95 03.67 04.54 05.67 06.73 06.82 06.41 03.97 03.83 03.70 03.96 03.96 04.16 00.74 00.80 02.03 02.25 02.25 02.50 02.76 03.23 03.45 03.43 03.25 03.22 02.92 02.80
03.20 03.28 03.33 03.36 03.53 03.90 04.73 04.58 03.97 04.15 04.15 02.20 02.24 02.53 03.07 04.04 04.72 05.17 05.67 06.60 05.23 06.03 04.16 03.81 04.26 04.44 04.69 02.55 02.92 03.41 03.89 04.39 05.09 06.18 06.81 07.28 07.55 07.51 07.47 06.97 06.09 05.61 05.25 04.86 04.44 04.31 03.98 03.96 04.53 04.28 03.03 03.86 04.94 06.26 06.78 06.37 05.97 03.81 04.17 04.16 03.83 03.74 03.94 00.69 00.72 02.04 02.35 02.18 02.47 02.89 03.21 03.54 03.73 03.52 03.09 02.98 03.20
03.15 03.28 03.36 03.37 03.51 03.86 04.12 03.94 04.25 04.30 03.74 03.83 02.81 02.50 03.29 04.31 04.88 05.18 05.92 05.99 06.02 04.08 04.08 04.19 04.33 04.63 04.61 02.34 02.94 03.49 04.04 04.68 05.75 06.63 07.13 07.56 07.65 07.74 07.25 06.08 05.50 05.09 04.64 04.31 04.11 03.98 05.79 04.49 04.33 04.34 03.10 04.07 05.65 06.68 06.29 05.87 05.35 03.80 04.14 03.98 03.53 03.51 03.70 00.66 00.64 01.15 02.04 02.25 02.41 02.94 03.22 03.59 03.85 04.05 04.18 03.98 03.67
03.12 03.27 03.34 03.37 03.51 03.91 03.85 04.32 04.22 04.36 03.81 03.89 04.12 02.45 03.58 04.71 04.96 05.31 05.19 05.15 04.73 03.88 04.26 04.43 04.60 04.75 04.81 02.46 02.89 03.54 04.38 05.23 06.40 06.96 07.44 07.63 07.74 07.62 06.50 05.53 04.87 04.34 04.13 03.90 03.59 05.27 05.16 04.38 04.13 04.31 03.62 04.70 06.33 06.15 05.73 05.21 04.63 04.24 03.66 03.54 03.26 03.25 02.47 00.63 00.53 00.43 01.89 01.42 01.71 02.93 03.24 03.58 03.89 04.24 04.47 04.18 03.66
03.10 03.26 03.32 03.36 03.52 03.76 04.10 03.79 04.02 04.13 03.85 03.93 04.13 03.06 03.92 04.81 04.99 05.28 05.57 04.77 04.63 04.53 04.33 04.52 04.71 04.84 04.93 02.55 02.76 03.93 04.80 05.92 06.80 07.30 07.61 07.74 07.84 06.70 05.70 04.80 04.06 03.98 03.75 03.16 04.77 05.34 04.51 04.23 03.92 03.71 03.91 05.46 05.94 05.54 04.96 04.44 03.93 03.73 03.32 03.12 02.99 03.08 03.32 00.59 00.51 00.42 00.31 00.86 02.63 02.91 03.31 03.64 03.93 04.37 04.45 04.25 04.10
03.08 03.23 03.31 03.35 03.48 03.65 03.80 04.06 03.54 03.64 03.51 03.70 03.78 03.30 04.70 04.86 05.07 05.36 05.60 05.39 04.32 04.25 04.38 04.58 04.78 04.91 04.93 03.39 03.20 04.64 05.34 06.68 07.17 07.57 07.71 07.84 06.80 05.61 04.41 03.84 03.75 04.87 04.01 04.15 04.96 03.75 03.69 04.08 04.01 04.41 04.82 05.35 05.24 04.58 03.95 03.58 03.38 02.99 03.13 02.95 03.12 03.49 04.29 00.68 00.51 00.41 00.27 01.47 02.56 02.95 03.54 03.77 04.30 04.62 04.87 05.04 04.31
