data/trial6/ashley.hpa
NCOLS 382
NROWS 266
XLLCORNER 157819.328125
YLLCORNER 384678.625000
CELLSIZE 30.000000
NODATA_VALUE -1
[rows 234 to 259 of 266, columns 240 to 299 of 382]
00098.593 00098.483 00098.374 00098.268 00098.161 00098.111 00097.996 00098.719 00098.539 00097.733 00097.532 00097.431 00097.332 00097.236 00097.139 00097.047 00096.933 00096.825 00096.716 00096.609 00096.499 00096.386 00096.284 00096.182 00096.085 00095.988 00095.883 00095.781 00095.673 00095.573 00095.478 00095.384 00128.551 00126.025 00094.795 00329.127 00491.196 00118.692 00360.275 00175.699 00104.799 00091.967 00091.794 00091.654 00091.546 00091.474 00091.422 00091.348 00091.420 00091.316 00091.437 00091.349 00091.152 00091.084 00090.977 00090.902 00090.901 00090.922 00090.817 00090.685
00098.447 00098.337 00098.229 00098.122 00098.409 00098.088 00097.837 00098.173 00098.278 00097.515 00097.464 00097.295 00097.198 00097.100 00096.999 00096.892 00096.783 00096.676 00096.568 00096.454 00096.349 00096.244 00096.148 00096.050 00095.955 00095.854 00095.757 00095.647 00095.549 00095.454 00095.356 00095.264 00095.196 00094.795 00168.009 00132.595 00491.844 00092.730 00180.640 00107.667 00092.121 00091.918 00091.756 00091.553 00091.499 00091.433 00091.370 00091.320 00091.248 00091.382 00091.346 00091.139 00090.969 00090.977 00090.910 00090.897 00090.871 00090.778 00090.711 00090.599
00098.297 00098.188 00098.082 00098.121 00098.262 00098.111 00097.966 00097.682 00097.611 00097.740 00097.256 00097.157 00097.062 00096.957 00096.848 00096.738 00096.631 00096.523 00096.408 00096.308 00096.201 00096.108 00096.015 00095.914 00095.815 00095.715 00095.612 00095.517 00095.422 00095.330 00095.241 00095.186 00094.752 00094.240 00093.948 00242.399 00209.446 00095.974 00092.522 00092.313 00092.013 00091.798 00091.635 00091.429 00091.456 00091.370 00091.312 00091.245 00091.228 00091.320 00091.111 00090.915 00090.883 00090.927 00090.896 00090.818 00090.813 00090.710 00090.699 00090.454
00098.129 00098.023 00098.083 00098.284 00098.104 00097.875 00097.591 00097.627 00097.300 00097.203 00097.104 00097.004 00096.898 00096.791 00096.685 00096.578 00096.465 00096.361 00096.258 00096.161 00096.065 00095.970 00095.871 00095.774 00095.668 00095.570 00095.476 00095.385 00095.291 00095.213 00095.062 00094.604 00094.100 00093.726 00100.629 00096.492 00093.207 00092.706 00092.463 00092.086 00091.878 00091.702 00091.409 00091.354 00091.324 00091.301 00091.242 00091.178 00091.282 00091.040 00090.920 00090.875 00090.813 00090.905 00090.802 00090.847 00090.716 00090.768 00090.511 00090.296
00097.954 00098.016 00098.217 00098.116 00097.780 00097.435 00097.336 00097.239 00097.142 00097.050 00096.939 00096.833 00096.726 00096.620 00096.512 00096.400 00096.301 00096.196 00096.104 00096.012 00095.912 00095.814 00095.715 00095.613 00095.519 00095.425 00095.334 00095.247 00095.190 00094.797 00094.436 00094.075 00093.659 00093.200 00093.061 00092.947 00092.764 00092.567 00092.170 00091.983 00091.802 00091.486 00091.294 00091.248 00091.259 00091.239 00091.165 00091.180 00090.972 00090.915 00090.806 00090.796 00090.809 00090.849 00090.803 00090.839 00090.770 00090.627 00090.378 00090.120
00098.244 00097.994 00097.914 00097.672 00097.522 00097.267 00097.169 00097.075 00096.976 00096.870 00096.762 00096.657 00096.551 00096.438 00096.337 00096.233 00096.139 00096.044 00095.950 00095.852 00095.758 00095.650 00095.555 00095.463 00095.372 00095.282 00095.207 00095.016 00094.591 00094.217 00093.893 00093.443 00093.131 00092.811 00092.693 00092.474 00092.522 00092.207 00092.094 00091.917 00091.579 00091.365 00091.257 00091.200 00091.154 00091.133 00090.933 00090.957 00090.821 00090.744 00090.712 00090.719 00090.742 00090.775 00090.765 00090.705 00090.679 00090.276 00090.055 00089.977
00097.829 00097.745 00097.742 00097.287 00097.192 00097.096 00096.996 00096.892 00096.787 00096.683 00096.579 00096.470 00096.366 00096.266 00096.171 00096.077 00095.983 00095.885 00095.787 00095.687 00095.589 00095.496 00095.405 00095.314 00095.229 00095.180 00094.732 00094.371 00094.021 00093.691 00093.387 00092.865 00092.628 00092.440 00092.293 00092.170 00091.967 00091.803 00091.788 00091.765 00091.630 00091.233 00091.103 00091.109 00090.971 00091.033 00090.834 00090.810 00090.681 00090.650 00090.643 00090.677 00090.710 00090.707 00090.686 00090.637 00090.483 00089.946 00089.934 00089.872
00097.621 00097.302 00097.207 00097.109 00097.016 00096.910 00096.806 00096.703 00096.600 00096.493 00096.386 00096.289 00096.189 00096.097 00096.007 00095.909 00095.813 00095.717 00095.617 00095.525 00095.433 00095.344 00095.256 00095.196 00094.846 00094.494 00094.133 00093.810 00093.498 00093.218 00092.927 00092.652 00092.246 00092.070 00092.001 00091.852 00091.674 00091.538 00091.507 00091.648 00091.354 00091.080 00091.088 00091.001 00090.937 00090.934 00090.724 00090.665 00090.604 00090.549 00090.557 00090.607 00090.628 00090.619 00090.596 00090.422 00090.300 00089.887 00089.756 00089.671
00097.219 00097.124 00097.036 00096.925 00096.821 00096.718 00096.615 00096.511 00096.402 00096.307 00096.204 00096.114 00096.024 00095.929 00095.834 00095.742 00095.637 00095.544 00095.453 00095.363 00095.276 00095.205 00095.009 00094.600 00094.241 00093.925 00093.598 00093.320 00093.034 00092.784 00092.469 00092.190 00091.880 00091.926 00091.756 00091.575 00091.480 00091.442 00091.363 00091.492 00091.257 00091.109 00091.040 00090.979 00090.764 00090.810 00090.773 00090.595 00090.515 00090.477 00090.438 00090.461 00090.508 00090.528 00090.481 00090.295 00089.971 00089.785 00089.617 00089.499
00097.019 00096.919 00096.822 00096.724 00096.628 00096.526 00096.416 00096.319 00096.216 00096.126 00096.035 00095.943 00095.848 00095.757 00095.652 00095.560 00095.470 00095.383 00095.293 00095.217 00095.155 00094.678 00094.325 00093.995 00093.674 00093.382 00093.103 00092.863 00092.633 00092.404 00092.146 00091.821 00091.574 00091.422 00091.509 00091.426 00091.349 00091.287 00091.428 00091.403 00091.167 00091.002 00090.934 00090.869 00090.802 00090.739 00090.616 00090.409 00090.358 00090.357 00090.354 00090.353 00090.364 00090.394 00090.324 00089.999 00089.902 00089.802 00089.716 00089.330
00096.799 00096.703 00096.607 00096.509 00096.407 00096.316 00096.219 00096.134 00096.045 00095.955 00095.859 00095.767 00095.665 00095.572 00095.482 00095.395 00095.306 00095.226 00095.178 00094.737 00094.392 00094.054 00093.739 00093.440 00093.167 00092.920 00092.688 00092.456 00092.260 00092.060 00091.862 00091.492 00091.349 00091.274 00091.367 00091.295 00091.231 00091.159 00091.329 00091.295 00091.072 00090.891 00090.824 00090.867 00090.781 00090.508 00090.469 00090.374 00090.289 00090.312 00090.280 00090.228 00090.164 00090.126 00090.157 00089.879 00089.795 00089.410 00089.437 00089.252
00096.583 00096.483 00096.385 00096.296 00096.201 00096.117 00096.031 00095.944 00095.854 00095.767 00095.670 00095.581 00095.493 00095.405 00095.317 00095.233 00095.184 00094.780 00094.440 00094.099 00093.787 00093.490 00093.220 00092.966 00092.731 00092.500 00092.299 00092.105 00091.908 00091.745 00091.565 00091.390 00091.197 00091.121 00091.131 00091.177 00091.120 00091.178 00091.183 00091.102 00091.039 00090.790 00090.913 00090.707 00090.619 00090.505 00090.298 00090.283 00090.148 00090.216 00090.141 00090.099 00090.073 00089.917 00089.771 00089.507 00089.393 00089.284 00089.150 00088.999
00096.365 00096.272 00096.181 00096.096 00096.013 00095.923 00095.835 00095.751 00095.651 00095.565 00095.481 00095.398 00095.313 00095.234 00095.187 00094.816 00094.478 00094.133 00093.826 00093.526 00093.261 00092.999 00092.760 00092.535 00092.327 00092.140 00091.943 00091.768 00091.593 00091.492 00091.411 00091.246 00091.083 00091.010 00091.088 00091.062 00091.020 00090.967 00091.095 00090.963 00090.931 00090.825 00090.763 00090.622 00090.490 00090.361 00090.232 00090.125 00090.111 00090.092 00090.016 00089.916 00089.801 00089.636 00089.438 00089.231 00089.179 00089.071 00088.943 00088.722
00096.167 00096.080 00095.994 00095.903 00095.813 00095.724 00095.631 00095.545 00095.461 00095.380 00095.297 00095.223 00095.179 00094.770 00094.451 00094.127 00093.839 00093.554 00093.295 00093.023 00092.783 00092.563 00092.351 00092.166 00091.969 00091.785 00091.616 00091.505 00091.424 00091.320 00091.159 00091.115 00091.032 00090.951 00090.885 00090.936 00091.079 00090.941 00090.874 00090.828 00090.809 00090.702 00090.629 00090.515 00090.322 00090.221 00090.041 00090.167 00090.083 00089.971 00089.854 00089.732 00089.606 00089.345 00089.185 00089.064 00088.871 00088.748 00088.592 00088.427
00096.204 00095.885 00095.797 00095.706 00095.614 00095.528 00095.441 00095.358 00095.277 00095.210 00095.135 00094.703 00094.387 00094.074 00093.785 00093.511 00093.264 00093.014 00092.786 00092.580 00092.372 00092.187 00091.990 00091.797 00091.635 00091.515 00091.433 00091.232 00091.218 00091.128 00091.045 00090.980 00090.916 00090.844 00090.939 00090.840 00090.915 00090.824 00090.766 00090.673 00090.711 00090.642 00090.396 00090.260 00090.187 00090.282 00090.174 00090.084 00090.032 00089.862 00089.692 00089.347 00089.207 00089.112 00088.900 00088.778 00088.649 00088.479 00088.301 00088.094
00095.762 00095.670 00095.587 00095.507 00095.427 00095.343 00095.262 00095.202 00094.999 00094.626 00094.302 00094.006 00093.718 00093.449 00093.206 00092.975 00092.754 00092.545 00092.347 00092.174 00091.989 00091.804 00091.651 00091.524 00091.441 00091.349 00091.278 00091.200 00090.980 00090.953 00090.871 00090.941 00090.882 00090.815 00090.779 00090.729 00090.839 00090.724 00090.607 00090.694 00090.628 00090.357 00090.217 00090.120 00090.042 00090.078 00090.155 00090.006 00089.851 00089.795 00089.458 00089.215 00088.909 00088.824 00088.697 00088.529 00088.331 00088.116 00087.899 00087.655
00095.544 00095.466 00095.390 00095.310 00095.236 00095.191 00094.876 00094.568 00094.239 00093.950 00093.655 00093.389 00093.137 00092.919 00092.710 00092.498 00092.314 00092.140 00091.958 00091.787 00091.628 00091.513 00091.433 00091.358 00091.289 00091.220 00091.114 00091.013 00090.829 00090.843 00090.885 00090.819 00090.760 00090.677 00090.626 00090.703 00090.672 00090.648 00090.556 00090.497 00090.361 00090.215 00090.117 00090.014 00089.886 00090.044 00089.962 00089.533 00089.436 00089.339 00089.014 00088.873 00088.667 00088.501 00088.330 00088.137 00087.929 00087.683 00087.432 00087.153
00095.345 00095.269 00095.208 00095.153 00094.733 00094.436 00094.135 00093.872 00093.602 00093.351 00093.088 00092.872 00092.663 00092.452 00092.125 00092.133 00091.935 00091.804 00091.614 00091.498 00091.419 00091.345 00091.277 00091.208 00091.140 00091.077 00091.010 00090.897 00090.705 00090.673 00090.737 00090.566 00090.510 00090.484 00090.448 00090.401 00090.438 00090.437 00090.380 00090.322 00090.239 00090.145 00089.931 00089.834 00089.727 00089.628 00089.704 00089.606 00089.103 00088.927 00088.708 00088.525 00088.330 00088.117 00087.914 00087.681 00087.457 00087.177 00086.925 00086.657
00095.190 00094.863 00094.572 00094.269 00093.999 00093.729 00093.478 00093.251 00093.021 00092.809 00092.621 00092.417 00092.229 00091.932 00091.751 00091.676 00091.723 00091.673 00091.453 00091.327 00091.261 00091.191 00091.127 00091.063 00090.995 00090.933 00090.852 00090.708 00090.573 00090.536 00090.414 00090.415 00090.321 00090.296 00090.244 00090.203 00090.264 00090.280 00090.205 00090.129 00090.105 00090.057 00089.870 00089.568 00089.337 00089.378 00089.075 00088.920 00088.701 00088.537 00088.350 00088.145 00087.922 00087.670 00087.452 00087.176 00086.895 00086.631 00086.331 00086.052
00094.408 00094.126 00093.861 00093.593 00093.355 00093.114 00092.916 00092.720 00092.520 00092.340 00092.181 00092.010 00091.692 00091.540 00091.453 00091.449 00091.434 00091.435 00091.440 00091.185 00091.109 00091.045 00090.978 00090.915 00090.850 00090.789 00090.708 00090.606 00090.392 00090.342 00090.254 00090.195 00090.113 00090.048 00090.014 00090.017 00090.108 00090.107 00090.072 00090.007 00089.945 00089.795 00089.724 00089.373 00089.027 00088.889 00088.725 00088.524 00088.331 00088.110 00087.899 00087.651 00087.433 00087.144 00086.856 00086.599 00086.325 00086.032 00085.681 00085.382
00093.678 00093.441 00093.232 00093.014 00092.801 00092.614 00092.438 00092.261 00092.094 00091.929 00091.746 00091.559 00091.369 00091.303 00091.263 00091.210 00091.364 00091.392 00091.328 00091.228 00090.964 00090.898 00090.833 00090.713 00090.681 00090.634 00090.572 00090.246 00090.173 00090.261 00090.098 00089.964 00089.917 00089.881 00089.866 00089.854 00089.892 00089.860 00089.861 00089.765 00089.681 00089.349 00089.099 00088.886 00088.658 00088.492 00088.312 00088.097 00087.878 00087.621 00087.404 00087.163 00086.887 00086.614 00086.321 00086.016 00085.673 00085.367 00084.986 00084.681
00093.130 00093.069 00092.816 00092.632 00092.487 00092.286 00092.146 00091.994 00091.928 00091.685 00091.405 00091.223 00091.162 00091.162 00091.120 00091.220 00091.297 00091.264 00091.154 00091.050 00090.925 00090.718 00090.584 00090.567 00090.510 00090.458 00090.402 00090.230 00090.142 00089.955 00089.909 00089.838 00089.756 00089.706 00089.646 00089.601 00089.741 00089.738 00089.719 00089.511 00089.261 00088.855 00088.673 00088.475 00088.262 00088.033 00087.810 00087.565 00087.326 00087.014 00086.774 00086.562 00086.276 00085.986 00085.668 00085.319 00084.946 00084.490 00084.264 00083.465
00092.527 00092.419 00092.317 00092.164 00091.984 00091.892 00091.876 00091.614 00091.398 00091.363 00091.182 00091.088 00091.009 00091.013 00091.015 00091.153 00091.151 00091.032 00090.962 00090.833 00090.663 00090.508 00090.417 00090.410 00090.346 00090.238 00090.180 00090.084 00090.018 00089.939 00089.794 00089.687 00119.061 00476.483 00476.175 00339.275 00113.611 00089.490 00089.341 00088.926 00088.614 00088.423 00088.231 00088.033 00087.780 00087.498 00087.242 00086.981 00086.727 00086.449 00086.163 00085.867 00085.579 00085.236 00084.889 00084.394 00084.158 00083.283 00082.209 00081.148
00147.017 00091.747 00091.637 00091.564 00091.519 00091.438 00091.474 00091.345 00091.241 00091.162 00091.056 00090.983 00090.924 00090.849 00090.986 00090.977 00090.948 00090.859 00090.775 00090.666 00090.415 00090.358 00090.270 00090.309 00090.254 00089.984 00089.949 00089.842 00117.387 00089.706 00140.607 00187.905 00452.527 00475.340 00474.464 00109.565 00088.725 00088.663 00088.513 00088.347 00088.135 00087.911 00087.671 00087.434 00087.163 00086.913 00086.710 00086.398 00086.057 00085.735 00085.405 00085.063 00084.812 00084.391 00083.917 00082.996 00081.979 00080.769 00079.579 00078.404
00484.937 00485.533 00485.908 00485.681 00396.393 00199.287 00091.072 00091.025 00090.983 00090.948 00090.859 00090.805 00090.760 00099.089 00090.737 00090.738 00090.620 00090.510 00090.400 00090.318 00090.237 00090.180 00090.097 00090.016 00089.945 00279.836 00477.346 00476.724 00283.097 00348.668 00475.719 00475.162 00474.551 00390.354 00305.793 00472.478 00452.765 00134.930 00122.777 00087.525 00087.401 00087.240 00086.999 00086.777 00086.506 00086.251 00086.007 00085.717 00085.363 00084.993 00084.531 00084.293 00083.550 00082.466 00081.573 00080.264 00079.153 00077.816 00075.997 00073.583
00481.084 00481.490 00481.752 00481.917 00481.903 00481.908 00481.975 00482.042 00481.833 00481.625 00481.505 00409.200 00198.700 00093.501 00090.448 00090.399 00090.345 00090.262 00090.165 00090.091 00128.666 00089.938 00141.211 00240.729 00477.075 00476.441 00412.349 00289.797 00474.725 00474.196 00473.587 00472.786 00472.231 00471.714 00471.202 00470.646 00230.478 00468.998 00251.854 00110.914 00086.499 00086.369 00086.235 00086.007 00085.715 00085.460 00085.148 00084.895 00084.429 00084.126 00083.238 00082.183 00081.126 00079.830 00078.639 00077.070 00075.265 00072.880 00070.619 00067.293
