data/trial6/ashley.hpa
NCOLS 382
NROWS 266
XLLCORNER 157819.328125
YLLCORNER 384678.625000
CELLSIZE 30.000000
NODATA_VALUE -1
[rows 130 to 155 of 266, columns 240 to 299 of 382]
00480.701 00480.294 00481.319 00482.429 00480.219 00478.493 00473.124 00472.273 00476.569 00481.123 00483.474 00480.406 00478.294 00479.686 00483.645 00487.462 00489.968 00492.121 00490.731 00489.588 00485.487 00479.046 00425.097 00168.650 00159.480 00156.217 00169.569 00186.616 00179.238 -0001.000 -0001.000 -0001.000 00191.305 00154.375 00461.770 00456.979 00453.727 00453.143 00450.995 00447.825 00447.129 00444.724 00436.006 00436.184 00437.046 00436.916 00434.621 00427.689 00414.748 00398.704 00376.354 00361.378 00301.822 00294.616 00180.858 00137.221 00342.695 00356.735 00373.368 00391.554
00481.080 00482.007 00483.144 00482.787 00479.756 00477.096 00471.333 00471.861 00476.332 00482.930 00485.001 00482.263 00480.900 00480.885 00486.240 00490.208 00492.108 00494.019 00494.807 00492.869 00484.993 00477.617 00459.153 00172.649 00163.325 00155.303 00172.449 00188.148 00177.382 -0001.000 -0001.000 -0001.000 00183.854 00155.896 00462.770 00458.578 00456.534 00454.898 00452.803 00451.768 00449.264 00446.971 00441.950 00440.239 00440.619 00443.640 00439.107 00430.233 00416.868 00399.073 00375.806 00342.913 00323.856 00312.135 00233.799 00064.000 00256.837 00334.467 00366.932 00377.708
00482.853 00484.094 00484.145 00481.581 00478.884 00476.492 00470.923 00472.347 00475.957 00481.661 00485.398 00483.191 00484.930 00483.085 00486.085 00489.811 00495.619 00497.231 00496.648 00491.986 00487.059 00476.319 00472.194 00432.377 00166.813 00159.428 00181.528 00186.312 -0001.000 -0001.000 -0001.000 00190.153 00156.956 00160.919 00461.600 00459.026 00458.166 00456.674 00454.527 00453.254 00451.817 00449.287 00445.824 00443.694 00446.373 00448.814 00442.044 00431.388 00417.828 00395.166 00366.334 00347.387 00324.443 00312.435 00282.434 00010.818 00284.015 00356.489 00342.499 00583.278
00488.073 00484.037 00483.654 00482.961 00482.408 00476.039 00473.014 00473.510 00475.302 00479.904 00484.636 00489.210 00488.811 00491.858 00493.545 00498.317 00498.305 00500.559 00497.135 00490.601 00484.957 00474.134 00472.505 00464.942 00158.520 00168.378 00188.227 00182.897 -0001.000 -0001.000 -0001.000 00185.655 00155.123 00398.434 00461.456 00460.430 00459.571 00457.852 00456.375 00455.000 00451.998 00450.988 00445.618 00448.872 00450.999 00449.374 00443.107 00430.675 00414.744 00388.819 00363.534 00346.514 00323.300 00308.323 00272.811 00137.968 00332.494 00352.682 00458.782 00811.424
00490.552 00486.422 00483.326 00482.422 00481.718 00479.810 00474.773 00472.603 00477.837 00481.000 00486.430 00490.532 00492.328 00494.247 00499.090 00506.340 00504.206 00500.838 00498.676 00496.757 00484.156 00474.740 00472.891 00167.464 00159.449 00183.062 00188.131 00181.391 -0001.000 -0001.000 00181.943 00169.656 00160.056 00462.809 00461.934 00461.832 00460.970 00459.347 00457.055 00455.215 00452.298 00450.873 00447.357 00450.816 00453.748 00448.459 00439.026 00425.424 00411.349 00386.100 00361.743 00341.306 00319.560 00295.125 00255.194 00098.732 00326.377 00382.290 01125.410 01111.052
00491.243 00490.339 00486.061 00483.314 00481.182 00478.670 00476.225 00473.709 00476.667 00480.859 00488.208 00492.690 00495.798 00495.176 00496.212 00497.812 00497.415 00499.163 00499.076 00494.727 00488.762 00475.429 00446.746 00156.519 00175.382 00186.903 00182.437 00187.405 00190.520 00190.717 00189.558 00155.888 00166.871 00463.042 00462.638 00462.691 00463.062 00461.389 00458.018 00456.280 00453.169 00451.089 00450.238 00454.865 00455.430 00448.577 00436.596 00422.386 00406.149 00379.772 00357.327 00334.499 00314.881 00277.149 00209.103 00282.941 00469.135 00663.200 01103.919 01116.585
00490.298 00489.528 00488.225 00487.304 00481.700 00479.138 00476.301 00475.057 00476.239 00480.473 00483.031 00488.019 00497.741 00501.167 00503.239 00506.027 00502.853 00499.684 00497.344 00497.171 00481.997 00475.259 00169.584 00159.778 00184.360 00188.003 00185.594 00175.482 00171.267 00170.176 00163.212 00157.119 00389.286 00463.151 00463.315 00462.448 00462.883 00462.342 00458.860 00456.710 00454.954 00452.730 00453.999 00456.769 00452.924 00444.422 00429.758 00417.130 00396.481 00372.027 00351.188 00325.760 00301.028 00249.118 00052.570 00560.901 00738.937 01091.912 01094.579 01108.587
00490.829 00489.414 00487.875 00486.395 00483.333 00476.539 00477.967 00476.082 00475.979 00479.560 00483.139 00489.603 00496.936 00501.455 00504.227 00503.108 00499.688 00497.345 00495.385 00492.076 00481.893 00466.827 00158.371 00175.820 00181.959 00170.927 00159.202 00134.208 00141.411 00153.943 00156.575 00162.951 00435.326 00463.797 00463.115 00463.763 00464.165 00462.990 00460.082 00457.487 00455.371 00454.680 00453.153 00453.665 00448.165 00436.917 00424.115 00411.780 00385.603 00359.158 00327.711 00307.201 00260.705 01087.156 01043.317 00778.610 01033.528 01065.196 01079.809 01084.686
00490.741 00488.949 00487.809 00486.192 00483.643 00478.460 00477.586 00476.705 00475.421 00480.177 00484.205 00494.068 00500.896 00503.307 00505.073 00505.401 00505.300 00502.607 00494.703 00492.282 00438.180 00164.997 00169.729 00185.991 00157.543 00155.131 00157.825 00159.145 00160.381 00162.598 00165.375 00170.034 00443.860 00463.336 00464.108 00464.986 00464.994 00463.939 00461.107 00458.718 00456.894 00453.523 00453.739 00447.563 00440.079 00428.631 00414.578 00389.792 00362.547 00329.785 00311.783 00269.122 00777.532 01054.938 00565.356 00674.419 00558.649 00685.416 00800.158 00115.062
00489.576 00488.245 00487.553 00485.358 00481.635 00479.028 00479.013 00479.439 00478.723 00480.779 00482.995 00486.380 00493.693 00504.475 00504.699 00504.592 00501.174 00500.163 00494.800 00492.934 00176.394 00157.878 00176.761 00180.326 00161.348 00166.140 00171.379 00174.421 00177.803 00175.651 00174.656 00430.867 00459.322 00464.584 00465.086 00465.860 00465.474 00464.914 00463.204 00459.905 00607.022 00450.838 00448.868 00443.002 00431.934 00418.376 00394.309 00364.079 00325.786 00295.767 00284.572 00430.567 00658.956 00654.667 01056.845 01057.746 01055.514 01050.735 01043.685 01070.540
00489.015 00488.213 00487.710 00486.876 00481.311 00479.744 00481.494 00480.965 00480.186 00481.639 00484.172 00488.646 00495.329 00501.189 00503.697 00501.879 00502.114 00498.127 00495.291 00493.012 00175.482 00155.807 00178.522 00161.940 00168.981 00422.665 00441.984 00471.248 00474.434 00471.298 00469.660 00435.371 00462.741 00465.810 00466.222 00466.835 00466.204 00466.404 00467.669 00462.384 00674.876 00450.311 00443.037 00432.405 00691.581 00375.737 00356.127 00483.200 00331.894 00319.561 00465.339 00729.159 01065.410 01107.115 01104.476 01100.130 01096.058 01090.979 01093.653 01115.235
00488.684 00488.637 00488.052 00486.798 00480.978 00481.080 00482.363 00481.882 00481.312 00483.024 00485.287 00493.706 00501.110 00504.161 00503.263 00506.225 00500.356 00494.986 00494.340 00488.792 00168.803 00156.419 00171.240 00174.434 00402.705 00450.942 00475.301 00474.574 00472.984 00470.761 00470.168 00472.146 00467.814 00468.556 00469.771 00468.768 00468.511 00468.542 00538.138 00535.498 00613.954 00660.530 01155.645 01151.881 01151.316 01151.454 01149.785 01144.774 01141.073 01138.688 01136.794 01134.913 01133.417 01132.264 01129.772 01126.812 01122.976 01122.944 01129.067 01139.253
00489.016 00488.931 00488.506 00487.207 00480.521 00482.181 00482.189 00482.643 00483.121 00484.757 00486.847 00488.196 00504.558 00503.869 00505.690 00501.365 00496.337 00492.948 00493.228 00182.927 00171.726 00157.489 00158.652 00149.036 00160.830 00480.983 00476.356 00473.042 00472.404 00470.700 00471.418 00472.436 00473.180 00471.896 00473.221 00473.335 00470.802 00493.209 00948.280 01028.643 01185.074 01190.710 01187.025 01186.074 01190.306 01193.639 01189.997 01185.787 01182.914 01180.726 01177.489 01177.037 01173.876 01166.165 01158.827 01151.951 01149.676 01147.532 01163.409 01178.991
00490.504 00488.644 00493.346 00487.810 00485.660 00486.390 00482.990 00483.143 00483.955 00489.660 00485.834 00489.706 00495.362 00500.103 00502.485 00499.889 00494.634 00492.837 00493.296 00187.949 00175.762 00161.087 00161.784 00161.456 00160.964 00440.322 00475.414 00473.404 00472.896 00471.163 00472.493 00473.774 00472.496 00474.305 00475.117 00500.373 00473.662 00670.025 01218.604 01214.149 01227.881 01237.668 01244.660 01239.577 01231.071 01230.674 01230.475 01228.999 01226.903 01233.956 01229.247 01225.384 01217.935 01209.167 01198.849 01195.120 01190.711 01188.662 01199.728 01210.775
00497.523 00497.327 00500.007 00496.485 00490.973 00486.510 00389.692 00244.347 00492.751 00492.465 00496.930 00491.813 00496.154 00503.617 00499.968 00495.087 00494.924 00492.670 00494.597 00483.832 00181.647 00181.947 00183.690 00185.801 00182.425 00485.308 00476.444 00476.096 00475.590 00473.826 00477.862 00475.811 00475.033 00475.812 00477.380 00537.320 00772.801 01042.269 01237.161 01250.269 01257.023 01265.171 01264.146 01248.907 01249.587 01254.619 01254.209 01251.883 01250.247 01249.173 01246.659 01244.464 01242.406 01238.711 01226.098 01222.113 01213.111 01214.508 01214.948 00657.801
00497.961 00497.194 00498.659 00497.234 00492.166 00488.499 00101.951 00096.635 00179.793 00495.484 00495.836 00496.818 00499.671 00499.685 00496.235 00495.721 00491.653 00494.591 00495.779 00492.510 00407.145 00469.510 00476.756 00469.753 00501.242 00498.649 00492.519 00484.637 00476.552 00474.876 00478.591 00482.921 00476.674 00478.261 00481.839 00481.515 00481.594 01255.268 01264.763 01277.486 01290.727 01293.090 01280.412 01271.342 01271.961 01273.974 01276.350 01278.764 01274.862 01267.554 01264.850 01260.841 01255.046 01242.128 01236.757 01228.677 01220.201 01221.762 01085.952 00639.632
00114.591 00497.470 00497.568 00497.013 00492.267 00109.060 00096.355 00112.166 00097.986 00119.795 00496.244 00497.014 00499.026 00496.048 00495.402 00495.899 00482.817 00495.208 00491.763 00483.845 00469.663 00470.088 00476.820 00501.503 00498.896 00493.229 00490.250 00487.041 00482.859 00479.890 00480.738 00482.986 00483.595 00485.560 00490.252 00491.047 00490.506 00576.169 00492.360 00495.405 00636.292 00530.326 00500.362 00495.858 00493.600 00493.697 00997.939 00725.947 01277.332 01278.773 01279.867 01276.129 01272.779 01262.139 01207.803 01237.405 00964.122 00564.840 00474.965 00542.307
00134.874 00497.782 00497.441 00496.168 00492.149 00490.980 00104.963 00097.896 00100.831 00134.852 00496.830 00496.800 00497.776 00496.503 00490.389 00495.912 00478.520 00488.606 00485.928 00479.112 00478.628 00489.450 00499.265 00492.133 00492.942 00490.476 00488.769 00487.419 00484.730 00486.164 00483.743 00485.604 00488.828 00491.941 00494.354 00494.599 00495.295 00492.405 00492.549 00494.709 00494.825 00501.542 00499.987 00496.787 00494.500 00494.663 00499.469 00551.946 00498.240 00697.588 00503.553 00589.136 00913.459 00517.303 00797.130 00479.056 00477.365 00476.348 00475.325 00472.740
00144.537 00498.717 00497.069 00496.357 00494.120 00238.105 00097.118 00103.967 00102.016 00100.019 00496.619 00496.556 00496.667 00496.246 00484.451 00486.611 00478.420 00481.368 00479.897 00479.237 00479.711 00501.083 00493.614 00492.081 00491.066 00491.193 00490.129 00487.239 00487.013 00489.293 00490.734 00490.403 00494.976 00494.810 00496.993 00495.365 00493.820 00492.773 00494.387 00492.096 00494.229 00500.704 00501.993 00501.910 00498.923 00500.980 00503.148 00495.505 00677.692 00499.699 00500.176 00498.736 00515.386 00486.189 00490.024 00478.300 00478.296 00477.286 00475.865 00473.300
00265.282 00497.121 00496.626 00496.160 00320.059 00096.892 00097.213 00098.388 00100.496 00099.970 00496.370 00496.571 00496.049 00495.933 00478.043 00480.231 00478.487 00478.272 00478.510 00478.981 00495.063 00496.905 00493.414 00491.455 00491.997 00492.341 00492.129 00490.497 00490.332 00491.980 00493.646 00494.304 00496.331 00496.632 00492.537 00492.641 00492.741 00493.154 00492.768 00491.244 00496.019 00499.997 00502.954 00505.900 00505.332 00505.275 00501.990 00499.710 00497.445 00495.896 00495.906 00493.845 00489.424 00483.400 00479.263 00479.539 00479.252 00478.058 00476.089 00473.702
00500.218 00497.082 00496.837 00367.898 00097.778 00098.211 00098.618 00099.201 00099.824 00100.049 00496.859 00496.705 00495.495 00496.548 00487.622 00494.673 00478.607 00478.858 00478.984 00493.235 00493.420 00493.919 00493.921 00492.872 00493.704 00493.858 00493.288 00492.835 00493.427 00492.048 00494.695 00496.083 00495.499 00493.279 00492.686 00492.761 00492.835 00493.377 00492.394 00490.370 00496.473 00499.939 00505.250 00513.234 00507.102 00503.405 00499.858 00496.852 00495.072 00493.767 00492.891 00493.955 00488.551 00481.758 00481.470 00480.476 00480.363 00478.928 00475.827 00473.681
00500.359 00498.152 00103.642 00098.902 00097.612 00098.350 00098.858 00099.587 00099.927 00100.012 00496.480 00496.095 00497.367 00496.145 00495.428 00484.206 00485.062 00486.869 00494.257 00492.269 00493.712 00494.064 00492.584 00494.372 00493.677 00494.841 00495.313 00495.739 00495.889 00496.036 00496.125 00496.149 00495.468 00492.850 00492.939 00492.974 00495.392 00493.478 00492.061 00489.848 00490.161 00490.849 00502.736 00505.734 00505.322 00501.943 00498.570 00495.865 00495.898 00494.238 00494.347 00493.116 00488.006 00483.502 00482.793 00483.386 00481.340 00478.861 00475.483 00473.525
00500.907 00224.688 00126.040 00098.321 00097.822 00098.809 00099.523 00099.489 00099.737 00355.442 00495.253 00496.412 00498.133 00496.396 00503.913 00495.745 00498.299 00495.948 00494.631 00492.155 00490.643 00494.992 00492.274 00491.888 00496.827 00498.905 00500.864 00500.516 00496.670 00495.767 00495.620 00496.204 00492.759 00493.388 00494.975 00496.299 00493.477 00493.809 00491.937 00486.671 00221.395 00487.245 00496.038 00504.664 00501.967 00502.548 00497.509 00496.564 00495.220 00499.035 00499.565 00493.714 00484.658 00484.530 00485.855 00486.819 00482.298 00478.757 00475.545 00473.146
00504.441 00236.130 00119.934 00100.007 00098.433 00098.832 00099.653 00111.569 00100.250 00495.730 00494.642 00497.149 00495.771 00500.821 00499.051 00499.025 00493.510 00493.541 00495.228 00491.070 00492.000 00491.637 00493.679 00494.791 00491.618 00491.716 00491.793 00491.576 00491.375 00493.142 00495.421 00493.822 00493.572 00493.275 00493.458 00493.644 00494.244 00493.845 00159.321 00140.823 00094.484 00482.224 00489.696 00496.178 00496.359 00496.816 00495.243 00496.850 00497.489 00503.121 00497.503 00492.251 00484.876 00487.220 00487.661 00487.143 00482.790 00478.793 00476.223 00473.986
00508.537 00215.699 00115.648 00101.459 00101.685 00100.885 00188.803 00114.639 00495.637 00494.974 00496.253 00496.530 00495.145 00494.646 00498.573 00497.186 00494.654 00491.401 00491.719 00495.354 00495.634 00490.922 00491.482 00491.508 00491.706 00491.742 00492.386 00493.760 00494.789 00494.843 00494.563 00494.285 00493.237 00493.375 00493.670 00494.165 00494.696 00496.690 00256.783 00138.029 00103.998 00483.123 00488.346 00491.200 00502.997 00497.708 00496.558 00497.827 00496.171 00502.624 00497.299 00490.471 00488.752 00489.033 00490.030 00487.807 00483.748 00478.872 00476.950 00473.761
00132.519 00346.793 00103.839 00102.944 00110.508 00181.073 00496.421 00494.939 00494.910 00494.063 00495.171 00496.847 00499.937 00501.941 00498.241 00495.120 00492.459 00494.128 00495.364 00492.104 00490.964 00491.327 00491.733 00491.834 00491.917 00491.929 00492.196 00492.465 00493.868 00496.076 00496.220 00494.394 00493.351 00494.025 00494.804 00226.457 00105.676 00098.616 00098.270 00096.004 00484.674 00483.962 00486.018 00494.013 00498.979 00496.451 00495.223 00498.039 00503.613 00497.977 00495.651 00491.062 00491.044 00490.091 00492.245 00488.067 00484.491 00479.626 00478.046 00474.661
