data/trial4/ashley.ros
NCOLS 382
NROWS 266
XLLCORNER 157819.328125
YLLCORNER 384678.625000
CELLSIZE 30.000000
NODATA_VALUE -1
[rows 102 to 135 of 266, columns 231 to 307 of 382]
-1.00 -1.00 -1.00 -1.00 -1.00 -1.00 -1.00 -1.00 -1.00 -1.00 -1.00 -1.00 -1.00 -1.00 -1.00 -1.00 -1.00 -1.00 -1.00 -1.00 -1.00 -1.00 -1.00 -1.00 -1.00 -1.00 -1.00 -1.00 -1.00 -1.00 -1.00 -1.00 -1.00 -1.00 -1.00 -1.00 -1.00 -1.00 -1.00 -1.00 -1.00 -1.00 -1.00 -1.00 -1.00 -1.00 -1.00 -1.00 -1.00 01.02 02.42 06.01 08.68 09.69 03.62 06.77 10.09 -1.00 -1.00 -1.00 -1.00 -1.00 -1.00 -1.00 -1.00 -1.00 -1.00 -1.00 -1.00 -1.00 -1.00 -1.00 -1.00 -1.00 -1.00 -1.00 -1.00
-1.00 -1.00 -1.00 -1.00 -1.00 -1.00 -1.00 -1.00 -1.00 -1.00 -1.00 -1.00 -1.00 -1.00 -1.00 -1.00 -1.00 -1.00 -1.00 -1.00 -1.00 -1.00 -1.00 -1.00 -1.00 -1.00 -1.00 -1.00 -1.00 -1.00 -1.00 -1.00 -1.00 -1.00 -1.00 -1.00 -1.00 -1.00 -1.00 -1.00 01.10 -1.00 -1.00 -1.00 -1.00 -1.00 00.82 00.88 08.04 11.44 08.91 15.51 18.14 11.62 11.39 10.03 10.56 10.97 -1.00 -1.00 -1.00 -1.00 -1.00 -1.00 -1.00 -1.00 -1.00 -1.00 -1.00 -1.00 -1.00 -1.00 -1.00 -1.00 -1.00 -1.00 -1.00
-1.00 -1.00 -1.00 -1.00 -1.00 -1.00 -1.00 -1.00 -1.00 -1.00 -1.00 -1.00 -1.00 -1.00 -1.00 -1.00 -1.00 -1.00 -1.00 -1.00 -1.00 -1.00 -1.00 -1.00 -1.00 -1.00 -1.00 -1.00 -1.00 -1.00 01.26 01.33 01.37 01.35 01.36 01.41 01.50 01.57 01.30 01.27 01.27 01.32 01.24 01.14 01.08 03.09 01.65 08.27 15.76 11.22 14.88 17.78 15.71 12.74 10.51 10.06 11.75 14.33 -1.00 -1.00 -1.00 -1.00 -1.00 -1.00 -1.00 -1.00 -1.00 -1.00 -1.00 -1.00 -1.00 -1.00 -1.00 -1.00 -1.00 -1.00 -1.00
-1.00 -1.00 -1.00 -1.00 -1.00 -1.00 -1.00 -1.00 -1.00 -1.00 -1.00 -1.00 -1.00 -1.00 -1.00 -1.00 -1.00 -1.00 -1.00 -1.00 -1.00 -1.00 -1.00 -1.00 -1.00 -1.00 -1.00 -1.00 01.28 01.82 01.49 01.64 01.42 05.66 04.88 02.73 01.61 01.53 02.45 03.88 07.86 08.71 04.58 05.67 07.66 10.04 04.44 10.98 13.28 13.10 13.79 14.99 14.12 12.23 09.45 09.53 11.85 -1.00 -1.00 -1.00 -1.00 -1.00 -1.00 -1.00 -1.00 -1.00 -1.00 -1.00 -1.00 -1.00 -1.00 -1.00 -1.00 -1.00 -1.00 -1.00 -1.00
-1.00 -1.00 -1.00 -1.00 -1.00 -1.00 -1.00 -1.00 -1.00 -1.00 -1.00 -1.00 -1.00 -1.00 -1.00 -1.00 -1.00 -1.00 -1.00 -1.00 -1.00 -1.00 -1.00 -1.00 -1.00 -1.00 03.45 02.00 03.59 05.75 03.42 06.24 06.33 06.86 08.38 07.15 11.95 16.45 23.75 13.12 14.21 17.65 18.90 07.93 10.00 09.77 10.09 10.82 10.84 11.40 11.80 12.52 12.79 10.20 08.90 08.84 10.60 -1.00 -1.00 -1.00 -1.00 -1.00 -1.00 -1.00 -1.00 -1.00 -1.00 -1.00 -1.00 -1.00 -1.00 -1.00 -1.00 -1.00 -1.00 -1.00 -1.00
-1.00 -1.00 -1.00 -1.00 -1.00 -1.00 -1.00 -1.00 -1.00 -1.00 -1.00 -1.00 -1.00 -1.00 -1.00 -1.00 -1.00 -1.00 -1.00 -1.00 -1.00 -1.00 -1.00 -1.00 -1.00 -1.00 03.38 03.89 04.81 05.62 06.14 07.01 07.79 08.52 09.98 11.81 21.91 31.28 26.04 16.69 16.93 20.31 16.57 11.73 09.50 09.39 09.83 09.30 09.69 09.80 10.00 10.36 10.17 08.25 07.73 09.17 13.68 -1.00 -1.00 -1.00 -1.00 -1.00 -1.00 -1.00 -1.00 -1.00 -1.00 -1.00 -1.00 -1.00 -1.00 -1.00 -1.00 -1.00 -1.00 -1.00 -1.00
-1.00 -1.00 -1.00 -1.00 -1.00 -1.00 -1.00 -1.00 -1.00 -1.00 -1.00 -1.00 -1.00 -1.00 -1.00 -1.00 -1.00 -1.00 -1.00 -1.00 -1.00 -1.00 -1.00 -1.00 -1.00 -1.00 03.02 03.48 04.34 05.14 06.03 07.31 07.93 09.21 11.60 20.65 28.62 28.45 26.55 21.68 17.20 17.15 14.50 11.54 08.32 07.97 08.44 08.19 07.66 07.70 07.64 07.85 03.41 06.36 07.05 -1.00 -1.00 -1.00 -1.00 -1.00 -1.00 -1.00 -1.00 -1.00 -1.00 -1.00 -1.00 -1.00 -1.00 -1.00 -1.00 -1.00 -1.00 -1.00 -1.00 -1.00 -1.00
-1.00 -1.00 -1.00 -1.00 -1.00 -1.00 -1.00 -1.00 -1.00 -1.00 -1.00 -1.00 -1.00 -1.00 -1.00 -1.00 -1.00 -1.00 -1.00 -1.00 -1.00 -1.00 -1.00 -1.00 -1.00 -1.00 02.65 03.12 03.92 04.88 05.66 06.52 08.41 10.34 16.92 23.16 25.55 25.40 25.06 19.45 16.01 15.12 13.48 10.75 07.22 06.87 07.06 04.29 04.64 04.91 01.84 01.90 -1.00 -1.00 -1.00 -1.00 -1.00 -1.00 -1.00 -1.00 -1.00 -1.00 -1.00 -1.00 -1.00 -1.00 -1.00 -1.00 -1.00 -1.00 -1.00 -1.00 -1.00 -1.00 -1.00 -1.00 -1.00
-1.00 -1.00 -1.00 -1.00 -1.00 -1.00 -1.00 -1.00 -1.00 -1.00 -1.00 -1.00 -1.00 -1.00 -1.00 -1.00 -1.00 -1.00 -1.00 -1.00 -1.00 -1.00 -1.00 -1.00 -1.00 -1.00 -1.00 02.95 03.44 04.48 05.20 06.17 07.96 12.01 19.02 23.34 22.10 21.48 20.50 16.56 14.59 13.99 11.81 08.59 08.38 06.21 05.92 02.80 03.46 03.63 -1.00 -1.00 -1.00 -1.00 -1.00 -1.00 -1.00 -1.00 -1.00 -1.00 -1.00 -1.00 -1.00 -1.00 -1.00 -1.00 -1.00 -1.00 -1.00 -1.00 -1.00 -1.00 -1.00 -1.00 -1.00 -1.00 -1.00
-1.00 -1.00 -1.00 -1.00 -1.00 -1.00 -1.00 -1.00 -1.00 -1.00 -1.00 -1.00 -1.00 -1.00 -1.00 -1.00 -1.00 -1.00 -1.00 -1.00 -1.00 -1.00 -1.00 -1.00 -1.00 -1.00 -1.00 02.86 02.86 04.03 04.66 05.70 08.90 13.01 22.42 19.64 18.22 17.01 16.52 14.02 12.57 11.03 09.24 09.28 07.21 06.26 02.61 03.60 04.50 -1.00 -1.00 -1.00 -1.00 -1.00 -1.00 -1.00 -1.00 -1.00 -1.00 -1.00 -1.00 -1.00 -1.00 -1.00 -1.00 -1.00 -1.00 -1.00 -1.00 -1.00 -1.00 -1.00 -1.00 -1.00 -1.00 -1.00 -1.00
-1.00 -1.00 -1.00 -1.00 -1.00 -1.00 -1.00 -1.00 -1.00 -1.00 -1.00 -1.00 -1.00 -1.00 00.21 00.20 00.18 00.20 00.22 -1.00 -1.00 -1.00 -1.00 -1.00 -1.00 -1.00 -1.00 -1.00 00.74 03.61 04.30 05.36 08.49 17.11 14.60 15.95 14.56 13.21 12.20 10.81 09.18 08.78 08.87 08.24 06.41 02.48 04.72 06.74 05.43 -1.00 -1.00 -1.00 -1.00 -1.00 -1.00 -1.00 -1.00 -1.00 -1.00 -1.00 -1.00 -1.00 -1.00 -1.00 -1.00 -1.00 -1.00 -1.00 -1.00 -1.00 -1.00 -1.00 -1.00 -1.00 -1.00 -1.00 -1.00
-1.00 -1.00 -1.00 -1.00 -1.00 -1.00 -1.00 -1.00 -1.00 -1.00 -1.00 -1.00 -1.00 00.23 00.55 00.72 00.73 00.43 00.17 00.14 00.14 00.17 00.21 00.21 -1.00 -1.00 -1.00 -1.00 -1.00 01.24 02.22 04.56 07.52 10.37 08.20 09.19 09.39 09.63 08.74 08.39 07.62 07.19 06.30 02.37 01.96 05.37 07.50 08.52 06.50 -1.00 -1.00 -1.00 -1.00 -1.00 -1.00 -1.00 -1.00 -1.00 -1.00 -1.00 -1.00 -1.00 -1.00 -1.00 -1.00 -1.00 -1.00 -1.00 -1.00 -1.00 -1.00 -1.00 -1.00 -1.00 -1.00 -1.00 -1.00
-1.00 -1.00 -1.00 -1.00 -1.00 -1.00 -1.00 -1.00 -1.00 -1.00 -1.00 -1.00 00.26 00.20 00.97 00.88 00.86 00.88 00.87 00.84 00.78 00.41 00.22 00.18 00.22 00.30 -1.00 -1.00 -1.00 -1.00 00.20 01.14 06.45 05.86 03.98 03.82 04.15 05.38 06.65 06.18 05.71 05.28 02.20 02.20 06.12 07.14 07.36 07.29 06.69 -1.00 -1.00 -1.00 -1.00 -1.00 -1.00 -1.00 -1.00 -1.00 -1.00 -1.00 -1.00 -1.00 -1.00 -1.00 -1.00 -1.00 -1.00 -1.00 -1.00 -1.00 -1.00 -1.00 -1.00 -1.00 -1.00 -1.00 -1.00
-1.00 -1.00 -1.00 -1.00 -1.00 -1.00 -1.00 -1.00 -1.00 -1.00 -1.00 00.26 00.25 00.61 01.02 01.15 01.12 01.06 01.05 01.05 01.07 01.12 01.14 01.11 00.19 00.19 00.24 00.23 -1.00 -1.00 00.20 00.60 01.15 01.21 01.84 02.33 02.04 02.18 02.46 02.41 01.52 02.33 03.43 05.53 06.10 07.37 07.32 -1.00 -1.00 -1.00 -1.00 -1.00 -1.00 -1.00 -1.00 -1.00 -1.00 -1.00 -1.00 -1.00 -1.00 -1.00 -1.00 -1.00 -1.00 -1.00 -1.00 -1.00 -1.00 -1.00 -1.00 -1.00 -1.00 -1.00 -1.00 -1.00 -1.00
-1.00 -1.00 -1.00 -1.00 -1.00 -1.00 -1.00 -1.00 -1.00 -1.00 -1.00 00.27 00.21 00.42 01.29 01.23 01.29 01.30 01.25 01.22 01.23 01.24 01.28 01.38 01.30 00.25 00.16 00.15 00.16 00.17 00.31 00.80 00.89 00.91 01.19 01.21 01.34 01.84 01.73 01.75 01.85 01.91 01.84 05.20 06.26 07.68 -1.00 -1.00 -1.00 -1.00 -1.00 -1.00 -1.00 -1.00 -1.00 -1.00 -1.00 -1.00 -1.00 -1.00 -1.00 -1.00 -1.00 -1.00 -1.00 -1.00 -1.00 -1.00 -1.00 -1.00 -1.00 -1.00 -1.00 -1.00 -1.00 -1.00 -1.00
-1.00 -1.00 -1.00 -1.00 -1.00 -1.00 -1.00 -1.00 -1.00 -1.00 -1.00 00.23 00.22 00.97 01.44 01.49 01.47 01.38 01.29 01.27 01.26 01.42 01.49 01.43 01.44 01.53 01.43 01.14 01.06 00.73 00.87 00.86 00.92 01.11 01.14 01.21 01.16 01.36 01.48 01.78 01.88 01.91 01.92 02.25 02.53 02.54 02.40 02.36 -1.00 -1.00 -1.00 -1.00 -1.00 -1.00 -1.00 -1.00 -1.00 -1.00 -1.00 -1.00 -1.00 -1.00 -1.00 -1.00 -1.00 -1.00 -1.00 -1.00 -1.00 -1.00 -1.00 -1.00 -1.00 -1.00 -1.00 -1.00 -1.00
-1.00 -1.00 -1.00 -1.00 -1.00 -1.00 -1.00 -1.00 -1.00 -1.00 -1.00 00.20 00.28 01.30 01.50 01.57 01.44 01.17 01.12 01.03 00.99 01.02 01.54 01.73 01.67 01.59 01.68 01.57 01.42 01.40 01.10 01.19 01.13 01.07 01.12 01.33 01.37 01.54 01.63 01.82 01.92 02.07 02.23 02.41 02.60 02.69 02.71 02.55 02.61 -1.00 -1.00 -1.00 -1.00 -1.00 -1.00 -1.00 -1.00 -1.00 -1.00 -1.00 -1.00 -1.00 -1.00 -1.00 -1.00 -1.00 -1.00 -1.00 -1.00 -1.00 -1.00 -1.00 -1.00 -1.00 -1.00 -1.00 -1.00
-1.00 -1.00 -1.00 -1.00 -1.00 -1.00 -1.00 -1.00 -1.00 -1.00 00.22 00.19 00.25 01.24 01.33 01.34 01.42 01.45 01.45 01.04 01.11 01.26 01.11 01.63 01.90 01.84 01.74 01.83 01.72 01.53 01.62 01.30 01.40 01.30 01.15 01.18 01.52 01.59 01.72 01.86 02.02 02.13 02.38 02.69 02.75 02.61 02.83 03.24 03.27 02.99 02.84 -1.00 -1.00 -1.00 -1.00 -1.00 -1.00 -1.00 -1.00 -1.00 -1.00 -1.00 -1.00 -1.00 -1.00 -1.00 -1.00 -1.00 -1.00 -1.00 -1.00 -1.00 -1.00 -1.00 -1.00 -1.00 -1.00
-1.00 -1.00 -1.00 -1.00 -1.00 -1.00 -1.00 -1.00 -1.00 -1.00 -1.00 00.21 00.23 01.01 01.29 01.82 01.83 02.11 02.23 01.63 02.81 01.73 01.36 01.24 01.89 02.09 02.04 01.88 01.99 01.86 01.65 01.69 01.37 01.43 01.35 01.17 01.21 01.69 01.74 01.84 01.96 02.17 02.33 02.45 02.70 02.67 02.60 02.89 03.19 03.23 03.09 03.00 -1.00 -1.00 -1.00 -1.00 00.93 00.91 01.36 03.29 07.49 05.19 05.37 05.93 07.44 -1.00 -1.00 -1.00 -1.00 -1.00 -1.00 -1.00 -1.00 -1.00 -1.00 -1.00 -1.00
-1.00 -1.00 -1.00 -1.00 -1.00 -1.00 -1.00 -1.00 -1.00 -1.00 -1.00 00.21 00.23 01.06 01.62 01.85 02.36 02.54 03.54 02.82 03.01 02.45 02.02 01.39 02.09 02.35 02.27 02.24 02.06 02.17 02.03 01.79 01.86 01.47 01.52 01.48 01.38 01.13 01.75 01.80 01.89 02.14 02.27 02.54 02.59 02.79 02.89 02.84 03.16 03.63 03.60 03.47 02.02 01.45 01.05 01.50 02.28 04.12 06.69 08.61 09.01 13.73 08.53 10.19 13.30 14.10 04.31 -1.00 -1.00 -1.00 -1.00 -1.00 -1.00 -1.00 -1.00 -1.00 -1.00
-1.00 -1.00 -1.00 -1.00 01.03 00.74 00.41 00.78 00.34 00.31 00.28 00.20 00.25 01.12 01.78 01.90 02.66 03.20 04.83 05.96 03.66 03.04 02.67 02.05 01.74 02.30 02.50 02.38 02.26 02.27 02.38 02.22 01.97 02.06 01.59 01.66 01.59 01.48 01.12 01.84 01.94 02.05 02.57 02.63 02.90 02.91 03.05 03.46 03.99 02.88 02.56 02.51 01.23 01.33 13.98 16.94 07.17 14.18 08.16 09.40 09.50 12.12 12.33 13.87 12.76 12.59 12.87 -1.00 -1.00 -1.00 -1.00 -1.00 -1.00 -1.00 -1.00 -1.00 -1.00
-1.00 -1.00 01.02 00.97 00.99 00.90 00.54 00.98 00.60 00.30 00.29 00.16 00.24 01.18 01.87 01.97 02.52 03.63 05.95 07.04 04.64 03.91 03.26 02.46 01.90 02.29 02.82 02.63 02.45 02.30 02.56 02.51 02.27 02.06 02.30 01.78 01.85 01.69 01.44 01.35 02.01 02.28 02.67 03.23 03.03 03.44 03.65 02.61 02.27 01.70 01.96 01.44 02.62 08.07 15.26 12.55 13.82 12.77 09.16 08.73 08.62 10.09 11.12 11.49 12.80 15.85 18.86 -1.00 -1.00 -1.00 -1.00 -1.00 -1.00 -1.00 -1.00 -1.00 -1.00
-1.00 00.97 00.95 00.99 00.94 00.84 00.82 00.55 00.93 00.60 00.24 00.17 00.41 01.21 01.81 02.07 02.58 03.17 06.59 07.60 05.50 05.01 03.82 02.99 01.90 02.32 03.54 02.99 02.55 02.35 02.63 02.94 02.64 02.07 02.13 01.89 01.75 01.89 01.83 00.78 01.84 02.44 01.82 02.79 04.07 04.13 04.30 04.51 02.89 04.57 05.69 03.11 05.66 11.80 11.04 11.02 12.08 08.86 07.58 07.14 08.01 08.89 12.10 14.42 17.34 18.43 17.67 -1.00 -1.00 -1.00 -1.00 -1.00 -1.00 -1.00 -1.00 -1.00 -1.00
-1.00 00.84 00.90 00.79 00.78 00.63 00.87 00.96 00.93 01.22 01.22 01.23 00.62 01.21 01.55 01.60 01.42 02.42 02.17 06.15 03.63 06.55 03.28 03.76 01.74 01.93 02.14 02.68 03.16 02.26 02.01 02.43 01.34 01.56 01.36 01.31 02.12 01.45 01.62 01.60 01.46 02.36 03.02 01.30 02.55 04.28 04.51 07.15 06.73 07.12 08.32 07.37 08.62 09.56 08.73 09.60 08.72 06.71 07.25 07.47 12.80 17.55 15.60 16.60 16.87 16.91 16.73 -1.00 -1.00 -1.00 -1.00 -1.00 -1.00 -1.00 -1.00 -1.00 -1.00
-1.00 00.81 00.81 00.64 00.70 01.25 01.57 02.14 01.22 02.80 01.76 00.98 01.87 01.30 01.11 01.19 00.98 01.27 01.13 00.98 01.42 02.12 03.50 04.50 02.39 02.68 01.98 01.61 01.57 01.42 01.53 01.86 02.28 01.50 02.30 01.09 01.50 02.01 01.13 01.24 01.47 00.55 00.60 00.66 00.97 02.03 07.38 05.89 06.19 06.54 06.74 07.19 06.77 07.48 07.65 08.07 07.27 09.07 08.81 11.89 14.97 16.51 15.55 15.32 15.72 16.22 -1.00 -1.00 -1.00 -1.00 -1.00 -1.00 -1.00 -1.00 -1.00 -1.00 -1.00
00.71 00.77 00.72 00.79 02.22 01.77 03.38 02.73 01.86 03.27 02.48 03.22 03.54 02.64 03.79 05.59 05.49 04.03 02.26 03.22 02.70 03.58 03.86 03.51 03.25 05.44 07.43 03.61 08.06 02.87 04.40 05.86 02.89 00.82 00.26 00.15 00.16 00.22 00.26 00.29 00.33 00.42 00.40 01.44 03.73 04.66 03.24 04.65 05.35 06.04 06.04 05.74 06.16 06.31 07.55 15.86 13.28 10.10 11.22 12.09 14.66 15.45 14.38 15.43 16.39 15.25 -1.00 -1.00 -1.00 -1.00 -1.00 -1.00 -1.00 -1.00 -1.00 -1.00 -1.00
00.75 00.73 00.69 00.98 02.14 02.78 03.22 03.44 03.03 03.22 03.26 03.32 03.47 03.35 03.94 02.24 05.27 05.81 05.44 05.10 04.68 04.32 04.11 04.49 05.89 06.37 05.88 07.00 03.16 05.34 08.73 10.53 03.36 00.25 00.45 00.63 00.63 00.77 00.76 -1.00 00.30 00.37 -1.00 02.45 02.53 03.74 04.32 04.87 05.36 05.60 05.46 13.47 09.13 13.42 20.15 17.22 12.36 10.61 10.04 12.86 14.49 14.96 15.65 16.12 16.65 14.00 -1.00 -1.00 -1.00 -1.00 -1.00 -1.00 -1.00 -1.00 -1.00 -1.00 -1.00
00.78 00.78 00.89 01.18 02.08 02.89 03.07 03.27 03.29 03.18 03.19 03.29 03.40 03.15 03.58 04.00 04.76 04.25 04.23 04.37 04.90 04.76 04.80 04.65 05.05 05.56 06.17 08.00 07.49 08.97 09.11 07.01 00.38 00.56 00.34 00.62 00.67 00.79 00.94 01.01 -1.00 -1.00 -1.00 04.99 07.78 13.06 12.59 15.87 16.28 15.90 18.06 14.55 11.97 13.81 19.77 18.58 11.28 09.10 09.41 11.67 14.35 15.39 17.70 18.17 18.60 12.92 -1.00 -1.00 -1.00 -1.00 -1.00 -1.00 -1.00 -1.00 -1.00 -1.00 -1.00
00.99 02.28 02.12 01.67 02.03 02.84 03.00 03.10 03.26 03.22 03.18 03.31 03.40 03.55 03.65 03.51 04.06 03.98 04.28 04.17 04.17 04.23 04.34 04.57 04.99 05.55 06.14 06.30 06.20 06.70 06.47 00.45 00.75 00.67 00.48 00.42 00.61 00.70 00.88 01.09 -1.00 -1.00 -1.00 04.33 08.93 13.11 11.60 12.58 14.39 15.89 16.80 14.05 12.12 14.99 21.68 21.99 09.77 08.03 09.18 12.24 15.27 16.49 19.32 20.77 18.34 12.39 -1.00 -1.00 -1.00 -1.00 -1.00 -1.00 -1.00 -1.00 -1.00 -1.00 -1.00
01.64 02.97 03.65 02.57 01.66 02.42 02.91 03.15 03.23 03.13 03.18 03.28 03.41 04.70 04.96 04.96 04.27 03.89 03.86 03.89 03.89 03.87 03.86 04.20 04.58 04.96 05.29 05.63 05.84 05.85 02.95 01.18 00.72 00.87 00.49 00.33 00.46 00.56 00.84 01.09 01.28 -1.00 00.24 03.32 11.27 13.36 10.75 10.00 11.99 14.07 15.07 13.02 10.93 16.68 20.04 17.89 08.31 07.54 09.05 13.96 17.27 17.59 19.48 19.52 12.13 11.22 -1.00 -1.00 -1.00 -1.00 -1.00 -1.00 -1.00 -1.00 -1.00 -1.00 -1.00
02.83 03.29 03.37 02.81 00.98 02.34 02.93 03.16 03.19 03.02 03.06 03.21 03.44 04.87 05.34 04.91 04.41 03.85 03.70 03.68 03.69 03.71 03.71 04.01 04.42 04.79 05.11 05.30 05.46 05.57 03.98 03.15 05.39 02.85 00.50 00.26 00.42 00.62 00.79 01.14 -1.00 -1.00 00.28 03.64 13.24 14.94 10.07 09.15 09.66 12.45 13.72 11.13 09.84 17.18 20.07 14.18 07.06 07.31 08.78 15.17 18.34 17.33 18.23 16.92 10.27 -1.00 -1.00 -1.00 -1.00 -1.00 -1.00 -1.00 -1.00 -1.00 -1.00 -1.00 -1.00
03.35 03.52 03.31 02.75 00.48 02.38 03.01 03.05 03.13 02.97 02.98 03.04 03.17 03.91 05.69 05.73 05.08 04.22 03.83 03.68 03.64 03.63 03.62 03.82 04.24 04.68 04.95 05.19 05.18 05.11 04.74 04.64 03.17 05.60 00.20 00.33 00.52 00.63 00.98 -1.00 -1.00 -1.00 01.33 12.97 14.40 15.21 12.04 08.91 08.23 10.74 14.20 09.81 10.99 16.14 19.73 11.52 07.26 07.14 08.91 14.34 18.68 16.39 15.64 12.50 09.63 -1.00 -1.00 -1.00 -1.00 -1.00 -1.00 -1.00 -1.00 -1.00 -1.00 -1.00 -1.00
03.67 03.59 03.30 03.00 02.22 02.42 03.15 02.83 03.03 03.01 02.92 02.93 03.02 03.14 04.54 05.28 04.56 03.92 03.72 03.64 03.60 03.62 03.68 03.84 04.29 04.62 04.89 05.02 05.07 04.37 03.68 03.94 00.21 00.15 00.31 00.56 00.61 00.76 -1.00 -1.00 -1.00 00.27 05.42 13.49 16.22 17.25 11.63 09.44 07.98 10.37 13.01 11.20 12.40 17.08 19.41 09.54 07.46 07.23 09.39 13.77 16.07 14.54 11.95 09.24 -1.00 -1.00 -1.00 -1.00 -1.00 -1.00 -1.00 -1.00 -1.00 -1.00 -1.00 -1.00 -1.00
03.93 03.77 03.29 03.13 02.92 01.33 02.62 03.03 02.78 02.95 02.91 02.91 03.03 03.24 03.38 03.99 04.73 04.86 04.14 03.51 03.34 03.38 03.52 03.71 04.05 04.59 05.05 04.94 04.58 04.22 03.49 00.30 00.23 00.31 00.46 00.57 -1.00 -1.00 -1.00 -1.00 -1.00 00.31 03.59 14.00 15.40 16.94 10.03 09.11 07.72 09.22 09.67 12.54 12.66 17.51 15.95 09.12 07.18 07.40 09.90 14.38 14.24 11.57 08.58 07.60 -1.00 -1.00 -1.00 -1.00 -1.00 -1.00 -1.00 -1.00 -1.00 -1.00 -1.00 -1.00 -1.00
