data/trial4/ashley.fli
NCOLS 382
NROWS 266
XLLCORNER 157819.328125
YLLCORNER 384678.625000
CELLSIZE 30.000000
NODATA_VALUE -1
[rows 130 to 155 of 266, columns 240 to 299 of 382]
00025.122 00025.008 00026.279 00027.395 00028.468 00029.242 00028.549 00033.243 00033.051 00035.625 00034.258 00033.953 00034.540 00035.608 00037.805 00041.605 00046.420 00051.473 00052.862 00052.023 00056.039 00053.846 00001.364 00002.142 00001.845 00001.262 00001.115 00001.757 00002.171 00002.787 00003.327 -0001.000 -0001.000 -0001.000 00034.963 00071.421 00103.953 00091.692 00099.474 00114.064 00126.327 00133.126 00110.738 00095.206 00118.201 00172.247 00174.233 00076.006 00062.219 00070.830 00094.998 00118.510 00126.862 00149.189 00157.645 00138.232 00091.047 -0001.000 -0001.000 -0001.000
00024.327 00024.926 00026.000 00027.435 00037.345 00039.378 00039.707 00034.831 00032.085 00031.950 00032.188 00032.265 00032.089 00032.023 00034.959 00038.306 00041.514 00044.370 00047.179 00048.905 00048.841 00023.792 00007.963 00002.101 00002.474 00001.330 00000.851 00001.287 00001.742 00002.678 00003.380 00003.850 -0001.000 00000.714 00025.939 00089.634 00105.840 00084.841 00078.873 00095.148 00111.920 00119.484 00102.847 00086.076 00132.224 00159.320 00141.522 00064.665 00058.353 00069.939 00108.765 00134.398 00136.340 00151.039 00149.286 00089.807 00081.689 -0001.000 -0001.000 -0001.000
00023.312 00023.937 00025.407 00027.623 00038.574 00042.216 00039.018 00035.489 00031.517 00030.532 00030.465 00030.505 00030.544 00030.502 00033.088 00036.738 00039.954 00042.738 00044.350 00045.643 00046.606 00032.756 00024.691 00042.897 00019.474 00001.386 00000.683 00001.218 00001.971 00002.455 00003.444 -0001.000 -0001.000 00000.874 00027.054 00105.351 00118.672 00079.455 00072.105 00076.514 00099.000 00108.957 00088.054 00077.714 00137.090 00159.733 00111.915 00054.949 00056.533 00067.986 00118.345 00143.111 00134.492 00141.201 00130.079 00075.731 -0001.000 -0001.000 -0001.000 -0001.000
00022.591 00023.218 00023.865 00025.039 00030.891 00044.604 00045.083 00040.133 00033.647 00031.004 00030.102 00029.860 00029.784 00029.765 00031.554 00035.262 00039.093 00041.443 00043.404 00043.245 00042.481 00038.748 00037.149 00024.044 00043.930 00000.518 00000.959 00001.638 00001.945 00002.956 -0001.000 -0001.000 -0001.000 00008.763 00103.694 00114.762 00120.919 00095.496 00070.109 00064.805 00085.225 00112.926 00077.692 00087.015 00128.951 00157.173 00090.629 00056.355 00055.209 00069.084 00111.866 00146.004 00127.194 00120.767 00095.286 00071.373 -0001.000 -0001.000 -0001.000 -0001.000
00022.386 00022.227 00022.729 00023.626 00024.707 00035.649 00041.516 00036.062 00031.209 00029.769 00029.266 00029.087 00029.293 00029.988 00031.651 00036.026 00038.720 00040.899 00041.983 00042.423 00036.033 00029.648 00031.082 00000.577 00000.390 00000.911 00001.778 00001.906 00002.314 -0001.000 -0001.000 -0001.000 00000.810 00042.146 00107.828 00129.403 00137.547 00092.295 00074.420 00062.735 00082.068 00103.441 00088.739 00098.363 00136.685 00154.883 00074.826 00057.863 00056.003 00073.020 00107.473 00125.426 00112.762 00091.591 00069.396 -0001.000 -0001.000 -0001.000 -0001.000 -0001.000
00021.533 00021.626 00022.191 00023.397 00025.163 00026.409 00031.210 00036.947 00038.032 00032.577 00027.765 00026.509 00026.937 00028.291 00030.201 00033.604 00038.463 00042.159 00041.003 00037.821 00034.512 00027.383 00000.854 00000.593 00000.873 00001.421 00001.710 -0001.000 -0001.000 -0001.000 -0001.000 -0001.000 00000.938 00026.995 00111.829 00122.111 00135.075 00079.627 00072.019 00060.580 00072.812 00076.745 00099.524 00100.680 00140.258 00127.002 00071.568 00055.633 00057.509 00077.311 00112.482 00110.806 00089.320 00064.923 00056.317 -0001.000 -0001.000 -0001.000 -0001.000 -0001.000
00019.573 00021.445 00022.648 00023.351 00025.817 00030.855 00041.583 00043.545 00033.332 00026.096 00026.581 00026.934 00027.041 00028.512 00031.219 00034.225 00036.177 00038.337 00043.305 00035.683 00033.493 00036.468 00037.336 00000.443 00000.953 00001.454 -0001.000 -0001.000 -0001.000 -0001.000 -0001.000 -0001.000 00001.198 00008.618 00044.682 00111.147 00122.944 00085.622 00068.253 00058.626 00061.964 00065.198 00084.271 00096.930 00118.653 00087.103 00059.877 00054.161 00051.377 00072.964 00104.808 00075.317 00058.241 00053.561 -0001.000 -0001.000 -0001.000 -0001.000 -0001.000 -0001.000
00019.522 00022.657 00023.000 00025.266 00027.911 00031.526 00034.290 00030.899 00027.790 00025.394 00025.362 00025.423 00025.866 00027.037 00031.390 00034.059 00036.891 00038.879 00041.873 00045.321 00042.655 00037.379 00000.540 00000.768 00001.475 00001.944 -0001.000 -0001.000 -0001.000 -0001.000 00001.276 00001.248 00136.116 00015.280 00045.847 00108.440 00107.548 00077.609 00068.186 00057.679 00054.768 00056.983 00084.741 00099.766 00081.450 00067.458 00054.523 00054.067 00057.330 00077.352 00086.683 00066.602 00054.014 -0001.000 -0001.000 -0001.000 -0001.000 -0001.000 -0001.000 -0001.000
00021.154 00022.052 00025.160 00025.359 00030.124 00033.735 00032.846 00032.074 00027.768 00024.507 00023.369 00022.217 00024.280 00026.569 00030.665 00036.654 00030.734 00028.638 00029.671 00030.094 00029.263 00000.597 00000.631 00001.371 00001.311 00001.420 00001.638 00001.743 00001.637 00001.507 00001.766 00081.227 00160.143 00080.497 00078.933 00092.643 00082.201 00070.530 00069.418 00057.401 00049.723 00051.097 00057.006 00067.024 00057.832 00051.385 00048.925 00046.867 00059.085 00072.000 00070.023 00054.146 -0001.000 -0001.000 -0001.000 -0001.000 -0001.000 -0001.000 -0001.000 -0001.000
00019.875 00018.735 00024.954 00028.503 00027.612 00028.978 00030.667 00029.180 00023.781 00020.257 00019.146 00018.106 00020.298 00026.413 00030.642 00034.075 00031.833 00025.892 00026.373 00026.841 00007.390 00000.763 00001.481 00001.483 00001.321 00001.540 00002.253 00007.234 00024.287 00073.528 00023.814 00076.483 00129.298 00093.708 00085.451 00076.612 00072.734 00071.296 00070.749 00055.944 00047.403 00041.801 00052.274 00048.352 00041.947 00041.150 00043.523 00052.305 00053.573 00059.321 00054.481 -0001.000 -0001.000 -0001.000 -0001.000 -0001.000 -0001.000 -0001.000 -0001.000 -0001.000
00013.660 00019.010 00017.885 00023.698 00025.994 00025.463 00025.235 00021.940 00018.844 00014.460 00013.112 00015.760 00018.130 00023.174 00030.348 00027.297 00025.188 00021.999 00010.887 00003.643 00000.622 00000.939 00001.578 00002.694 00026.187 00018.626 00043.512 00047.246 00071.031 00086.446 00039.373 00095.953 00098.447 00084.407 00076.523 00067.326 00064.475 00064.356 00062.676 00059.997 00037.024 00033.440 00035.680 00033.880 00032.668 00035.697 00047.196 00044.558 00052.624 00054.652 -0001.000 -0001.000 -0001.000 -0001.000 -0001.000 -0001.000 -0001.000 -0001.000 -0001.000 -0001.000
00008.589 00011.720 00013.663 00017.336 00017.718 00017.306 00016.178 00016.452 00016.876 00011.501 00008.390 00011.742 00020.089 00018.709 00024.279 00025.906 00019.774 00019.924 00020.289 00011.691 00000.672 00000.864 00001.841 00002.644 00012.845 00040.058 00041.336 00052.982 00069.997 00071.558 00075.786 00081.365 00082.341 00074.533 00064.650 00060.226 00056.475 00050.777 00048.660 00032.266 00032.064 00031.474 00030.802 00034.388 00036.282 00038.122 00040.477 -0001.000 -0001.000 -0001.000 -0001.000 -0001.000 -0001.000 -0001.000 -0001.000 -0001.000 -0001.000 -0001.000 -0001.000 -0001.000
00010.122 00001.598 00006.804 00009.723 00013.561 00014.925 00017.628 00010.711 00008.679 00002.253 00001.656 00006.870 00013.129 00019.916 00018.627 00018.240 00017.915 00018.936 00020.645 00022.402 00000.717 00001.448 00002.076 00001.351 00016.138 00039.517 00035.548 00050.307 00078.521 00057.490 00065.112 00066.613 00072.321 00063.293 00053.149 00053.961 00044.297 00036.287 00028.378 00028.389 00027.316 00031.831 -0001.000 -0001.000 -0001.000 -0001.000 -0001.000 -0001.000 -0001.000 -0001.000 -0001.000 -0001.000 -0001.000 -0001.000 -0001.000 -0001.000 -0001.000 -0001.000 -0001.000 -0001.000
00018.842 00018.146 00009.046 00001.314 00006.569 00007.082 00007.505 00000.732 00005.682 00009.328 00011.797 00006.408 00008.532 00013.067 00017.623 00020.493 00020.069 00017.327 00011.360 00000.722 00001.100 00001.285 00001.918 00001.237 00013.068 00031.458 00037.138 00054.965 00067.207 00052.419 00054.773 00057.420 00061.731 00049.741 00048.587 00042.975 00037.952 00032.592 00032.570 00033.785 -0001.000 -0001.000 -0001.000 -0001.000 -0001.000 -0001.000 -0001.000 -0001.000 -0001.000 -0001.000 -0001.000 -0001.000 -0001.000 -0001.000 -0001.000 -0001.000 -0001.000 -0001.000 -0001.000 -0001.000
00020.034 00019.370 00014.298 00012.648 00011.668 00010.722 00009.812 00011.677 00012.833 00016.034 00023.095 00017.712 00005.676 00003.609 00011.476 00013.282 00012.560 00011.568 00003.469 00005.368 00007.916 00001.071 00001.136 00001.203 00002.226 00003.926 00020.474 00051.119 00051.495 00050.306 00051.407 00055.400 00051.879 00044.185 00040.638 00034.224 00032.854 00033.883 00037.931 00039.632 -0001.000 -0001.000 -0001.000 -0001.000 -0001.000 -0001.000 -0001.000 -0001.000 -0001.000 -0001.000 -0001.000 -0001.000 -0001.000 -0001.000 -0001.000 -0001.000 -0001.000 -0001.000 -0001.000 -0001.000
00018.783 00019.027 00016.651 00015.185 00015.418 00016.128 00016.756 00015.425 00015.966 00019.226 00028.034 00020.722 00020.528 00009.183 00004.945 00001.528 00003.284 00005.576 00009.406 00012.067 00013.142 00029.088 00018.136 00031.684 00038.662 00019.762 00035.757 00053.609 00044.361 00053.990 00052.620 00053.257 00044.922 00042.623 00039.170 00039.354 00040.292 00039.099 00037.188 00033.931 00025.686 00026.270 00028.451 00028.557 00031.361 00038.570 -0001.000 -0001.000 -0001.000 -0001.000 -0001.000 -0001.000 -0001.000 -0001.000 -0001.000 -0001.000 -0001.000 -0001.000 -0001.000 -0001.000
00020.039 00019.871 00017.803 00017.202 00016.426 00015.331 00013.743 00012.809 00015.589 00022.136 00037.340 00018.229 00019.573 00020.593 00014.438 00009.793 00011.659 00014.042 00017.028 00024.101 00035.893 00039.144 00039.838 00045.662 00062.514 00045.506 00053.668 00047.082 00051.862 00056.717 00048.816 00046.439 00044.824 00043.823 00044.765 00046.404 00049.123 00046.874 00042.033 00049.465 00067.617 00095.753 00115.238 00117.842 00111.606 00069.394 00079.033 00046.652 -0001.000 -0001.000 -0001.000 -0001.000 -0001.000 -0001.000 -0001.000 -0001.000 -0001.000 -0001.000 -0001.000 -0001.000
00014.559 00021.460 00021.065 00020.286 00019.336 00013.872 00011.503 00015.168 00017.263 00023.434 00035.073 00043.605 00018.564 00018.687 00019.878 00018.872 00020.102 00020.586 00021.958 00022.286 00024.339 00031.726 00049.722 00042.783 00035.795 00042.527 00045.129 00048.665 00053.879 00052.503 00041.815 00043.552 00046.132 00045.651 00049.020 00051.809 00054.952 00053.488 00047.389 00046.105 00066.494 00079.615 00111.127 00122.438 00112.457 00086.246 00096.456 00117.597 00073.641 00087.825 -0001.000 -0001.000 -0001.000 -0001.000 -0001.000 -0001.000 -0001.000 -0001.000 -0001.000 -0001.000
00018.660 00024.522 00023.164 00021.490 00026.784 00028.099 00012.573 00013.365 00017.308 00021.516 00030.968 00037.939 00044.918 00021.038 00022.507 00021.911 00024.274 00029.083 00031.318 00030.401 00035.993 00040.870 00040.777 00034.548 00037.597 00049.870 00051.325 00052.598 00050.909 00046.595 00041.987 00045.865 00049.932 00048.923 00049.791 00052.224 00055.388 00053.767 00046.640 00043.385 00050.012 00089.263 00104.463 00120.077 00113.737 00112.384 00122.501 00123.399 00100.542 00102.195 -0001.000 -0001.000 -0001.000 -0001.000 -0001.000 -0001.000 -0001.000 -0001.000 -0001.000 -0001.000
00022.279 00030.447 00026.812 00029.295 00028.990 00029.081 00025.997 00016.695 00016.857 00023.293 00027.484 00032.118 00041.485 00026.120 00024.055 00027.608 00029.562 00030.060 00031.894 00032.448 00032.795 00032.469 00033.678 00037.722 00046.884 00048.618 00049.221 00048.552 00044.691 00040.852 00038.534 00050.204 00053.749 00051.382 00050.566 00052.969 00053.791 00052.626 00045.791 00042.287 00048.287 00075.492 00062.304 00090.798 00103.214 00112.147 00084.251 00078.173 00073.474 -0001.000 -0001.000 -0001.000 -0001.000 -0001.000 -0001.000 -0001.000 -0001.000 -0001.000 -0001.000 -0001.000
00042.114 00029.282 00029.086 00029.267 00029.724 00020.671 00015.724 00015.304 00015.748 00020.019 00024.477 00032.268 00041.641 00031.289 00027.709 00026.224 00029.696 00030.430 00030.458 00032.814 00038.679 00044.604 00045.182 00045.788 00045.683 00046.297 00047.190 00040.503 00038.989 00035.484 00046.636 00048.762 00054.416 00053.071 00050.199 00052.903 00054.044 00050.322 00043.237 00037.579 00041.148 00034.269 00059.266 00080.750 00093.532 00090.443 00070.598 00068.678 00066.904 -0001.000 -0001.000 -0001.000 -0001.000 -0001.000 -0001.000 -0001.000 -0001.000 -0001.000 -0001.000 -0001.000
00040.576 00028.391 00022.515 00027.918 00025.677 00021.557 00019.462 00020.890 00018.511 00023.256 00026.343 00037.075 00051.579 00061.100 00031.293 00027.375 00029.924 00030.178 00034.333 00039.564 00040.727 00042.627 00043.417 00043.224 00044.702 00045.538 00038.616 00036.730 00033.857 00042.750 00051.025 00057.349 00055.006 00051.466 00050.571 00052.845 00059.116 00049.169 00041.700 00034.355 00027.356 00027.475 00105.520 00054.345 00081.913 00078.339 00070.154 -0001.000 -0001.000 -0001.000 -0001.000 -0001.000 -0001.000 -0001.000 -0001.000 -0001.000 -0001.000 -0001.000 -0001.000 -0001.000
00037.694 00024.446 00015.215 00018.057 00019.685 00017.321 00014.250 00016.158 00021.830 00025.293 00036.627 00050.263 00072.377 00062.554 00049.134 00026.721 00034.779 00037.622 00040.136 00041.823 00039.244 00036.830 00036.169 00038.268 00030.054 00033.306 00032.236 00034.347 00037.845 00051.182 00057.548 00060.672 00057.416 00050.244 00053.615 00064.201 00061.198 00045.501 00044.708 00040.035 00035.491 00035.119 00060.461 00042.858 00052.414 00063.039 -0001.000 -0001.000 -0001.000 -0001.000 -0001.000 -0001.000 -0001.000 -0001.000 -0001.000 -0001.000 -0001.000 -0001.000 -0001.000 -0001.000
00040.023 00022.218 00016.551 00012.972 00013.638 00017.963 00020.821 00024.344 00029.099 00032.154 00041.658 00067.971 00081.386 00048.406 00041.989 00029.373 00035.485 00037.925 00036.156 00034.446 00031.243 00027.856 00025.859 00027.554 00034.507 00036.627 00037.069 00037.303 00051.548 00053.382 00062.885 00062.343 00053.340 00053.563 00059.232 00061.186 00048.424 00042.676 00046.876 00052.267 00036.298 00037.796 00028.627 00053.291 -0001.000 -0001.000 -0001.000 -0001.000 -0001.000 -0001.000 -0001.000 -0001.000 -0001.000 -0001.000 -0001.000 -0001.000 -0001.000 -0001.000 -0001.000 -0001.000
00036.559 00035.293 00026.099 00024.080 00018.396 00018.747 00022.444 00030.081 00033.145 00043.861 00066.176 00069.467 00054.397 00045.731 00039.581 00028.345 00028.708 00028.707 00028.033 00027.995 00029.875 00033.682 00036.712 00039.512 00039.800 00041.549 00045.471 00047.256 00051.324 00060.003 00062.843 00056.963 00056.955 00057.701 00053.802 00047.637 00042.376 00052.859 00060.415 00062.749 00041.016 00033.197 00032.592 00039.027 00077.745 -0001.000 -0001.000 -0001.000 -0001.000 -0001.000 -0001.000 -0001.000 -0001.000 -0001.000 -0001.000 -0001.000 -0001.000 -0001.000 -0001.000 -0001.000
00034.453 00025.790 00025.322 00026.103 00029.871 00027.302 00026.702 00032.205 00037.554 00055.456 00065.050 00054.292 00041.396 00039.673 00039.280 00031.745 00025.043 00027.346 00031.218 00034.588 00036.477 00037.514 00039.183 00042.070 00042.843 00041.253 00041.025 00042.731 00044.930 00050.702 00055.510 00056.752 00056.368 00050.911 00050.315 00046.170 00050.542 00071.374 00071.175 00064.459 00037.070 00043.242 00034.725 00038.940 00051.634 -0001.000 -0001.000 -0001.000 -0001.000 -0001.000 -0001.000 -0001.000 -0001.000 -0001.000 -0001.000 -0001.000 -0001.000 -0001.000 -0001.000 -0001.000
