data/trial4/ashley.fml
NCOLS 382
NROWS 266
XLLCORNER 157819.328125
YLLCORNER 384678.625000
CELLSIZE 30.000000
NODATA_VALUE -1
[rows 136 to 169 of 266, columns 231 to 307 of 382]
02.27 02.09 02.01 01.98 01.93 01.67 01.39 01.54 01.73 01.77 01.84 01.89 01.92 02.01 02.18 02.50 02.55 02.26 02.02 02.04 02.05 02.05 02.10 02.19 02.29 02.35 02.41 02.55 02.33 02.26 02.35 02.38 00.31 00.44 00.53 -1.00 -1.00 -1.00 -1.00 -1.00 -1.00 00.49 01.21 02.58 03.93 04.12 03.49 03.14 02.93 03.00 03.08 03.46 03.69 04.05 03.51 02.96 02.82 02.76 03.24 03.83 03.29 02.92 02.81 -1.00 -1.00 -1.00 -1.00 -1.00 -1.00 -1.00 -1.00 -1.00 -1.00 -1.00 -1.00 -1.00 -1.00
02.10 02.12 01.99 01.92 01.98 01.93 01.68 01.45 01.71 01.77 01.89 01.90 01.99 02.08 02.20 02.29 02.18 02.08 01.99 01.99 01.99 02.01 02.05 02.20 02.28 02.37 02.42 02.51 02.60 02.53 02.38 00.34 00.40 00.54 00.61 -1.00 -1.00 -1.00 -1.00 00.50 00.50 04.31 01.58 02.62 03.89 03.87 03.33 03.14 02.91 02.84 02.89 03.47 03.74 03.41 03.12 02.83 02.82 02.90 03.33 03.51 03.11 02.82 -1.00 -1.00 -1.00 -1.00 -1.00 -1.00 -1.00 -1.00 -1.00 -1.00 -1.00 -1.00 -1.00 -1.00 -1.00
01.94 01.84 01.92 01.94 01.87 01.94 01.77 01.21 01.57 01.83 01.87 01.98 01.99 02.16 02.27 02.24 02.22 02.08 01.96 01.92 01.87 01.95 02.03 02.17 02.36 02.18 02.11 02.14 02.15 02.13 00.36 00.36 00.52 00.51 00.53 00.56 00.58 00.56 00.54 00.58 03.40 04.65 03.39 03.36 03.61 03.42 03.19 03.17 02.90 02.71 02.75 02.89 03.11 02.91 02.76 02.69 02.64 02.94 03.22 03.18 02.82 -1.00 -1.00 -1.00 -1.00 -1.00 -1.00 -1.00 -1.00 -1.00 -1.00 -1.00 -1.00 -1.00 -1.00 -1.00 -1.00
01.84 01.80 01.72 01.85 01.90 01.93 01.93 01.35 01.47 01.78 01.73 01.98 02.10 02.07 02.12 02.17 02.12 01.93 01.80 01.75 01.71 01.80 02.03 02.17 02.28 02.21 02.01 02.03 02.04 01.13 00.40 00.54 00.54 00.51 00.55 00.65 01.12 01.95 03.25 01.93 03.31 04.21 03.63 03.48 03.31 03.23 03.20 03.19 02.87 02.66 02.51 02.78 02.68 02.51 02.49 02.55 02.78 02.81 02.94 02.83 -1.00 -1.00 -1.00 -1.00 -1.00 -1.00 -1.00 -1.00 -1.00 -1.00 -1.00 -1.00 -1.00 -1.00 -1.00 -1.00 -1.00
01.82 01.76 01.72 01.72 01.83 01.83 01.89 01.75 01.02 01.50 01.74 01.70 01.93 02.01 02.00 01.99 01.86 01.74 01.54 01.47 01.60 01.71 01.91 02.16 02.06 01.99 01.87 01.35 00.82 00.36 00.44 00.56 00.71 02.02 01.73 02.55 02.65 03.20 03.50 02.44 03.67 03.72 03.46 03.31 03.12 03.06 03.06 03.02 02.96 02.37 02.26 02.33 02.28 02.24 02.33 02.65 02.58 02.79 02.84 -1.00 -1.00 -1.00 -1.00 -1.00 -1.00 -1.00 -1.00 -1.00 -1.00 -1.00 -1.00 -1.00 -1.00 -1.00 -1.00 -1.00 -1.00
01.85 01.74 01.72 01.70 01.74 01.90 01.85 01.83 01.17 01.21 01.40 01.50 01.67 01.69 01.67 01.62 01.63 01.65 01.38 01.20 01.40 01.79 01.73 01.95 02.01 01.78 01.78 01.80 01.39 00.37 00.42 00.60 00.70 01.46 02.46 02.49 02.80 03.18 03.21 03.30 03.41 03.42 03.27 03.06 02.97 02.88 02.74 02.69 02.23 02.22 02.20 02.18 02.29 02.35 02.40 02.47 -1.00 -1.00 -1.00 -1.00 -1.00 -1.00 -1.00 -1.00 -1.00 -1.00 -1.00 -1.00 -1.00 -1.00 -1.00 -1.00 -1.00 -1.00 -1.00 -1.00 -1.00
02.40 01.80 01.69 01.74 01.66 01.72 01.91 01.82 01.77 01.31 00.56 01.09 01.28 01.49 01.56 01.68 01.34 01.22 00.65 00.57 01.09 01.47 01.78 01.73 01.71 01.70 01.74 01.81 01.88 00.39 00.53 00.63 00.52 01.62 02.44 02.33 02.73 03.35 02.90 03.07 03.11 03.23 03.03 02.80 02.82 02.57 02.35 02.10 02.10 02.06 02.21 -1.00 -1.00 -1.00 -1.00 -1.00 -1.00 -1.00 -1.00 -1.00 -1.00 -1.00 -1.00 -1.00 -1.00 -1.00 -1.00 -1.00 -1.00 -1.00 -1.00 -1.00 -1.00 -1.00 -1.00 -1.00 -1.00
02.36 02.30 01.79 01.77 01.74 01.77 01.94 01.91 01.79 01.74 01.71 01.24 00.51 01.07 01.11 01.14 00.39 01.00 01.26 01.40 01.06 01.21 01.47 01.68 01.81 01.79 01.67 01.38 00.39 00.47 00.51 00.61 00.50 01.47 02.20 02.37 02.84 03.12 02.78 02.84 02.90 03.00 02.72 02.69 02.54 02.40 02.24 02.23 02.27 -1.00 -1.00 -1.00 -1.00 -1.00 -1.00 -1.00 -1.00 -1.00 -1.00 -1.00 -1.00 -1.00 -1.00 -1.00 -1.00 -1.00 -1.00 -1.00 -1.00 -1.00 -1.00 -1.00 -1.00 -1.00 -1.00 -1.00 -1.00
02.64 02.44 02.25 01.85 01.84 01.82 01.81 02.00 02.00 01.79 01.76 01.53 01.45 01.39 01.34 01.29 01.39 01.46 01.61 01.91 01.69 01.00 00.81 01.38 01.48 01.44 01.39 00.80 00.98 01.17 00.46 00.48 00.49 00.65 00.84 01.81 02.75 02.76 02.73 02.76 02.85 02.77 02.57 02.47 02.29 02.24 02.28 02.40 02.45 -1.00 -1.00 -1.00 -1.00 -1.00 -1.00 -1.00 -1.00 -1.00 -1.00 -1.00 -1.00 -1.00 -1.00 -1.00 -1.00 -1.00 -1.00 -1.00 -1.00 -1.00 -1.00 -1.00 -1.00 -1.00 -1.00 -1.00 -1.00
02.75 02.68 02.67 02.13 01.93 01.91 01.83 01.86 02.03 01.73 01.75 01.64 01.57 01.58 01.62 01.65 01.58 01.61 01.75 02.09 01.82 01.81 01.25 00.94 00.55 00.78 00.99 01.26 01.42 01.47 02.12 01.71 02.21 02.42 01.78 02.33 02.81 02.58 02.82 02.79 02.80 02.59 02.53 02.43 02.44 02.46 02.43 02.38 02.28 02.00 02.02 02.10 02.10 02.20 02.42 -1.00 -1.00 -1.00 -1.00 -1.00 -1.00 -1.00 -1.00 -1.00 -1.00 -1.00 -1.00 -1.00 -1.00 -1.00 -1.00 -1.00 -1.00 -1.00 -1.00 -1.00 -1.00
02.73 02.52 02.03 02.65 02.33 01.97 01.94 01.74 01.88 01.79 01.78 01.69 01.67 01.63 01.58 01.50 01.45 01.59 01.87 02.38 01.71 01.77 01.81 01.54 01.29 01.39 01.52 01.66 01.95 02.34 02.43 02.45 02.61 03.02 02.61 02.81 02.65 02.77 02.88 02.69 02.63 02.59 02.56 02.59 02.63 02.70 02.64 02.51 02.71 03.13 03.67 04.00 04.04 03.94 03.16 03.36 02.64 -1.00 -1.00 -1.00 -1.00 -1.00 -1.00 -1.00 -1.00 -1.00 -1.00 -1.00 -1.00 -1.00 -1.00 -1.00 -1.00 -1.00 -1.00 -1.00 -1.00
02.39 02.35 01.88 02.42 02.32 02.09 01.99 01.86 01.73 01.54 01.84 01.83 01.80 01.76 01.51 01.38 01.57 01.67 01.92 02.31 02.56 01.73 01.73 01.78 01.74 01.79 01.81 01.86 01.88 01.95 02.21 02.71 02.53 02.33 02.53 02.60 02.69 02.82 02.78 02.51 02.55 02.62 02.61 02.70 02.77 02.84 02.81 02.66 02.62 03.10 03.37 03.93 04.11 03.95 03.50 03.68 04.03 03.25 03.53 -1.00 -1.00 -1.00 -1.00 -1.00 -1.00 -1.00 -1.00 -1.00 -1.00 -1.00 -1.00 -1.00 -1.00 -1.00 -1.00 -1.00 -1.00
01.91 01.88 01.80 02.09 02.00 02.26 02.06 01.95 01.80 01.73 01.96 01.91 01.85 02.04 02.09 01.44 01.48 01.67 01.85 02.18 02.40 02.59 01.83 01.89 01.86 01.95 02.12 02.19 02.17 02.34 02.48 02.48 02.30 02.39 02.72 02.75 02.79 02.74 02.63 02.51 02.62 02.72 02.69 02.72 02.78 02.85 02.81 02.64 02.55 02.72 03.55 03.82 04.07 03.97 03.95 04.11 04.12 03.75 03.78 -1.00 -1.00 -1.00 -1.00 -1.00 -1.00 -1.00 -1.00 -1.00 -1.00 -1.00 -1.00 -1.00 -1.00 -1.00 -1.00 -1.00 -1.00
01.77 01.71 01.78 01.88 02.26 02.34 02.18 02.17 02.18 01.88 02.17 02.04 02.13 02.12 02.12 02.01 01.64 01.65 01.92 02.07 02.22 02.50 02.02 01.94 02.07 02.14 02.15 02.21 02.23 02.24 02.23 02.27 02.39 02.64 02.69 02.70 02.69 02.58 02.48 02.41 02.73 02.81 02.76 02.74 02.80 02.81 02.79 02.61 02.52 02.68 03.29 03.01 03.58 03.80 03.95 03.46 03.34 03.25 -1.00 -1.00 -1.00 -1.00 -1.00 -1.00 -1.00 -1.00 -1.00 -1.00 -1.00 -1.00 -1.00 -1.00 -1.00 -1.00 -1.00 -1.00 -1.00
01.87 01.73 01.78 01.81 01.96 02.47 02.55 02.59 02.67 02.52 02.13 02.12 02.13 02.14 01.81 01.60 01.58 01.60 01.79 01.96 02.23 02.50 02.19 02.07 02.02 02.14 02.17 02.17 02.24 02.42 02.58 02.60 02.61 02.61 02.63 02.65 02.47 02.43 02.32 02.64 02.69 02.83 02.80 02.73 02.79 02.82 02.73 02.55 02.39 02.49 02.29 02.94 03.39 03.63 03.57 03.19 03.15 03.11 -1.00 -1.00 -1.00 -1.00 -1.00 -1.00 -1.00 -1.00 -1.00 -1.00 -1.00 -1.00 -1.00 -1.00 -1.00 -1.00 -1.00 -1.00 -1.00
01.91 01.95 01.85 01.92 02.00 02.34 02.49 02.49 02.78 02.47 02.10 01.89 02.08 02.00 01.85 01.76 01.82 01.72 01.91 02.03 02.37 02.76 02.98 02.19 02.06 02.15 02.16 02.29 02.44 02.48 02.53 02.55 02.55 02.59 02.61 02.42 02.36 02.27 02.53 02.75 02.90 02.84 02.76 02.74 02.79 02.94 02.70 02.50 02.29 02.06 02.07 03.84 02.83 03.42 03.35 03.18 -1.00 -1.00 -1.00 -1.00 -1.00 -1.00 -1.00 -1.00 -1.00 -1.00 -1.00 -1.00 -1.00 -1.00 -1.00 -1.00 -1.00 -1.00 -1.00 -1.00 -1.00
01.79 01.91 01.93 01.96 02.14 02.35 02.63 02.68 02.34 02.39 01.96 01.57 01.70 01.77 01.67 01.53 01.62 01.86 01.99 02.36 02.73 03.23 03.02 02.70 02.04 02.30 02.39 02.46 02.51 02.43 02.36 02.35 02.41 02.15 02.26 02.22 02.29 02.39 02.75 02.90 02.98 02.90 02.73 02.81 03.05 02.99 02.61 02.59 02.46 02.32 02.31 02.97 02.54 02.78 03.03 -1.00 -1.00 -1.00 -1.00 -1.00 -1.00 -1.00 -1.00 -1.00 -1.00 -1.00 -1.00 -1.00 -1.00 -1.00 -1.00 -1.00 -1.00 -1.00 -1.00 -1.00 -1.00
01.76 01.90 01.88 01.95 02.08 02.30 02.92 02.22 02.45 02.46 01.87 01.64 01.46 01.50 01.70 01.82 01.95 02.12 02.22 02.50 03.13 03.41 02.68 02.51 02.13 02.32 02.40 02.34 02.29 02.19 02.08 02.01 02.07 02.29 02.36 02.37 02.38 02.76 02.81 03.02 03.01 02.80 02.81 02.94 02.99 02.68 02.53 02.64 02.78 02.35 02.39 02.11 02.80 -1.00 -1.00 -1.00 -1.00 -1.00 -1.00 -1.00 -1.00 -1.00 -1.00 -1.00 -1.00 -1.00 -1.00 -1.00 -1.00 -1.00 -1.00 -1.00 -1.00 -1.00 -1.00 -1.00 -1.00
01.77 01.90 01.93 02.01 02.08 02.34 02.62 01.89 02.26 02.36 02.32 02.02 01.94 01.72 01.73 01.88 02.15 02.25 02.56 03.10 03.17 02.83 02.61 02.44 02.10 02.11 02.11 02.09 02.08 02.15 02.27 02.36 02.44 02.45 02.50 02.61 02.65 02.75 02.96 03.02 02.89 02.89 02.91 02.82 02.66 02.52 02.79 02.97 03.02 02.48 02.25 02.24 02.43 03.33 -1.00 -1.00 -1.00 -1.00 -1.00 -1.00 -1.00 -1.00 -1.00 -1.00 -1.00 -1.00 -1.00 -1.00 -1.00 -1.00 -1.00 -1.00 -1.00 -1.00 -1.00 -1.00 -1.00
01.76 01.78 01.93 02.03 02.21 02.25 02.49 01.72 02.16 02.29 02.01 01.99 02.02 02.15 02.06 02.04 02.22 02.39 02.85 03.07 02.83 02.50 02.45 02.44 02.21 01.98 02.06 02.19 02.30 02.35 02.38 02.43 02.51 02.54 02.49 02.49 02.53 02.59 02.74 02.86 02.89 02.88 02.74 02.73 02.62 02.74 03.21 03.20 03.06 02.37 02.55 02.30 02.43 02.76 -1.00 -1.00 -1.00 -1.00 -1.00 -1.00 -1.00 -1.00 -1.00 -1.00 -1.00 -1.00 -1.00 -1.00 -1.00 -1.00 -1.00 -1.00 -1.00 -1.00 -1.00 -1.00 -1.00
01.95 01.76 01.95 02.02 02.24 02.42 02.55 01.70 01.74 01.72 02.41 02.04 01.99 02.34 02.34 02.21 02.24 02.55 02.82 02.81 02.54 02.49 02.35 02.33 02.33 01.99 02.09 02.21 02.31 02.31 02.33 02.36 02.40 02.43 02.45 02.44 02.45 02.49 02.57 02.70 02.78 02.84 02.83 02.59 03.01 02.86 03.00 02.93 02.88 02.08 02.38 02.45 02.32 02.45 -1.00 -1.00 -1.00 -1.00 -1.00 -1.00 -1.00 -1.00 -1.00 -1.00 -1.00 -1.00 -1.00 -1.00 -1.00 -1.00 -1.00 -1.00 -1.00 -1.00 -1.00 -1.00 -1.00
01.91 01.77 01.78 01.98 02.20 02.24 02.60 01.94 01.77 01.79 02.04 02.41 02.18 02.30 02.45 02.59 02.53 02.31 02.40 02.35 02.27 02.29 02.24 02.27 02.49 02.53 02.25 02.31 02.37 02.34 02.29 02.33 02.36 02.37 02.39 02.52 02.52 02.52 02.45 02.45 02.69 02.89 02.75 02.48 02.54 02.60 02.23 02.15 01.87 02.04 02.04 02.45 02.53 02.44 -1.00 -1.00 -1.00 -1.00 -1.00 -1.00 -1.00 -1.00 -1.00 -1.00 -1.00 -1.00 -1.00 -1.00 -1.00 -1.00 -1.00 -1.00 -1.00 -1.00 -1.00 -1.00 -1.00
02.01 01.98 01.78 01.81 02.00 02.05 02.22 01.88 01.78 01.82 01.90 02.06 02.44 02.60 02.78 03.25 02.84 02.13 02.07 02.07 02.12 02.16 02.38 02.52 02.55 02.69 02.41 02.33 02.32 02.34 02.37 02.41 02.45 02.47 02.48 02.48 02.49 02.51 02.31 01.90 02.14 02.39 02.28 02.29 02.46 02.79 02.90 02.19 02.05 02.01 02.16 02.34 02.60 02.45 -1.00 -1.00 -1.00 -1.00 -1.00 -1.00 -1.00 -1.00 -1.00 -1.00 -1.00 -1.00 -1.00 -1.00 -1.00 -1.00 -1.00 -1.00 -1.00 -1.00 -1.00 -1.00 -1.00
02.08 02.22 02.13 01.80 01.85 01.82 01.77 01.90 01.78 01.85 01.94 02.02 02.48 02.69 03.01 03.15 02.92 02.71 02.14 02.17 02.21 02.30 02.45 02.50 02.59 02.65 02.65 02.23 02.18 02.22 02.42 02.50 02.51 02.52 02.50 02.46 02.34 02.33 02.35 01.75 01.99 02.22 02.40 02.06 02.33 02.59 02.11 02.08 02.06 02.08 02.23 02.51 02.66 02.34 -1.00 -1.00 -1.00 -1.00 -1.00 -1.00 -1.00 -1.00 -1.00 -1.00 -1.00 -1.00 -1.00 -1.00 -1.00 -1.00 -1.00 -1.00 -1.00 -1.00 -1.00 -1.00 -1.00
02.07 02.35 02.33 02.27 02.07 01.85 01.79 01.90 01.97 01.89 01.99 02.11 02.14 02.68 03.19 02.98 02.85 02.77 02.33 02.22 02.26 02.34 02.46 02.49 02.52 02.56 02.62 02.53 02.37 02.05 01.96 02.52 02.78 02.76 03.00 02.82 02.60 02.55 02.69 01.75 01.57 01.96 01.95 01.99 02.06 01.99 02.00 02.01 02.03 02.15 02.47 02.75 02.80 -1.00 -1.00 -1.00 -1.00 -1.00 -1.00 -1.00 -1.00 -1.00 -1.00 -1.00 -1.00 -1.00 -1.00 -1.00 -1.00 -1.00 -1.00 -1.00 -1.00 -1.00 -1.00 -1.00 -1.00
02.15 02.69 02.66 02.77 02.23 01.91 01.71 01.79 02.00 01.95 02.00 02.09 02.27 02.48 02.67 02.79 02.69 02.61 02.65 02.92 02.64 02.36 02.30 02.37 02.38 02.47 02.57 02.67 02.79 02.37 01.74 01.86 02.44 03.01 02.91 03.38 03.39 02.84 02.61 01.71 01.65 01.67 01.74 01.80 01.86 01.85 01.87 01.88 02.04 02.48 02.74 02.59 -1.00 -1.00 -1.00 -1.00 -1.00 -1.00 -1.00 -1.00 -1.00 -1.00 -1.00 -1.00 -1.00 -1.00 -1.00 -1.00 -1.00 -1.00 -1.00 -1.00 -1.00 -1.00 -1.00 -1.00 -1.00
02.17 02.28 03.00 03.00 03.04 01.81 01.69 01.78 01.97 02.10 02.02 02.08 02.27 02.50 02.68 02.79 02.72 02.78 02.85 03.03 03.12 02.91 02.85 02.37 02.74 02.75 02.05 02.21 02.31 02.25 01.68 01.78 01.97 02.14 02.97 03.63 03.14 02.77 02.54 01.82 01.62 01.60 01.70 01.73 01.72 01.75 01.86 02.26 02.78 02.83 02.85 02.67 -1.00 -1.00 -1.00 -1.00 -1.00 -1.00 -1.00 -1.00 -1.00 -1.00 -1.00 -1.00 -1.00 -1.00 -1.00 -1.00 -1.00 -1.00 -1.00 -1.00 -1.00 -1.00 -1.00 -1.00 -1.00
02.21 02.33 02.65 03.32 03.19 01.77 01.69 01.78 01.99 02.12 02.23 02.24 02.13 02.30 02.57 02.70 02.76 02.97 03.10 03.07 03.09 02.89 02.95 02.98 02.78 02.00 01.83 02.04 02.27 02.52 02.71 01.73 01.88 02.08 02.33 02.54 02.73 02.69 02.47 02.23 01.71 01.68 01.66 01.67 01.81 01.94 02.16 02.59 02.90 02.98 02.68 02.38 -1.00 -1.00 -1.00 -1.00 -1.00 -1.00 -1.00 -1.00 -1.00 -1.00 -1.00 -1.00 -1.00 -1.00 -1.00 -1.00 -1.00 -1.00 -1.00 -1.00 -1.00 -1.00 -1.00 -1.00 -1.00
-1.00 02.31 02.42 02.34 03.33 01.76 01.80 01.73 02.01 02.14 02.19 02.32 02.41 02.36 02.25 02.61 02.88 03.17 03.34 03.17 03.02 02.88 02.86 02.20 02.23 02.29 02.18 02.50 02.88 02.99 03.10 03.11 01.79 01.91 02.05 02.39 02.35 02.32 02.13 01.84 01.91 01.76 01.62 01.66 01.84 02.15 02.49 02.79 03.01 02.48 02.51 -1.00 -1.00 -1.00 -1.00 -1.00 -1.00 -1.00 -1.00 -1.00 -1.00 -1.00 -1.00 -1.00 -1.00 -1.00 -1.00 -1.00 -1.00 -1.00 -1.00 -1.00 -1.00 -1.00 -1.00 -1.00 -1.00
-1.00 -1.00 02.40 02.37 02.33 01.83 01.88 01.72 01.93 02.16 02.20 02.19 02.33 02.48 02.58 02.64 02.86 03.23 03.46 03.18 03.01 02.69 02.20 02.39 02.58 02.72 02.88 02.99 03.08 03.19 03.32 03.45 03.42 03.29 03.18 03.06 02.03 02.94 02.74 02.60 02.23 01.89 01.77 01.64 01.82 01.95 02.18 02.24 02.26 02.19 -1.00 -1.00 -1.00 -1.00 -1.00 -1.00 -1.00 -1.00 -1.00 -1.00 -1.00 -1.00 -1.00 -1.00 -1.00 -1.00 -1.00 -1.00 -1.00 -1.00 -1.00 -1.00 -1.00 -1.00 -1.00 -1.00 -1.00
-1.00 -1.00 -1.00 -1.00 -1.00 01.92 01.89 01.92 01.73 01.83 02.24 02.25 02.26 02.41 02.56 02.75 03.16 03.42 03.47 03.13 02.99 02.52 02.58 02.73 02.85 02.98 03.08 03.18 03.29 03.38 03.45 03.47 03.49 03.40 03.26 03.18 03.40 03.06 02.89 02.75 01.97 01.85 02.05 -1.00 -1.00 -1.00 -1.00 -1.00 -1.00 -1.00 -1.00 -1.00 -1.00 -1.00 -1.00 -1.00 -1.00 -1.00 -1.00 -1.00 -1.00 -1.00 -1.00 -1.00 -1.00 -1.00 -1.00 -1.00 -1.00 -1.00 -1.00 -1.00 -1.00 -1.00 -1.00 -1.00 -1.00
-1.00 -1.00 -1.00 -1.00 -1.00 -1.00 01.76 01.85 01.91 01.73 01.85 02.27 02.35 02.50 02.68 02.98 03.32 03.45 03.64 03.34 03.12 03.07 03.09 03.13 03.13 03.22 03.32 03.39 03.42 03.40 03.35 03.36 03.40 03.29 03.07 03.04 03.16 03.11 02.93 02.92 02.14 01.90 -1.00 -1.00 -1.00 -1.00 -1.00 -1.00 -1.00 -1.00 -1.00 -1.00 -1.00 -1.00 -1.00 -1.00 -1.00 -1.00 -1.00 -1.00 -1.00 -1.00 -1.00 -1.00 -1.00 -1.00 -1.00 -1.00 -1.00 -1.00 -1.00 -1.00 -1.00 -1.00 -1.00 -1.00 -1.00
-1.00 -1.00 -1.00 -1.00 -1.00 -1.00 01.79 02.04 02.12 01.99 01.74 01.89 02.28 02.51 02.78 02.99 03.20 03.43 03.62 03.69 03.56 03.43 03.59 03.61 03.54 03.51 03.56 03.62 03.62 03.52 03.34 03.23 03.29 03.15 02.87 02.98 03.11 03.06 03.08 03.10 02.82 02.18 02.13 02.04 02.00 02.00 02.02 02.16 -1.00 -1.00 -1.00 -1.00 -1.00 -1.00 -1.00 -1.00 -1.00 -1.00 -1.00 -1.00 -1.00 -1.00 -1.00 -1.00 -1.00 -1.00 -1.00 -1.00 -1.00 -1.00 -1.00 -1.00 -1.00 -1.00 -1.00 -1.00 -1.00
-1.00 -1.00 -1.00 -1.00 -1.00 -1.00 01.80 01.98 02.26 02.17 02.07 01.76 01.97 02.09 02.36 02.50 02.61 02.86 03.05 03.20 03.24 03.22 03.33 03.38 03.39 03.43 03.49 03.54 03.55 03.44 03.23 03.15 03.13 02.93 02.89 02.99 03.08 03.09 03.23 03.26 03.32 03.14 02.70 02.63 02.62 02.38 02.38 02.40 02.45 02.39 -1.00 -1.00 -1.00 -1.00 -1.00 -1.00 -1.00 -1.00 -1.00 -1.00 -1.00 -1.00 -1.00 -1.00 -1.00 -1.00 -1.00 -1.00 -1.00 -1.00 -1.00 -1.00 -1.00 -1.00 -1.00 -1.00 -1.00
