data/trial4/ashley.fli
NCOLS 382
NROWS 266
XLLCORNER 157819.328125
YLLCORNER 384678.625000
CELLSIZE 30.000000
NODATA_VALUE -1
[rows 156 to 181 of 266, columns 240 to 299 of 382]
00018.356 00038.504 00026.611 00025.343 00036.060 00035.843 00031.811 00032.707 00043.210 00053.832 00053.506 00042.952 00041.228 00036.394 00035.817 00035.821 00025.299 00028.241 00031.789 00034.867 00035.003 00035.710 00036.789 00037.930 00039.062 00039.857 00039.444 00039.641 00041.067 00044.218 00049.076 00052.403 00054.750 00054.602 00044.758 00062.132 00055.752 00061.576 00058.859 00056.566 00028.004 00037.449 00039.944 00035.360 00039.938 -0001.000 -0001.000 -0001.000 -0001.000 -0001.000 -0001.000 -0001.000 -0001.000 -0001.000 -0001.000 -0001.000 -0001.000 -0001.000 -0001.000 -0001.000
00020.069 00026.759 00038.407 00030.774 00034.770 00039.900 00044.865 00042.823 00034.838 00037.950 00036.282 00033.708 00034.341 00032.746 00033.554 00041.345 00042.587 00032.973 00035.140 00037.060 00035.872 00034.266 00035.499 00036.506 00036.903 00037.548 00042.261 00042.435 00042.238 00039.767 00039.835 00048.678 00056.984 00051.265 00040.811 00043.056 00045.205 00032.405 00030.016 00022.178 00026.822 00026.716 00039.818 00042.487 00039.282 -0001.000 -0001.000 -0001.000 -0001.000 -0001.000 -0001.000 -0001.000 -0001.000 -0001.000 -0001.000 -0001.000 -0001.000 -0001.000 -0001.000 -0001.000
00020.866 00022.821 00027.283 00039.564 00045.384 00052.268 00073.623 00054.959 00029.448 00027.476 00027.654 00029.088 00030.325 00037.209 00042.334 00043.557 00048.791 00038.281 00035.516 00035.341 00036.134 00037.124 00038.327 00039.725 00040.464 00040.922 00041.014 00041.183 00041.930 00034.921 00022.886 00029.664 00037.742 00033.998 00034.247 00040.239 00052.803 00057.360 00031.242 00026.948 00025.890 00030.280 00036.067 00045.285 00039.758 -0001.000 -0001.000 -0001.000 -0001.000 -0001.000 -0001.000 -0001.000 -0001.000 -0001.000 -0001.000 -0001.000 -0001.000 -0001.000 -0001.000 -0001.000
00021.513 00023.855 00026.197 00040.795 00048.786 00062.015 00068.476 00058.127 00049.435 00029.677 00030.613 00031.724 00034.809 00039.741 00041.392 00044.854 00047.207 00046.992 00032.523 00030.784 00032.001 00038.563 00041.629 00041.847 00042.177 00041.555 00040.195 00036.141 00035.621 00036.179 00019.139 00025.348 00032.042 00037.922 00027.295 00035.584 00044.869 00028.867 00027.722 00027.265 00027.893 00032.426 00041.977 00047.520 00036.070 -0001.000 -0001.000 -0001.000 -0001.000 -0001.000 -0001.000 -0001.000 -0001.000 -0001.000 -0001.000 -0001.000 -0001.000 -0001.000 -0001.000 -0001.000
00022.596 00025.257 00028.771 00029.778 00048.233 00070.531 00060.732 00055.332 00051.835 00035.631 00031.985 00033.325 00035.873 00040.102 00041.138 00042.148 00043.861 00045.842 00042.689 00036.872 00027.122 00024.380 00042.388 00052.417 00051.494 00061.734 00053.985 00045.152 00043.510 00048.773 00019.147 00015.177 00024.424 00024.235 00025.185 00027.322 00025.381 00025.718 00025.891 00026.297 00029.806 00040.455 00051.083 00053.057 -0001.000 -0001.000 -0001.000 -0001.000 -0001.000 -0001.000 -0001.000 -0001.000 -0001.000 -0001.000 -0001.000 -0001.000 -0001.000 -0001.000 -0001.000 -0001.000
00024.341 00025.692 00028.044 00033.831 00040.801 00048.024 00052.866 00048.853 00045.662 00047.169 00058.148 00046.894 00036.803 00034.516 00037.150 00037.502 00040.569 00044.172 00048.044 00052.669 00036.959 00018.996 00021.822 00039.506 00062.242 00058.027 00080.079 00080.806 00055.020 00045.607 00018.133 00016.846 00017.294 00018.932 00020.459 00021.898 00021.532 00022.021 00022.322 00026.644 00040.997 00050.639 00044.947 -0001.000 -0001.000 -0001.000 -0001.000 -0001.000 -0001.000 -0001.000 -0001.000 -0001.000 -0001.000 -0001.000 -0001.000 -0001.000 -0001.000 -0001.000 -0001.000 -0001.000
00028.498 00026.106 00027.813 00033.584 00041.626 00048.536 00052.964 00049.899 00052.175 00055.262 00062.931 00067.314 00057.607 00055.122 00037.136 00050.903 00051.178 00027.083 00031.749 00034.984 00033.195 00017.484 00019.899 00024.717 00029.666 00060.229 00093.759 00068.301 00051.849 00043.010 00020.942 00016.129 00015.798 00017.957 00018.571 00018.529 00019.093 00021.860 00033.373 00052.374 00054.461 00055.439 00047.856 -0001.000 -0001.000 -0001.000 -0001.000 -0001.000 -0001.000 -0001.000 -0001.000 -0001.000 -0001.000 -0001.000 -0001.000 -0001.000 -0001.000 -0001.000 -0001.000 -0001.000
00028.962 00032.277 00032.660 00029.292 00034.586 00044.252 00049.272 00051.362 00060.233 00066.292 00064.875 00066.039 00057.136 00059.629 00060.799 00052.166 00025.681 00021.006 00026.644 00033.621 00042.254 00049.485 00018.658 00022.460 00027.865 00035.830 00043.059 00050.445 00048.900 00040.661 00032.423 00018.234 00017.514 00016.985 00017.345 00020.537 00024.045 00030.158 00045.021 00057.570 00061.046 00048.337 00037.453 -0001.000 -0001.000 -0001.000 -0001.000 -0001.000 -0001.000 -0001.000 -0001.000 -0001.000 -0001.000 -0001.000 -0001.000 -0001.000 -0001.000 -0001.000 -0001.000 -0001.000
00029.747 00031.191 00035.460 00038.465 00036.652 00032.972 00045.561 00056.479 00069.565 00078.196 00069.429 00062.787 00056.708 00055.630 00031.334 00032.561 00034.459 00030.998 00041.562 00056.711 00061.112 00066.286 00066.835 00020.103 00023.241 00026.871 00037.728 00036.308 00035.488 00029.317 00021.349 00023.249 00019.463 00016.203 00017.099 00021.444 00029.884 00041.367 00052.701 00062.129 00040.828 00041.775 -0001.000 -0001.000 -0001.000 -0001.000 -0001.000 -0001.000 -0001.000 -0001.000 -0001.000 -0001.000 -0001.000 -0001.000 -0001.000 -0001.000 -0001.000 -0001.000 -0001.000 -0001.000
00030.373 00031.464 00031.296 00035.751 00040.689 00044.484 00046.875 00055.525 00072.518 00084.446 00069.899 00062.055 00048.704 00031.369 00037.532 00044.349 00049.739 00056.591 00061.221 00065.421 00070.637 00077.152 00083.816 00082.401 00075.425 00069.980 00064.340 00026.471 00058.961 00050.612 00045.447 00032.317 00022.591 00019.656 00016.575 00020.868 00024.281 00030.864 00032.830 00033.458 00031.317 -0001.000 -0001.000 -0001.000 -0001.000 -0001.000 -0001.000 -0001.000 -0001.000 -0001.000 -0001.000 -0001.000 -0001.000 -0001.000 -0001.000 -0001.000 -0001.000 -0001.000 -0001.000 -0001.000
00021.049 00032.792 00033.214 00033.338 00038.377 00043.711 00050.973 00069.166 00082.301 00084.971 00067.659 00061.541 00042.259 00044.454 00050.360 00055.437 00060.801 00065.241 00070.232 00075.288 00080.240 00083.575 00084.794 00085.998 00081.082 00073.833 00069.903 00081.174 00064.665 00056.925 00051.333 00024.878 00021.692 00026.969 -0001.000 -0001.000 -0001.000 -0001.000 -0001.000 -0001.000 -0001.000 -0001.000 -0001.000 -0001.000 -0001.000 -0001.000 -0001.000 -0001.000 -0001.000 -0001.000 -0001.000 -0001.000 -0001.000 -0001.000 -0001.000 -0001.000 -0001.000 -0001.000 -0001.000 -0001.000
00018.621 00021.701 00033.633 00036.261 00041.544 00048.332 00060.807 00076.845 00083.701 00094.042 00077.880 00067.319 00065.055 00066.011 00067.718 00067.566 00072.152 00076.910 00080.799 00082.270 00080.861 00078.675 00078.813 00080.958 00075.492 00065.043 00063.652 00069.148 00066.691 00058.695 00058.366 00029.498 00022.989 -0001.000 -0001.000 -0001.000 -0001.000 -0001.000 -0001.000 -0001.000 -0001.000 -0001.000 -0001.000 -0001.000 -0001.000 -0001.000 -0001.000 -0001.000 -0001.000 -0001.000 -0001.000 -0001.000 -0001.000 -0001.000 -0001.000 -0001.000 -0001.000 -0001.000 -0001.000 -0001.000
00025.303 00018.899 00022.659 00034.039 00042.092 00052.188 00061.366 00071.020 00082.822 00093.156 00097.047 00089.780 00082.843 00091.239 00092.660 00088.598 00087.074 00089.790 00092.713 00093.107 00087.361 00077.940 00072.561 00075.353 00068.795 00056.268 00060.988 00066.788 00064.335 00065.303 00066.478 00053.879 00030.880 00029.399 00026.693 00025.696 00025.538 00026.213 00030.248 -0001.000 -0001.000 -0001.000 -0001.000 -0001.000 -0001.000 -0001.000 -0001.000 -0001.000 -0001.000 -0001.000 -0001.000 -0001.000 -0001.000 -0001.000 -0001.000 -0001.000 -0001.000 -0001.000 -0001.000 -0001.000
00030.690 00027.719 00019.477 00024.777 00028.112 00036.834 00041.510 00045.505 00055.822 00064.098 00070.936 00072.912 00072.081 00077.595 00080.075 00080.516 00082.809 00085.858 00088.800 00089.063 00083.042 00072.553 00068.519 00067.597 00058.809 00056.756 00061.176 00065.318 00065.823 00072.651 00074.050 00076.911 00068.220 00049.224 00046.515 00046.191 00037.435 00037.355 00038.139 00039.643 00037.695 -0001.000 -0001.000 -0001.000 -0001.000 -0001.000 -0001.000 -0001.000 -0001.000 -0001.000 -0001.000 -0001.000 -0001.000 -0001.000 -0001.000 -0001.000 -0001.000 -0001.000 -0001.000 -0001.000
00036.958 00033.744 00023.247 00020.495 00025.265 00024.641 00035.316 00036.273 00037.272 00034.478 00033.632 00035.742 00038.662 00041.313 00045.563 00049.826 00053.057 00057.787 00063.908 00064.237 00061.212 00063.605 00062.595 00058.778 00056.786 00057.953 00061.806 00064.264 00067.059 00079.546 00080.796 00079.903 00076.261 00071.418 00067.874 00066.396 00062.988 00057.713 00052.061 00047.449 00044.543 00047.172 -0001.000 -0001.000 -0001.000 -0001.000 -0001.000 -0001.000 -0001.000 -0001.000 -0001.000 -0001.000 -0001.000 -0001.000 -0001.000 -0001.000 -0001.000 -0001.000 -0001.000 -0001.000
00034.330 00041.994 00024.658 00018.987 00019.524 00018.809 00021.167 00025.786 00028.726 00030.519 00031.074 00031.796 00032.474 00032.900 00031.316 00033.982 00036.366 00041.748 00045.012 00048.433 00051.399 00053.106 00052.808 00054.335 00055.792 00059.540 00060.929 00062.302 00069.330 00078.352 00081.947 00081.632 00078.747 00075.437 00072.182 00070.863 00067.550 00065.073 00066.191 00059.355 00054.284 00049.362 00061.295 -0001.000 -0001.000 -0001.000 -0001.000 -0001.000 -0001.000 -0001.000 -0001.000 -0001.000 -0001.000 -0001.000 -0001.000 -0001.000 -0001.000 -0001.000 -0001.000 -0001.000
00035.142 00039.550 00018.014 00019.971 00014.476 00016.804 00017.500 00021.651 00026.759 00028.060 00029.800 00030.389 00030.544 00029.976 00029.165 00026.649 00025.981 00028.501 00031.495 00035.388 00038.306 00042.275 00046.991 00048.052 00052.104 00054.777 00057.247 00060.707 00072.741 00076.999 00079.909 00077.597 00078.713 00077.338 00076.818 00075.054 00068.577 00066.257 00065.223 00062.574 00058.535 00055.117 00061.389 -0001.000 -0001.000 -0001.000 -0001.000 -0001.000 -0001.000 -0001.000 -0001.000 -0001.000 -0001.000 -0001.000 -0001.000 -0001.000 -0001.000 -0001.000 -0001.000 -0001.000
00023.461 00018.742 00019.276 00022.252 00025.766 00015.516 00016.770 00018.935 00020.459 00023.135 00025.781 00027.956 00028.999 00029.870 00030.037 00028.382 00027.383 00021.328 00022.179 00023.743 00023.864 00024.387 00029.221 00038.348 00047.742 00050.939 00056.238 00069.317 00073.654 00075.924 00076.107 00075.682 00072.697 00071.969 00073.992 00073.288 00069.246 00066.844 00063.358 00062.073 00063.714 00058.111 00058.739 -0001.000 -0001.000 -0001.000 -0001.000 -0001.000 -0001.000 -0001.000 -0001.000 -0001.000 -0001.000 -0001.000 -0001.000 -0001.000 -0001.000 -0001.000 -0001.000 -0001.000
-0001.000 00016.839 00019.883 00024.508 00027.062 00028.412 00024.656 00018.271 00019.870 00021.395 00023.868 00026.242 00027.177 00027.762 00028.127 00028.359 00028.532 00034.727 00033.060 00029.340 00026.777 00026.078 00028.114 00033.534 00041.984 00052.459 00064.567 00070.006 00071.910 00072.695 00071.620 00069.561 00065.369 00066.971 00066.839 00063.285 00062.546 00062.271 00054.996 00054.215 00055.201 00052.237 -0001.000 -0001.000 -0001.000 -0001.000 -0001.000 -0001.000 -0001.000 -0001.000 -0001.000 -0001.000 -0001.000 -0001.000 -0001.000 -0001.000 -0001.000 -0001.000 -0001.000 -0001.000
-0001.000 00016.908 00020.099 00026.291 00029.152 00027.633 00033.722 00036.782 00034.313 00029.758 00025.439 00029.996 00035.254 00041.117 00042.313 00042.714 00043.456 00043.635 00042.983 00040.951 00040.925 00025.709 00024.915 00027.124 00034.396 00050.354 00064.437 00065.475 00065.731 00065.841 00065.385 00063.437 00062.912 00061.560 00057.323 00055.962 00055.689 00044.996 00044.759 00045.228 00045.614 -0001.000 -0001.000 -0001.000 -0001.000 -0001.000 -0001.000 -0001.000 -0001.000 -0001.000 -0001.000 -0001.000 -0001.000 -0001.000 -0001.000 -0001.000 -0001.000 -0001.000 -0001.000 -0001.000
-0001.000 -0001.000 00021.964 00026.166 00030.538 00032.853 00030.937 00037.949 00044.057 00045.274 00045.675 00046.556 00049.030 00051.290 00049.023 00047.338 00045.940 00043.288 00041.615 00039.879 00037.686 00036.761 00038.081 00021.518 00021.899 00040.075 00046.768 00055.053 00053.778 00053.550 00059.214 00060.057 00057.740 00053.782 00052.649 00052.162 00040.295 00035.622 00035.467 00036.018 -0001.000 -0001.000 -0001.000 -0001.000 -0001.000 -0001.000 -0001.000 -0001.000 -0001.000 -0001.000 -0001.000 -0001.000 -0001.000 -0001.000 -0001.000 -0001.000 -0001.000 -0001.000 -0001.000 -0001.000
-0001.000 -0001.000 00023.656 00026.378 00031.858 00034.190 00034.452 00034.278 00042.165 00048.626 00051.800 00052.322 00053.512 00055.548 00056.738 00054.630 00051.073 00046.946 00045.626 00045.212 00045.198 00045.342 00044.520 00038.944 00020.387 00019.165 00022.688 00028.900 00037.359 00047.044 00050.084 00048.947 00043.703 00044.693 00043.782 00039.368 00037.495 00033.698 -0001.000 -0001.000 -0001.000 -0001.000 -0001.000 -0001.000 -0001.000 -0001.000 -0001.000 -0001.000 -0001.000 -0001.000 -0001.000 -0001.000 -0001.000 -0001.000 -0001.000 -0001.000 -0001.000 -0001.000 -0001.000 -0001.000
-0001.000 -0001.000 -0001.000 00027.087 00031.225 00034.501 00036.204 00035.496 00038.880 00050.460 00055.906 00059.910 00062.203 00063.703 00063.085 00059.820 00060.181 00061.020 00057.755 00056.906 00059.016 00060.450 00062.631 00064.387 00055.852 00025.624 00018.006 00017.095 00017.693 00020.482 00023.414 00027.331 00027.778 00030.495 00033.745 00033.930 00035.759 -0001.000 -0001.000 -0001.000 -0001.000 -0001.000 -0001.000 -0001.000 -0001.000 -0001.000 -0001.000 -0001.000 -0001.000 -0001.000 -0001.000 -0001.000 -0001.000 -0001.000 -0001.000 -0001.000 -0001.000 -0001.000 -0001.000 -0001.000
-0001.000 -0001.000 -0001.000 00027.359 00030.629 00034.410 00037.165 00036.547 00036.603 00042.868 00052.801 00060.578 00064.560 00067.978 00068.981 00069.140 00068.332 00068.376 00069.544 00074.972 00074.506 00073.281 00073.155 00076.138 00076.994 00076.094 00071.213 00018.436 00017.544 00018.010 00018.419 00020.055 00023.854 00028.706 00035.088 -0001.000 -0001.000 -0001.000 -0001.000 -0001.000 -0001.000 -0001.000 -0001.000 -0001.000 -0001.000 -0001.000 -0001.000 -0001.000 -0001.000 -0001.000 -0001.000 -0001.000 -0001.000 -0001.000 -0001.000 -0001.000 -0001.000 -0001.000 -0001.000 -0001.000
-0001.000 -0001.000 -0001.000 -0001.000 00030.173 00033.800 00036.925 00037.865 00035.647 00040.740 00046.393 00055.615 00063.703 00068.588 00073.452 00075.079 00075.721 00081.101 00081.840 00082.358 00081.751 00081.667 00081.799 00080.950 00079.225 00076.546 -0001.000 -0001.000 -0001.000 -0001.000 -0001.000 -0001.000 -0001.000 -0001.000 -0001.000 -0001.000 -0001.000 -0001.000 -0001.000 -0001.000 -0001.000 -0001.000 -0001.000 -0001.000 -0001.000 -0001.000 -0001.000 -0001.000 -0001.000 -0001.000 -0001.000 -0001.000 -0001.000 -0001.000 -0001.000 -0001.000 -0001.000 -0001.000 -0001.000 -0001.000
-0001.000 -0001.000 -0001.000 -0001.000 -0001.000 00032.925 00036.168 00039.127 00037.007 00038.231 00045.357 00052.129 00059.860 00065.858 00070.509 00074.994 00078.585 00083.247 00086.597 00086.314 00085.185 00085.088 00084.118 00083.459 00080.038 00079.366 -0001.000 -0001.000 -0001.000 -0001.000 -0001.000 -0001.000 -0001.000 -0001.000 -0001.000 -0001.000 -0001.000 -0001.000 -0001.000 -0001.000 -0001.000 -0001.000 -0001.000 -0001.000 -0001.000 -0001.000 -0001.000 -0001.000 -0001.000 -0001.000 -0001.000 -0001.000 -0001.000 -0001.000 -0001.000 -0001.000 -0001.000 -0001.000 -0001.000 -0001.000
