data/trial4/ashley.fml
NCOLS 382
NROWS 266
XLLCORNER 157819.328125
YLLCORNER 384678.625000
CELLSIZE 30.000000
NODATA_VALUE -1
[rows 102 to 135 of 266, columns 231 to 307 of 382]
-1.00 -1.00 -1.00 -1.00 -1.00 -1.00 -1.00 -1.00 -1.00 -1.00 -1.00 -1.00 -1.00 -1.00 -1.00 -1.00 -1.00 -1.00 -1.00 -1.00 -1.00 -1.00 -1.00 -1.00 -1.00 -1.00 -1.00 -1.00 -1.00 -1.00 -1.00 -1.00 -1.00 -1.00 -1.00 -1.00 -1.00 -1.00 -1.00 -1.00 -1.00 -1.00 -1.00 -1.00 -1.00 -1.00 -1.00 -1.00 -1.00 01.79 02.13 02.74 03.15 03.27 02.02 02.70 03.25 -1.00 -1.00 -1.00 -1.00 -1.00 -1.00 -1.00 -1.00 -1.00 -1.00 -1.00 -1.00 -1.00 -1.00 -1.00 -1.00 -1.00 -1.00 -1.00 -1.00
-1.00 -1.00 -1.00 -1.00 -1.00 -1.00 -1.00 -1.00 -1.00 -1.00 -1.00 -1.00 -1.00 -1.00 -1.00 -1.00 -1.00 -1.00 -1.00 -1.00 -1.00 -1.00 -1.00 -1.00 -1.00 -1.00 -1.00 -1.00 -1.00 -1.00 -1.00 -1.00 -1.00 -1.00 -1.00 -1.00 -1.00 -1.00 -1.00 -1.00 01.85 -1.00 -1.00 -1.00 -1.00 -1.00 01.62 01.69 03.08 03.56 03.39 04.16 04.39 03.55 03.50 03.27 03.33 03.37 -1.00 -1.00 -1.00 -1.00 -1.00 -1.00 -1.00 -1.00 -1.00 -1.00 -1.00 -1.00 -1.00 -1.00 -1.00 -1.00 -1.00 -1.00 -1.00
-1.00 -1.00 -1.00 -1.00 -1.00 -1.00 -1.00 -1.00 -1.00 -1.00 -1.00 -1.00 -1.00 -1.00 -1.00 -1.00 -1.00 -1.00 -1.00 -1.00 -1.00 -1.00 -1.00 -1.00 -1.00 -1.00 -1.00 -1.00 -1.00 -1.00 01.98 02.03 02.07 02.07 02.08 02.12 02.17 02.22 02.04 02.02 02.02 02.05 01.99 01.91 01.85 02.15 01.96 03.23 04.13 03.53 04.02 04.35 04.11 03.71 03.37 03.28 03.52 03.83 -1.00 -1.00 -1.00 -1.00 -1.00 -1.00 -1.00 -1.00 -1.00 -1.00 -1.00 -1.00 -1.00 -1.00 -1.00 -1.00 -1.00 -1.00 -1.00
-1.00 -1.00 -1.00 -1.00 -1.00 -1.00 -1.00 -1.00 -1.00 -1.00 -1.00 -1.00 -1.00 -1.00 -1.00 -1.00 -1.00 -1.00 -1.00 -1.00 -1.00 -1.00 -1.00 -1.00 -1.00 -1.00 -1.00 -1.00 02.02 02.26 02.19 02.28 02.14 02.70 02.48 02.34 02.27 02.21 02.28 02.52 03.05 03.20 02.54 02.63 02.98 03.36 02.60 03.53 03.82 03.79 03.88 04.03 03.91 03.65 03.20 03.21 03.54 -1.00 -1.00 -1.00 -1.00 -1.00 -1.00 -1.00 -1.00 -1.00 -1.00 -1.00 -1.00 -1.00 -1.00 -1.00 -1.00 -1.00 -1.00 -1.00 -1.00
-1.00 -1.00 -1.00 -1.00 -1.00 -1.00 -1.00 -1.00 -1.00 -1.00 -1.00 -1.00 -1.00 -1.00 -1.00 -1.00 -1.00 -1.00 -1.00 -1.00 -1.00 -1.00 -1.00 -1.00 -1.00 -1.00 02.10 02.01 02.32 02.70 02.39 02.75 02.78 02.88 03.15 02.93 03.72 04.30 05.09 03.87 04.01 04.43 04.57 03.04 03.36 03.32 03.40 03.47 03.47 03.55 03.61 03.71 03.74 03.35 03.12 03.11 03.37 -1.00 -1.00 -1.00 -1.00 -1.00 -1.00 -1.00 -1.00 -1.00 -1.00 -1.00 -1.00 -1.00 -1.00 -1.00 -1.00 -1.00 -1.00 -1.00 -1.00
-1.00 -1.00 -1.00 -1.00 -1.00 -1.00 -1.00 -1.00 -1.00 -1.00 -1.00 -1.00 -1.00 -1.00 -1.00 -1.00 -1.00 -1.00 -1.00 -1.00 -1.00 -1.00 -1.00 -1.00 -1.00 -1.00 02.03 02.20 02.43 02.63 02.75 02.91 03.06 03.18 03.43 03.70 04.92 05.79 05.31 04.32 04.34 04.73 04.30 03.64 03.28 03.26 03.32 03.24 03.30 03.32 03.34 03.40 03.36 03.08 02.94 03.18 03.83 -1.00 -1.00 -1.00 -1.00 -1.00 -1.00 -1.00 -1.00 -1.00 -1.00 -1.00 -1.00 -1.00 -1.00 -1.00 -1.00 -1.00 -1.00 -1.00 -1.00
-1.00 -1.00 -1.00 -1.00 -1.00 -1.00 -1.00 -1.00 -1.00 -1.00 -1.00 -1.00 -1.00 -1.00 -1.00 -1.00 -1.00 -1.00 -1.00 -1.00 -1.00 -1.00 -1.00 -1.00 -1.00 -1.00 01.93 02.08 02.32 02.53 02.74 02.99 03.08 03.31 03.67 04.78 05.55 05.53 05.36 04.87 04.38 04.37 04.04 03.62 03.09 03.02 03.10 03.06 02.97 02.97 02.95 02.98 02.54 02.72 02.81 -1.00 -1.00 -1.00 -1.00 -1.00 -1.00 -1.00 -1.00 -1.00 -1.00 -1.00 -1.00 -1.00 -1.00 -1.00 -1.00 -1.00 -1.00 -1.00 -1.00 -1.00 -1.00
-1.00 -1.00 -1.00 -1.00 -1.00 -1.00 -1.00 -1.00 -1.00 -1.00 -1.00 -1.00 -1.00 -1.00 -1.00 -1.00 -1.00 -1.00 -1.00 -1.00 -1.00 -1.00 -1.00 -1.00 -1.00 -1.00 01.81 01.98 02.21 02.47 02.66 02.84 03.18 03.48 04.36 05.03 05.26 05.25 05.21 04.63 04.24 04.12 03.91 03.51 02.89 02.82 02.86 03.02 02.84 02.87 02.35 02.38 -1.00 -1.00 -1.00 -1.00 -1.00 -1.00 -1.00 -1.00 -1.00 -1.00 -1.00 -1.00 -1.00 -1.00 -1.00 -1.00 -1.00 -1.00 -1.00 -1.00 -1.00 -1.00 -1.00 -1.00 -1.00
-1.00 -1.00 -1.00 -1.00 -1.00 -1.00 -1.00 -1.00 -1.00 -1.00 -1.00 -1.00 -1.00 -1.00 -1.00 -1.00 -1.00 -1.00 -1.00 -1.00 -1.00 -1.00 -1.00 -1.00 -1.00 -1.00 -1.00 01.93 02.08 02.38 02.56 02.77 03.09 03.72 04.59 05.05 04.92 04.85 04.75 04.30 04.06 03.98 03.67 03.16 03.10 02.69 02.70 02.90 03.15 03.20 -1.00 -1.00 -1.00 -1.00 -1.00 -1.00 -1.00 -1.00 -1.00 -1.00 -1.00 -1.00 -1.00 -1.00 -1.00 -1.00 -1.00 -1.00 -1.00 -1.00 -1.00 -1.00 -1.00 -1.00 -1.00 -1.00 -1.00
-1.00 -1.00 -1.00 -1.00 -1.00 -1.00 -1.00 -1.00 -1.00 -1.00 -1.00 -1.00 -1.00 -1.00 -1.00 -1.00 -1.00 -1.00 -1.00 -1.00 -1.00 -1.00 -1.00 -1.00 -1.00 -1.00 -1.00 01.89 01.91 02.26 02.43 02.66 03.26 03.86 04.98 04.67 04.50 04.36 04.30 03.98 03.79 03.56 03.27 03.26 02.89 02.71 02.81 03.25 03.56 -1.00 -1.00 -1.00 -1.00 -1.00 -1.00 -1.00 -1.00 -1.00 -1.00 -1.00 -1.00 -1.00 -1.00 -1.00 -1.00 -1.00 -1.00 -1.00 -1.00 -1.00 -1.00 -1.00 -1.00 -1.00 -1.00 -1.00 -1.00
-1.00 -1.00 -1.00 -1.00 -1.00 -1.00 -1.00 -1.00 -1.00 -1.00 -1.00 -1.00 -1.00 -1.00 00.36 00.35 00.33 00.35 00.37 -1.00 -1.00 -1.00 -1.00 -1.00 -1.00 -1.00 -1.00 -1.00 00.96 02.15 02.34 02.58 03.19 04.40 04.25 04.25 04.06 03.90 03.75 03.54 03.28 03.20 03.20 03.09 02.75 02.75 03.70 04.34 03.89 -1.00 -1.00 -1.00 -1.00 -1.00 -1.00 -1.00 -1.00 -1.00 -1.00 -1.00 -1.00 -1.00 -1.00 -1.00 -1.00 -1.00 -1.00 -1.00 -1.00 -1.00 -1.00 -1.00 -1.00 -1.00 -1.00 -1.00 -1.00
-1.00 -1.00 -1.00 -1.00 -1.00 -1.00 -1.00 -1.00 -1.00 -1.00 -1.00 -1.00 -1.00 00.37 01.22 01.45 01.47 01.06 00.47 00.29 00.28 00.32 00.37 00.36 -1.00 -1.00 -1.00 -1.00 -1.00 01.26 01.71 02.40 03.01 03.56 03.52 03.57 03.50 03.38 03.21 03.15 03.01 02.91 02.73 02.41 02.45 03.93 04.58 04.83 04.23 -1.00 -1.00 -1.00 -1.00 -1.00 -1.00 -1.00 -1.00 -1.00 -1.00 -1.00 -1.00 -1.00 -1.00 -1.00 -1.00 -1.00 -1.00 -1.00 -1.00 -1.00 -1.00 -1.00 -1.00 -1.00 -1.00 -1.00 -1.00
-1.00 -1.00 -1.00 -1.00 -1.00 -1.00 -1.00 -1.00 -1.00 -1.00 -1.00 -1.00 00.40 00.37 01.70 01.64 01.62 01.65 01.64 01.61 01.56 01.03 00.56 00.32 00.37 00.43 -1.00 -1.00 -1.00 -1.00 00.36 01.21 02.80 02.98 02.93 02.96 02.80 02.82 02.84 02.76 02.63 02.52 02.59 02.58 04.17 04.45 04.49 04.46 04.26 -1.00 -1.00 -1.00 -1.00 -1.00 -1.00 -1.00 -1.00 -1.00 -1.00 -1.00 -1.00 -1.00 -1.00 -1.00 -1.00 -1.00 -1.00 -1.00 -1.00 -1.00 -1.00 -1.00 -1.00 -1.00 -1.00 -1.00 -1.00
-1.00 -1.00 -1.00 -1.00 -1.00 -1.00 -1.00 -1.00 -1.00 -1.00 -1.00 00.40 00.37 01.28 01.74 01.88 01.87 01.83 01.83 01.83 01.85 01.89 01.90 01.86 00.32 00.33 00.39 00.37 -1.00 -1.00 00.36 01.32 01.89 01.96 02.39 02.68 02.53 02.60 02.74 02.68 02.18 02.65 03.16 03.95 04.12 04.48 04.45 -1.00 -1.00 -1.00 -1.00 -1.00 -1.00 -1.00 -1.00 -1.00 -1.00 -1.00 -1.00 -1.00 -1.00 -1.00 -1.00 -1.00 -1.00 -1.00 -1.00 -1.00 -1.00 -1.00 -1.00 -1.00 -1.00 -1.00 -1.00 -1.00 -1.00
-1.00 -1.00 -1.00 -1.00 -1.00 -1.00 -1.00 -1.00 -1.00 -1.00 -1.00 00.41 00.34 00.91 02.01 01.97 02.02 02.03 02.00 01.98 01.98 01.99 02.02 02.08 02.02 00.38 00.30 00.29 00.30 00.31 00.82 01.54 01.65 01.64 01.92 01.95 02.06 02.39 02.34 02.33 02.38 02.41 02.37 03.81 04.14 04.53 -1.00 -1.00 -1.00 -1.00 -1.00 -1.00 -1.00 -1.00 -1.00 -1.00 -1.00 -1.00 -1.00 -1.00 -1.00 -1.00 -1.00 -1.00 -1.00 -1.00 -1.00 -1.00 -1.00 -1.00 -1.00 -1.00 -1.00 -1.00 -1.00 -1.00 -1.00
-1.00 -1.00 -1.00 -1.00 -1.00 -1.00 -1.00 -1.00 -1.00 -1.00 -1.00 00.37 00.35 01.69 02.12 02.16 02.14 02.08 02.02 02.00 01.98 02.11 02.16 02.13 02.12 02.18 02.10 01.87 01.79 01.45 01.61 01.57 01.60 01.79 01.84 01.91 01.90 02.06 02.15 02.34 02.41 02.43 02.43 02.61 02.76 02.77 02.69 02.64 -1.00 -1.00 -1.00 -1.00 -1.00 -1.00 -1.00 -1.00 -1.00 -1.00 -1.00 -1.00 -1.00 -1.00 -1.00 -1.00 -1.00 -1.00 -1.00 -1.00 -1.00 -1.00 -1.00 -1.00 -1.00 -1.00 -1.00 -1.00 -1.00
-1.00 -1.00 -1.00 -1.00 -1.00 -1.00 -1.00 -1.00 -1.00 -1.00 -1.00 00.34 00.41 02.03 02.16 02.20 02.10 01.89 01.84 01.75 01.71 01.77 02.18 02.31 02.27 02.23 02.28 02.20 02.08 02.05 01.81 01.87 01.80 01.71 01.76 01.96 02.01 02.13 02.20 02.34 02.40 02.50 02.60 02.70 02.79 02.83 02.88 02.79 02.78 -1.00 -1.00 -1.00 -1.00 -1.00 -1.00 -1.00 -1.00 -1.00 -1.00 -1.00 -1.00 -1.00 -1.00 -1.00 -1.00 -1.00 -1.00 -1.00 -1.00 -1.00 -1.00 -1.00 -1.00 -1.00 -1.00 -1.00 -1.00
-1.00 -1.00 -1.00 -1.00 -1.00 -1.00 -1.00 -1.00 -1.00 -1.00 00.37 00.33 00.38 01.99 02.04 02.01 02.04 02.03 02.02 01.71 01.77 01.90 01.83 02.22 02.41 02.38 02.32 02.36 02.28 02.15 02.19 01.96 02.01 01.92 01.74 01.75 02.06 02.14 02.23 02.33 02.44 02.52 02.66 02.83 02.87 02.79 02.90 03.12 03.13 02.98 02.85 -1.00 -1.00 -1.00 -1.00 -1.00 -1.00 -1.00 -1.00 -1.00 -1.00 -1.00 -1.00 -1.00 -1.00 -1.00 -1.00 -1.00 -1.00 -1.00 -1.00 -1.00 -1.00 -1.00 -1.00 -1.00 -1.00
-1.00 -1.00 -1.00 -1.00 -1.00 -1.00 -1.00 -1.00 -1.00 -1.00 -1.00 00.34 00.37 01.80 01.97 02.28 02.26 02.39 02.38 02.04 02.64 02.16 01.97 01.94 02.39 02.51 02.49 02.39 02.44 02.36 02.22 02.22 02.00 02.02 01.94 01.72 01.72 02.15 02.21 02.30 02.38 02.52 02.62 02.69 02.83 02.83 02.79 02.93 03.10 03.11 03.03 02.93 -1.00 -1.00 -1.00 -1.00 01.71 01.69 01.76 02.06 02.91 02.47 02.50 02.60 02.87 -1.00 -1.00 -1.00 -1.00 -1.00 -1.00 -1.00 -1.00 -1.00 -1.00 -1.00 -1.00
-1.00 -1.00 -1.00 -1.00 -1.00 -1.00 -1.00 -1.00 -1.00 -1.00 -1.00 00.35 00.37 01.84 02.18 02.29 02.53 02.58 02.92 02.53 02.69 02.51 02.32 02.01 02.47 02.64 02.61 02.59 02.49 02.54 02.46 02.30 02.32 02.07 02.08 02.03 01.91 01.61 02.18 02.24 02.32 02.47 02.56 02.72 02.76 02.87 02.92 02.91 03.04 03.29 03.25 03.17 02.44 02.09 01.83 02.15 02.28 02.51 02.81 03.10 03.17 03.84 03.09 03.34 03.77 03.86 02.62 -1.00 -1.00 -1.00 -1.00 -1.00 -1.00 -1.00 -1.00 -1.00 -1.00
-1.00 -1.00 -1.00 -1.00 01.83 01.49 00.90 01.49 00.46 00.44 00.41 00.33 00.39 01.89 02.27 02.31 02.66 02.85 03.38 03.65 02.94 02.77 02.64 02.36 02.24 02.59 02.72 02.66 02.61 02.60 02.65 02.56 02.40 02.43 02.14 02.17 02.09 01.98 01.60 02.23 02.32 02.41 02.69 02.74 02.89 02.90 02.98 03.16 03.39 02.94 02.79 02.75 01.96 02.04 03.92 04.28 03.15 03.96 03.03 03.22 03.24 03.63 03.65 03.84 03.68 03.65 03.66 -1.00 -1.00 -1.00 -1.00 -1.00 -1.00 -1.00 -1.00 -1.00 -1.00
-1.00 -1.00 01.81 01.79 01.79 01.69 01.20 01.72 01.25 00.50 00.41 00.29 00.38 01.93 02.32 02.35 02.59 03.03 03.74 03.97 03.32 03.12 02.90 02.58 02.33 02.56 02.86 02.78 02.70 02.62 02.75 02.71 02.57 02.44 02.55 02.25 02.27 02.15 01.92 01.80 02.33 02.51 02.72 02.99 02.92 03.12 03.22 02.78 02.61 02.29 02.23 02.15 02.35 03.22 04.08 03.77 03.89 03.75 03.19 03.11 03.09 03.32 03.47 03.51 03.67 04.04 04.36 -1.00 -1.00 -1.00 -1.00 -1.00 -1.00 -1.00 -1.00 -1.00 -1.00
-1.00 01.78 01.78 01.79 01.71 01.59 01.54 01.05 01.64 01.27 00.50 00.30 00.95 01.96 02.30 02.41 02.62 02.87 03.93 04.17 03.61 03.50 03.12 02.72 02.33 02.58 02.92 02.95 02.75 02.65 02.78 02.92 02.77 02.46 02.47 02.32 02.22 02.29 02.22 01.10 02.15 02.56 02.12 02.72 03.33 03.38 03.47 03.42 02.70 02.82 02.81 02.52 02.83 03.62 03.51 03.51 03.66 03.16 02.92 02.83 02.99 03.14 03.60 03.89 04.23 04.33 04.23 -1.00 -1.00 -1.00 -1.00 -1.00 -1.00 -1.00 -1.00 -1.00 -1.00
-1.00 01.68 01.72 01.58 01.53 01.27 01.61 01.70 01.67 01.91 01.92 01.95 01.31 01.96 02.16 02.16 02.02 02.55 02.42 03.80 03.04 03.97 02.93 02.57 02.24 02.39 02.53 02.81 03.03 02.60 02.46 02.68 02.04 02.17 02.03 01.98 02.45 02.03 02.11 01.99 01.76 02.47 02.83 01.55 02.51 03.38 03.55 03.32 03.14 03.05 03.09 02.92 03.13 03.29 03.15 03.29 03.14 02.77 02.85 02.88 03.70 04.29 04.05 04.16 04.17 04.16 04.12 -1.00 -1.00 -1.00 -1.00 -1.00 -1.00 -1.00 -1.00 -1.00 -1.00
-1.00 01.66 01.62 01.39 01.44 01.57 01.69 01.89 01.78 02.01 01.94 01.78 01.95 01.92 01.89 01.93 01.74 01.95 01.84 01.66 01.91 02.30 02.40 02.22 02.10 02.36 02.33 02.04 02.19 02.10 02.17 02.39 02.63 02.17 02.62 01.78 02.09 02.39 01.81 01.83 01.76 00.86 00.57 00.61 01.18 01.72 02.91 02.64 02.70 02.77 02.81 02.89 02.80 02.93 02.96 03.03 02.88 03.18 03.12 03.58 03.99 04.17 04.05 04.01 04.04 04.08 -1.00 -1.00 -1.00 -1.00 -1.00 -1.00 -1.00 -1.00 -1.00 -1.00 -1.00
01.52 01.62 01.53 01.29 01.35 01.50 01.90 01.93 01.85 02.00 01.95 02.08 02.11 01.99 02.17 02.59 02.58 02.34 02.05 02.19 02.08 02.13 02.17 02.08 02.01 02.56 02.97 02.38 03.19 02.78 02.95 03.13 02.91 01.50 00.62 00.29 00.31 00.36 00.40 00.42 00.45 00.51 00.51 01.29 02.13 02.38 01.98 02.37 02.53 02.67 02.67 02.60 02.68 02.71 02.94 04.13 03.80 03.33 03.49 03.62 03.95 04.04 03.90 04.02 04.12 03.96 -1.00 -1.00 -1.00 -1.00 -1.00 -1.00 -1.00 -1.00 -1.00 -1.00 -1.00
01.60 01.58 01.49 01.15 01.33 01.68 01.87 01.99 01.97 01.99 02.01 02.03 02.08 02.05 02.20 02.02 02.52 02.65 02.56 02.48 02.39 02.29 02.25 02.34 02.66 02.76 02.67 02.91 02.46 03.03 03.41 03.51 02.27 00.38 00.49 00.59 00.61 00.67 00.66 -1.00 00.43 00.47 -1.00 01.74 01.77 02.14 02.29 02.42 02.53 02.58 02.54 03.84 03.21 03.83 04.63 04.30 03.67 03.41 03.32 03.74 03.94 03.98 04.06 04.10 04.15 03.80 -1.00 -1.00 -1.00 -1.00 -1.00 -1.00 -1.00 -1.00 -1.00 -1.00 -1.00
01.62 01.58 01.50 00.96 01.32 01.71 01.82 01.93 01.98 01.98 01.99 02.02 02.07 01.99 02.11 02.22 02.44 02.30 02.29 02.32 02.44 02.41 02.42 02.39 02.49 02.60 02.74 03.11 03.08 03.29 03.29 02.91 00.46 00.54 00.42 00.57 00.62 00.68 00.74 00.75 -1.00 -1.00 -1.00 02.46 03.01 03.81 03.74 04.15 04.21 04.16 04.41 03.99 03.64 03.89 04.60 04.46 03.52 03.18 03.23 03.56 03.93 04.03 04.30 04.34 04.37 03.66 -1.00 -1.00 -1.00 -1.00 -1.00 -1.00 -1.00 -1.00 -1.00 -1.00 -1.00
01.71 01.76 01.79 01.30 01.30 01.67 01.79 01.86 01.97 01.98 01.98 02.02 02.06 02.10 02.13 02.10 02.26 02.25 02.33 02.29 02.28 02.30 02.33 02.39 02.50 02.63 02.76 02.79 02.77 02.87 02.82 00.52 00.64 00.60 00.50 00.47 00.58 00.64 00.72 00.78 -1.00 -1.00 -1.00 02.31 03.21 03.81 03.60 03.73 03.98 04.17 04.27 03.92 03.66 04.04 04.81 04.83 03.30 03.01 03.19 03.66 04.05 04.18 04.50 04.62 04.35 03.59 -1.00 -1.00 -1.00 -1.00 -1.00 -1.00 -1.00 -1.00 -1.00 -1.00 -1.00
01.79 01.90 02.07 01.66 01.13 01.48 01.74 01.88 01.95 01.95 01.98 02.01 02.07 02.38 02.44 02.45 02.30 02.22 02.22 02.22 02.23 02.22 02.22 02.31 02.41 02.50 02.58 02.65 02.69 02.69 01.93 01.17 00.63 00.68 00.51 00.42 00.51 00.58 00.71 00.79 00.84 -1.00 00.39 02.01 03.56 03.84 03.47 03.36 03.66 03.94 04.06 03.79 03.49 04.26 04.64 04.39 03.06 02.92 03.18 03.89 04.29 04.32 04.53 04.50 03.56 03.41 -1.00 -1.00 -1.00 -1.00 -1.00 -1.00 -1.00 -1.00 -1.00 -1.00 -1.00
01.95 02.00 02.00 01.77 00.73 01.42 01.74 01.89 01.94 01.92 01.94 01.99 02.07 02.42 02.52 02.43 02.32 02.20 02.17 02.17 02.17 02.17 02.17 02.25 02.36 02.45 02.53 02.58 02.61 02.64 02.24 01.97 02.54 01.76 00.52 00.38 00.49 00.61 00.68 00.80 -1.00 -1.00 00.42 02.05 03.83 04.05 03.37 03.22 03.31 03.73 03.89 03.53 03.33 04.33 04.64 03.94 02.84 02.88 03.14 04.05 04.42 04.29 04.39 04.23 03.29 -1.00 -1.00 -1.00 -1.00 -1.00 -1.00 -1.00 -1.00 -1.00 -1.00 -1.00 -1.00
02.03 02.07 01.99 01.79 00.30 01.42 01.75 01.86 01.91 01.89 01.91 01.94 01.98 02.18 02.58 02.60 02.46 02.27 02.18 02.16 02.15 02.14 02.14 02.20 02.32 02.43 02.50 02.55 02.55 02.53 02.42 02.37 01.94 02.56 00.33 00.44 00.56 00.61 00.74 -1.00 -1.00 -1.00 01.22 03.81 03.99 04.09 03.67 03.18 03.07 03.48 03.96 03.33 03.51 04.21 04.61 03.58 02.88 02.85 03.16 03.94 04.46 04.18 04.08 03.66 03.21 -1.00 -1.00 -1.00 -1.00 -1.00 -1.00 -1.00 -1.00 -1.00 -1.00 -1.00 -1.00
02.12 02.09 02.00 01.88 01.45 01.42 01.78 01.73 01.87 01.88 01.87 01.89 01.93 01.97 02.33 02.50 02.34 02.19 02.14 02.13 02.12 02.13 02.15 02.21 02.34 02.42 02.48 02.51 02.52 02.34 02.14 02.19 00.35 00.29 00.43 00.59 00.61 00.66 -1.00 -1.00 -1.00 00.41 02.52 03.88 04.22 04.34 03.61 03.27 03.02 03.42 03.80 03.54 03.72 04.32 04.58 03.28 02.91 02.87 03.24 03.87 04.16 03.96 03.60 03.16 -1.00 -1.00 -1.00 -1.00 -1.00 -1.00 -1.00 -1.00 -1.00 -1.00 -1.00 -1.00 -1.00
02.19 02.14 02.00 01.93 01.78 00.92 01.49 01.75 01.74 01.85 01.85 01.87 01.92 01.98 02.03 02.19 02.37 02.40 02.23 02.08 02.03 02.05 02.09 02.16 02.27 02.41 02.52 02.48 02.39 02.30 02.06 00.42 00.35 00.42 00.53 00.58 -1.00 -1.00 -1.00 -1.00 -1.00 00.44 02.05 03.94 04.10 04.30 03.37 03.22 02.97 03.24 03.31 03.74 03.76 04.37 04.18 03.21 02.86 02.90 03.33 03.95 03.92 03.55 03.07 02.87 -1.00 -1.00 -1.00 -1.00 -1.00 -1.00 -1.00 -1.00 -1.00 -1.00 -1.00 -1.00 -1.00
