data/trial4/ashley.hpa
NCOLS 382
NROWS 266
XLLCORNER 157819.328125
YLLCORNER 384678.625000
CELLSIZE 30.000000
NODATA_VALUE -1
[rows 104 to 129 of 266, columns 240 to 299 of 382]
-0001.000 -0001.000 -0001.000 -0001.000 -0001.000 -0001.000 -0001.000 -0001.000 -0001.000 -0001.000 -0001.000 -0001.000 -0001.000 -0001.000 -0001.000 -0001.000 -0001.000 -0001.000 -0001.000 -0001.000 -0001.000 01196.332 01200.107 01207.053 01225.069 01226.942 01228.763 01227.840 01227.775 01228.543 01229.785 01228.500 01226.490 01223.556 01219.064 01201.522 00578.804 00887.229 00524.904 00471.671 00471.800 00469.717 00468.745 00467.048 00461.663 00454.326 00447.528 00446.795 00439.037 -0001.000 -0001.000 -0001.000 -0001.000 -0001.000 -0001.000 -0001.000 -0001.000 -0001.000 -0001.000 -0001.000
-0001.000 -0001.000 -0001.000 -0001.000 -0001.000 -0001.000 -0001.000 -0001.000 -0001.000 -0001.000 -0001.000 -0001.000 -0001.000 -0001.000 -0001.000 -0001.000 -0001.000 -0001.000 -0001.000 01234.059 01100.881 01247.210 01239.460 01243.555 00518.925 00501.654 00791.711 01248.643 01246.860 00833.290 00651.342 00490.144 00489.806 00564.223 00491.789 00477.043 00474.044 00611.782 00480.613 00470.815 00469.898 00470.177 00469.735 00467.800 00462.894 00452.441 00448.899 00448.572 -0001.000 -0001.000 -0001.000 -0001.000 -0001.000 -0001.000 -0001.000 -0001.000 -0001.000 -0001.000 -0001.000 -0001.000
-0001.000 -0001.000 -0001.000 -0001.000 -0001.000 -0001.000 -0001.000 -0001.000 -0001.000 -0001.000 -0001.000 -0001.000 -0001.000 -0001.000 -0001.000 -0001.000 -0001.000 00493.399 00773.715 00588.708 00510.571 00660.194 00492.960 00496.709 00495.674 00493.328 00493.062 00495.222 00493.899 00493.499 00490.563 00489.784 00490.554 00489.499 00481.514 00474.631 00473.240 00481.329 00471.053 00469.635 00469.307 00469.670 00469.971 00467.833 00460.805 00454.479 00452.670 00451.494 -0001.000 -0001.000 -0001.000 -0001.000 -0001.000 -0001.000 -0001.000 -0001.000 -0001.000 -0001.000 -0001.000 -0001.000
-0001.000 -0001.000 -0001.000 -0001.000 -0001.000 -0001.000 -0001.000 -0001.000 -0001.000 -0001.000 -0001.000 -0001.000 -0001.000 -0001.000 -0001.000 -0001.000 -0001.000 00469.164 00486.519 00489.552 00496.042 00498.655 00495.850 00497.582 00494.040 00495.546 00495.250 00495.230 00494.394 00493.353 00491.426 00489.648 00490.683 00489.029 00482.130 00474.317 00472.169 00470.898 00470.646 00469.173 00469.856 00469.330 00468.831 00465.812 00475.949 00459.427 00460.137 00460.646 -0001.000 -0001.000 -0001.000 -0001.000 -0001.000 -0001.000 -0001.000 -0001.000 -0001.000 -0001.000 -0001.000 -0001.000
-0001.000 -0001.000 -0001.000 -0001.000 -0001.000 -0001.000 -0001.000 -0001.000 -0001.000 -0001.000 -0001.000 -0001.000 -0001.000 -0001.000 -0001.000 -0001.000 -0001.000 00469.529 00480.735 00488.790 00496.381 00503.637 00503.260 00496.782 00497.036 00494.925 00493.575 00492.626 00493.179 00492.672 00490.819 00489.763 00489.952 00488.478 00483.031 00474.672 00472.316 00470.727 00471.521 00474.545 00469.884 00469.142 00466.597 00753.752 00472.495 00457.838 -0001.000 -0001.000 -0001.000 -0001.000 -0001.000 -0001.000 -0001.000 -0001.000 -0001.000 -0001.000 -0001.000 -0001.000 -0001.000 -0001.000
-0001.000 -0001.000 -0001.000 -0001.000 -0001.000 -0001.000 -0001.000 -0001.000 -0001.000 -0001.000 -0001.000 -0001.000 -0001.000 -0001.000 -0001.000 -0001.000 -0001.000 00468.157 00480.696 00487.542 00497.598 00504.443 00502.590 00499.749 00495.321 00493.446 00492.591 00492.180 00492.083 00491.579 00490.558 00490.049 00489.234 00488.253 00483.672 00475.075 00472.340 00471.899 00876.196 00712.211 00683.340 01187.274 01173.370 -0001.000 -0001.000 -0001.000 -0001.000 -0001.000 -0001.000 -0001.000 -0001.000 -0001.000 -0001.000 -0001.000 -0001.000 -0001.000 -0001.000 -0001.000 -0001.000 -0001.000
-0001.000 -0001.000 -0001.000 -0001.000 -0001.000 -0001.000 -0001.000 -0001.000 -0001.000 -0001.000 -0001.000 -0001.000 -0001.000 -0001.000 -0001.000 -0001.000 -0001.000 -0001.000 00478.815 00487.338 00498.266 00503.256 00503.605 00497.872 00493.960 00491.577 00491.606 00491.490 00491.273 00491.457 00490.331 00489.720 00488.656 00487.462 00481.671 00476.396 00471.965 00499.536 01228.370 01195.089 01175.792 -0001.000 -0001.000 -0001.000 -0001.000 -0001.000 -0001.000 -0001.000 -0001.000 -0001.000 -0001.000 -0001.000 -0001.000 -0001.000 -0001.000 -0001.000 -0001.000 -0001.000 -0001.000 -0001.000
-0001.000 -0001.000 -0001.000 -0001.000 -0001.000 -0001.000 -0001.000 -0001.000 -0001.000 -0001.000 -0001.000 -0001.000 -0001.000 -0001.000 -0001.000 -0001.000 -0001.000 -0001.000 00476.113 00486.209 00497.410 00502.930 00500.792 00497.415 00493.204 00496.823 00493.402 00490.442 00490.639 00491.324 00489.994 00489.807 00488.641 00484.349 00479.615 00474.202 00473.505 01232.167 01228.055 01195.800 -0001.000 -0001.000 -0001.000 -0001.000 -0001.000 -0001.000 -0001.000 -0001.000 -0001.000 -0001.000 -0001.000 -0001.000 -0001.000 -0001.000 -0001.000 -0001.000 -0001.000 -0001.000 -0001.000 -0001.000
-0001.000 -0001.000 -0001.000 -0001.000 -0001.000 00178.586 00175.449 00169.027 00176.037 00178.338 -0001.000 -0001.000 -0001.000 -0001.000 -0001.000 -0001.000 -0001.000 -0001.000 -0001.000 00419.852 00496.331 00502.317 00500.263 00497.602 00497.142 00540.690 00496.102 00490.300 00497.753 00492.189 00491.824 00489.369 00486.377 00482.113 00479.288 00477.470 01238.140 01239.463 01228.646 01200.808 -0001.000 -0001.000 -0001.000 -0001.000 -0001.000 -0001.000 -0001.000 -0001.000 -0001.000 -0001.000 -0001.000 -0001.000 -0001.000 -0001.000 -0001.000 -0001.000 -0001.000 -0001.000 -0001.000 -0001.000
-0001.000 -0001.000 -0001.000 -0001.000 00176.780 00959.208 01053.788 01071.876 00914.746 00371.996 00156.406 00156.775 00166.674 00181.193 00174.211 -0001.000 -0001.000 -0001.000 -0001.000 -0001.000 00453.710 00489.816 00499.461 00495.084 00517.925 00641.394 00589.291 00550.871 00497.521 00491.140 00490.438 00488.321 00483.760 00480.571 00972.430 01225.004 01241.447 01237.124 01225.250 01203.939 -0001.000 -0001.000 -0001.000 -0001.000 -0001.000 -0001.000 -0001.000 -0001.000 -0001.000 -0001.000 -0001.000 -0001.000 -0001.000 -0001.000 -0001.000 -0001.000 -0001.000 -0001.000 -0001.000 -0001.000
-0001.000 -0001.000 -0001.000 00177.762 00199.598 01117.677 01120.578 01135.322 01138.588 01140.605 01144.926 01142.492 00887.408 00438.853 00158.291 00175.356 00179.025 -0001.000 -0001.000 -0001.000 -0001.000 00181.676 00455.905 00493.967 00623.884 00883.228 00944.825 00770.333 00603.339 00495.715 00501.758 00486.033 00482.134 01227.542 01215.511 01238.917 01224.823 01213.596 01202.076 01191.140 -0001.000 -0001.000 -0001.000 -0001.000 -0001.000 -0001.000 -0001.000 -0001.000 -0001.000 -0001.000 -0001.000 -0001.000 -0001.000 -0001.000 -0001.000 -0001.000 -0001.000 -0001.000 -0001.000 -0001.000
-0001.000 -0001.000 00177.004 00161.074 00954.982 01104.816 01172.957 01181.873 01190.001 01200.633 01202.854 01203.582 01203.863 01202.282 01179.328 00158.730 00157.939 00179.601 00173.865 -0001.000 -0001.000 00178.993 01039.770 01190.248 01215.287 01228.715 01241.641 01251.130 01245.878 01238.624 01204.925 01209.902 01212.891 01210.600 01220.893 01214.507 01203.177 01193.967 -0001.000 -0001.000 -0001.000 -0001.000 -0001.000 -0001.000 -0001.000 -0001.000 -0001.000 -0001.000 -0001.000 -0001.000 -0001.000 -0001.000 -0001.000 -0001.000 -0001.000 -0001.000 -0001.000 -0001.000 -0001.000 -0001.000
-0001.000 -0001.000 00177.786 00153.757 00666.236 01195.462 01209.293 01214.611 01223.096 01229.347 01228.970 01227.941 01227.127 01221.268 01211.405 01200.713 00165.037 00155.781 00153.087 00157.261 00158.650 00707.440 01085.267 01125.143 01094.118 01176.473 01205.065 01221.222 01227.164 01250.645 01222.835 01214.543 01209.629 01205.814 01201.933 01192.296 01184.062 -0001.000 -0001.000 -0001.000 -0001.000 -0001.000 -0001.000 -0001.000 -0001.000 -0001.000 -0001.000 -0001.000 -0001.000 -0001.000 -0001.000 -0001.000 -0001.000 -0001.000 -0001.000 -0001.000 -0001.000 -0001.000 -0001.000 -0001.000
-0001.000 -0001.000 00164.591 00159.223 01101.818 01214.737 01220.433 01213.862 01211.201 01209.712 01206.111 01190.775 01209.552 01216.250 01222.495 01213.347 01203.800 01189.550 01160.055 01138.624 01052.711 01092.824 01058.042 01030.178 01086.057 01118.330 01148.527 01179.732 01203.878 01209.824 01210.029 01218.318 01222.872 01217.477 01214.729 01218.538 01221.899 01216.587 01191.090 -0001.000 -0001.000 -0001.000 -0001.000 -0001.000 -0001.000 -0001.000 -0001.000 -0001.000 -0001.000 -0001.000 -0001.000 -0001.000 -0001.000 -0001.000 -0001.000 -0001.000 -0001.000 -0001.000 -0001.000 -0001.000
-0001.000 -0001.000 00160.316 00175.536 01219.226 01215.803 01209.295 01180.498 01155.879 01137.624 01118.523 01104.178 01156.321 01202.127 01211.103 01216.689 01219.914 01208.897 01200.803 01177.315 01154.923 01124.428 01112.808 01081.643 01023.979 01034.856 01099.269 01125.838 01144.182 01166.255 01184.436 01191.131 01205.475 01217.234 01222.095 01217.928 01214.952 01246.414 01236.418 01207.639 -0001.000 -0001.000 -0001.000 -0001.000 -0001.000 -0001.000 -0001.000 -0001.000 -0001.000 -0001.000 -0001.000 -0001.000 -0001.000 -0001.000 -0001.000 -0001.000 -0001.000 -0001.000 -0001.000 -0001.000
-0001.000 00171.511 00158.072 00168.669 01219.943 01208.200 01162.455 01132.538 01100.952 01080.238 01041.652 01055.130 01094.207 01143.535 01182.049 01208.162 01212.177 01215.860 01203.362 01193.938 01169.163 01152.704 01130.055 01111.588 01078.812 00986.794 00969.872 01080.797 01112.093 01127.669 01147.222 01171.635 01187.290 01200.351 01211.881 01223.557 01219.017 01214.944 01246.839 01243.456 01222.607 01166.467 -0001.000 -0001.000 -0001.000 -0001.000 -0001.000 -0001.000 -0001.000 -0001.000 -0001.000 -0001.000 -0001.000 -0001.000 -0001.000 -0001.000 -0001.000 -0001.000 -0001.000 -0001.000
-0001.000 -0001.000 00160.146 00170.877 01211.794 01158.683 01115.526 01093.207 01070.587 01007.718 00978.708 00996.342 01053.072 01097.215 01152.039 01196.163 01204.986 01206.799 01207.563 01195.074 01185.106 01161.956 01142.120 01120.540 01099.530 01062.738 00942.121 00913.495 01066.784 01098.931 01123.982 01142.388 01165.972 01184.137 01194.767 01207.471 01219.833 01217.995 01215.608 01245.930 01237.166 01225.069 01176.198 -0001.000 -0001.000 -0001.000 -0001.000 01178.226 01177.296 00857.064 00497.661 00463.727 00465.846 00463.736 00458.779 00454.025 -0001.000 -0001.000 -0001.000 -0001.000
-0001.000 -0001.000 00160.192 00170.584 01209.811 01145.476 01108.180 01082.996 01054.263 00986.720 00908.434 00974.450 01025.796 01050.568 01117.389 01162.204 01196.769 01202.322 01207.099 01203.778 01192.843 01180.668 01159.261 01141.664 01120.623 01099.697 01067.572 01006.764 00855.696 01059.316 01095.779 01122.137 01139.686 01161.206 01180.325 01190.457 01203.055 01210.177 01217.323 01209.419 01243.709 01224.476 01208.601 01175.113 01166.777 01195.607 01197.170 00889.396 00610.845 00480.092 00462.732 00463.606 00462.430 00462.858 00458.736 00456.829 00453.684 00640.952 -0001.000 -0001.000
00181.012 00178.059 00157.204 00173.796 01208.090 01141.298 01099.334 01075.067 01034.869 00993.010 00952.085 00970.669 01023.018 01052.242 01079.455 01131.393 01169.436 01199.078 01202.962 01209.568 01198.292 01189.630 01176.678 01154.885 01140.275 01118.327 01099.373 01068.174 01010.506 00841.882 01057.095 01093.911 01120.990 01137.477 01157.497 01177.132 01186.346 01199.182 01201.135 01211.020 01227.894 01235.562 01218.412 01200.599 01203.886 00474.492 00473.725 00576.737 00477.642 00465.528 00460.893 00460.609 00462.303 00460.136 00457.440 00454.124 00450.897 00443.782 -0001.000 -0001.000
00255.515 00167.830 00145.878 00176.060 01207.511 01139.046 01103.519 01066.982 01044.264 01005.060 00968.343 00993.922 01029.554 01053.896 01082.416 01123.659 01148.050 01186.131 01199.449 01204.780 01205.296 01195.068 01187.547 01169.614 01147.376 01132.876 01110.024 01098.622 01063.799 00973.287 00908.082 01066.697 01101.766 01121.463 01138.945 01158.652 01177.067 01184.996 01201.665 01208.388 01209.669 00994.667 01246.429 00830.403 00536.488 00473.986 00484.533 00472.132 00469.965 00462.382 00458.989 00458.674 00458.625 00458.069 00454.646 00449.997 00446.629 00443.336 -0001.000 -0001.000
00945.661 00321.429 00153.106 00732.663 01208.051 01148.888 01111.194 01072.966 01057.308 01009.970 00995.429 01006.990 01035.138 01056.793 01003.239 01128.095 01157.838 00984.923 01197.665 01202.184 01207.856 01197.889 01189.957 01178.481 01160.330 01142.235 01122.403 01101.621 01090.141 01054.081 00542.700 00977.881 01077.606 00957.265 01075.651 01140.780 01167.132 01182.014 01091.833 01017.703 00706.645 00566.979 00815.896 00576.650 00473.549 00472.688 00472.429 00471.573 00467.329 00460.727 00457.098 00460.169 00459.080 00456.358 00453.173 00450.475 00446.981 00442.958 -0001.000 -0001.000
01133.069 01148.255 01176.906 00979.525 01212.449 01172.962 01135.088 01104.828 01075.561 01075.019 01010.743 01048.444 01038.366 01071.603 00704.003 01136.594 01165.976 01192.990 01196.768 01200.094 01206.739 01197.259 01190.687 01189.770 01180.505 01167.522 01146.867 01123.156 01100.312 01064.229 00949.058 00792.874 01031.376 01083.181 00672.117 00986.019 01123.367 01184.279 00645.039 00610.269 00540.570 00476.539 00474.000 00473.442 00473.553 00472.553 00472.524 00470.052 00465.099 00458.974 00454.329 00457.116 00459.202 00456.083 00454.119 00450.612 00446.826 00442.602 -0001.000 -0001.000
00551.786 00816.565 01224.129 00774.946 01083.812 01216.999 01190.699 01162.908 01140.279 01131.906 01036.996 00976.272 00979.548 00650.354 00426.167 00713.044 00819.948 01076.334 00998.838 01196.898 01199.927 01206.378 01212.955 01218.431 01214.798 01197.671 01086.718 01124.855 01121.303 01096.535 01017.210 00788.908 00449.030 00167.639 00174.634 00504.075 00545.288 00471.419 00477.389 00477.381 00477.221 00476.486 00474.455 00472.369 00471.778 00471.218 00470.526 00468.308 00463.697 00457.146 00458.358 00459.905 00459.241 00456.517 00454.209 00450.571 00446.476 -0001.000 -0001.000 -0001.000
00470.939 00587.552 00518.630 00486.664 00578.256 00482.248 00480.879 00487.153 00536.938 00715.019 00584.439 00617.932 00490.214 00473.955 00476.810 00478.823 00482.059 00486.535 00620.548 00527.192 01096.572 00813.114 00692.331 01203.419 01012.658 00458.695 00157.538 00156.714 00167.989 00174.450 00177.211 00179.960 00188.362 00192.241 00410.448 00470.645 00479.835 00464.371 00477.246 00476.706 00476.600 00475.285 00472.256 00471.329 00471.557 00470.201 00469.590 00466.319 00461.270 00458.604 00461.244 00460.497 00459.298 00457.089 00454.373 00450.502 00444.746 -0001.000 -0001.000 -0001.000
00470.287 00474.458 00479.222 00484.191 00482.536 00482.025 00703.684 00483.278 00486.115 00482.925 00481.930 00481.485 00479.183 00480.614 00481.594 00483.200 00487.126 00489.700 00494.271 00764.762 00711.305 00559.582 00496.226 00603.050 00168.155 00160.963 00170.390 00182.475 00186.873 00183.567 -0001.000 00177.933 00180.851 -0001.000 00463.551 00463.784 00477.131 00476.324 00475.763 00476.387 00475.734 00472.697 00471.703 00470.644 00470.790 00472.259 00471.513 00465.243 00461.099 00459.946 00464.564 00461.979 00459.190 00456.578 00453.597 00449.770 00443.357 -0001.000 -0001.000 -0001.000
00469.529 00473.890 00477.470 00484.483 00482.765 00482.096 00483.471 00496.231 00488.312 00489.385 00487.073 00484.167 00483.747 00485.641 00488.587 00489.462 00490.355 00492.260 00500.097 00525.770 00503.520 00497.969 00496.837 00163.459 00159.917 00153.663 00162.989 00176.814 00187.351 00187.314 00180.225 -0001.000 -0001.000 -0001.000 00482.868 00480.891 00476.169 00475.673 00473.986 00475.056 00475.738 00474.910 00472.948 00470.120 00471.564 00473.888 00473.484 00464.872 00463.456 00462.014 00462.093 00463.444 00457.852 00458.712 00454.421 00451.633 00442.380 -0001.000 -0001.000 -0001.000
