data/trial4/ashley.rci
NCOLS 382
NROWS 266
XLLCORNER 157819.328125
YLLCORNER 384678.625000
CELLSIZE 30.000000
NODATA_VALUE -1
[rows 104 to 129 of 266, columns 240 to 299 of 382]
-0001.000 -0001.000 -0001.000 -0001.000 -0001.000 -0001.000 -0001.000 -0001.000 -0001.000 -0001.000 -0001.000 -0001.000 -0001.000 -0001.000 -0001.000 -0001.000 -0001.000 -0001.000 -0001.000 -0001.000 -0001.000 00989.733 00808.269 00971.110 01011.834 00790.127 00999.515 00830.043 00663.113 00675.944 00757.260 00902.196 00670.235 00919.821 00771.237 01032.751 00824.127 01015.518 00868.685 00649.421 00654.113 00653.685 00645.458 00650.467 00635.646 00634.794 00632.374 00635.244 00610.456 -0001.000 -0001.000 -0001.000 -0001.000 -0001.000 -0001.000 -0001.000 -0001.000 -0001.000 -0001.000 -0001.000
-0001.000 -0001.000 -0001.000 -0001.000 -0001.000 -0001.000 -0001.000 -0001.000 -0001.000 -0001.000 -0001.000 -0001.000 -0001.000 -0001.000 -0001.000 -0001.000 -0001.000 -0001.000 -0001.000 00944.039 00653.227 00931.657 00707.340 00765.934 00738.654 00672.576 00672.507 01068.811 00796.397 00965.691 00889.995 00672.763 00674.521 00812.126 00687.589 00663.140 00650.956 00943.531 00700.403 00653.865 00645.237 00648.956 00646.743 00646.194 00644.775 00644.838 00618.711 00629.609 -0001.000 -0001.000 -0001.000 -0001.000 -0001.000 -0001.000 -0001.000 -0001.000 -0001.000 -0001.000 -0001.000 -0001.000
-0001.000 -0001.000 -0001.000 -0001.000 -0001.000 -0001.000 -0001.000 -0001.000 -0001.000 -0001.000 -0001.000 -0001.000 -0001.000 -0001.000 -0001.000 -0001.000 -0001.000 00641.116 00648.925 00661.891 00662.072 00671.189 00668.970 00673.983 00677.754 00676.195 00674.199 00678.543 00675.009 00677.064 00673.423 00671.940 00673.420 00671.909 00668.309 00668.243 00657.666 00709.388 00655.705 00647.205 00650.604 00652.480 00651.930 00644.003 00635.926 00630.272 00629.180 00623.209 -0001.000 -0001.000 -0001.000 -0001.000 -0001.000 -0001.000 -0001.000 -0001.000 -0001.000 -0001.000 -0001.000 -0001.000
-0001.000 -0001.000 -0001.000 -0001.000 -0001.000 -0001.000 -0001.000 -0001.000 -0001.000 -0001.000 -0001.000 -0001.000 -0001.000 -0001.000 -0001.000 -0001.000 -0001.000 00639.727 00657.994 00657.332 00670.051 00682.465 00674.318 00676.093 00676.194 00677.875 00672.800 00675.973 00678.144 00676.094 00674.705 00672.840 00673.624 00673.341 00672.459 00656.088 00648.820 00653.640 00651.731 00654.792 00646.173 00647.293 00650.663 00639.347 00634.540 00631.511 00632.387 00632.433 -0001.000 -0001.000 -0001.000 -0001.000 -0001.000 -0001.000 -0001.000 -0001.000 -0001.000 -0001.000 -0001.000 -0001.000
-0001.000 -0001.000 -0001.000 -0001.000 -0001.000 -0001.000 -0001.000 -0001.000 -0001.000 -0001.000 -0001.000 -0001.000 -0001.000 -0001.000 -0001.000 -0001.000 -0001.000 00642.636 00656.034 00662.143 00680.199 00671.216 00688.168 00676.402 00677.598 00676.021 00677.269 00670.982 00675.211 00674.120 00672.875 00672.416 00673.790 00670.634 00665.934 00662.412 00658.883 00660.190 00648.949 00651.793 00652.044 00649.581 00645.558 00640.600 00630.961 00634.929 -0001.000 -0001.000 -0001.000 -0001.000 -0001.000 -0001.000 -0001.000 -0001.000 -0001.000 -0001.000 -0001.000 -0001.000 -0001.000 -0001.000
-0001.000 -0001.000 -0001.000 -0001.000 -0001.000 -0001.000 -0001.000 -0001.000 -0001.000 -0001.000 -0001.000 -0001.000 -0001.000 -0001.000 -0001.000 -0001.000 -0001.000 00638.234 00652.339 00667.476 00678.338 00679.262 00688.927 00676.741 00674.077 00676.189 00672.272 00674.015 00672.544 00674.396 00672.972 00673.481 00672.383 00672.854 00670.604 00668.205 00652.106 00652.816 00654.243 00649.448 00647.086 00829.544 00973.008 -0001.000 -0001.000 -0001.000 -0001.000 -0001.000 -0001.000 -0001.000 -0001.000 -0001.000 -0001.000 -0001.000 -0001.000 -0001.000 -0001.000 -0001.000 -0001.000 -0001.000
-0001.000 -0001.000 -0001.000 -0001.000 -0001.000 -0001.000 -0001.000 -0001.000 -0001.000 -0001.000 -0001.000 -0001.000 -0001.000 -0001.000 -0001.000 -0001.000 -0001.000 -0001.000 00653.234 00663.640 00666.964 00685.189 00691.041 00681.682 00673.104 00673.254 00672.959 00671.482 00673.718 00673.111 00672.788 00673.092 00673.567 00669.123 00664.541 00663.185 00661.619 00650.355 01050.818 00721.634 00843.481 -0001.000 -0001.000 -0001.000 -0001.000 -0001.000 -0001.000 -0001.000 -0001.000 -0001.000 -0001.000 -0001.000 -0001.000 -0001.000 -0001.000 -0001.000 -0001.000 -0001.000 -0001.000 -0001.000
-0001.000 -0001.000 -0001.000 -0001.000 -0001.000 -0001.000 -0001.000 -0001.000 -0001.000 -0001.000 -0001.000 -0001.000 -0001.000 -0001.000 -0001.000 -0001.000 -0001.000 -0001.000 00652.560 00629.541 00672.808 00678.440 00676.518 00681.917 00672.445 00670.313 00671.878 00672.354 00672.117 00672.135 00672.268 00672.028 00672.617 00668.523 00661.176 00654.635 00653.829 00850.986 00921.707 00952.018 -0001.000 -0001.000 -0001.000 -0001.000 -0001.000 -0001.000 -0001.000 -0001.000 -0001.000 -0001.000 -0001.000 -0001.000 -0001.000 -0001.000 -0001.000 -0001.000 -0001.000 -0001.000 -0001.000 -0001.000
-0001.000 -0001.000 -0001.000 -0001.000 -0001.000 00185.548 00358.234 00542.160 00271.137 00487.775 -0001.000 -0001.000 -0001.000 -0001.000 -0001.000 -0001.000 -0001.000 -0001.000 -0001.000 00264.988 00678.403 00686.131 00680.867 00682.864 00638.129 00677.448 00670.725 00671.040 00673.113 00672.768 00673.522 00671.471 00667.458 00661.770 00658.312 00655.665 01073.053 00711.203 00780.693 00830.279 -0001.000 -0001.000 -0001.000 -0001.000 -0001.000 -0001.000 -0001.000 -0001.000 -0001.000 -0001.000 -0001.000 -0001.000 -0001.000 -0001.000 -0001.000 -0001.000 -0001.000 -0001.000 -0001.000 -0001.000
-0001.000 -0001.000 -0001.000 -0001.000 00430.035 00665.861 00685.038 00204.529 00470.941 00892.075 00443.461 00369.431 00284.808 00468.084 00590.857 -0001.000 -0001.000 -0001.000 -0001.000 -0001.000 00354.452 00436.816 00656.500 00520.993 00680.355 00673.041 00677.628 00671.370 00672.567 00673.933 00673.422 00671.474 00666.422 00666.396 00661.815 00784.011 00880.755 00956.326 01035.502 00691.689 -0001.000 -0001.000 -0001.000 -0001.000 -0001.000 -0001.000 -0001.000 -0001.000 -0001.000 -0001.000 -0001.000 -0001.000 -0001.000 -0001.000 -0001.000 -0001.000 -0001.000 -0001.000 -0001.000 -0001.000
-0001.000 -0001.000 -0001.000 00660.629 00153.724 00856.396 00703.297 00591.104 00839.174 00590.818 00790.647 00989.022 00707.271 00358.927 00242.256 00404.908 00519.393 -0001.000 -0001.000 -0001.000 -0001.000 00473.235 00293.729 00504.691 00674.363 00669.897 00671.009 00673.282 00673.784 00674.131 00671.674 00670.552 00664.994 00907.220 00979.969 01048.133 00705.879 00800.969 00879.565 00952.148 -0001.000 -0001.000 -0001.000 -0001.000 -0001.000 -0001.000 -0001.000 -0001.000 -0001.000 -0001.000 -0001.000 -0001.000 -0001.000 -0001.000 -0001.000 -0001.000 -0001.000 -0001.000 -0001.000 -0001.000
-0001.000 -0001.000 00355.118 00303.774 00290.903 00502.149 00932.357 00756.218 00947.395 00708.386 00862.616 01016.997 00793.299 00990.953 00815.994 00370.641 00228.983 00479.126 00204.770 -0001.000 -0001.000 00440.155 00386.650 01012.218 00794.867 00997.612 00882.899 01084.227 01003.429 01063.294 00942.607 00745.215 00949.228 00738.330 00821.372 00886.701 00962.073 00651.331 -0001.000 -0001.000 -0001.000 -0001.000 -0001.000 -0001.000 -0001.000 -0001.000 -0001.000 -0001.000 -0001.000 -0001.000 -0001.000 -0001.000 -0001.000 -0001.000 -0001.000 -0001.000 -0001.000 -0001.000 -0001.000 -0001.000
-0001.000 -0001.000 00527.175 00110.854 00232.793 00836.745 00711.607 00969.603 00845.703 00709.596 00963.456 00811.627 01067.438 00978.878 00655.989 00912.782 00452.117 00139.471 00563.823 00177.421 00498.736 00237.614 00529.366 00880.907 00666.218 00699.009 01007.051 00931.020 00845.216 00765.079 00682.701 00942.985 00792.655 01039.632 00670.520 00723.939 00807.253 -0001.000 -0001.000 -0001.000 -0001.000 -0001.000 -0001.000 -0001.000 -0001.000 -0001.000 -0001.000 -0001.000 -0001.000 -0001.000 -0001.000 -0001.000 -0001.000 -0001.000 -0001.000 -0001.000 -0001.000 -0001.000 -0001.000 -0001.000
-0001.000 -0001.000 00608.696 00358.605 00465.980 00664.388 00810.874 01055.320 01053.068 01050.470 01048.291 01031.275 01051.689 01058.138 00734.454 01041.157 00973.470 00902.373 01001.920 00816.161 00430.139 00232.218 00587.302 00907.803 00933.463 00874.854 00902.821 00743.867 00677.322 00992.292 00924.031 01035.995 00914.034 00789.415 00679.854 00986.752 00907.432 00835.823 00765.732 -0001.000 -0001.000 -0001.000 -0001.000 -0001.000 -0001.000 -0001.000 -0001.000 -0001.000 -0001.000 -0001.000 -0001.000 -0001.000 -0001.000 -0001.000 -0001.000 -0001.000 -0001.000 -0001.000 -0001.000 -0001.000
-0001.000 -0001.000 00313.232 00167.318 00650.071 01057.550 01051.393 01023.516 00997.322 00987.979 00964.976 00960.092 01002.342 01045.310 01053.437 01059.085 00786.375 00731.628 00685.908 01019.788 00907.191 00772.120 00640.030 00375.923 00280.115 00923.839 00942.009 00874.158 01024.182 00781.253 00727.375 01033.755 00996.796 00966.209 00789.199 00714.901 01041.400 01007.815 00950.525 00892.516 -0001.000 -0001.000 -0001.000 -0001.000 -0001.000 -0001.000 -0001.000 -0001.000 -0001.000 -0001.000 -0001.000 -0001.000 -0001.000 -0001.000 -0001.000 -0001.000 -0001.000 -0001.000 -0001.000 -0001.000
-0001.000 00221.265 00546.701 00374.555 01061.251 01050.395 01009.410 00976.427 00952.762 00931.181 00868.080 00889.343 00935.169 00994.491 01028.453 01052.098 01057.460 00912.832 00887.536 00869.637 00828.475 00963.678 00895.578 00813.808 00654.419 00453.196 00909.517 00735.243 00756.246 00961.104 00811.675 00788.273 00765.019 00746.031 00728.579 00705.727 00684.818 01045.235 01049.232 01029.735 01002.168 00943.509 -0001.000 -0001.000 -0001.000 -0001.000 -0001.000 -0001.000 -0001.000 -0001.000 -0001.000 -0001.000 -0001.000 -0001.000 -0001.000 -0001.000 -0001.000 -0001.000 -0001.000 -0001.000
-0001.000 -0001.000 00314.289 00165.883 01053.455 01007.740 00964.585 00935.042 00917.387 00856.667 00518.298 00880.161 00916.657 00959.686 00999.756 01044.129 01053.044 01050.500 01032.525 01035.832 00653.762 00630.875 00589.669 00959.967 00918.652 00852.661 00674.352 00808.703 00873.142 00842.583 00895.102 00854.605 00854.992 00849.816 00831.570 00813.085 00795.547 00775.367 00757.555 00737.402 00722.952 00708.050 00691.309 -0001.000 -0001.000 -0001.000 -0001.000 00990.604 00746.306 00952.335 00703.878 00644.568 00644.276 00644.775 00631.503 00628.460 -0001.000 -0001.000 -0001.000 -0001.000
-0001.000 -0001.000 00541.095 00351.239 01051.966 00994.206 00960.146 00937.077 00910.689 00858.787 00389.917 00874.224 00902.343 00913.895 00974.290 01012.757 01042.486 01053.874 01058.355 00894.481 00842.837 00871.010 00720.386 00701.376 00650.308 00576.767 00437.006 00282.972 00870.766 00696.979 00855.767 00905.326 00909.225 00921.269 00932.811 00932.752 00932.256 00941.517 00801.799 00778.595 00784.987 00786.383 00787.577 00729.853 00875.051 00925.529 00735.692 00992.641 00864.766 00685.832 00643.585 00650.216 00639.007 00642.416 00640.303 00640.789 00625.911 00922.505 -0001.000 -0001.000
00352.486 00542.342 00235.125 00528.240 01050.737 00991.886 00955.678 00928.084 00901.131 00863.845 00834.131 00859.763 00910.205 00921.711 00942.047 00988.021 01024.414 01048.452 01051.508 00938.884 00990.506 00658.177 00706.738 00820.420 00836.156 00837.881 00826.794 00630.611 00554.927 00744.842 00836.933 00899.617 00951.738 00973.917 00995.454 01022.629 00679.928 00692.512 00713.906 00806.726 00805.162 00806.487 00726.708 00968.424 00700.048 00661.903 00654.089 00889.875 00693.427 00648.926 00653.066 00643.113 00647.347 00647.839 00631.000 00635.323 00635.096 00609.277 -0001.000 -0001.000
00647.751 00360.240 00515.231 00200.139 01050.391 00990.552 00959.683 00927.861 00910.611 00877.926 00842.745 00866.730 00906.996 00926.582 00948.352 00977.871 00997.785 01038.184 01044.499 01058.910 00782.128 00849.901 00913.195 00936.658 00962.658 00569.582 00568.915 00577.913 00741.131 00684.158 00759.809 00697.616 00693.113 00911.010 00823.137 00725.872 00784.940 00837.905 00830.781 00789.173 00702.011 00950.252 00736.698 01045.851 00876.604 00652.822 00696.882 00649.125 00655.488 00636.708 00640.483 00634.414 00637.561 00637.905 00630.857 00632.816 00616.973 00608.832 -0001.000 -0001.000
00589.753 00192.423 00088.050 00749.290 01050.872 00999.622 00966.566 00933.695 00928.042 00887.839 00877.113 00890.239 00918.016 00919.804 00946.349 00981.181 01006.153 01023.548 01048.826 01050.558 00968.517 01028.895 00724.898 00791.111 00777.129 00781.699 00660.015 00662.715 00766.248 00183.266 00101.509 00643.710 00810.592 00840.313 00991.758 00688.452 00853.565 00928.444 01005.459 01017.739 00926.816 00804.185 00993.429 00875.180 00652.815 00651.686 00654.565 00655.176 00650.531 00649.371 00646.413 00649.409 00646.441 00627.458 00628.974 00636.433 00618.875 00620.252 -0001.000 -0001.000
00774.960 00926.480 00956.278 00847.749 01054.567 01020.147 00985.074 00961.818 00945.250 00940.866 00910.211 00913.221 00924.850 00931.251 00951.741 00984.864 01014.534 01046.699 01045.709 01053.715 00778.959 00775.000 00822.761 00992.688 00741.907 00957.552 00807.960 00653.791 00715.422 00727.006 00109.922 00701.676 00572.818 00697.021 01026.328 00797.571 00927.239 00696.961 00799.594 00784.627 00742.595 00658.687 00650.844 00655.513 00664.379 00661.980 00661.402 00645.552 00640.816 00637.784 00642.431 00636.077 00633.532 00641.038 00626.406 00627.905 00629.901 00632.130 -0001.000 -0001.000
00635.060 00645.143 00956.908 00661.273 01032.728 01058.724 01035.914 00994.129 00988.906 00984.808 00938.543 00923.452 00915.564 00865.898 00602.458 00989.164 01004.140 01011.644 01009.896 01040.451 01052.288 01047.950 01052.032 01057.113 00664.829 01037.930 00868.235 00727.000 00873.470 00939.627 00172.935 00761.243 00644.466 00450.730 00263.589 00690.414 00698.916 00658.304 00662.180 00667.997 00667.145 00664.335 00664.632 00654.483 00653.818 00657.724 00656.053 00652.674 00651.049 00633.396 00629.472 00636.377 00639.181 00634.179 00636.749 00638.581 00618.001 -0001.000 -0001.000 -0001.000
00646.235 00649.743 00721.983 00663.880 00814.195 01035.102 00720.296 00794.826 00908.599 00898.941 00804.104 00810.930 00675.397 00849.757 00745.074 00667.990 00687.220 00736.958 00995.141 01034.660 01054.336 01054.143 01053.400 01059.936 00819.082 00634.575 00241.504 00749.229 00270.611 00573.168 00379.288 00206.554 00463.327 00181.610 00670.218 00664.107 00666.014 00659.046 00666.960 00662.560 00662.010 00655.033 00671.143 00664.530 00655.887 00652.800 00646.225 00648.167 00645.642 00631.677 00638.663 00643.287 00644.931 00628.102 00628.654 00628.740 00630.371 -0001.000 -0001.000 -0001.000
00645.330 00651.083 00884.542 00664.428 00921.223 00838.676 00930.223 00930.740 00958.195 00943.497 00874.902 00775.217 00660.626 00795.393 00661.394 00904.526 00889.657 00784.896 00794.942 01055.381 01054.838 01051.293 00711.886 01056.625 00488.016 00272.493 00477.359 00345.202 00458.806 00171.060 -0001.000 00167.405 00168.621 -0001.000 00170.411 00510.142 00669.725 00657.657 00668.437 00660.151 00670.738 00660.754 00648.262 00651.476 00658.086 00649.174 00651.434 00654.212 00635.914 00643.255 00648.262 00635.083 00635.842 00636.613 00638.406 00619.350 00618.575 -0001.000 -0001.000 -0001.000
00646.071 00650.288 00655.202 00664.824 00742.227 00673.051 01014.240 00942.330 00857.961 00714.802 00934.113 00776.984 00962.596 00711.945 00911.417 00806.304 00721.894 01007.772 00991.434 01047.580 00713.265 00832.987 00771.192 00176.257 00488.473 00106.225 00235.762 00960.530 00264.957 00174.529 00167.367 -0001.000 -0001.000 -0001.000 00528.099 00671.900 00656.151 00666.170 00674.054 00658.502 00662.028 00668.614 00657.930 00660.760 00648.571 00652.932 00656.732 00641.145 00648.550 00635.176 00641.621 00643.044 00644.325 00629.939 00629.742 00631.697 00633.492 -0001.000 -0001.000 -0001.000
