data/trial4/ashley.hpa
NCOLS 382
NROWS 266
XLLCORNER 157819.328125
YLLCORNER 384678.625000
CELLSIZE 30.000000
NODATA_VALUE -1
[rows 156 to 181 of 266, columns 240 to 299 of 382]
00104.999 00288.389 00125.449 00144.593 00103.405 00135.139 00498.172 00494.522 00492.736 00492.236 00493.759 00498.165 00504.132 00502.047 00499.291 00494.839 00496.209 00497.328 00497.432 00496.641 00493.163 00491.757 00491.905 00492.039 00492.161 00492.256 00492.643 00493.798 00497.289 00500.221 00500.395 00499.581 00236.960 00216.655 00341.430 00093.305 00126.077 00091.019 00090.429 00090.207 00092.227 00302.008 00468.296 00464.788 00459.724 -0001.000 -0001.000 -0001.000 -0001.000 -0001.000 -0001.000 -0001.000 -0001.000 -0001.000 -0001.000 -0001.000 -0001.000 -0001.000 -0001.000 -0001.000
00104.929 00169.477 00162.571 00144.350 00298.529 00504.882 00501.136 00494.901 00494.045 00494.291 00498.426 00499.439 00500.417 00494.382 00495.116 00496.688 00494.593 00495.168 00497.110 00498.837 00495.947 00492.406 00495.889 00497.459 00494.796 00492.948 00492.532 00490.659 00490.881 00491.935 00359.051 00154.790 00114.701 00128.854 00317.398 00195.441 00137.140 00090.514 00089.573 00088.904 00119.587 00091.719 00468.358 00466.298 00460.832 -0001.000 -0001.000 -0001.000 -0001.000 -0001.000 -0001.000 -0001.000 -0001.000 -0001.000 -0001.000 -0001.000 -0001.000 -0001.000 -0001.000 -0001.000
00103.183 00105.487 00104.909 00114.473 00201.213 00341.705 00506.210 00497.297 00496.024 00495.013 00494.139 00494.107 00493.947 00494.258 00493.070 00490.865 00488.996 00487.849 00489.406 00491.531 00492.743 00493.252 00493.696 00494.066 00492.042 00489.196 00487.302 00485.507 00483.874 00484.035 00484.279 00164.603 00098.560 00217.834 00281.684 00229.762 00090.325 00089.763 00089.257 00088.477 00087.861 00087.743 00139.178 00467.532 00461.873 -0001.000 -0001.000 -0001.000 -0001.000 -0001.000 -0001.000 -0001.000 -0001.000 -0001.000 -0001.000 -0001.000 -0001.000 -0001.000 -0001.000 -0001.000
00101.387 00105.234 00105.520 00105.472 00131.211 00187.847 00506.698 00499.746 00496.553 00491.152 00492.583 00492.723 00490.310 00489.234 00487.205 00486.163 00485.386 00483.826 00483.389 00485.010 00486.523 00212.738 00103.582 00185.382 00488.069 00485.472 00482.730 00481.227 00477.139 00474.766 00309.179 00165.329 00092.585 00094.743 00145.155 00126.988 00090.017 00089.197 00088.724 00088.259 00087.746 00087.686 00468.383 00466.137 00460.335 -0001.000 -0001.000 -0001.000 -0001.000 -0001.000 -0001.000 -0001.000 -0001.000 -0001.000 -0001.000 -0001.000 -0001.000 -0001.000 -0001.000 -0001.000
00102.232 00104.512 00105.089 00105.434 00226.152 00114.882 00506.448 00503.431 00498.032 00487.586 00482.747 00482.321 00482.110 00483.051 00483.116 00482.297 00481.380 00480.551 00479.695 00480.130 00480.977 00222.181 00111.919 00100.685 00197.693 00265.477 00480.986 00483.434 00479.297 00215.299 00113.662 00090.857 00091.548 00090.176 00090.192 00089.389 00089.022 00088.689 00088.371 00087.830 00087.895 00469.155 00468.456 00466.047 -0001.000 -0001.000 -0001.000 -0001.000 -0001.000 -0001.000 -0001.000 -0001.000 -0001.000 -0001.000 -0001.000 -0001.000 -0001.000 -0001.000 -0001.000 -0001.000
00102.353 00104.256 00104.763 00105.067 00159.535 00297.345 00427.073 00467.727 00496.277 00490.514 00491.010 00477.598 00476.432 00477.628 00479.748 00478.792 00478.078 00478.034 00478.162 00477.540 00477.930 00462.415 00102.175 00092.678 00099.336 00128.304 00254.757 00485.546 00478.849 00138.315 00088.369 00089.079 00090.060 00089.507 00089.059 00088.693 00088.297 00087.980 00087.424 00087.214 00302.482 00467.690 00463.795 -0001.000 -0001.000 -0001.000 -0001.000 -0001.000 -0001.000 -0001.000 -0001.000 -0001.000 -0001.000 -0001.000 -0001.000 -0001.000 -0001.000 -0001.000 -0001.000 -0001.000
00101.035 00104.105 00104.575 00104.772 00105.135 00151.342 00213.614 00368.519 00499.070 00493.492 00494.407 00482.186 00475.620 00477.277 00476.922 00476.066 00475.361 00476.038 00317.693 00300.485 00168.692 00125.331 00139.478 00091.598 00091.340 00203.482 00337.417 00346.159 00478.139 00087.987 00086.675 00088.215 00088.644 00088.239 00088.084 00087.909 00087.348 00087.418 00087.148 00087.979 00459.950 00466.142 00460.896 -0001.000 -0001.000 -0001.000 -0001.000 -0001.000 -0001.000 -0001.000 -0001.000 -0001.000 -0001.000 -0001.000 -0001.000 -0001.000 -0001.000 -0001.000 -0001.000 -0001.000
00097.693 00102.195 00104.280 00104.456 00103.915 00104.014 00123.805 00506.084 00501.857 00497.896 00496.089 00487.064 00478.181 00477.460 00475.953 00471.949 00318.168 00095.115 00091.860 00091.803 00091.677 00091.633 00128.615 00090.836 00090.711 00091.343 00107.671 00229.689 00160.426 00088.635 00087.351 00086.771 00086.867 00086.910 00086.924 00086.845 00086.752 00086.654 00087.392 00104.754 00161.773 00465.204 00459.565 -0001.000 -0001.000 -0001.000 -0001.000 -0001.000 -0001.000 -0001.000 -0001.000 -0001.000 -0001.000 -0001.000 -0001.000 -0001.000 -0001.000 -0001.000 -0001.000 -0001.000
00097.075 00098.546 00102.231 00103.407 00103.193 00102.111 00231.045 00412.450 00504.467 00501.435 00497.648 00488.751 00482.397 00475.361 00476.513 00476.865 00253.680 00104.305 00092.007 00092.302 00091.663 00091.149 00091.113 00090.537 00090.478 00097.467 00150.814 00090.485 00089.593 00088.020 00086.386 00085.583 00085.495 00085.361 00085.345 00085.452 00086.584 00087.320 00087.960 00088.189 00349.240 00464.134 -0001.000 -0001.000 -0001.000 -0001.000 -0001.000 -0001.000 -0001.000 -0001.000 -0001.000 -0001.000 -0001.000 -0001.000 -0001.000 -0001.000 -0001.000 -0001.000 -0001.000 -0001.000
00094.748 00097.525 00098.718 00100.041 00103.147 00114.830 00100.348 00503.666 00501.807 00499.649 00496.994 00488.505 00483.163 00475.777 00478.095 00368.752 00158.505 00092.270 00092.142 00091.816 00091.435 00091.063 00090.565 00090.172 00089.629 00088.944 00088.751 00089.882 00088.714 00086.975 00086.258 00124.254 00115.283 00090.005 00128.654 00290.709 00469.011 00236.360 00469.614 00468.833 00466.343 -0001.000 -0001.000 -0001.000 -0001.000 -0001.000 -0001.000 -0001.000 -0001.000 -0001.000 -0001.000 -0001.000 -0001.000 -0001.000 -0001.000 -0001.000 -0001.000 -0001.000 -0001.000 -0001.000
00486.065 00095.230 00096.575 00121.546 00128.139 00132.148 00501.585 00384.944 00499.378 00497.007 00492.915 00287.659 00108.541 00093.230 00092.960 00092.529 00092.441 00092.354 00092.290 00092.131 00091.792 00091.130 00090.635 00090.182 00089.597 00088.913 00088.572 00089.280 00088.057 00087.161 00086.630 00288.536 00259.004 00154.525 -0001.000 -0001.000 -0001.000 -0001.000 -0001.000 -0001.000 -0001.000 -0001.000 -0001.000 -0001.000 -0001.000 -0001.000 -0001.000 -0001.000 -0001.000 -0001.000 -0001.000 -0001.000 -0001.000 -0001.000 -0001.000 -0001.000 -0001.000 -0001.000 -0001.000 -0001.000
00478.552 00486.911 00095.651 00096.558 00106.859 00111.503 00120.065 00170.348 00218.336 00244.586 00197.878 00142.494 00100.718 00093.864 00093.280 00092.846 00092.608 00092.491 00092.362 00092.122 00091.584 00090.856 00090.412 00090.155 00089.592 00088.836 00088.538 00088.637 00087.771 00087.536 00086.978 00242.775 00463.219 -0001.000 -0001.000 -0001.000 -0001.000 -0001.000 -0001.000 -0001.000 -0001.000 -0001.000 -0001.000 -0001.000 -0001.000 -0001.000 -0001.000 -0001.000 -0001.000 -0001.000 -0001.000 -0001.000 -0001.000 -0001.000 -0001.000 -0001.000 -0001.000 -0001.000 -0001.000 -0001.000
00472.947 00478.579 00487.561 00095.369 00096.119 00098.136 00099.201 00099.967 00103.002 00115.318 00124.573 00112.892 00097.613 00095.942 00094.962 00093.359 00092.647 00092.512 00092.381 00092.204 00091.616 00090.510 00089.906 00089.996 00089.605 00088.658 00088.567 00088.463 00088.100 00087.859 00087.288 00097.749 00417.071 00221.515 00467.015 00465.957 00184.536 00089.178 00085.294 -0001.000 -0001.000 -0001.000 -0001.000 -0001.000 -0001.000 -0001.000 -0001.000 -0001.000 -0001.000 -0001.000 -0001.000 -0001.000 -0001.000 -0001.000 -0001.000 -0001.000 -0001.000 -0001.000 -0001.000 -0001.000
00087.658 00472.376 00478.594 00488.225 00108.979 00096.508 00097.100 00097.371 00097.378 00096.918 00096.533 00096.134 00095.766 00095.610 00094.772 00093.149 00093.133 00092.836 00092.373 00092.111 00091.426 00090.425 00090.007 00089.644 00088.970 00088.779 00088.552 00088.379 00088.278 00088.320 00087.870 00088.612 00091.632 00120.180 00090.220 00087.327 00110.955 00095.554 00085.937 00085.579 00086.992 -0001.000 -0001.000 -0001.000 -0001.000 -0001.000 -0001.000 -0001.000 -0001.000 -0001.000 -0001.000 -0001.000 -0001.000 -0001.000 -0001.000 -0001.000 -0001.000 -0001.000 -0001.000 -0001.000
00087.226 00087.111 00471.541 00478.591 00349.222 00095.390 00096.096 00095.622 00095.294 00094.679 00094.433 00094.829 00095.349 00095.450 00094.993 00094.485 00093.270 00092.076 00092.002 00091.596 00091.612 00091.080 00089.558 00089.043 00088.728 00088.734 00088.758 00088.579 00088.528 00088.917 00088.609 00088.621 00088.364 00087.937 00087.940 00087.965 00087.608 00086.820 00086.312 00085.854 00085.329 00085.058 -0001.000 -0001.000 -0001.000 -0001.000 -0001.000 -0001.000 -0001.000 -0001.000 -0001.000 -0001.000 -0001.000 -0001.000 -0001.000 -0001.000 -0001.000 -0001.000 -0001.000 -0001.000
00086.736 00086.714 00154.852 00346.675 00256.745 00120.758 00094.329 00094.608 00093.800 00093.233 00093.497 00094.113 00094.376 00094.512 00094.452 00093.996 00093.702 00092.997 00092.361 00091.752 00091.271 00090.379 00089.637 00089.000 00088.525 00089.066 00089.103 00088.967 00088.879 00088.908 00088.790 00088.618 00088.402 00088.113 00088.043 00087.904 00087.638 00087.111 00086.632 00086.197 00085.695 00085.089 00086.127 -0001.000 -0001.000 -0001.000 -0001.000 -0001.000 -0001.000 -0001.000 -0001.000 -0001.000 -0001.000 -0001.000 -0001.000 -0001.000 -0001.000 -0001.000 -0001.000 -0001.000
00086.310 00086.393 00159.210 00192.920 00090.406 00115.968 00092.546 00092.873 00093.402 00092.795 00092.416 00092.789 00093.078 00093.161 00093.344 00093.122 00092.930 00092.877 00092.747 00091.960 00091.115 00090.359 00089.697 00088.656 00088.658 00089.245 00089.081 00088.946 00088.945 00088.866 00088.714 00088.568 00088.383 00088.218 00088.063 00087.844 00087.534 00087.085 00086.578 00086.292 00085.832 00085.247 00085.824 -0001.000 -0001.000 -0001.000 -0001.000 -0001.000 -0001.000 -0001.000 -0001.000 -0001.000 -0001.000 -0001.000 -0001.000 -0001.000 -0001.000 -0001.000 -0001.000 -0001.000
00085.389 00085.636 00086.881 00100.065 00089.713 00091.950 00092.049 00091.648 00091.028 00091.327 00091.722 00092.122 00092.403 00092.639 00092.685 00092.309 00092.069 00091.971 00091.885 00091.693 00090.985 00089.687 00089.145 00089.337 00089.235 00088.832 00088.689 00088.532 00088.750 00088.629 00088.673 00088.504 00088.213 00087.995 00087.865 00087.704 00087.462 00087.084 00086.474 00086.213 00086.021 00085.255 00085.308 -0001.000 -0001.000 -0001.000 -0001.000 -0001.000 -0001.000 -0001.000 -0001.000 -0001.000 -0001.000 -0001.000 -0001.000 -0001.000 -0001.000 -0001.000 -0001.000 -0001.000
-0001.000 00085.144 00087.041 00088.068 00089.325 00090.370 00091.477 00091.040 00090.665 00090.536 00091.044 00091.517 00091.618 00091.664 00091.650 00091.606 00091.559 00091.443 00091.186 00090.816 00090.478 00090.054 00089.417 00088.901 00088.587 00088.488 00088.393 00088.507 00088.155 00088.419 00088.424 00088.233 00087.883 00087.728 00087.582 00087.375 00087.138 00086.748 00086.323 00085.979 00085.612 00085.064 -0001.000 -0001.000 -0001.000 -0001.000 -0001.000 -0001.000 -0001.000 -0001.000 -0001.000 -0001.000 -0001.000 -0001.000 -0001.000 -0001.000 -0001.000 -0001.000 -0001.000 -0001.000
-0001.000 00085.368 00087.042 00087.913 00089.211 00090.170 00090.140 00089.582 00090.279 00090.218 00089.782 00090.496 00090.923 00091.134 00091.158 00091.150 00091.062 00090.878 00090.625 00090.212 00089.997 00089.604 00089.530 00089.967 00089.778 00088.498 00088.198 00088.067 00088.326 00088.233 00088.100 00087.866 00087.660 00087.470 00087.255 00087.010 00086.671 00086.248 00085.886 00085.525 00085.202 -0001.000 -0001.000 -0001.000 -0001.000 -0001.000 -0001.000 -0001.000 -0001.000 -0001.000 -0001.000 -0001.000 -0001.000 -0001.000 -0001.000 -0001.000 -0001.000 -0001.000 -0001.000 -0001.000
-0001.000 -0001.000 00087.519 00088.024 00088.506 00089.683 00090.575 00089.864 00089.044 00089.506 00089.953 00090.267 00090.522 00090.688 00090.559 00090.411 00090.392 00090.254 00089.992 00089.711 00089.372 00089.125 00089.212 00089.182 00089.399 00088.158 00088.460 00088.215 00088.084 00087.938 00087.749 00087.621 00087.385 00087.170 00086.918 00086.633 00086.193 00085.705 00085.250 00084.998 -0001.000 -0001.000 -0001.000 -0001.000 -0001.000 -0001.000 -0001.000 -0001.000 -0001.000 -0001.000 -0001.000 -0001.000 -0001.000 -0001.000 -0001.000 -0001.000 -0001.000 -0001.000 -0001.000 -0001.000
-0001.000 -0001.000 00086.903 00087.665 00088.277 00088.800 00089.377 00090.193 00089.887 00089.403 00089.311 00089.850 00090.156 00090.100 00089.948 00089.924 00089.863 00089.607 00089.415 00089.245 00089.081 00088.954 00088.816 00088.689 00088.605 00088.417 00088.059 00087.756 00087.475 00087.208 00087.164 00087.103 00087.057 00086.777 00086.528 00086.175 00085.746 00085.180 -0001.000 -0001.000 -0001.000 -0001.000 -0001.000 -0001.000 -0001.000 -0001.000 -0001.000 -0001.000 -0001.000 -0001.000 -0001.000 -0001.000 -0001.000 -0001.000 -0001.000 -0001.000 -0001.000 -0001.000 -0001.000 -0001.000
-0001.000 -0001.000 -0001.000 00087.101 00087.823 00088.295 00088.649 00089.416 00089.639 00088.994 00089.031 00089.153 00089.451 00089.547 00089.524 00089.531 00089.279 00089.049 00089.012 00088.860 00088.728 00088.694 00088.561 00088.091 00088.021 00087.227 00086.893 00086.544 00086.401 00086.495 00086.570 00086.416 00086.295 00086.144 00085.926 00085.499 00085.122 -0001.000 -0001.000 -0001.000 -0001.000 -0001.000 -0001.000 -0001.000 -0001.000 -0001.000 -0001.000 -0001.000 -0001.000 -0001.000 -0001.000 -0001.000 -0001.000 -0001.000 -0001.000 -0001.000 -0001.000 -0001.000 -0001.000 -0001.000
-0001.000 -0001.000 -0001.000 00086.681 00087.216 00087.764 00088.058 00088.811 00089.535 00089.243 00088.941 00088.829 00089.085 00089.343 00089.333 00089.055 00088.949 00088.864 00088.720 00088.586 00088.768 00088.577 00088.160 00088.073 00087.738 00087.145 00086.388 00085.161 00084.840 00084.991 00085.112 00085.215 00085.223 00085.193 00085.124 -0001.000 -0001.000 -0001.000 -0001.000 -0001.000 -0001.000 -0001.000 -0001.000 -0001.000 -0001.000 -0001.000 -0001.000 -0001.000 -0001.000 -0001.000 -0001.000 -0001.000 -0001.000 -0001.000 -0001.000 -0001.000 -0001.000 -0001.000 -0001.000 -0001.000
-0001.000 -0001.000 -0001.000 -0001.000 00086.696 00087.233 00087.515 00087.945 00088.721 00088.767 00088.845 00088.611 00088.488 00088.685 00088.837 00088.857 00088.746 00088.609 00088.415 00088.484 00088.445 00088.182 00087.992 00087.898 00087.504 00086.937 -0001.000 -0001.000 -0001.000 -0001.000 -0001.000 -0001.000 -0001.000 -0001.000 -0001.000 -0001.000 -0001.000 -0001.000 -0001.000 -0001.000 -0001.000 -0001.000 -0001.000 -0001.000 -0001.000 -0001.000 -0001.000 -0001.000 -0001.000 -0001.000 -0001.000 -0001.000 -0001.000 -0001.000 -0001.000 -0001.000 -0001.000 -0001.000 -0001.000 -0001.000
-0001.000 -0001.000 -0001.000 -0001.000 -0001.000 00086.720 00086.990 00087.279 00087.823 00088.109 00088.150 00088.266 00088.359 00088.433 00088.503 00088.556 00088.508 00088.334 00088.155 00088.097 00088.008 00087.862 00087.779 00087.499 00087.199 00086.757 -0001.000 -0001.000 -0001.000 -0001.000 -0001.000 -0001.000 -0001.000 -0001.000 -0001.000 -0001.000 -0001.000 -0001.000 -0001.000 -0001.000 -0001.000 -0001.000 -0001.000 -0001.000 -0001.000 -0001.000 -0001.000 -0001.000 -0001.000 -0001.000 -0001.000 -0001.000 -0001.000 -0001.000 -0001.000 -0001.000 -0001.000 -0001.000 -0001.000 -0001.000
