data/trial4/ashley.ros
NCOLS 382
NROWS 266
XLLCORNER 157819.328125
YLLCORNER 384678.625000
CELLSIZE 30.000000
NODATA_VALUE -1
[rows 136 to 169 of 266, columns 231 to 307 of 382]
04.24 03.56 03.30 03.24 03.21 02.84 02.41 02.77 02.94 02.80 02.92 03.00 03.08 03.36 04.00 05.35 05.59 04.27 03.34 03.39 03.43 03.44 03.59 03.88 04.20 04.45 04.74 05.29 04.43 04.21 04.63 04.80 00.17 00.31 00.48 -1.00 -1.00 -1.00 -1.00 -1.00 -1.00 00.38 01.43 05.88 14.04 15.44 10.75 08.61 07.48 07.85 08.21 10.61 12.19 14.87 11.01 07.68 06.99 06.64 09.37 13.44 09.75 07.67 07.18 -1.00 -1.00 -1.00 -1.00 -1.00 -1.00 -1.00 -1.00 -1.00 -1.00 -1.00 -1.00 -1.00 -1.00
03.56 03.65 03.23 03.01 03.29 03.35 02.95 02.58 03.16 03.01 03.14 03.09 03.34 03.66 04.09 04.43 03.99 03.59 03.28 03.27 03.27 03.30 03.42 03.94 04.23 04.53 04.78 05.17 05.62 05.34 04.76 00.20 00.27 00.47 00.65 -1.00 -1.00 -1.00 -1.00 00.42 00.40 17.13 02.27 05.98 13.63 13.50 09.73 08.59 07.34 06.94 07.17 10.63 12.49 10.28 08.58 07.00 06.98 07.37 09.93 11.16 08.67 07.15 -1.00 -1.00 -1.00 -1.00 -1.00 -1.00 -1.00 -1.00 -1.00 -1.00 -1.00 -1.00 -1.00 -1.00 -1.00
02.98 02.66 02.94 03.06 02.88 03.20 03.08 01.99 02.89 03.29 03.14 03.45 03.36 03.97 04.40 04.29 04.20 03.65 03.22 03.06 02.90 03.14 03.40 03.87 04.56 03.86 03.63 03.77 03.85 03.78 00.22 00.23 00.43 00.43 00.45 00.52 00.56 00.52 00.47 00.57 10.42 20.11 10.14 09.98 11.64 10.32 08.85 08.74 07.28 06.29 06.43 07.18 08.46 07.35 06.57 06.30 06.04 07.60 09.28 09.08 07.13 -1.00 -1.00 -1.00 -1.00 -1.00 -1.00 -1.00 -1.00 -1.00 -1.00 -1.00 -1.00 -1.00 -1.00 -1.00 -1.00
02.63 02.53 02.30 02.74 02.93 03.12 03.36 02.01 02.62 03.23 02.86 03.46 03.87 03.68 03.85 04.06 03.88 03.21 02.76 02.61 02.47 02.72 03.44 03.93 04.31 04.02 03.30 03.37 03.45 01.05 00.28 00.47 00.49 00.41 00.48 00.63 01.18 03.32 09.44 03.36 09.79 16.24 11.75 10.74 09.62 09.14 08.94 08.90 07.09 05.98 05.28 06.60 05.38 05.36 05.27 05.59 06.72 06.92 07.70 07.15 -1.00 -1.00 -1.00 -1.00 -1.00 -1.00 -1.00 -1.00 -1.00 -1.00 -1.00 -1.00 -1.00 -1.00 -1.00 -1.00 -1.00
02.57 02.39 02.28 02.30 02.70 02.73 03.04 02.96 01.53 02.60 02.97 02.72 03.31 03.59 03.51 03.46 03.02 02.62 02.15 01.99 02.39 02.61 03.16 03.98 03.52 03.24 02.86 01.49 00.60 00.23 00.32 00.50 00.85 03.29 02.45 05.51 05.99 09.00 10.95 05.22 12.11 12.37 10.54 09.61 08.46 08.09 08.06 07.88 07.55 04.67 04.23 02.42 03.55 04.19 04.60 03.85 05.79 06.85 07.19 -1.00 -1.00 -1.00 -1.00 -1.00 -1.00 -1.00 -1.00 -1.00 -1.00 -1.00 -1.00 -1.00 -1.00 -1.00 -1.00 -1.00 -1.00
02.68 02.34 02.29 02.23 02.39 02.93 02.83 02.96 01.52 01.89 02.27 02.43 02.69 02.71 02.63 02.44 02.52 02.63 02.02 01.59 02.07 03.13 02.79 03.31 03.49 02.69 02.72 02.78 01.80 00.25 00.30 00.58 00.82 01.70 05.03 05.25 06.74 08.91 09.09 09.62 10.24 10.30 09.26 08.10 07.54 07.05 06.33 06.09 02.80 04.04 01.51 01.50 01.70 01.82 01.93 02.06 -1.00 -1.00 -1.00 -1.00 -1.00 -1.00 -1.00 -1.00 -1.00 -1.00 -1.00 -1.00 -1.00 -1.00 -1.00 -1.00 -1.00 -1.00 -1.00 -1.00 -1.00
04.76 02.51 02.19 02.32 02.15 02.33 02.99 02.83 02.81 01.80 00.84 01.50 01.88 02.52 02.65 02.85 02.00 01.70 00.74 00.52 01.47 02.47 03.11 02.82 02.68 02.69 02.86 03.14 03.44 00.27 00.48 00.64 00.42 02.12 05.00 04.54 06.44 10.03 07.31 08.24 08.37 09.00 07.87 06.63 06.72 05.52 04.51 01.41 01.37 01.33 01.58 -1.00 -1.00 -1.00 -1.00 -1.00 -1.00 -1.00 -1.00 -1.00 -1.00 -1.00 -1.00 -1.00 -1.00 -1.00 -1.00 -1.00 -1.00 -1.00 -1.00 -1.00 -1.00 -1.00 -1.00 -1.00 -1.00
04.42 04.19 02.41 02.38 02.32 02.45 03.04 02.96 02.65 02.58 02.53 01.76 00.80 01.52 01.55 01.56 00.72 01.24 01.61 01.84 01.38 01.85 02.45 02.97 03.18 03.23 03.07 02.10 00.25 00.38 00.41 00.59 00.38 01.80 04.00 04.78 07.05 08.58 06.65 06.90 07.13 07.64 06.18 06.04 05.34 04.72 03.17 01.57 01.67 -1.00 -1.00 -1.00 -1.00 -1.00 -1.00 -1.00 -1.00 -1.00 -1.00 -1.00 -1.00 -1.00 -1.00 -1.00 -1.00 -1.00 -1.00 -1.00 -1.00 -1.00 -1.00 -1.00 -1.00 -1.00 -1.00 -1.00 -1.00
05.57 04.70 03.91 02.60 02.56 02.57 02.56 03.22 03.25 02.56 02.57 02.17 02.20 02.03 01.88 01.73 01.86 01.93 02.21 03.17 02.39 01.28 01.18 02.26 02.53 02.43 02.29 01.09 01.14 01.47 00.38 00.40 00.43 00.53 00.74 02.79 06.55 06.55 06.35 06.38 06.75 06.40 05.48 05.05 04.24 04.06 01.64 01.85 01.99 -1.00 -1.00 -1.00 -1.00 -1.00 -1.00 -1.00 -1.00 -1.00 -1.00 -1.00 -1.00 -1.00 -1.00 -1.00 -1.00 -1.00 -1.00 -1.00 -1.00 -1.00 -1.00 -1.00 -1.00 -1.00 -1.00 -1.00 -1.00
06.01 05.65 05.71 03.52 02.80 02.73 04.27 04.47 03.30 02.36 02.48 02.23 02.12 02.13 02.19 02.27 03.29 03.80 03.09 03.63 02.68 02.79 01.74 01.23 00.86 01.12 01.45 01.99 02.41 02.62 04.39 02.87 05.80 06.14 02.75 04.51 06.75 05.56 06.68 06.43 06.38 05.54 05.25 04.81 04.82 04.91 02.83 01.79 01.64 01.25 01.29 01.40 01.43 01.58 01.95 -1.00 -1.00 -1.00 -1.00 -1.00 -1.00 -1.00 -1.00 -1.00 -1.00 -1.00 -1.00 -1.00 -1.00 -1.00 -1.00 -1.00 -1.00 -1.00 -1.00 -1.00 -1.00
07.19 06.34 13.38 07.01 04.29 08.30 07.18 10.89 08.50 02.49 02.52 02.29 02.21 02.10 03.04 05.33 07.07 05.51 06.25 04.74 02.32 02.52 02.70 02.20 01.82 02.00 02.24 02.66 03.69 05.23 06.38 07.94 09.57 08.18 05.72 06.68 05.81 06.34 06.90 05.91 05.60 05.46 05.33 05.43 05.61 05.91 04.84 04.32 04.72 07.59 11.73 14.14 14.75 13.99 04.48 07.90 02.36 -1.00 -1.00 -1.00 -1.00 -1.00 -1.00 -1.00 -1.00 -1.00 -1.00 -1.00 -1.00 -1.00 -1.00 -1.00 -1.00 -1.00 -1.00 -1.00 -1.00
08.53 08.58 13.15 09.51 08.09 14.26 10.48 12.45 10.45 07.52 02.69 02.65 02.55 02.43 04.25 07.23 08.52 09.26 09.15 09.62 05.50 02.35 02.43 02.60 02.52 02.86 03.21 03.59 04.09 04.98 06.31 07.88 06.56 04.49 05.24 05.52 05.93 06.56 06.38 05.10 05.27 05.57 05.51 05.91 06.23 06.58 06.51 05.83 05.72 08.26 09.91 13.72 15.25 14.05 08.29 09.65 15.08 06.84 09.64 -1.00 -1.00 -1.00 -1.00 -1.00 -1.00 -1.00 -1.00 -1.00 -1.00 -1.00 -1.00 -1.00 -1.00 -1.00 -1.00 -1.00 -1.00
11.02 10.47 11.87 13.16 13.68 09.74 14.04 13.41 11.65 08.61 03.04 02.87 02.66 03.35 05.23 06.87 08.37 10.90 12.30 12.32 04.78 05.64 02.66 02.91 03.24 03.67 04.50 05.03 05.19 06.23 06.92 06.47 04.30 04.64 06.10 06.26 06.39 06.19 05.64 05.07 05.54 06.02 05.90 06.03 06.30 06.63 06.56 05.75 05.42 06.28 11.10 13.01 14.91 14.31 14.21 15.50 15.77 12.97 13.27 -1.00 -1.00 -1.00 -1.00 -1.00 -1.00 -1.00 -1.00 -1.00 -1.00 -1.00 -1.00 -1.00 -1.00 -1.00 -1.00 -1.00 -1.00
11.23 10.82 11.64 12.75 10.46 08.21 13.97 09.80 05.96 09.28 03.72 03.29 04.59 04.95 05.96 06.39 07.16 07.02 06.10 05.59 04.05 05.21 03.33 03.13 03.81 04.35 04.40 04.68 04.72 04.70 04.06 04.19 04.66 05.73 05.93 05.98 05.88 05.40 04.92 04.67 06.05 06.47 06.18 06.14 06.42 06.48 06.43 05.66 05.31 06.07 09.44 07.84 11.47 13.04 14.20 10.80 10.11 09.61 -1.00 -1.00 -1.00 -1.00 -1.00 -1.00 -1.00 -1.00 -1.00 -1.00 -1.00 -1.00 -1.00 -1.00 -1.00 -1.00 -1.00 -1.00 -1.00
03.16 11.03 11.63 11.87 13.45 07.26 05.17 05.37 05.75 05.06 03.85 03.78 08.75 10.53 11.39 09.58 08.38 08.27 08.42 06.61 04.04 05.21 03.95 03.64 03.50 04.13 04.16 03.98 04.10 04.77 05.47 05.53 05.59 05.56 05.61 05.70 04.87 04.69 04.31 05.62 05.88 06.56 06.40 06.10 06.42 06.55 06.16 05.39 04.74 05.21 04.38 07.50 10.14 11.78 11.44 09.14 08.98 08.84 -1.00 -1.00 -1.00 -1.00 -1.00 -1.00 -1.00 -1.00 -1.00 -1.00 -1.00 -1.00 -1.00 -1.00 -1.00 -1.00 -1.00 -1.00 -1.00
02.84 02.91 12.61 13.51 14.34 08.99 04.85 04.89 06.25 04.87 06.90 05.68 13.85 15.60 13.10 11.82 12.68 10.35 07.16 04.70 04.60 06.42 07.66 03.93 03.38 03.78 03.84 04.22 04.80 04.95 05.18 05.27 05.23 05.40 05.49 04.62 04.41 04.12 05.16 06.16 06.92 06.63 06.23 06.14 06.41 07.16 06.04 05.22 04.35 03.50 03.54 13.42 06.91 10.41 10.07 09.09 -1.00 -1.00 -1.00 -1.00 -1.00 -1.00 -1.00 -1.00 -1.00 -1.00 -1.00 -1.00 -1.00 -1.00 -1.00 -1.00 -1.00 -1.00 -1.00 -1.00 -1.00
02.48 05.84 03.56 14.16 16.90 12.94 06.72 05.63 04.28 04.52 09.77 07.80 10.82 11.84 10.43 08.59 05.74 10.47 10.82 04.53 06.21 08.95 07.74 06.06 03.21 04.20 04.54 04.84 05.04 04.76 04.50 04.43 04.63 03.61 03.97 03.83 04.19 04.60 06.21 06.97 07.32 06.93 06.11 06.51 07.70 07.41 05.65 05.61 12.70 11.93 04.50 07.73 05.51 06.77 08.17 -1.00 -1.00 -1.00 -1.00 -1.00 -1.00 -1.00 -1.00 -1.00 -1.00 -1.00 -1.00 -1.00 -1.00 -1.00 -1.00 -1.00 -1.00 -1.00 -1.00 -1.00 -1.00
02.43 08.57 13.75 07.83 15.97 19.75 15.84 03.79 04.71 04.78 12.55 09.61 07.75 08.22 10.78 12.43 11.75 07.72 04.80 05.13 08.37 10.01 05.91 05.04 03.50 04.22 04.54 04.36 04.19 03.80 03.39 03.15 03.32 04.20 04.47 04.52 04.55 06.30 06.50 07.61 07.54 06.47 06.51 07.18 07.41 05.96 05.32 21.33 31.05 23.89 06.76 03.70 06.90 -1.00 -1.00 -1.00 -1.00 -1.00 -1.00 -1.00 -1.00 -1.00 -1.00 -1.00 -1.00 -1.00 -1.00 -1.00 -1.00 -1.00 -1.00 -1.00 -1.00 -1.00 -1.00 -1.00 -1.00
02.45 02.80 14.69 14.40 16.45 20.65 22.77 06.60 03.91 07.81 07.59 11.98 14.03 10.66 11.22 13.64 18.13 13.39 10.32 09.53 08.46 06.61 05.52 04.73 03.39 03.47 03.48 03.40 03.39 03.63 04.11 04.48 04.83 04.86 05.08 05.56 05.77 06.23 07.26 07.59 06.86 06.87 07.01 06.57 05.86 05.27 17.91 25.24 41.86 05.64 13.45 04.20 05.05 10.08 -1.00 -1.00 -1.00 -1.00 -1.00 -1.00 -1.00 -1.00 -1.00 -1.00 -1.00 -1.00 -1.00 -1.00 -1.00 -1.00 -1.00 -1.00 -1.00 -1.00 -1.00 -1.00 -1.00
02.43 02.45 13.92 16.24 18.76 19.32 23.73 10.10 05.66 04.06 13.02 12.29 15.20 17.79 08.02 04.24 19.34 19.90 11.37 07.92 06.59 04.94 04.74 04.66 03.83 03.03 03.31 03.77 04.20 04.45 04.58 04.79 05.14 05.23 05.04 05.01 05.19 05.41 06.10 06.67 06.82 06.82 06.22 06.19 11.37 26.54 47.04 47.15 42.84 11.27 05.52 04.46 05.03 06.72 -1.00 -1.00 -1.00 -1.00 -1.00 -1.00 -1.00 -1.00 -1.00 -1.00 -1.00 -1.00 -1.00 -1.00 -1.00 -1.00 -1.00 -1.00 -1.00 -1.00 -1.00 -1.00 -1.00
06.21 02.43 02.97 16.24 19.90 23.24 25.04 10.62 10.25 10.49 08.01 12.73 10.52 20.92 15.91 03.83 03.97 05.26 06.56 06.50 05.17 04.91 04.35 04.30 04.34 03.06 03.41 03.83 04.21 04.26 04.36 04.49 04.63 04.76 04.86 04.80 04.82 04.95 05.30 05.88 06.29 13.86 15.12 07.87 39.95 26.53 40.59 39.05 37.62 18.22 07.44 05.12 04.56 05.21 -1.00 -1.00 -1.00 -1.00 -1.00 -1.00 -1.00 -1.00 -1.00 -1.00 -1.00 -1.00 -1.00 -1.00 -1.00 -1.00 -1.00 -1.00 -1.00 -1.00 -1.00 -1.00 -1.00
13.85 02.48 02.46 03.05 19.44 19.95 27.53 14.24 11.71 11.48 09.47 14.17 12.79 06.99 04.74 05.37 05.19 04.23 04.61 04.37 04.05 04.12 03.97 04.07 04.99 05.17 04.00 04.24 04.46 04.34 04.18 04.30 04.40 04.47 04.57 05.15 05.19 05.16 04.85 06.66 18.87 29.81 23.87 07.71 13.22 19.78 21.48 20.11 14.97 13.46 17.48 05.10 05.47 05.11 -1.00 -1.00 -1.00 -1.00 -1.00 -1.00 -1.00 -1.00 -1.00 -1.00 -1.00 -1.00 -1.00 -1.00 -1.00 -1.00 -1.00 -1.00 -1.00 -1.00 -1.00 -1.00 -1.00
17.69 16.60 02.50 02.55 03.13 07.37 19.82 13.47 11.86 12.13 12.98 15.60 20.74 13.53 09.18 08.73 06.63 03.56 03.33 03.36 03.53 03.68 04.52 05.15 05.32 05.99 04.71 04.35 04.31 04.40 04.52 04.66 04.82 04.93 05.02 05.05 05.09 05.20 04.33 02.84 10.81 22.98 09.36 07.29 10.51 35.08 38.34 21.00 18.27 17.68 20.71 15.55 05.81 05.16 -1.00 -1.00 -1.00 -1.00 -1.00 -1.00 -1.00 -1.00 -1.00 -1.00 -1.00 -1.00 -1.00 -1.00 -1.00 -1.00 -1.00 -1.00 -1.00 -1.00 -1.00 -1.00 -1.00
19.10 20.93 06.62 02.57 02.69 02.57 02.38 13.93 12.03 12.73 13.60 14.90 23.21 22.31 19.81 08.11 06.98 05.97 03.63 03.73 03.86 04.26 04.87 05.10 05.54 05.84 05.83 04.04 03.81 03.95 10.88 24.11 13.54 05.18 05.14 05.00 04.51 04.48 04.57 03.71 09.20 20.76 24.02 11.28 16.81 29.91 19.42 18.75 18.54 19.07 22.19 05.38 06.12 04.70 -1.00 -1.00 -1.00 -1.00 -1.00 -1.00 -1.00 -1.00 -1.00 -1.00 -1.00 -1.00 -1.00 -1.00 -1.00 -1.00 -1.00 -1.00 -1.00 -1.00 -1.00 -1.00 -1.00
18.98 24.87 09.34 04.29 03.48 02.72 02.46 13.81 14.98 13.26 14.50 16.43 16.95 12.80 36.84 07.20 06.59 06.24 04.38 03.98 04.15 04.46 04.98 05.11 05.24 05.47 05.72 05.34 04.61 03.38 06.58 22.72 31.24 15.63 13.95 06.73 05.60 05.45 13.59 10.11 10.02 16.01 16.13 16.75 18.34 17.11 17.40 17.58 17.96 20.35 05.17 06.54 06.83 -1.00 -1.00 -1.00 -1.00 -1.00 -1.00 -1.00 -1.00 -1.00 -1.00 -1.00 -1.00 -1.00 -1.00 -1.00 -1.00 -1.00 -1.00 -1.00 -1.00 -1.00 -1.00 -1.00 -1.00
20.63 33.30 21.85 16.41 04.14 02.95 02.26 02.50 15.43 14.27 14.79 16.06 19.32 15.34 09.69 07.43 06.27 05.52 05.77 07.11 05.89 04.63 04.34 04.65 04.70 05.09 05.54 06.03 06.62 04.64 02.46 12.81 25.58 37.60 27.14 18.86 09.99 06.89 19.78 12.31 11.35 11.52 12.69 13.78 14.81 14.63 15.02 15.32 18.33 08.13 06.50 05.81 -1.00 -1.00 -1.00 -1.00 -1.00 -1.00 -1.00 -1.00 -1.00 -1.00 -1.00 -1.00 -1.00 -1.00 -1.00 -1.00 -1.00 -1.00 -1.00 -1.00 -1.00 -1.00 -1.00 -1.00 -1.00
21.13 23.35 42.02 28.92 43.58 03.42 02.23 02.42 15.30 16.92 15.05 15.96 19.23 23.76 19.24 14.88 08.12 06.27 06.72 07.64 08.38 07.27 06.93 04.67 06.42 06.46 03.41 06.00 06.99 11.81 08.37 08.56 16.19 19.49 17.76 16.67 11.84 06.51 29.33 14.50 10.97 10.69 12.21 12.65 12.65 13.12 15.00 22.98 35.72 07.10 07.14 06.23 -1.00 -1.00 -1.00 -1.00 -1.00 -1.00 -1.00 -1.00 -1.00 -1.00 -1.00 -1.00 -1.00 -1.00 -1.00 -1.00 -1.00 -1.00 -1.00 -1.00 -1.00 -1.00 -1.00 -1.00 -1.00
22.04 24.65 32.48 52.25 48.49 08.91 02.24 02.46 15.84 17.79 18.95 18.79 16.83 19.97 25.53 23.88 06.09 07.20 07.99 07.85 08.14 07.17 07.49 07.66 06.63 04.84 13.25 17.40 21.97 27.65 32.40 08.70 14.84 18.43 23.54 23.99 13.18 18.29 27.52 22.27 12.61 12.10 11.73 11.97 14.19 16.63 20.88 30.91 32.97 22.64 06.23 04.89 -1.00 -1.00 -1.00 -1.00 -1.00 -1.00 -1.00 -1.00 -1.00 -1.00 -1.00 -1.00 -1.00 -1.00 -1.00 -1.00 -1.00 -1.00 -1.00 -1.00 -1.00 -1.00 -1.00 -1.00 -1.00
-1.00 24.27 26.68 24.74 53.31 10.95 02.58 02.32 16.32 18.39 18.99 20.81 22.32 21.31 19.37 11.83 08.22 08.27 09.36 08.37 07.71 07.05 07.02 03.95 04.10 08.15 17.83 27.10 36.86 40.00 43.63 44.01 13.32 15.41 16.54 15.01 24.08 23.77 19.98 14.83 16.30 13.66 11.39 12.02 15.06 20.71 28.42 35.95 42.27 07.01 05.40 -1.00 -1.00 -1.00 -1.00 -1.00 -1.00 -1.00 -1.00 -1.00 -1.00 -1.00 -1.00 -1.00 -1.00 -1.00 -1.00 -1.00 -1.00 -1.00 -1.00 -1.00 -1.00 -1.00 -1.00 -1.00 -1.00
-1.00 -1.00 26.22 25.66 24.75 14.45 02.83 02.31 02.93 19.23 19.36 19.02 21.44 23.67 23.24 28.03 06.61 08.67 10.14 08.44 07.62 06.05 03.96 04.71 07.22 18.83 36.80 39.87 42.75 46.35 50.83 55.53 54.83 50.49 47.21 43.50 17.67 39.88 34.91 31.61 15.61 11.76 13.10 07.73 04.31 03.11 07.83 04.19 04.28 04.03 -1.00 -1.00 -1.00 -1.00 -1.00 -1.00 -1.00 -1.00 -1.00 -1.00 -1.00 -1.00 -1.00 -1.00 -1.00 -1.00 -1.00 -1.00 -1.00 -1.00 -1.00 -1.00 -1.00 -1.00 -1.00 -1.00 -1.00
-1.00 -1.00 -1.00 -1.00 -1.00 14.78 07.12 02.95 02.35 02.60 20.66 20.64 16.46 17.97 19.85 06.10 10.78 09.89 10.26 08.24 12.84 23.36 28.61 32.50 35.95 39.46 42.39 45.66 49.03 52.45 55.03 56.13 57.22 54.30 49.82 47.35 54.55 44.06 39.19 35.55 05.17 05.02 10.47 -1.00 -1.00 -1.00 -1.00 -1.00 -1.00 -1.00 -1.00 -1.00 -1.00 -1.00 -1.00 -1.00 -1.00 -1.00 -1.00 -1.00 -1.00 -1.00 -1.00 -1.00 -1.00 -1.00 -1.00 -1.00 -1.00 -1.00 -1.00 -1.00 -1.00 -1.00 -1.00 -1.00 -1.00
-1.00 -1.00 -1.00 -1.00 -1.00 -1.00 09.25 14.63 02.93 02.33 02.67 21.10 22.53 23.33 26.01 30.39 27.07 23.00 23.07 23.61 28.35 38.75 42.20 43.56 43.66 46.75 49.89 52.49 53.58 52.97 51.96 52.30 53.88 50.56 43.93 43.13 46.81 45.59 40.23 40.26 07.29 02.98 -1.00 -1.00 -1.00 -1.00 -1.00 -1.00 -1.00 -1.00 -1.00 -1.00 -1.00 -1.00 -1.00 -1.00 -1.00 -1.00 -1.00 -1.00 -1.00 -1.00 -1.00 -1.00 -1.00 -1.00 -1.00 -1.00 -1.00 -1.00 -1.00 -1.00 -1.00 -1.00 -1.00 -1.00 -1.00
-1.00 -1.00 -1.00 -1.00 -1.00 -1.00 10.66 18.21 18.15 03.21 02.37 02.79 21.42 26.27 31.91 37.12 42.63 48.24 48.47 46.74 47.72 50.92 57.06 58.55 56.94 56.39 58.23 60.22 60.59 57.21 51.67 48.42 50.24 46.07 38.08 41.32 45.30 43.82 44.60 45.70 33.07 04.44 07.96 03.43 03.31 08.30 17.64 21.28 -1.00 -1.00 -1.00 -1.00 -1.00 -1.00 -1.00 -1.00 -1.00 -1.00 -1.00 -1.00 -1.00 -1.00 -1.00 -1.00 -1.00 -1.00 -1.00 -1.00 -1.00 -1.00 -1.00 -1.00 -1.00 -1.00 -1.00 -1.00 -1.00
-1.00 -1.00 -1.00 -1.00 -1.00 -1.00 14.16 17.21 22.72 21.01 03.52 02.44 03.04 15.48 22.90 25.65 28.04 34.39 39.68 44.09 45.51 45.16 48.69 50.70 51.86 53.35 55.49 57.68 58.01 54.50 48.14 45.68 45.24 39.66 38.36 41.45 44.34 44.74 49.36 50.56 52.08 44.67 24.58 30.93 31.74 20.24 23.46 26.63 27.79 26.00 -1.00 -1.00 -1.00 -1.00 -1.00 -1.00 -1.00 -1.00 -1.00 -1.00 -1.00 -1.00 -1.00 -1.00 -1.00 -1.00 -1.00 -1.00 -1.00 -1.00 -1.00 -1.00 -1.00 -1.00 -1.00 -1.00 -1.00
