data/trial4/ashley.hpa
NCOLS 382
NROWS 266
XLLCORNER 157819.328125
YLLCORNER 384678.625000
CELLSIZE 30.000000
NODATA_VALUE -1
[rows 130 to 155 of 266, columns 240 to 299 of 382]
00467.971 00472.489 00476.846 00483.909 00481.094 00481.137 00488.053 00491.593 00497.650 00499.798 00492.379 00488.912 00490.007 00492.726 00496.347 00499.854 00502.031 00503.181 00503.515 00503.067 00501.677 00499.416 00180.578 00170.840 00165.368 00157.775 00158.462 00172.672 00187.237 00188.971 00183.902 -0001.000 -0001.000 -0001.000 00484.923 00480.082 00475.579 00474.165 00474.622 00475.714 00477.113 00475.342 00473.006 00471.163 00473.171 00476.781 00475.379 00466.598 00464.893 00462.914 00465.817 00465.755 00461.521 00463.362 00455.316 00452.264 00440.928 -0001.000 -0001.000 -0001.000
00465.648 00470.945 00476.165 00482.518 00476.481 00476.251 00479.961 00489.479 00495.497 00497.187 00496.588 00498.057 00497.644 00497.203 00499.286 00501.382 00502.472 00502.860 00503.187 00502.357 00500.755 00484.689 00406.100 00176.129 00170.578 00161.661 00153.541 00167.274 00185.247 00191.557 00186.075 00180.515 -0001.000 00180.822 00468.237 00477.203 00475.311 00473.685 00473.259 00476.128 00477.233 00475.825 00473.837 00472.398 00475.533 00477.098 00474.712 00467.092 00464.557 00463.788 00467.453 00467.050 00465.109 00465.185 00458.893 00444.261 00436.787 -0001.000 -0001.000 -0001.000
00462.632 00469.796 00475.472 00481.430 00475.496 00474.150 00477.162 00482.295 00490.975 00495.104 00496.397 00496.227 00494.620 00493.191 00495.676 00498.884 00500.933 00502.153 00502.123 00501.979 00501.722 00493.392 00470.772 00477.409 00409.349 00167.468 00157.537 00175.508 00189.358 00185.554 00180.916 -0001.000 -0001.000 00184.811 00446.380 00477.475 00476.556 00473.633 00472.955 00475.266 00477.153 00476.374 00474.645 00473.889 00478.719 00477.588 00473.618 00467.005 00464.296 00464.508 00468.138 00468.108 00465.614 00464.695 00461.396 00442.539 -0001.000 -0001.000 -0001.000 -0001.000
00457.053 00467.738 00470.433 00474.271 00474.235 00470.692 00471.766 00473.862 00478.776 00485.090 00491.379 00492.867 00492.806 00493.220 00495.190 00498.578 00501.521 00501.933 00502.095 00501.084 00498.840 00490.274 00480.604 00455.359 00470.587 00155.693 00173.386 00188.611 00185.532 00181.551 -0001.000 -0001.000 -0001.000 00394.224 00479.517 00478.127 00476.883 00475.869 00472.289 00472.296 00476.184 00477.154 00475.111 00475.230 00479.319 00477.960 00472.108 00465.876 00464.052 00465.471 00468.120 00469.062 00465.637 00463.396 00457.199 00444.583 -0001.000 -0001.000 -0001.000 -0001.000
00446.242 00457.345 00466.107 00468.950 00471.940 00471.402 00471.616 00474.332 00477.592 00480.241 00482.776 00484.392 00485.201 00488.852 00494.450 00503.817 00502.393 00502.339 00502.273 00501.684 00494.770 00482.879 00473.413 00166.378 00152.655 00178.203 00189.363 00186.058 00182.815 -0001.000 -0001.000 -0001.000 00179.609 00466.996 00479.768 00478.682 00478.332 00476.355 00473.011 00471.531 00475.042 00476.913 00475.585 00476.020 00480.224 00478.709 00470.398 00465.075 00464.948 00466.803 00468.353 00468.209 00465.181 00459.945 00450.840 -0001.000 -0001.000 -0001.000 -0001.000 -0001.000
00438.300 00446.404 00457.090 00463.517 00466.096 00468.544 00468.806 00468.836 00469.609 00471.634 00474.200 00476.258 00477.795 00482.739 00488.738 00497.966 00503.274 00501.037 00498.145 00495.170 00490.826 00471.427 00170.787 00157.919 00169.513 00187.245 00179.424 -0001.000 -0001.000 -0001.000 -0001.000 -0001.000 00178.938 00450.647 00479.102 00475.771 00478.390 00476.109 00474.536 00470.661 00473.626 00476.271 00476.096 00476.972 00480.497 00477.697 00470.903 00465.160 00466.178 00468.450 00469.238 00466.980 00463.085 00453.882 00444.586 -0001.000 -0001.000 -0001.000 -0001.000 -0001.000
00420.107 00439.959 00452.349 00455.175 00460.984 00463.365 00466.560 00467.465 00468.403 00468.990 00470.295 00471.302 00472.094 00476.227 00483.123 00488.680 00487.241 00485.045 00491.147 00482.777 00477.200 00472.948 00466.750 00152.648 00182.976 00183.401 -0001.000 -0001.000 -0001.000 -0001.000 -0001.000 -0001.000 00186.738 00361.832 00456.263 00474.943 00477.895 00477.824 00475.524 00470.389 00473.474 00476.534 00476.470 00477.230 00478.609 00474.524 00467.989 00465.020 00463.957 00467.144 00467.998 00463.531 00455.801 00447.354 -0001.000 -0001.000 -0001.000 -0001.000 -0001.000 -0001.000
00389.316 00432.557 00446.359 00453.683 00458.142 00462.690 00464.135 00464.138 00464.064 00464.019 00465.364 00466.920 00470.608 00474.161 00478.429 00482.720 00488.876 00487.984 00485.864 00483.888 00479.395 00470.933 00158.193 00173.807 00187.773 00179.290 -0001.000 -0001.000 -0001.000 -0001.000 00182.879 00188.290 00476.700 00403.481 00459.765 00477.296 00477.851 00478.486 00476.476 00471.392 00473.641 00477.004 00478.403 00479.256 00475.348 00471.807 00467.078 00464.930 00466.976 00467.429 00466.018 00460.845 00453.329 -0001.000 -0001.000 -0001.000 -0001.000 -0001.000 -0001.000 -0001.000
00385.702 00421.479 00437.373 00452.833 00455.603 00459.925 00459.360 00458.689 00456.803 00456.052 00458.073 00460.165 00464.120 00468.952 00475.684 00482.411 00477.736 00473.974 00472.479 00469.222 00463.896 00166.407 00164.694 00189.720 00183.212 00188.023 00187.600 00187.114 00190.207 00190.922 00187.422 00467.761 00477.693 00476.279 00474.410 00477.411 00477.909 00478.350 00476.507 00472.831 00474.508 00476.590 00476.050 00475.170 00472.285 00469.017 00465.741 00465.236 00466.382 00465.657 00462.617 00455.960 -0001.000 -0001.000 -0001.000 -0001.000 -0001.000 -0001.000 -0001.000 -0001.000
00369.373 00393.299 00433.169 00442.159 00450.138 00452.158 00452.918 00451.813 00445.152 00439.979 00440.322 00440.196 00446.998 00460.374 00468.134 00474.048 00475.331 00471.162 00469.033 00467.081 00420.929 00163.792 00188.329 00182.846 00194.465 00190.909 00214.986 00366.469 00438.413 00467.214 00425.618 00468.952 00477.575 00478.461 00477.474 00477.614 00477.722 00478.243 00477.129 00473.427 00475.489 00475.403 00475.040 00539.022 00469.809 00468.135 00467.495 00466.930 00464.190 00462.237 00457.007 -0001.000 -0001.000 -0001.000 -0001.000 -0001.000 -0001.000 -0001.000 -0001.000 -0001.000
00314.756 00383.506 00394.551 00429.881 00434.210 00435.815 00437.562 00435.189 00430.779 00402.934 00395.461 00396.359 00417.227 00439.445 00457.692 00465.089 00465.797 00461.517 00439.552 00367.092 00159.077 00173.757 00189.784 00190.988 00477.634 00456.163 00474.235 00473.144 00473.332 00473.639 00452.251 00475.556 00477.504 00480.285 00477.788 00477.508 00478.372 00479.059 00477.347 00476.945 00475.327 00474.428 00883.842 00572.028 00467.452 00465.546 00735.388 00461.742 00460.755 00456.006 -0001.000 -0001.000 -0001.000 -0001.000 -0001.000 -0001.000 -0001.000 -0001.000 -0001.000 -0001.000
00272.807 00309.746 00336.934 00387.044 00392.554 00395.340 00398.076 00392.103 00384.912 00340.917 00316.654 00341.051 00385.290 00402.356 00439.487 00445.638 00441.456 00439.536 00437.647 00390.776 00159.252 00170.940 00190.520 00193.873 00453.967 00477.996 00472.269 00471.517 00471.161 00472.532 00472.802 00476.553 00479.430 00482.976 00478.788 00479.401 00480.611 00481.284 00479.413 00692.026 00476.206 01253.927 01233.534 01213.220 01198.782 01185.418 01179.613 -0001.000 -0001.000 -0001.000 -0001.000 -0001.000 -0001.000 -0001.000 -0001.000 -0001.000 -0001.000 -0001.000 -0001.000 -0001.000
00337.899 00114.014 00272.927 00310.685 00322.533 00337.646 00370.526 00321.416 00306.870 00182.298 00192.194 00279.664 00318.479 00384.571 00396.504 00408.852 00399.840 00397.380 00394.318 00390.935 00159.394 00181.775 00194.027 00190.873 00455.926 00474.383 00469.382 00469.064 00469.504 00471.764 00474.334 00477.713 00482.342 00482.697 00481.275 00481.826 00481.517 00482.623 01204.859 01245.823 01230.924 01209.313 -0001.000 -0001.000 -0001.000 -0001.000 -0001.000 -0001.000 -0001.000 -0001.000 -0001.000 -0001.000 -0001.000 -0001.000 -0001.000 -0001.000 -0001.000 -0001.000 -0001.000 -0001.000
00438.224 00431.187 00308.808 00098.789 00260.127 00274.875 00287.879 00060.855 00275.153 00348.024 00384.937 00278.969 00277.320 00319.983 00356.295 00386.713 00372.307 00338.333 00324.284 00173.053 00171.907 00189.325 00194.905 00197.915 00434.497 00471.378 00465.951 00467.750 00470.167 00472.882 00476.403 00483.523 00485.066 00482.979 00482.479 00482.859 00482.913 00615.956 01242.022 01211.140 -0001.000 -0001.000 -0001.000 -0001.000 -0001.000 -0001.000 -0001.000 -0001.000 -0001.000 -0001.000 -0001.000 -0001.000 -0001.000 -0001.000 -0001.000 -0001.000 -0001.000 -0001.000 -0001.000 -0001.000
00469.787 00452.844 00395.206 00345.565 00344.293 00342.596 00340.367 00376.971 00399.000 00435.926 00437.454 00445.372 00266.559 00184.261 00305.235 00315.275 00310.007 00302.447 00190.718 00283.604 00323.944 00169.892 00169.203 00168.064 00252.148 00318.149 00440.832 00468.281 00471.691 00475.095 00483.146 00492.101 00486.311 00483.557 00483.057 00484.426 00485.313 01242.152 01228.598 01197.637 -0001.000 -0001.000 -0001.000 -0001.000 -0001.000 -0001.000 -0001.000 -0001.000 -0001.000 -0001.000 -0001.000 -0001.000 -0001.000 -0001.000 -0001.000 -0001.000 -0001.000 -0001.000 -0001.000 -0001.000
00477.369 00460.233 00448.474 00429.422 00435.137 00442.080 00443.077 00281.533 00252.179 00373.660 00463.569 00463.757 00441.294 00317.524 00241.471 00106.315 00176.333 00230.657 00283.635 00300.423 00301.407 00397.979 00378.498 00327.658 00377.959 00430.584 00475.664 00476.663 00478.707 00484.883 00491.057 00501.041 00486.294 00487.234 00488.200 00490.314 00492.538 00828.781 01248.946 01238.843 01230.982 01223.565 01218.730 01202.067 01190.636 01186.461 -0001.000 -0001.000 -0001.000 -0001.000 -0001.000 -0001.000 -0001.000 -0001.000 -0001.000 -0001.000 -0001.000 -0001.000 -0001.000 -0001.000
00482.263 00473.944 00466.134 00467.728 00469.481 00302.198 00154.785 00108.739 00169.693 00212.629 00472.758 00472.339 00465.960 00458.068 00393.247 00322.383 00350.309 00375.972 00383.733 00391.976 00412.164 00368.096 00301.231 00286.284 00458.562 00477.287 00482.039 00486.127 00490.557 00492.839 00495.292 00497.507 00492.780 00493.300 00494.393 00496.080 00498.467 00581.431 00583.518 00629.078 00534.213 00489.652 00488.822 00479.486 00478.802 00929.653 00600.139 01185.174 -0001.000 -0001.000 -0001.000 -0001.000 -0001.000 -0001.000 -0001.000 -0001.000 -0001.000 -0001.000 -0001.000 -0001.000
00116.225 00478.908 00477.328 00478.113 00478.371 00196.032 00095.438 00106.763 00111.836 00153.603 00218.800 00476.112 00473.387 00461.921 00458.797 00449.188 00422.024 00385.030 00366.513 00326.721 00293.118 00301.511 00378.467 00391.369 00478.583 00487.115 00490.791 00492.167 00492.883 00493.841 00491.465 00495.476 00496.905 00496.943 00497.485 00498.773 00501.320 00492.831 00487.480 00483.821 00483.171 00481.953 00486.032 00481.846 00480.186 00624.020 00599.607 00467.811 00645.664 00546.815 -0001.000 -0001.000 -0001.000 -0001.000 -0001.000 -0001.000 -0001.000 -0001.000 -0001.000 -0001.000
00130.021 00483.404 00484.092 00484.863 00479.426 00322.510 00109.797 00095.759 00095.280 00104.972 00150.783 00475.798 00478.163 00474.107 00463.420 00405.394 00397.018 00387.442 00373.521 00351.224 00346.887 00354.533 00378.406 00482.104 00486.005 00490.610 00491.631 00493.582 00493.846 00495.865 00497.065 00496.943 00497.497 00497.753 00495.665 00497.111 00501.344 00492.002 00486.586 00480.160 00477.959 00482.711 00481.845 00483.270 00476.904 00474.654 00474.178 00469.496 00464.974 00462.150 -0001.000 -0001.000 -0001.000 -0001.000 -0001.000 -0001.000 -0001.000 -0001.000 -0001.000 -0001.000
00144.052 00490.647 00488.946 00383.344 00351.515 00292.995 00244.291 00139.995 00144.102 00228.982 00295.219 00475.490 00477.887 00470.645 00461.759 00434.567 00407.510 00409.845 00409.180 00412.573 00418.588 00479.786 00482.023 00485.967 00490.911 00492.011 00494.075 00495.200 00496.681 00498.627 00495.467 00497.763 00498.082 00498.587 00494.310 00495.280 00498.263 00491.335 00485.076 00477.434 00476.926 00479.952 00476.699 00475.081 00474.999 00473.866 00467.915 00463.744 00458.758 -0001.000 -0001.000 -0001.000 -0001.000 -0001.000 -0001.000 -0001.000 -0001.000 -0001.000 -0001.000 -0001.000
00499.088 00456.657 00461.783 00200.666 00169.347 00108.889 00098.437 00109.580 00114.248 00142.619 00222.294 00479.563 00479.929 00475.697 00457.091 00449.341 00431.392 00438.608 00459.645 00479.984 00486.769 00489.309 00490.421 00491.446 00492.991 00494.723 00496.528 00499.453 00498.427 00494.355 00497.732 00497.792 00497.783 00497.718 00493.844 00494.291 00494.907 00490.238 00481.715 00475.726 00474.073 00469.530 00474.417 00477.816 00476.594 00474.173 00463.344 00458.983 00454.297 -0001.000 -0001.000 -0001.000 -0001.000 -0001.000 -0001.000 -0001.000 -0001.000 -0001.000 -0001.000 -0001.000
00499.454 00246.816 00237.917 00120.952 00098.737 00098.739 00098.772 00098.870 00107.352 00194.847 00336.150 00483.650 00481.676 00478.294 00477.533 00485.668 00475.529 00471.694 00487.923 00494.315 00493.945 00493.574 00494.513 00495.644 00496.611 00497.966 00501.768 00500.139 00493.330 00497.202 00497.001 00496.968 00497.852 00496.013 00494.038 00494.575 00495.262 00488.504 00479.382 00474.034 00468.454 00465.479 00471.703 00471.554 00472.004 00466.554 00462.859 -0001.000 -0001.000 -0001.000 -0001.000 -0001.000 -0001.000 -0001.000 -0001.000 -0001.000 -0001.000 -0001.000 -0001.000 -0001.000
00500.081 00150.058 00117.032 00100.155 00099.788 00099.633 00099.503 00168.914 00125.120 00140.251 00484.897 00485.448 00485.067 00485.034 00486.247 00500.124 00496.872 00497.002 00497.591 00497.772 00494.440 00490.903 00489.768 00496.299 00500.100 00503.349 00504.847 00492.083 00494.007 00494.326 00495.571 00497.232 00497.033 00493.708 00494.214 00500.146 00495.372 00483.491 00478.492 00189.206 00178.510 00468.081 00469.182 00466.514 00464.456 00462.839 -0001.000 -0001.000 -0001.000 -0001.000 -0001.000 -0001.000 -0001.000 -0001.000 -0001.000 -0001.000 -0001.000 -0001.000 -0001.000 -0001.000
00501.983 00106.184 00103.347 00100.451 00099.526 00100.021 00100.481 00124.325 00226.132 00402.069 00487.205 00487.347 00487.871 00491.257 00500.299 00504.232 00504.863 00501.472 00497.624 00493.529 00492.943 00492.376 00492.307 00497.215 00492.441 00491.733 00491.697 00491.693 00491.220 00492.984 00495.855 00496.256 00494.677 00493.965 00495.091 00495.402 00487.143 00481.568 00131.882 00101.004 00091.168 00335.513 00464.491 00463.622 -0001.000 -0001.000 -0001.000 -0001.000 -0001.000 -0001.000 -0001.000 -0001.000 -0001.000 -0001.000 -0001.000 -0001.000 -0001.000 -0001.000 -0001.000 -0001.000
00280.728 00278.847 00130.668 00103.004 00103.581 00100.292 00098.703 00099.572 00148.555 00255.048 00416.483 00492.433 00493.796 00496.964 00501.942 00501.550 00496.325 00495.167 00495.350 00495.623 00494.254 00491.507 00491.194 00491.081 00491.358 00491.097 00490.813 00491.212 00494.583 00496.189 00496.704 00497.861 00497.706 00493.978 00491.043 00487.562 00482.073 00177.070 00143.641 00089.946 00436.112 00148.089 00465.973 00463.488 00462.982 -0001.000 -0001.000 -0001.000 -0001.000 -0001.000 -0001.000 -0001.000 -0001.000 -0001.000 -0001.000 -0001.000 -0001.000 -0001.000 -0001.000 -0001.000
00508.859 00118.844 00123.585 00103.049 00100.721 00204.231 00377.623 00099.937 00113.233 00292.536 00492.637 00494.103 00502.699 00502.531 00506.163 00497.385 00495.938 00495.594 00496.538 00494.158 00491.994 00491.362 00491.263 00491.159 00491.187 00491.510 00491.786 00493.739 00498.372 00498.596 00499.545 00499.564 00495.815 00490.798 00487.598 00243.535 00114.277 00091.036 00090.571 00090.275 00197.313 00469.770 00467.532 00464.710 00461.351 -0001.000 -0001.000 -0001.000 -0001.000 -0001.000 -0001.000 -0001.000 -0001.000 -0001.000 -0001.000 -0001.000 -0001.000 -0001.000 -0001.000 -0001.000
