data/trial4/ashley.toa
NCOLS 382
NROWS 266
XLLCORNER 157819.328125
YLLCORNER 384678.625000
CELLSIZE 30.000000
NODATA_VALUE -1
[rows 156 to 181 of 266, columns 240 to 299 of 382]
00039.366 00039.008 00038.737 00038.614 00038.432 00038.451 00038.691 00038.573 00038.351 00038.328 00038.504 00038.718 00038.968 00039.228 00039.429 00039.620 00039.923 00039.671 00039.614 00039.563 00039.504 00039.482 00039.489 00039.481 00039.471 00039.576 00039.706 00039.839 00039.956 00040.053 00040.114 00040.173 00040.290 00040.412 00040.778 00040.886 00040.985 00041.067 00041.139 00041.215 00041.341 00041.669 00042.003 00042.456 00042.937 -0001.000 -0001.000 -0001.000 -0001.000 -0001.000 -0001.000 -0001.000 -0001.000 -0001.000 -0001.000 -0001.000 -0001.000 -0001.000 -0001.000 -0001.000
00039.507 00039.216 00038.973 00038.854 00038.863 00038.919 00039.068 00039.204 00038.902 00038.730 00038.880 00039.133 00039.393 00039.655 00039.933 00040.140 00040.281 00040.267 00040.172 00040.084 00040.029 00039.980 00039.983 00039.984 00039.981 00040.003 00040.131 00040.255 00040.365 00040.459 00040.472 00040.420 00040.394 00040.454 00040.860 00041.012 00041.141 00041.175 00041.267 00041.395 00041.581 00041.779 00042.039 00042.428 00042.849 -0001.000 -0001.000 -0001.000 -0001.000 -0001.000 -0001.000 -0001.000 -0001.000 -0001.000 -0001.000 -0001.000 -0001.000 -0001.000 -0001.000 -0001.000
00039.625 00039.368 00039.184 00038.985 00039.043 00039.154 00039.364 00039.574 00039.510 00039.430 00039.361 00039.637 00039.904 00040.145 00040.330 00040.512 00040.675 00040.788 00040.681 00040.582 00040.503 00040.466 00040.445 00040.439 00040.443 00040.449 00040.524 00040.655 00040.785 00040.897 00041.070 00040.695 00040.548 00040.659 00040.917 00041.158 00041.234 00041.284 00041.415 00041.563 00041.725 00041.878 00042.026 00042.414 00042.794 -0001.000 -0001.000 -0001.000 -0001.000 -0001.000 -0001.000 -0001.000 -0001.000 -0001.000 -0001.000 -0001.000 -0001.000 -0001.000 -0001.000 -0001.000
00039.754 00039.502 00039.361 00039.200 00039.128 00039.216 00039.433 00039.717 00040.034 00040.090 00040.101 00040.155 00040.384 00040.578 00040.736 00040.870 00041.002 00041.152 00041.228 00041.098 00041.001 00040.843 00040.794 00040.810 00040.899 00040.915 00040.931 00041.057 00041.205 00041.361 00041.544 00040.967 00040.811 00040.722 00040.897 00041.102 00041.186 00041.413 00041.555 00041.703 00041.850 00041.974 00042.279 00042.588 00042.926 -0001.000 -0001.000 -0001.000 -0001.000 -0001.000 -0001.000 -0001.000 -0001.000 -0001.000 -0001.000 -0001.000 -0001.000 -0001.000 -0001.000 -0001.000
00039.888 00039.669 00039.543 00039.394 00039.348 00039.243 00039.514 00039.817 00040.156 00040.572 00040.770 00040.757 00040.823 00040.988 00041.138 00041.267 00041.385 00041.494 00041.638 00041.656 00041.594 00041.132 00040.958 00040.897 00040.993 00041.144 00041.381 00041.436 00041.582 00041.743 00041.538 00041.263 00041.001 00041.046 00041.087 00041.276 00041.430 00041.573 00041.714 00041.850 00041.972 00042.198 00042.471 00042.719 -0001.000 -0001.000 -0001.000 -0001.000 -0001.000 -0001.000 -0001.000 -0001.000 -0001.000 -0001.000 -0001.000 -0001.000 -0001.000 -0001.000 -0001.000 -0001.000
00040.024 00039.837 00039.714 00039.593 00039.533 00039.572 00039.673 00039.930 00040.284 00040.670 00041.020 00041.344 00041.375 00041.414 00041.551 00041.687 00041.808 00041.897 00041.976 00042.081 00042.097 00041.633 00041.152 00041.087 00041.004 00041.088 00041.195 00041.366 00041.641 00041.836 00041.673 00041.483 00041.269 00041.312 00041.358 00041.487 00041.641 00041.785 00041.926 00042.044 00042.204 00042.534 00042.818 -0001.000 -0001.000 -0001.000 -0001.000 -0001.000 -0001.000 -0001.000 -0001.000 -0001.000 -0001.000 -0001.000 -0001.000 -0001.000 -0001.000 -0001.000 -0001.000 -0001.000
00040.143 00040.008 00039.890 00039.787 00039.684 00039.698 00039.790 00039.973 00040.302 00040.654 00040.963 00041.224 00041.501 00041.806 00041.984 00042.094 00042.188 00042.188 00042.049 00041.969 00041.918 00041.969 00041.425 00041.279 00041.229 00041.242 00041.294 00041.388 00041.604 00041.769 00041.949 00041.713 00041.594 00041.633 00041.678 00041.730 00041.876 00042.011 00042.104 00042.158 00042.323 00042.605 00042.919 -0001.000 -0001.000 -0001.000 -0001.000 -0001.000 -0001.000 -0001.000 -0001.000 -0001.000 -0001.000 -0001.000 -0001.000 -0001.000 -0001.000 -0001.000 -0001.000 -0001.000
00040.266 00040.151 00040.061 00039.957 00039.907 00039.842 00039.834 00040.011 00040.315 00040.621 00040.909 00041.186 00041.472 00041.772 00042.060 00042.462 00042.078 00041.847 00041.736 00041.716 00041.697 00041.691 00041.672 00041.474 00041.426 00041.400 00041.403 00041.493 00041.680 00041.775 00041.893 00041.934 00041.933 00041.950 00041.998 00042.054 00042.099 00042.173 00042.216 00042.255 00042.338 00042.642 00042.996 -0001.000 -0001.000 -0001.000 -0001.000 -0001.000 -0001.000 -0001.000 -0001.000 -0001.000 -0001.000 -0001.000 -0001.000 -0001.000 -0001.000 -0001.000 -0001.000 -0001.000
00040.393 00040.290 00040.202 00040.123 00040.074 00040.042 00040.057 00040.122 00040.336 00040.590 00040.853 00041.144 00041.443 00041.766 00041.960 00041.908 00041.703 00041.600 00041.575 00041.554 00041.589 00041.629 00041.671 00041.691 00041.638 00041.587 00041.636 00041.707 00041.792 00041.890 00042.070 00042.223 00042.246 00042.279 00042.311 00042.329 00042.321 00042.315 00042.329 00042.342 00042.406 00042.686 -0001.000 -0001.000 -0001.000 -0001.000 -0001.000 -0001.000 -0001.000 -0001.000 -0001.000 -0001.000 -0001.000 -0001.000 -0001.000 -0001.000 -0001.000 -0001.000 -0001.000 -0001.000
00040.521 00040.431 00040.352 00040.274 00040.205 00040.198 00040.176 00040.357 00040.547 00040.722 00040.931 00041.202 00041.517 00041.481 00041.472 00041.457 00041.427 00041.413 00041.453 00041.492 00041.531 00041.570 00041.607 00041.648 00041.701 00041.763 00041.828 00041.861 00041.940 00042.015 00042.115 00042.253 00042.516 00042.734 00042.646 00042.621 00042.576 00042.538 00042.562 00042.738 00042.947 -0001.000 -0001.000 -0001.000 -0001.000 -0001.000 -0001.000 -0001.000 -0001.000 -0001.000 -0001.000 -0001.000 -0001.000 -0001.000 -0001.000 -0001.000 -0001.000 -0001.000 -0001.000 -0001.000
00040.782 00040.569 00040.504 00040.441 00040.376 00040.342 00040.480 00040.576 00040.713 00040.898 00041.167 00041.209 00041.206 00041.221 00041.237 00041.264 00041.308 00041.351 00041.393 00041.433 00041.473 00041.515 00041.566 00041.619 00041.675 00041.737 00041.808 00041.871 00041.934 00042.013 00042.114 00042.317 00042.746 00042.963 -0001.000 -0001.000 -0001.000 -0001.000 -0001.000 -0001.000 -0001.000 -0001.000 -0001.000 -0001.000 -0001.000 -0001.000 -0001.000 -0001.000 -0001.000 -0001.000 -0001.000 -0001.000 -0001.000 -0001.000 -0001.000 -0001.000 -0001.000 -0001.000 -0001.000 -0001.000
00041.437 00040.860 00040.653 00040.589 00040.579 00040.586 00040.615 00040.669 00040.743 00040.840 00040.948 00041.024 00041.066 00041.110 00041.158 00041.204 00041.248 00041.291 00041.337 00041.384 00041.433 00041.485 00041.540 00041.596 00041.655 00041.724 00041.799 00041.866 00041.942 00042.028 00042.113 00042.291 00042.842 -0001.000 -0001.000 -0001.000 -0001.000 -0001.000 -0001.000 -0001.000 -0001.000 -0001.000 -0001.000 -0001.000 -0001.000 -0001.000 -0001.000 -0001.000 -0001.000 -0001.000 -0001.000 -0001.000 -0001.000 -0001.000 -0001.000 -0001.000 -0001.000 -0001.000 -0001.000 -0001.000
00042.115 00041.534 00040.968 00040.751 00040.697 00040.706 00040.715 00040.726 00040.750 00040.808 00040.872 00040.940 00040.994 00041.046 00041.094 00041.146 00041.196 00041.244 00041.292 00041.340 00041.392 00041.449 00041.510 00041.570 00041.633 00041.719 00041.808 00041.888 00041.964 00042.038 00042.112 00042.196 00042.401 00042.554 00042.683 00042.817 00042.869 00042.883 00042.926 -0001.000 -0001.000 -0001.000 -0001.000 -0001.000 -0001.000 -0001.000 -0001.000 -0001.000 -0001.000 -0001.000 -0001.000 -0001.000 -0001.000 -0001.000 -0001.000 -0001.000 -0001.000 -0001.000 -0001.000 -0001.000
00042.405 00042.167 00041.625 00041.097 00040.902 00040.824 00040.832 00040.840 00040.864 00040.898 00040.933 00040.977 00041.022 00041.067 00041.114 00041.161 00041.202 00041.247 00041.295 00041.344 00041.395 00041.453 00041.520 00041.592 00041.674 00041.757 00041.836 00041.910 00041.982 00042.051 00042.117 00042.180 00042.249 00042.353 00042.450 00042.528 00042.617 00042.693 00042.760 00042.843 00042.929 -0001.000 -0001.000 -0001.000 -0001.000 -0001.000 -0001.000 -0001.000 -0001.000 -0001.000 -0001.000 -0001.000 -0001.000 -0001.000 -0001.000 -0001.000 -0001.000 -0001.000 -0001.000 -0001.000
00042.512 00042.436 00042.248 00041.706 00041.245 00041.029 00040.966 00040.983 00041.001 00041.027 00041.067 00041.107 00041.145 00041.179 00041.216 00041.251 00041.284 00041.320 00041.366 00041.413 00041.459 00041.508 00041.566 00041.638 00041.715 00041.791 00041.865 00041.936 00042.004 00042.064 00042.125 00042.187 00042.249 00042.312 00042.376 00042.440 00042.517 00042.605 00042.690 00042.772 00042.860 00042.946 -0001.000 -0001.000 -0001.000 -0001.000 -0001.000 -0001.000 -0001.000 -0001.000 -0001.000 -0001.000 -0001.000 -0001.000 -0001.000 -0001.000 -0001.000 -0001.000 -0001.000 -0001.000
00042.620 00042.544 00042.526 00042.213 00041.706 00041.374 00041.215 00041.153 00041.176 00041.200 00041.235 00041.272 00041.307 00041.334 00041.360 00041.382 00041.405 00041.435 00041.464 00041.490 00041.525 00041.576 00041.632 00041.694 00041.757 00041.823 00041.894 00041.963 00042.030 00042.090 00042.143 00042.196 00042.257 00042.321 00042.385 00042.449 00042.513 00042.579 00042.644 00042.714 00042.790 00042.880 00042.969 -0001.000 -0001.000 -0001.000 -0001.000 -0001.000 -0001.000 -0001.000 -0001.000 -0001.000 -0001.000 -0001.000 -0001.000 -0001.000 -0001.000 -0001.000 -0001.000 -0001.000
00042.731 00042.669 00042.688 00042.323 00041.998 00041.687 00041.515 00041.386 00041.347 00041.378 00041.409 00041.441 00041.475 00041.512 00041.549 00041.574 00041.590 00041.597 00041.605 00041.630 00041.652 00041.676 00041.701 00041.764 00041.828 00041.889 00041.951 00042.010 00042.062 00042.119 00042.173 00042.228 00042.281 00042.335 00042.394 00042.458 00042.525 00042.594 00042.662 00042.733 00042.808 00042.890 00042.967 -0001.000 -0001.000 -0001.000 -0001.000 -0001.000 -0001.000 -0001.000 -0001.000 -0001.000 -0001.000 -0001.000 -0001.000 -0001.000 -0001.000 -0001.000 -0001.000 -0001.000
00042.888 00042.827 00042.603 00042.365 00042.148 00041.965 00041.794 00041.673 00041.557 00041.571 00041.597 00041.622 00041.653 00041.686 00041.722 00041.766 00041.812 00041.834 00041.824 00041.814 00041.824 00041.847 00041.865 00041.877 00041.895 00041.956 00042.015 00042.068 00042.115 00042.160 00042.206 00042.261 00042.318 00042.374 00042.427 00042.480 00042.539 00042.610 00042.682 00042.755 00042.825 00042.903 00042.985 -0001.000 -0001.000 -0001.000 -0001.000 -0001.000 -0001.000 -0001.000 -0001.000 -0001.000 -0001.000 -0001.000 -0001.000 -0001.000 -0001.000 -0001.000 -0001.000 -0001.000
-0001.000 00042.944 00042.655 00042.400 00042.273 00042.155 00042.052 00041.940 00041.852 00041.777 00041.801 00041.825 00041.848 00041.871 00041.906 00041.948 00041.992 00042.031 00042.073 00042.080 00042.073 00042.069 00042.069 00042.055 00042.037 00042.026 00042.074 00042.121 00042.167 00042.213 00042.260 00042.308 00042.360 00042.418 00042.474 00042.534 00042.593 00042.651 00042.715 00042.787 00042.862 00042.940 -0001.000 -0001.000 -0001.000 -0001.000 -0001.000 -0001.000 -0001.000 -0001.000 -0001.000 -0001.000 -0001.000 -0001.000 -0001.000 -0001.000 -0001.000 -0001.000 -0001.000 -0001.000
-0001.000 00042.993 00042.711 00042.514 00042.402 00042.293 00042.191 00042.126 00042.072 00042.030 00042.000 00042.017 00042.035 00042.055 00042.076 00042.099 00042.127 00042.159 00042.194 00042.234 00042.278 00042.291 00042.269 00042.233 00042.181 00042.137 00042.130 00042.178 00042.225 00042.270 00042.319 00042.370 00042.422 00042.475 00042.533 00042.595 00042.658 00042.730 00042.804 00042.872 00042.936 -0001.000 -0001.000 -0001.000 -0001.000 -0001.000 -0001.000 -0001.000 -0001.000 -0001.000 -0001.000 -0001.000 -0001.000 -0001.000 -0001.000 -0001.000 -0001.000 -0001.000 -0001.000 -0001.000
-0001.000 -0001.000 00042.784 00042.638 00042.520 00042.419 00042.323 00042.247 00042.183 00042.162 00042.138 00042.128 00042.145 00042.166 00042.189 00042.214 00042.244 00042.278 00042.317 00042.361 00042.410 00042.462 00042.515 00042.467 00042.391 00042.281 00042.237 00042.245 00042.296 00042.346 00042.388 00042.434 00042.489 00042.548 00042.608 00042.668 00042.747 00042.838 00042.922 00042.996 -0001.000 -0001.000 -0001.000 -0001.000 -0001.000 -0001.000 -0001.000 -0001.000 -0001.000 -0001.000 -0001.000 -0001.000 -0001.000 -0001.000 -0001.000 -0001.000 -0001.000 -0001.000 -0001.000 -0001.000
-0001.000 -0001.000 00042.902 00042.758 00042.634 00042.531 00042.447 00042.374 00042.299 00042.259 00042.242 00042.232 00042.232 00042.255 00042.280 00042.310 00042.346 00042.391 00042.441 00042.488 00042.536 00042.584 00042.631 00042.680 00042.672 00042.532 00042.443 00042.375 00042.401 00042.438 00042.478 00042.521 00042.569 00042.632 00042.695 00042.764 00042.840 00042.938 -0001.000 -0001.000 -0001.000 -0001.000 -0001.000 -0001.000 -0001.000 -0001.000 -0001.000 -0001.000 -0001.000 -0001.000 -0001.000 -0001.000 -0001.000 -0001.000 -0001.000 -0001.000 -0001.000 -0001.000 -0001.000 -0001.000
-0001.000 -0001.000 -0001.000 00042.870 00042.745 00042.641 00042.562 00042.492 00042.417 00042.348 00042.331 00042.321 00042.318 00042.327 00042.355 00042.388 00042.426 00042.468 00042.515 00042.566 00042.617 00042.669 00042.722 00042.775 00042.829 00042.857 00042.740 00042.660 00042.613 00042.626 00042.637 00042.685 00042.729 00042.770 00042.818 00042.890 00042.965 -0001.000 -0001.000 -0001.000 -0001.000 -0001.000 -0001.000 -0001.000 -0001.000 -0001.000 -0001.000 -0001.000 -0001.000 -0001.000 -0001.000 -0001.000 -0001.000 -0001.000 -0001.000 -0001.000 -0001.000 -0001.000 -0001.000 -0001.000
-0001.000 -0001.000 -0001.000 00042.981 00042.855 00042.748 00042.672 00042.604 00042.536 00042.453 00042.417 00042.400 00042.399 00042.401 00042.417 00042.450 00042.487 00042.528 00042.573 00042.619 00042.664 00042.712 00042.762 00042.813 00042.865 00042.919 00042.979 00042.974 00042.923 00042.918 00042.913 00042.917 00042.931 00042.948 00042.978 -0001.000 -0001.000 -0001.000 -0001.000 -0001.000 -0001.000 -0001.000 -0001.000 -0001.000 -0001.000 -0001.000 -0001.000 -0001.000 -0001.000 -0001.000 -0001.000 -0001.000 -0001.000 -0001.000 -0001.000 -0001.000 -0001.000 -0001.000 -0001.000 -0001.000
-0001.000 -0001.000 -0001.000 -0001.000 00042.966 00042.857 00042.780 00042.711 00042.653 00042.570 00042.509 00042.487 00042.473 00042.478 00042.482 00042.502 00042.538 00042.578 00042.618 00042.661 00042.705 00042.750 00042.797 00042.846 00042.897 00042.951 -0001.000 -0001.000 -0001.000 -0001.000 -0001.000 -0001.000 -0001.000 -0001.000 -0001.000 -0001.000 -0001.000 -0001.000 -0001.000 -0001.000 -0001.000 -0001.000 -0001.000 -0001.000 -0001.000 -0001.000 -0001.000 -0001.000 -0001.000 -0001.000 -0001.000 -0001.000 -0001.000 -0001.000 -0001.000 -0001.000 -0001.000 -0001.000 -0001.000 -0001.000
-0001.000 -0001.000 -0001.000 -0001.000 -0001.000 00042.968 00042.887 00042.814 00042.761 00042.683 00042.601 00042.577 00042.553 00042.549 00042.555 00042.560 00042.583 00042.621 00042.658 00042.698 00042.741 00042.786 00042.831 00042.878 00042.928 00042.979 -0001.000 -0001.000 -0001.000 -0001.000 -0001.000 -0001.000 -0001.000 -0001.000 -0001.000 -0001.000 -0001.000 -0001.000 -0001.000 -0001.000 -0001.000 -0001.000 -0001.000 -0001.000 -0001.000 -0001.000 -0001.000 -0001.000 -0001.000 -0001.000 -0001.000 -0001.000 -0001.000 -0001.000 -0001.000 -0001.000 -0001.000 -0001.000 -0001.000 -0001.000
