data/trial3/ashley.ros
NCOLS 382
NROWS 266
XLLCORNER 157819.328125
YLLCORNER 384678.625000
CELLSIZE 30.000000
NODATA_VALUE -1
[rows 102 to 135 of 266, columns 154 to 230 of 382]
66.26 63.93 60.42 56.95 52.22 45.13 37.14 23.38 12.86 16.38 06.35 06.60 07.44 06.67 07.10 07.33 07.33 07.29 06.91 05.78 05.54 05.25 06.48 09.52 10.77 10.59 10.26 11.64 13.08 19.63 20.18 17.37 16.37 12.63 18.25 23.85 25.37 24.75 17.36 18.67 20.88 28.74 35.85 38.11 45.46 13.61 13.98 13.93 13.28 14.72 16.14 15.10 14.23 12.72 11.58 11.80 11.61 15.41 17.41 18.64 18.92 22.83 27.49 20.30 16.52 15.71 16.81 20.84 24.63 23.52 10.33 08.77 10.51 00.32 00.27 00.33 -1.00
78.26 71.78 65.28 60.99 57.37 52.08 46.88 26.71 10.55 06.16 05.01 06.13 06.36 06.49 07.40 07.46 07.46 07.30 07.12 06.46 05.91 05.46 05.08 04.95 05.00 05.12 09.19 10.14 12.94 15.47 20.95 21.92 17.32 15.25 12.26 21.45 25.40 26.79 18.01 17.40 17.29 20.68 26.98 36.27 48.12 25.84 18.52 14.62 13.50 13.89 14.83 13.86 13.31 11.96 11.31 12.11 14.31 15.22 15.70 17.02 22.20 21.76 34.04 24.14 16.21 15.28 16.04 19.21 20.13 18.26 09.56 18.13 10.92 00.37 00.23 00.35 00.30
97.11 89.19 79.63 68.91 60.56 57.61 52.54 47.07 36.89 03.91 05.30 05.36 05.56 06.18 06.92 07.48 06.86 06.79 07.02 06.19 05.51 05.10 04.73 04.66 04.86 05.32 04.58 07.49 10.65 15.15 19.36 22.70 22.50 16.17 12.05 18.18 24.21 26.43 18.56 16.57 15.04 19.02 28.35 41.21 37.03 15.94 16.54 13.82 14.12 14.68 14.03 13.17 12.39 11.31 11.47 12.71 14.10 14.43 15.87 19.18 18.74 28.86 35.61 29.69 17.61 15.03 16.58 15.31 16.11 12.53 20.22 15.43 11.10 00.39 00.25 00.36 -1.00
114.82 106.38 96.76 85.41 75.03 64.26 59.56 53.90 48.44 24.80 05.91 07.02 07.31 06.91 05.96 10.74 09.55 08.72 07.97 07.39 06.94 06.66 06.38 06.24 06.12 04.88 04.43 03.97 07.63 11.84 17.88 21.28 22.95 22.37 12.40 11.42 23.57 28.95 20.62 18.89 14.32 14.93 22.98 38.69 45.58 29.31 15.44 13.57 13.92 14.50 14.91 14.21 11.63 10.57 12.49 13.49 13.84 14.15 14.60 15.65 24.90 30.02 33.01 29.09 21.30 13.68 15.31 12.64 12.36 15.74 17.24 11.83 09.79 00.31 00.26 00.32 -1.00
145.97 135.02 122.10 110.08 103.16 89.75 77.65 70.07 53.53 28.77 13.25 08.85 08.50 07.54 06.38 09.39 08.76 08.10 07.41 06.91 06.96 06.85 06.63 06.39 06.11 05.90 04.96 03.74 03.71 08.36 13.38 18.43 21.91 25.08 19.56 11.04 11.31 18.70 28.01 19.38 15.18 14.32 14.42 19.35 40.85 34.77 21.22 14.31 13.85 14.04 14.12 13.26 11.22 11.51 13.43 14.33 14.77 14.75 14.56 15.13 16.08 25.92 25.17 20.70 19.05 10.53 10.85 10.03 09.48 12.39 12.29 10.80 03.23 00.20 00.32 -1.00 -1.00
185.35 181.09 173.57 163.41 150.98 133.97 113.62 86.30 59.13 39.49 39.71 09.77 09.95 28.07 36.16 06.53 07.89 08.04 07.43 06.91 07.37 07.33 06.77 06.19 05.84 05.56 05.15 04.07 03.26 03.52 10.05 14.35 20.52 21.63 21.29 11.53 10.08 11.62 22.92 24.84 19.93 16.05 13.06 12.58 30.68 37.56 24.49 17.19 15.04 14.31 13.92 13.02 11.46 11.65 13.28 13.93 13.91 14.19 14.07 13.52 13.68 16.40 14.41 15.90 14.01 12.00 08.57 06.85 08.30 09.23 08.01 03.49 00.23 00.38 00.34 00.42 -1.00
165.87 164.54 162.10 159.25 156.04 149.79 139.00 125.61 112.25 49.77 10.56 32.77 117.90 99.40 66.04 28.36 09.42 18.17 44.87 16.65 13.47 10.72 08.37 06.62 05.76 05.19 04.71 04.23 03.62 03.35 05.66 12.00 15.46 21.22 18.64 13.70 08.82 09.33 14.42 16.41 16.78 16.74 13.48 11.43 24.95 30.08 27.49 23.54 17.58 15.41 14.06 12.99 10.62 07.98 12.31 13.12 12.98 13.23 13.06 12.30 10.87 11.20 10.92 10.97 11.15 10.09 10.00 07.17 07.52 07.37 06.24 00.46 00.47 00.30 00.35 00.38 -1.00
143.11 143.73 142.78 139.51 135.49 129.99 118.05 65.35 59.45 13.95 26.54 160.73 156.50 147.69 113.09 81.93 62.71 19.45 14.77 15.83 14.84 11.82 15.42 15.30 08.60 05.41 06.19 03.89 03.54 03.11 03.54 09.95 15.03 18.81 14.34 15.98 12.75 08.90 12.60 13.64 14.68 15.54 14.08 11.01 21.20 26.29 28.39 26.43 21.16 15.60 14.28 11.91 10.55 14.88 14.35 13.13 12.56 12.23 11.78 11.47 10.35 10.54 10.11 09.81 10.20 10.04 10.37 10.19 07.01 05.94 05.32 04.62 00.61 00.48 00.28 00.32 00.31
114.37 103.47 90.99 110.22 102.08 89.63 52.17 42.49 25.44 11.20 60.85 145.38 142.69 134.31 114.95 80.16 33.02 12.79 13.69 14.80 16.44 18.94 20.80 20.77 43.32 18.24 08.15 07.98 03.54 03.67 03.39 04.31 11.42 15.16 22.55 20.47 12.78 10.73 12.92 15.16 17.04 15.43 12.06 09.72 22.20 23.85 24.88 24.10 22.39 17.36 13.47 10.71 14.54 13.96 13.47 13.28 13.08 12.83 11.57 11.07 10.35 10.16 09.87 09.59 09.39 09.95 09.86 09.67 07.02 05.31 05.24 08.05 02.32 00.49 00.21 00.28 00.38
70.72 55.97 39.32 16.66 06.03 06.01 08.43 10.22 11.58 11.18 133.13 125.41 109.35 98.56 84.34 36.99 13.55 12.12 12.44 13.74 15.41 17.35 20.25 25.78 26.75 33.00 11.61 10.33 05.14 03.51 03.56 03.40 12.60 14.71 20.35 23.69 17.30 55.31 13.83 16.02 18.46 17.36 10.97 15.59 20.36 18.20 16.16 18.08 18.78 15.70 13.00 10.69 12.75 12.80 12.66 12.87 12.51 12.06 11.71 10.90 11.28 11.44 11.41 09.45 09.20 09.48 09.36 08.67 06.88 05.21 04.86 07.60 05.00 07.47 00.22 00.26 00.37
47.07 38.45 06.00 06.97 06.20 26.24 36.34 10.50 10.88 40.88 45.71 81.00 71.14 45.35 19.22 15.06 81.18 11.04 11.18 12.30 13.97 19.59 22.49 19.61 16.81 25.87 08.90 13.24 08.58 04.46 04.03 05.07 07.66 10.09 10.68 21.17 17.38 66.88 67.04 39.50 17.98 18.15 13.61 11.29 14.80 12.30 25.06 16.59 36.34 56.65 12.47 12.35 12.36 12.37 12.45 12.56 12.23 11.87 11.56 10.14 11.14 11.72 11.47 10.85 09.64 08.93 08.37 07.42 06.73 04.97 03.84 04.72 06.59 00.23 00.22 00.36 00.38
34.12 102.82 120.40 133.75 130.19 103.71 70.24 10.84 10.15 43.27 75.06 62.42 48.16 26.74 06.61 07.63 23.82 16.50 09.93 10.44 19.14 23.94 24.24 19.84 15.45 14.44 09.29 12.95 09.25 05.07 03.95 08.35 09.33 08.86 09.05 10.84 16.13 51.14 33.46 21.98 17.68 18.09 15.85 12.21 09.61 21.97 51.14 47.69 44.54 16.65 11.75 11.58 11.75 13.14 12.18 12.26 11.88 11.42 15.34 65.24 56.16 11.01 11.34 11.22 10.89 10.07 07.53 06.45 06.82 04.72 01.43 00.39 00.22 00.20 00.37 00.39 -1.00
59.74 77.25 90.34 98.13 98.06 82.11 56.39 26.56 08.55 08.44 07.29 25.19 29.91 06.72 07.21 08.01 08.44 19.66 08.60 09.00 17.66 25.89 22.76 19.21 15.40 09.87 07.91 10.19 13.20 06.54 03.68 10.44 10.41 11.84 07.84 07.44 12.02 20.61 42.49 28.18 16.71 17.67 27.79 14.58 43.40 20.32 41.67 46.09 21.82 24.42 27.18 28.74 30.18 30.01 31.13 30.69 28.43 94.16 133.89 153.03 199.92 49.01 20.04 10.73 10.33 08.96 06.65 06.46 06.73 04.10 00.36 00.18 00.29 00.38 00.43 -1.00 -1.00
80.09 74.69 69.12 64.23 56.28 47.39 22.58 07.83 05.17 07.16 06.59 05.82 05.01 05.84 13.13 08.26 08.38 08.23 06.28 06.16 08.67 17.54 25.38 20.85 15.08 08.81 07.24 07.89 14.11 12.72 03.45 06.47 08.44 13.29 16.24 07.98 07.35 23.37 63.21 70.90 31.24 16.83 46.70 48.83 45.86 31.49 36.08 42.97 10.07 23.77 40.43 111.45 89.96 117.46 25.00 26.30 24.44 38.88 99.19 185.28 127.55 88.49 68.58 32.65 12.30 07.35 05.88 05.74 04.65 03.34 00.35 00.24 00.40 -1.00 -1.00 -1.00 -1.00
68.09 61.91 55.09 47.86 40.29 25.17 04.04 05.57 05.58 05.62 05.18 04.50 03.79 06.90 09.16 09.03 08.00 07.98 08.18 05.89 02.78 06.56 23.44 13.84 12.01 08.81 06.83 06.70 14.89 16.75 06.67 10.42 20.89 18.76 17.91 10.07 15.70 27.42 58.15 63.47 57.55 25.61 53.63 45.08 38.76 34.70 35.36 41.04 22.03 45.73 71.78 133.84 116.85 99.81 53.49 24.61 20.29 44.95 118.45 111.28 71.30 56.85 49.51 52.17 45.94 05.50 05.14 05.48 00.75 00.33 00.22 00.32 00.49 00.49 -1.00 -1.00 -1.00
57.34 50.15 43.64 37.84 28.34 15.02 05.15 06.23 06.65 05.92 05.37 05.23 05.13 05.29 06.10 06.10 09.41 10.18 09.37 08.13 02.18 03.01 06.51 16.10 04.61 08.08 06.51 06.53 15.57 17.03 14.16 17.33 19.10 15.96 16.83 13.91 15.21 16.91 49.53 49.32 50.86 39.17 47.66 42.21 33.59 35.36 36.15 39.01 40.00 40.26 100.52 103.85 99.53 90.88 80.44 20.74 37.02 76.83 77.45 51.04 41.62 38.65 35.40 36.51 06.14 03.05 04.36 00.37 00.20 00.25 00.35 00.49 00.57 00.54 -1.00 -1.00 -1.00
63.42 57.55 52.20 46.86 41.30 38.17 07.14 05.59 13.29 08.86 08.36 08.04 12.00 07.80 07.50 08.79 10.32 09.89 09.60 07.57 02.10 08.53 09.69 01.23 01.68 08.22 06.34 06.42 15.55 16.98 16.96 17.19 16.96 15.28 15.93 16.03 15.52 15.62 42.58 45.33 44.30 43.49 40.96 39.07 35.22 36.79 36.35 36.75 36.80 52.26 87.11 85.26 80.72 69.84 55.73 24.56 61.16 83.36 18.05 19.81 19.66 25.19 28.19 19.72 04.81 00.34 00.23 00.24 00.30 00.41 00.55 00.60 00.53 -1.00 -1.00 -1.00 -1.00
75.98 71.07 70.12 66.24 52.52 34.22 20.35 11.01 10.43 151.00 130.26 130.60 134.85 119.60 96.59 47.32 29.46 09.53 09.33 06.56 02.09 05.97 00.81 01.45 03.29 07.85 06.36 06.36 15.28 16.80 16.91 17.03 17.03 15.50 15.89 15.93 15.50 15.65 39.76 42.40 40.23 40.75 38.17 37.64 36.55 36.28 35.68 35.14 32.17 63.74 70.08 67.70 59.60 55.76 51.95 55.06 56.80 13.55 10.96 12.64 07.17 04.64 03.11 01.47 00.90 00.26 00.25 00.35 00.47 00.60 00.63 00.49 -1.00 -1.00 -1.00 -1.00 -1.00
97.31 97.15 93.60 121.24 137.74 122.13 101.34 49.82 39.76 163.85 162.17 162.13 158.27 151.33 140.42 113.10 65.79 09.22 09.01 06.39 01.93 01.88 01.06 01.42 01.74 07.38 06.03 06.05 16.08 16.90 17.03 17.00 17.11 15.71 15.85 15.84 15.55 15.68 37.76 39.80 38.62 37.93 37.15 36.03 35.66 35.25 34.39 31.15 27.58 53.86 52.77 50.24 49.21 47.59 46.77 46.72 31.33 51.59 31.67 09.06 08.24 08.02 06.87 05.18 00.55 00.30 00.31 00.55 00.64 00.55 00.52 -1.00 -1.00 -1.00 -1.00 -1.00 -1.00
112.15 111.93 142.70 176.39 174.13 170.74 158.42 142.54 134.07 137.72 134.98 130.42 126.06 119.96 109.56 98.67 79.40 32.54 07.95 07.53 06.50 01.88 01.81 01.93 03.64 04.59 05.73 05.77 16.63 17.06 17.19 17.15 17.13 15.83 15.98 15.98 15.73 15.73 36.49 37.52 37.24 36.36 35.90 34.98 34.55 34.20 30.75 22.02 41.35 42.53 41.97 41.64 41.09 39.37 38.87 40.55 40.32 22.16 10.00 09.68 07.89 07.76 07.68 06.05 00.63 00.31 00.33 00.49 00.50 -1.00 -1.00 -1.00 -1.00 -1.00 -1.00 -1.00 -1.00
107.05 104.89 106.20 134.34 147.32 144.38 139.72 133.33 124.64 116.43 109.19 102.09 95.32 88.68 79.21 66.43 48.14 20.05 06.58 06.95 06.73 06.38 05.33 04.41 04.69 06.07 05.91 21.93 18.22 17.80 17.33 17.45 15.95 15.95 16.19 16.17 15.89 23.43 35.58 36.31 35.82 35.10 34.49 33.91 33.60 26.15 09.53 27.19 36.03 32.64 33.77 34.54 33.26 33.76 34.72 35.85 37.71 17.89 09.10 07.51 07.32 07.56 08.14 08.11 00.69 00.34 00.35 00.40 00.52 -1.00 -1.00 -1.00 -1.00 -1.00 -1.00 -1.00 -1.00
101.27 98.43 95.45 97.97 113.93 118.98 114.11 108.02 101.05 94.35 86.81 78.34 68.58 61.64 56.09 44.91 33.87 09.04 14.05 06.19 06.35 06.03 05.75 07.98 07.50 13.38 19.16 15.79 20.21 18.12 18.01 17.81 16.35 16.32 16.43 16.35 16.01 29.20 34.92 35.18 34.52 33.87 33.66 32.90 32.25 04.37 23.81 25.33 25.53 28.18 28.72 29.54 30.43 31.26 31.43 32.19 35.81 09.16 08.42 06.79 06.83 07.43 08.12 06.04 00.76 00.42 00.28 00.37 00.51 -1.00 -1.00 -1.00 -1.00 -1.00 00.26 00.61 01.16
91.64 88.76 85.72 82.59 80.34 84.63 85.18 82.05 80.34 75.50 68.45 62.87 57.07 51.08 44.57 38.16 24.23 26.46 11.60 04.34 04.66 05.72 07.94 07.80 07.28 06.32 08.63 16.87 21.61 19.30 19.30 18.25 16.80 16.69 16.70 16.53 16.24 30.88 34.23 33.95 32.97 32.97 31.79 31.21 07.72 10.94 07.48 11.61 19.11 24.23 25.02 26.23 27.45 28.37 28.38 29.38 12.19 07.08 06.00 06.21 06.04 10.89 16.42 11.66 00.70 00.49 00.36 00.40 00.49 00.59 -1.00 00.23 00.41 00.95 01.31 01.44 01.33
82.46 79.35 75.95 72.20 68.05 64.09 61.66 60.26 61.02 59.92 57.70 54.66 49.54 42.08 35.89 31.39 25.80 26.76 11.98 21.46 09.83 04.56 05.30 08.07 07.57 07.33 12.12 19.94 09.85 19.29 20.13 17.83 17.38 17.07 16.98 16.81 16.41 31.94 32.95 32.38 31.54 30.63 29.82 29.66 05.18 14.26 13.59 10.40 15.32 15.73 20.35 04.99 05.04 05.20 05.36 05.54 05.20 05.33 12.57 14.45 13.69 13.62 15.11 12.02 00.66 00.67 00.41 00.44 00.48 00.28 00.57 01.03 01.19 01.36 01.51 01.48 01.52
74.08 70.96 67.56 64.49 62.24 59.90 57.53 55.33 53.18 49.74 45.96 42.43 39.37 36.09 32.35 28.78 23.68 22.60 15.07 24.06 03.42 03.50 04.13 05.29 07.16 06.71 05.94 05.12 10.51 21.75 21.59 18.32 17.94 17.39 17.37 17.31 23.78 30.98 31.45 30.75 29.19 28.59 28.36 28.11 05.43 14.68 13.21 14.65 15.05 33.41 10.96 06.30 09.98 12.48 15.20 18.12 15.10 18.30 17.67 17.03 13.08 12.71 13.88 07.94 00.90 00.64 00.42 00.32 00.20 00.37 00.86 01.06 01.18 01.36 01.49 01.67 01.44
66.59 64.67 62.68 60.60 58.38 56.14 53.90 51.34 48.30 45.19 42.25 39.48 36.61 33.91 29.60 26.87 24.10 24.26 21.18 03.03 04.54 02.62 03.77 03.99 04.58 04.86 05.26 05.41 15.39 26.71 20.28 17.20 19.06 18.23 18.06 17.70 26.26 29.76 29.41 28.37 27.49 27.26 26.54 26.35 09.56 17.37 15.15 14.90 14.33 13.97 14.34 13.79 10.40 13.02 18.04 19.35 18.16 16.52 16.20 15.07 12.50 11.93 13.63 00.79 01.00 00.73 00.57 01.03 01.33 01.28 01.28 01.26 01.15 01.14 01.26 01.35 01.39
62.42 60.67 59.09 56.98 54.71 52.38 49.96 47.44 44.80 42.18 39.62 37.26 36.00 32.61 29.18 26.32 24.74 24.95 24.61 04.90 08.52 08.89 02.61 02.56 04.51 04.99 05.27 05.60 05.29 12.41 14.00 15.97 21.26 18.97 18.69 19.39 26.65 27.07 26.76 26.15 25.95 25.58 24.96 26.19 11.57 14.83 17.76 14.00 14.23 14.58 14.76 15.36 13.52 19.66 167.22 17.22 15.58 16.08 13.68 12.73 11.36 11.39 11.95 00.92 01.22 00.97 02.57 02.90 02.66 01.62 01.54 01.37 01.10 01.07 00.91 01.10 01.20
58.95 57.19 55.44 53.69 51.70 49.57 47.45 45.06 41.35 38.78 37.12 36.07 33.83 30.82 28.13 26.01 25.32 25.10 23.13 12.86 07.92 09.01 08.70 06.34 02.65 02.60 05.26 05.43 05.40 05.09 09.27 22.19 21.59 19.88 19.25 23.94 24.70 25.11 25.15 24.49 24.36 24.14 23.90 24.43 53.93 37.46 15.20 16.26 14.39 13.99 14.17 15.85 45.04 133.45 100.67 30.78 81.41 15.16 11.62 10.69 10.38 10.51 10.57 01.06 01.33 01.42 03.52 02.98 03.71 04.87 05.21 06.71 05.22 01.54 01.13 00.79 01.18
56.24 54.60 52.89 51.26 49.16 46.02 29.76 09.51 04.72 05.36 16.57 34.91 32.78 29.40 26.78 25.70 25.75 25.17 23.14 21.24 07.54 07.59 07.29 07.02 11.16 03.97 03.39 05.00 20.16 12.76 19.76 31.82 22.54 21.11 21.61 22.31 22.99 23.46 22.99 23.07 22.98 22.33 22.63 41.17 53.92 27.46 11.56 15.96 13.45 13.62 43.61 75.63 102.80 87.78 65.24 68.03 42.11 09.62 09.95 09.67 09.82 10.20 08.78 00.98 01.16 12.76 11.39 07.82 04.47 05.25 08.88 11.97 09.34 03.72 01.85 01.18 01.60
52.57 51.40 50.48 46.74 40.84 32.41 23.45 09.43 06.02 06.09 05.98 05.56 13.13 30.09 23.39 27.43 26.33 25.19 23.28 14.42 20.49 05.80 06.10 09.46 04.15 03.39 04.38 67.53 41.49 33.77 44.81 26.73 24.08 19.08 20.06 20.87 21.25 21.46 21.84 21.53 21.20 21.50 35.48 47.87 51.65 58.07 45.11 20.02 13.03 13.46 52.66 70.66 63.72 54.52 49.31 47.85 42.36 30.24 08.68 09.69 10.10 09.42 09.06 01.01 00.87 03.54 05.54 05.85 05.76 06.53 07.49 06.85 05.97 07.54 06.56 04.89 01.83
50.17 48.57 44.63 40.54 35.24 28.36 18.68 03.31 05.69 02.40 02.39 06.27 06.30 15.62 31.09 19.42 27.22 25.50 17.41 18.77 11.66 05.11 06.61 08.55 03.46 03.23 94.38 88.98 78.61 47.49 32.50 28.24 16.61 17.67 18.05 18.88 19.61 20.00 20.18 20.15 20.58 34.54 45.36 49.07 50.12 52.98 49.99 12.88 12.15 11.99 38.75 38.14 40.12 38.46 37.93 34.53 33.63 30.88 09.04 09.75 09.86 09.05 08.43 00.94 00.55 00.46 02.31 04.21 03.83 04.22 04.66 06.39 08.31 09.54 09.95 07.45 03.34
46.23 43.48 40.39 36.33 29.80 24.95 11.58 17.09 06.28 04.96 03.78 02.43 02.41 06.03 13.05 28.33 28.97 15.54 15.83 17.05 04.20 04.46 07.95 07.92 18.66 03.28 02.89 45.79 42.65 36.79 13.52 14.31 15.26 16.00 16.85 17.61 18.41 18.94 19.25 19.66 34.72 42.45 44.55 45.57 46.91 47.59 30.42 09.74 10.77 11.43 19.99 31.87 32.68 28.79 28.71 30.10 18.95 17.91 11.50 09.58 09.09 06.08 06.82 00.85 00.49 00.35 02.45 03.30 03.90 04.00 05.37 07.41 09.93 11.94 12.55 09.57 07.29
44.29 40.42 36.58 32.15 28.03 23.51 16.01 25.10 04.47 05.51 13.73 15.77 04.33 03.97 07.70 12.29 13.20 13.94 13.20 03.76 04.53 12.30 16.56 20.16 21.04 05.82 03.14 03.50 07.63 10.87 12.17 13.27 14.16 14.97 15.73 16.75 17.21 17.95 18.67 33.36 38.30 39.97 40.59 40.63 41.09 42.35 16.79 09.12 09.87 13.99 14.43 23.17 25.26 26.20 26.87 28.31 30.63 32.22 16.98 07.65 07.54 05.51 05.67 00.75 00.38 00.27 01.87 02.04 01.93 04.86 07.80 09.56 11.22 13.10 15.22 10.69 11.23
40.31 36.75 33.39 30.61 26.47 21.96 19.75 21.53 04.09 08.69 05.76 08.18 43.11 03.37 08.47 11.76 13.22 13.77 07.75 09.96 18.19 11.85 23.53 38.91 14.69 15.71 03.46 05.56 08.30 11.03 11.79 12.60 13.47 14.48 14.90 15.48 16.27 27.02 31.30 33.92 34.97 34.90 35.59 36.35 37.16 39.31 07.77 09.72 10.67 09.60 57.66 33.30 20.58 23.91 26.05 25.65 26.60 16.68 06.41 06.71 04.62 04.41 05.14 00.57 00.35 00.33 00.42 00.15 03.86 06.77 09.01 10.38 11.22 12.71 13.99 10.38 10.73
