data/trial3/ashley.hpa
NCOLS 382
NROWS 266
XLLCORNER 157819.328125
YLLCORNER 384678.625000
CELLSIZE 30.000000
NODATA_VALUE -1
[rows 130 to 155 of 266, columns 180 to 239 of 382]
00495.900 00490.300 00224.082 00261.064 00151.506 00097.363 00097.424 00097.406 00097.626 00098.574 00098.886 00099.715 00098.275 00098.015 00097.317 00097.386 00097.414 00097.712 00097.471 00209.522 00500.731 00499.645 00493.447 00494.999 00161.081 00107.174 00096.224 00096.150 00105.513 00096.030 00131.122 00438.000 00499.118 00498.775 00498.426 00498.155 00500.160 00186.257 00173.713 00451.116 00446.042 00514.764 00812.110 00661.840 00489.893 00387.160 00372.719 00511.915 01119.530 01104.524 00603.199 00387.597 00203.971 00246.399 00286.201 00296.240 00310.103 00252.577 00288.141 00287.549
00491.069 00109.089 00134.919 00124.629 00097.528 00097.675 00097.415 00097.728 00098.468 00098.644 00099.039 00099.472 00099.408 00097.787 00097.141 00097.128 00097.550 00097.483 00097.558 00097.280 00129.491 00315.997 00497.228 00498.571 00124.388 00100.570 00096.180 00096.101 00096.031 00095.956 00095.894 00130.839 00497.010 00498.599 00498.292 00498.085 00501.069 00184.775 00172.182 00418.831 00432.244 00442.741 00431.538 00403.518 00384.878 00371.896 00353.688 00353.758 00348.692 00333.682 00645.760 00202.175 00160.671 00140.425 00166.559 00236.194 00257.257 00210.132 00270.627 00286.088
00099.362 00098.728 00098.596 00098.188 00097.679 00097.636 00097.950 00098.566 00098.986 00099.444 00099.898 00099.507 00098.888 00098.014 00097.180 00097.530 00097.418 00097.139 00097.016 00096.874 00107.295 00404.794 00499.036 00498.537 00150.059 00109.423 00096.091 00096.020 00095.951 00095.879 00101.901 00114.909 00498.791 00498.499 00498.229 00498.038 00500.877 00183.115 00170.447 00291.549 00397.475 00404.350 00391.997 00381.607 00367.089 00359.421 00371.577 00373.617 00373.421 00364.697 00341.859 00332.080 00248.386 00206.905 00140.597 00169.239 00218.621 00249.884 00286.919 00298.577
00495.261 00103.031 00098.834 00098.145 00098.736 00098.358 00098.672 00099.239 00099.399 00099.838 00100.564 00100.633 00100.445 00098.642 00098.966 00097.127 00096.915 00096.911 00096.724 00096.569 00153.810 00499.347 00498.803 00433.896 00096.100 00096.012 00095.949 00095.885 00095.814 00095.747 00155.820 00184.505 00343.543 00498.495 00498.127 00497.289 00495.523 00183.490 00169.857 00157.087 00345.510 00371.360 00370.573 00351.843 00369.615 00379.812 00384.435 00384.763 00384.957 00383.252 00358.408 00298.869 00298.487 00267.964 00187.691 00054.279 00195.825 00264.962 00285.912 00264.642
00506.457 00363.751 00149.502 00100.283 00099.846 00099.877 00099.647 00099.746 00100.196 00100.701 00101.573 00102.153 00102.648 00102.883 00097.363 00097.336 00096.807 00096.525 00096.474 00096.567 00254.299 00496.222 00494.171 00283.893 00213.902 00095.845 00095.795 00095.738 00095.661 00095.570 00095.511 00101.866 00207.749 00498.228 00497.794 00495.691 00492.434 00181.123 00163.607 00154.824 00299.287 00310.701 00334.099 00373.231 00386.513 00390.498 00392.296 00391.991 00391.695 00384.121 00363.921 00357.096 00337.537 00291.854 00225.902 00146.396 00192.014 00257.467 00214.752 00141.042
00504.950 00259.950 00139.707 00101.600 00100.704 00100.090 00100.339 00100.737 00101.301 00102.156 00102.617 00102.800 00102.415 00101.764 00100.690 00098.956 00098.044 00097.584 00096.574 00096.160 00466.210 00491.475 00491.074 00492.268 00136.208 00154.915 00095.581 00113.074 00095.488 00095.443 00095.358 00168.935 00497.477 00496.797 00493.891 00488.826 00489.070 00177.637 00160.921 00158.235 00181.242 00156.132 00376.630 00391.733 00396.702 00402.093 00401.924 00401.118 00397.386 00382.536 00379.761 00378.606 00350.623 00298.863 00246.825 00164.704 00197.471 00255.883 00170.288 00207.708
00504.395 00352.237 00113.840 00103.824 00103.629 00103.488 00103.178 00102.090 00102.589 00102.505 00102.505 00102.281 00102.233 00102.168 00162.627 00106.153 00097.218 00096.813 00136.732 00172.775 00181.689 00406.228 00491.648 00491.353 00248.006 00224.423 00206.120 00135.523 00095.270 00095.222 00196.891 00495.339 00493.149 00490.994 00486.712 00484.190 00481.905 00175.199 00160.440 00160.865 00183.540 00155.942 00409.249 00408.914 00407.405 00412.620 00412.223 00411.346 00397.713 00390.383 00388.959 00383.287 00360.009 00298.979 00261.949 00173.839 00189.312 00127.942 00225.972 00266.896
00504.200 00504.563 00104.055 00104.280 00104.499 00104.538 00104.516 00104.020 00102.089 00102.093 00102.149 00164.791 00520.360 00519.587 00517.968 00440.379 00168.828 00097.787 00096.713 00096.495 00182.925 00264.336 00205.255 00491.301 00490.621 00489.485 00490.943 00327.409 00164.722 00107.374 00178.388 00491.854 00489.568 00485.413 00483.931 00479.497 00471.504 00174.206 00159.088 00164.262 00185.695 00156.043 00430.754 00425.849 00419.749 00418.895 00419.444 00414.973 00403.304 00400.926 00396.718 00386.898 00368.818 00327.203 00269.911 00172.034 00115.379 00189.813 00269.050 00288.880
00104.682 00298.308 00284.545 00129.278 00104.128 00104.070 00104.328 00104.409 00175.080 00521.122 00519.046 00518.666 00518.277 00516.417 00515.043 00512.230 00270.961 00127.531 00097.137 00096.681 00096.327 00095.943 00304.215 00302.836 00490.554 00489.607 00489.615 00487.679 00099.781 00239.460 00478.263 00488.529 00485.411 00482.197 00476.687 00475.939 00450.407 00172.243 00157.223 00171.202 00187.205 00157.314 00437.274 00431.414 00425.402 00425.973 00427.330 00415.295 00413.672 00411.615 00402.855 00390.921 00376.424 00334.600 00274.904 00169.452 00217.274 00244.796 00289.870 00292.924
00102.607 00321.826 00102.947 00125.523 00103.408 00103.682 00271.496 00525.787 00522.365 00517.578 00223.491 00110.013 00122.246 00515.219 00513.905 00512.822 00151.383 00097.909 00096.938 00096.607 00096.371 00104.172 00119.548 00121.673 00490.311 00489.759 00489.013 00488.662 00436.139 00483.182 00482.868 00483.401 00481.152 00477.798 00475.104 00474.406 00472.615 00168.665 00156.166 00179.964 00184.781 00160.748 00439.447 00447.910 00437.047 00436.209 00433.185 00423.193 00421.638 00418.549 00409.151 00396.484 00383.465 00346.133 00281.724 00149.829 00197.786 00286.250 00293.116 00332.489
00124.865 00102.302 00103.638 00102.416 00102.751 00103.107 00142.498 00103.080 00103.057 00101.949 00099.954 00184.929 00284.252 00393.893 00425.094 00512.785 00513.161 00511.333 00453.014 00236.427 00112.718 00136.498 00221.032 00306.767 00351.504 00300.867 00489.220 00488.575 00487.690 00485.614 00483.416 00479.057 00476.835 00476.594 00474.177 00471.764 00470.952 00172.152 00157.510 00157.563 00157.028 00414.914 00447.154 00454.839 00456.831 00441.197 00440.308 00434.920 00429.166 00423.170 00413.890 00402.220 00389.118 00362.927 00295.431 00271.422 00292.485 00326.137 00342.751 00352.801
00101.531 00101.917 00101.905 00104.399 00102.447 00102.504 00102.620 00102.723 00101.437 00100.492 00099.663 00099.443 00132.426 00166.845 00512.905 00512.013 00511.886 00511.971 00511.953 00200.626 00096.412 00100.247 00126.786 00160.126 00167.385 00146.550 00107.211 00460.373 00487.535 00484.202 00481.806 00477.321 00475.715 00474.071 00472.662 00471.622 00470.953 00435.795 00167.347 00166.407 00165.642 00372.694 00430.046 00456.155 00457.767 00447.643 00452.341 00443.166 00437.646 00426.046 00418.071 00408.773 00393.646 00374.705 00335.653 00341.334 00346.343 00363.252 00371.118 00373.837
00101.258 00102.253 00103.388 00103.980 00101.409 00101.792 00101.921 00102.084 00102.223 00101.298 00100.519 00099.704 00099.056 00175.781 00512.054 00511.260 00243.733 00480.787 00140.910 00180.137 00098.457 00097.980 00095.763 00094.989 00094.342 00172.783 00221.749 00488.117 00487.398 00483.597 00480.180 00477.125 00475.481 00474.220 00473.074 00472.070 00470.937 00464.884 00468.923 00469.258 00469.113 00422.132 00459.784 00465.182 00458.265 00457.172 00459.137 00458.570 00445.363 00432.279 00422.114 00415.706 00400.820 00393.363 00389.080 00389.883 00390.712 00391.562 00391.699 00391.285
00100.377 00100.647 00101.046 00100.983 00100.981 00100.915 00101.259 00101.472 00101.599 00101.711 00101.178 00101.686 00099.231 00148.882 00150.881 00477.634 00099.776 00253.325 00098.344 00140.237 00098.399 00097.505 00096.652 00095.621 00094.746 00093.942 00093.575 00413.041 00487.212 00483.433 00480.435 00477.357 00476.207 00474.654 00473.499 00472.411 00471.056 00470.608 00469.834 00470.713 00469.231 00467.753 00466.350 00465.197 00461.199 00462.035 00462.550 00459.345 00453.779 00438.648 00428.753 00419.346 00407.238 00407.123 00406.324 00405.067 00403.987 00403.564 00402.845 00402.072
00098.527 00100.622 00100.541 00100.557 00100.427 00100.498 00100.567 00100.846 00101.057 00101.211 00101.313 00100.624 00100.617 00103.895 00160.761 00132.711 00130.005 00110.035 00144.709 00098.448 00098.189 00097.878 00096.131 00094.253 00093.845 00093.547 00103.318 00126.924 00104.794 00483.723 00480.309 00477.066 00475.634 00474.106 00472.992 00472.957 00472.587 00472.190 00471.951 00470.173 00469.108 00467.847 00466.228 00465.577 00465.549 00465.575 00462.583 00459.400 00454.193 00444.843 00431.821 00425.625 00414.536 00417.050 00417.387 00417.424 00416.483 00415.587 00414.760 00407.028
00098.592 00098.536 00098.615 00100.203 00100.194 00100.150 00100.202 00100.151 00100.547 00100.690 00100.819 00100.935 00100.285 00099.411 00098.265 00097.867 00097.685 00096.982 00097.592 00098.071 00098.023 00098.203 00096.978 00094.837 00093.286 00093.234 00093.244 00122.185 00199.754 00481.715 00478.148 00476.074 00475.040 00474.939 00474.582 00474.287 00473.994 00473.568 00472.251 00471.139 00469.614 00467.181 00465.767 00467.141 00467.327 00465.300 00462.679 00459.447 00453.242 00447.025 00438.481 00419.410 00429.869 00426.647 00426.541 00406.554 00187.408 00085.392 00227.832 00413.110
00097.012 00098.789 00099.248 00099.962 00099.935 00099.912 00099.846 00099.816 00099.386 00099.861 00100.429 00100.547 00100.658 00099.904 00098.364 00097.101 00096.420 00095.897 00095.786 00096.541 00097.089 00097.644 00097.868 00096.500 00095.124 00095.948 00176.643 00092.432 00282.971 00470.530 00371.322 00476.741 00476.286 00475.724 00475.552 00475.359 00474.977 00473.862 00472.815 00471.696 00469.801 00468.636 00468.095 00467.546 00465.771 00464.833 00464.554 00459.453 00452.381 00445.565 00199.062 00441.556 00434.543 00279.308 00103.599 00318.512 00154.800 00059.841 00062.133 00127.126
00096.946 00097.798 00099.777 00099.558 00099.352 00099.217 00099.415 00099.971 00098.371 00098.683 00097.749 00097.851 00098.069 00098.271 00097.396 00096.502 00096.112 00095.117 00094.204 00094.723 00095.116 00095.154 00095.509 00094.914 00094.146 00093.465 00097.508 00163.953 00214.897 00212.935 00168.232 00117.904 00473.436 00196.140 00108.563 00291.918 00475.474 00474.223 00473.269 00472.042 00471.444 00470.817 00470.189 00467.930 00466.163 00464.686 00463.609 00459.664 00451.368 00162.115 00444.104 00143.625 00155.898 00203.638 00087.267 00067.763 00101.422 00109.837 00053.433 00078.513
00098.092 00098.285 00098.282 00098.082 00098.287 00097.862 00097.865 00099.794 00099.619 00097.959 00097.199 00095.564 00095.541 00095.828 00096.208 00096.121 00096.076 00095.380 00094.889 00093.129 00093.321 00093.546 00093.531 00093.655 00093.717 00093.455 00093.359 00092.585 00102.084 00103.335 00095.569 00111.211 00090.683 00090.536 00101.090 00090.301 00304.596 00474.854 00473.894 00473.176 00472.652 00472.169 00470.994 00469.194 00466.888 00464.832 00463.160 00460.008 00449.542 00101.185 00131.999 00143.016 00076.314 00079.818 00074.114 00072.850 00071.443 00156.726 00055.709 00188.254
00096.249 00096.328 00096.616 00095.948 00096.516 00097.389 00097.536 00097.529 00097.218 00096.719 00096.141 00095.231 00094.132 00094.369 00094.584 00094.866 00094.272 00093.758 00092.433 00092.206 00092.335 00092.491 00092.756 00092.908 00092.946 00092.976 00093.016 00092.249 00091.395 00090.966 00090.793 00090.696 00090.602 00090.604 00099.297 00153.250 00110.036 00457.187 00215.977 00474.300 00464.095 00472.667 00471.448 00470.103 00467.967 00464.973 00461.637 00458.716 00455.535 00432.373 00152.443 00135.152 00077.242 00075.476 00074.784 00074.253 00072.048 00140.173 00242.797 00374.165
00096.081 00095.768 00095.173 00094.744 00095.567 00096.202 00095.838 00095.311 00094.889 00094.268 00094.141 00093.687 00093.955 00093.988 00093.455 00093.120 00092.911 00092.420 00091.480 00091.573 00091.701 00091.805 00091.938 00092.089 00092.246 00092.409 00092.021 00091.673 00091.242 00090.939 00090.736 00090.717 00090.771 00090.971 00091.177 00093.412 00136.617 00116.258 00090.159 00240.736 00165.774 00473.067 00471.841 00470.013 00466.703 00465.232 00464.023 00462.486 00458.014 00456.825 00458.923 00458.409 00158.172 00076.765 00075.841 00074.920 00072.165 00140.700 00429.979 00416.467
00095.188 00094.849 00094.484 00094.917 00094.801 00094.617 00094.813 00094.169 00093.271 00092.960 00093.125 00094.063 00094.726 00095.032 00094.458 00093.734 00091.692 00091.301 00091.036 00091.342 00091.589 00091.573 00091.396 00091.508 00091.584 00091.688 00091.686 00091.410 00091.136 00090.899 00090.736 00090.696 00090.666 00090.746 00090.972 00091.386 00091.117 00091.513 00089.718 00089.738 00151.796 00472.955 00471.351 00470.201 00468.735 00467.117 00465.444 00463.557 00461.958 00463.426 00464.752 00461.628 00458.866 00171.020 00076.796 00074.959 00105.538 00231.114 00437.418 00417.242
00283.066 00161.942 00100.675 00093.263 00093.509 00093.513 00156.662 00092.897 00092.479 00092.513 00093.674 00094.193 00094.625 00094.831 00094.620 00092.900 00092.130 00091.063 00090.436 00091.422 00091.253 00091.133 00090.982 00091.144 00091.177 00091.098 00091.010 00090.919 00090.808 00090.675 00090.536 00090.400 00090.113 00090.313 00090.688 00090.862 00091.137 00091.249 00090.644 00089.443 00214.438 00241.558 00164.898 00471.312 00354.246 00468.701 00466.756 00465.053 00464.712 00464.967 00464.614 00464.628 00463.838 00340.469 00077.025 00075.352 00074.592 00444.677 00441.224 00425.564
00489.385 00214.708 00092.694 00153.360 00420.520 00345.617 00310.725 00300.377 00182.186 00112.532 00092.993 00094.437 00094.728 00094.515 00093.116 00092.348 00090.715 00090.444 00090.272 00090.980 00091.257 00091.091 00090.677 00090.600 00090.979 00090.763 00090.538 00090.319 00090.334 00089.945 00089.839 00089.833 00089.916 00090.181 00090.704 00091.021 00091.053 00091.110 00090.857 00089.978 00089.651 00089.229 00216.721 00223.647 00168.055 00120.770 00468.453 00334.439 00187.276 00104.558 00238.737 00465.999 00463.277 00126.260 00078.027 00076.414 00074.900 00216.070 00439.833 00435.185
00488.520 00447.890 00473.966 00483.715 00482.681 00481.856 00410.312 00184.761 00091.771 00092.175 00092.728 00093.364 00093.965 00093.803 00092.257 00091.322 00090.449 00090.373 00090.694 00090.903 00090.959 00090.446 00090.059 00090.084 00090.243 00090.147 00089.796 00089.540 00089.444 00089.267 00089.105 00089.219 00089.379 00089.551 00090.060 00090.538 00090.942 00091.388 00091.200 00090.841 00090.205 00089.397 00088.769 00088.429 00088.084 00261.191 00240.833 00177.299 00116.991 00090.700 00151.010 00464.901 00462.321 00457.649 00079.232 00093.225 00089.859 00069.725 00074.919 00158.487
00162.749 00121.251 00221.930 00261.950 00481.930 00388.586 00166.291 00480.041 00283.566 00092.209 00093.057 00098.464 00092.868 00091.840 00091.233 00090.598 00090.407 00090.481 00090.591 00090.086 00089.916 00089.311 00089.231 00089.470 00089.435 00089.512 00089.223 00088.979 00088.732 00088.464 00088.343 00088.262 00088.449 00088.844 00089.418 00089.988 00090.940 00091.044 00091.116 00090.748 00090.242 00089.555 00088.762 00088.150 00089.165 00105.422 00100.156 00088.822 00086.224 00085.876 00259.500 00464.822 00464.579 00460.485 00153.823 00138.825 00069.779 00067.243 00065.350 00061.423
