data/trial3/ashley.fli
NCOLS 382
NROWS 266
XLLCORNER 157819.328125
YLLCORNER 384678.625000
CELLSIZE 30.000000
NODATA_VALUE -1
[rows 130 to 155 of 266, columns 120 to 179 of 382]
00010.923 00023.262 00019.790 00021.188 00024.892 00030.165 00030.546 00027.644 00038.715 00040.477 00042.058 00043.840 00042.401 00028.684 00027.804 00078.174 00128.394 00139.476 00134.722 00131.547 00128.424 00125.204 00121.300 00116.935 00112.600 00110.293 00108.925 00107.122 00104.478 00101.746 00099.049 00096.491 00094.131 00092.147 00089.884 00087.184 00084.276 00081.669 00078.408 00073.533 00059.080 00041.946 00038.055 00043.186 00046.557 00055.812 00052.448 00047.065 00042.943 00041.249 00041.327 00040.498 00037.556 00034.776 00058.887 00062.544 00060.553 00058.860 00094.035 00033.272
00009.343 00020.623 00023.150 00016.740 00023.780 00029.049 00029.926 00025.994 00029.020 00033.539 00040.773 00042.150 00045.072 00030.481 00028.606 00081.551 00121.954 00126.305 00119.171 00117.666 00118.503 00116.583 00113.852 00111.024 00107.946 00104.871 00103.081 00101.411 00099.230 00096.741 00094.146 00091.235 00088.246 00086.091 00084.172 00082.243 00080.704 00074.731 00065.352 00051.933 00041.215 00030.907 00048.890 00049.369 00048.365 00044.865 00043.474 00048.329 00042.366 00044.127 00042.453 00040.710 00037.922 00038.944 00039.521 00047.789 00050.849 00079.715 00034.954 00028.149
00005.117 00011.929 00019.691 00015.133 00022.359 00023.616 00028.621 00028.107 00025.174 00030.690 00037.040 00039.349 00041.941 00030.252 00030.197 00076.652 00124.540 00118.219 00116.105 00114.232 00112.433 00110.633 00108.539 00106.180 00103.395 00100.332 00098.097 00096.471 00094.656 00092.479 00090.039 00087.503 00085.204 00082.948 00080.423 00077.869 00071.526 00064.946 00056.486 00045.535 00034.480 00026.857 00046.605 00019.709 00019.536 00050.946 00051.086 00046.813 00050.153 00042.258 00044.054 00041.360 00028.322 00030.805 00038.608 00042.544 00055.715 00072.031 00029.164 00026.567
-0001.000 -0001.000 00016.560 00009.870 00003.176 00022.688 00008.896 00030.618 00013.720 00005.183 00034.378 00028.961 00022.594 00025.082 00031.303 00108.244 00116.728 00113.877 00111.504 00109.247 00107.055 00105.252 00103.719 00101.554 00099.244 00097.258 00095.494 00093.534 00091.277 00088.992 00087.294 00085.321 00081.632 00077.715 00073.666 00069.392 00064.617 00058.281 00047.882 00040.161 00030.467 00036.348 00040.426 00040.987 00031.538 00020.145 00019.748 00047.660 00045.678 00048.255 00047.037 00025.329 00025.929 00028.529 00034.905 00037.494 00067.004 00066.693 00157.078 00027.708
-0001.000 -0001.000 -0001.000 -0001.000 -0001.000 -0001.000 -0001.000 -0001.000 -0001.000 -0001.000 -0001.000 -0001.000 -0001.000 00000.242 00015.651 00081.643 00111.883 00110.500 00106.635 00104.896 00103.203 00101.579 00100.361 00098.769 00096.858 00094.649 00092.672 00090.977 00087.779 00084.440 00082.652 00080.828 00078.307 00074.949 00071.177 00064.952 00058.766 00051.728 00045.142 00037.940 00027.437 00040.877 00036.570 00045.597 00114.556 00131.565 00036.147 00020.155 00018.952 00020.009 00021.599 00022.881 00025.036 00031.259 00038.068 00103.590 00139.481 00169.812 00177.224 00049.011
-0001.000 -0001.000 -0001.000 -0001.000 -0001.000 -0001.000 -0001.000 -0001.000 -0001.000 -0001.000 -0001.000 -0001.000 -0001.000 -0001.000 00114.296 00114.372 00112.033 00105.998 00103.398 00101.309 00100.094 00099.441 00098.580 00096.338 00093.552 00091.083 00089.050 00086.638 00083.392 00080.758 00078.545 00076.838 00074.675 00070.854 00064.937 00059.155 00053.791 00049.355 00042.767 00035.567 00032.064 00036.172 00033.506 00045.957 00047.781 00066.135 00140.490 00023.063 00019.238 00019.319 00021.805 00022.783 00027.615 00029.355 00069.841 00099.833 00136.506 00139.454 00123.718 00132.273
-0001.000 -0001.000 -0001.000 -0001.000 -0001.000 -0001.000 -0001.000 -0001.000 -0001.000 -0001.000 -0001.000 -0001.000 -0001.000 -0001.000 -0001.000 00118.827 00109.304 00102.377 00100.474 00099.052 00097.428 00096.133 00094.894 00093.514 00091.159 00088.145 00085.432 00083.251 00080.535 00077.209 00074.559 00072.647 00068.808 00064.060 00059.390 00055.442 00050.568 00047.466 00040.818 00027.706 00027.325 00029.421 00034.358 00039.708 00041.183 00048.775 00122.247 00028.042 00020.343 00020.294 00021.636 00023.513 00025.816 00029.275 00074.712 00086.684 00089.390 00074.873 00085.393 00098.813
-0001.000 -0001.000 -0001.000 -0001.000 -0001.000 -0001.000 -0001.000 -0001.000 -0001.000 -0001.000 -0001.000 -0001.000 -0001.000 -0001.000 -0001.000 -0001.000 -0001.000 00011.260 00092.462 00081.694 00068.232 00015.181 -0001.000 00016.309 00063.602 00083.990 00082.298 00080.721 00078.918 00074.077 00069.387 00067.110 00064.211 00060.471 00054.581 00051.038 00048.073 00028.217 00023.740 00024.343 00025.969 00029.237 00033.683 00035.313 00037.096 00041.040 00099.714 00050.671 00020.013 00020.848 00021.576 00025.604 00038.935 00046.651 00054.956 00065.727 00060.282 00063.054 00070.942 00082.578
-0001.000 -0001.000 -0001.000 -0001.000 -0001.000 -0001.000 -0001.000 -0001.000 -0001.000 -0001.000 -0001.000 -0001.000 -0001.000 -0001.000 -0001.000 -0001.000 -0001.000 -0001.000 -0001.000 -0001.000 -0001.000 -0001.000 -0001.000 00094.081 00088.399 00083.558 00079.554 00075.857 00071.795 00068.325 00066.228 00063.690 00061.005 00057.045 00020.560 00021.412 00022.309 00022.557 00023.248 00024.255 00025.266 00026.539 00028.051 00030.666 00048.330 00066.926 00058.437 00063.197 00028.473 00030.460 00032.756 00035.971 00039.079 00041.580 00045.250 00047.577 00051.414 00055.362 00062.417 00072.171
-0001.000 -0001.000 -0001.000 -0001.000 -0001.000 -0001.000 -0001.000 -0001.000 -0001.000 -0001.000 -0001.000 -0001.000 -0001.000 -0001.000 -0001.000 -0001.000 -0001.000 -0001.000 -0001.000 -0001.000 -0001.000 -0001.000 -0001.000 -0001.000 -0001.000 -0001.000 -0001.000 00003.357 00012.218 00018.452 00018.828 00019.888 00021.017 00021.384 00021.834 00022.300 00022.696 00023.186 00023.883 00024.745 00025.636 00026.273 00026.876 00044.921 00056.693 00061.179 00062.555 00049.829 00044.235 00036.621 00034.276 00033.462 00034.534 00037.088 00039.670 00042.224 00045.339 00047.284 00051.200 00052.457
-0001.000 -0001.000 -0001.000 -0001.000 -0001.000 -0001.000 -0001.000 -0001.000 -0001.000 -0001.000 -0001.000 -0001.000 -0001.000 -0001.000 -0001.000 -0001.000 -0001.000 -0001.000 -0001.000 -0001.000 -0001.000 -0001.000 -0001.000 -0001.000 -0001.000 -0001.000 -0001.000 00019.665 00014.984 00019.083 00019.754 00020.523 00021.357 00022.091 00022.446 00022.852 00023.257 00023.735 00024.470 00025.274 00025.806 00034.125 00049.994 00054.886 00056.703 00057.813 00058.292 00059.310 00060.717 00052.192 00047.871 00034.484 00031.635 00033.467 00035.365 00037.287 00039.107 00040.540 00043.348 00049.292
-0001.000 -0001.000 -0001.000 -0001.000 -0001.000 -0001.000 -0001.000 -0001.000 -0001.000 -0001.000 -0001.000 -0001.000 -0001.000 -0001.000 -0001.000 -0001.000 -0001.000 -0001.000 -0001.000 -0001.000 -0001.000 -0001.000 00017.789 -0001.000 -0001.000 00006.689 00017.387 00009.782 00019.610 00020.071 00020.574 00021.021 00021.370 00021.728 00022.257 00022.807 00023.365 00024.137 00024.963 00036.424 00043.902 00049.493 00052.780 00054.427 00054.949 00056.619 00056.405 00057.470 00058.781 00059.879 00061.348 00059.585 00061.729 00044.449 00038.941 00034.002 00035.149 00037.000 00040.475 00039.692
-0001.000 -0001.000 -0001.000 -0001.000 -0001.000 -0001.000 -0001.000 -0001.000 -0001.000 -0001.000 -0001.000 -0001.000 -0001.000 -0001.000 -0001.000 00001.454 00010.535 00031.597 -0001.000 -0001.000 -0001.000 00017.910 00029.102 00039.303 00035.036 00019.800 00019.702 00024.681 00027.494 00026.695 00025.417 00023.061 00021.226 00021.643 00022.288 00031.927 00038.238 00040.817 00042.365 00043.698 00044.751 00046.663 00047.912 00049.223 00050.513 00051.779 00054.065 00055.028 00055.949 00056.588 00057.451 00058.014 00052.184 00052.698 00052.021 00052.328 00031.335 00038.525 00036.342 00033.848
-0001.000 -0001.000 -0001.000 -0001.000 -0001.000 -0001.000 -0001.000 -0001.000 -0001.000 -0001.000 -0001.000 -0001.000 -0001.000 -0001.000 00017.102 00017.929 00032.132 00016.966 00002.483 00021.105 00005.611 00035.735 00036.545 00035.078 00013.568 00032.891 00029.227 00029.841 00029.714 00029.237 00029.846 00031.004 00032.228 00033.620 00035.656 00037.988 00040.156 00041.852 00042.622 00043.181 00043.780 00044.622 00045.539 00046.032 00046.616 00048.179 00049.749 00050.256 00051.447 00052.918 00053.713 00054.659 00054.953 00055.282 00055.760 00050.441 00046.279 00044.688 00034.040 00038.024
-0001.000 -0001.000 -0001.000 -0001.000 -0001.000 -0001.000 -0001.000 -0001.000 -0001.000 -0001.000 -0001.000 -0001.000 -0001.000 00015.769 00027.006 00024.897 00026.921 00026.730 00008.496 00035.897 00025.129 00032.129 00031.270 00030.326 00025.766 00012.300 00028.983 00028.238 00028.710 00029.488 00030.239 00030.545 00031.203 00032.569 00034.298 00036.086 00037.710 00039.033 00040.448 00041.667 00042.128 00042.731 00043.180 00043.829 00044.520 00045.225 00045.671 00046.673 00047.451 00047.819 00048.750 00050.198 00051.861 00052.017 00049.871 00044.731 00044.242 00044.852 00043.112 00043.963
-0001.000 -0001.000 -0001.000 -0001.000 -0001.000 -0001.000 -0001.000 -0001.000 -0001.000 -0001.000 -0001.000 -0001.000 -0001.000 00025.667 00007.008 00023.767 00023.498 00026.009 00024.249 00026.689 00030.618 00023.346 00028.236 00013.969 00002.628 -0001.000 -0001.000 00004.370 00029.591 00030.291 00031.135 00031.376 00031.441 00032.488 00033.448 00034.080 00034.730 00036.384 00038.493 00039.362 00039.810 00040.404 00040.847 00041.445 00042.163 00042.674 00043.094 00043.794 00044.639 00045.690 00046.993 00047.089 00046.143 00043.163 00043.204 00043.088 00043.993 00044.572 00045.459 00046.441
-0001.000 -0001.000 -0001.000 -0001.000 -0001.000 -0001.000 -0001.000 -0001.000 -0001.000 -0001.000 -0001.000 -0001.000 -0001.000 00023.752 00017.675 00023.374 00021.907 00021.142 00022.448 00022.304 00026.159 00018.183 00028.821 00015.979 -0001.000 -0001.000 -0001.000 00009.432 00025.030 00030.661 00031.822 00032.244 00031.936 00032.173 00033.050 00033.873 00034.634 00035.379 00036.844 00038.389 00039.118 00039.191 00039.515 00040.275 00041.215 00041.937 00042.334 00042.989 00043.679 00044.388 00040.381 00039.951 00041.113 00041.892 00040.925 00041.556 00042.362 00042.757 00043.355 00043.960
-0001.000 -0001.000 -0001.000 -0001.000 -0001.000 -0001.000 -0001.000 -0001.000 -0001.000 -0001.000 -0001.000 -0001.000 -0001.000 00016.641 00022.709 00010.638 00020.145 00020.011 00011.385 00005.390 00020.069 00006.065 -0001.000 -0001.000 -0001.000 -0001.000 -0001.000 00021.496 00028.953 00030.028 00030.861 00032.034 00031.964 00031.941 00032.292 00032.752 00033.322 00034.650 00036.286 00037.333 00038.323 00038.831 00039.002 00039.499 00040.269 00040.037 00038.968 00037.102 00037.644 00038.408 00039.151 00039.585 00039.483 00039.374 00039.893 00039.778 00040.206 00040.438 00040.764 00041.167
-0001.000 -0001.000 -0001.000 -0001.000 -0001.000 -0001.000 -0001.000 -0001.000 -0001.000 -0001.000 -0001.000 -0001.000 -0001.000 -0001.000 00002.690 00020.918 00024.498 00017.870 00019.481 00009.465 -0001.000 -0001.000 -0001.000 -0001.000 -0001.000 -0001.000 -0001.000 00028.914 00028.584 00028.900 00029.427 00030.302 00030.613 00030.932 00031.905 00032.142 00032.829 00033.623 00034.853 00036.038 00036.798 00036.407 00034.951 00034.850 00035.173 00035.431 00035.517 00035.613 00036.085 00037.071 00037.679 00038.221 00039.184 00039.534 00039.093 00038.595 00038.630 00039.067 00039.667 00039.200
-0001.000 -0001.000 -0001.000 -0001.000 -0001.000 -0001.000 -0001.000 -0001.000 -0001.000 -0001.000 -0001.000 -0001.000 -0001.000 -0001.000 -0001.000 -0001.000 -0001.000 -0001.000 -0001.000 -0001.000 -0001.000 -0001.000 -0001.000 -0001.000 -0001.000 -0001.000 00006.660 00008.716 00027.791 00028.422 00028.797 00029.722 00030.060 00029.911 00029.722 00029.930 00030.145 00030.301 00030.916 00031.851 00032.697 00033.338 00034.066 00034.737 00034.865 00034.816 00034.943 00035.356 00035.750 00035.458 00036.098 00036.931 00037.626 00038.845 00040.423 00040.230 00039.697 00039.222 00040.249 00040.734
-0001.000 -0001.000 -0001.000 -0001.000 -0001.000 -0001.000 -0001.000 -0001.000 -0001.000 -0001.000 -0001.000 -0001.000 -0001.000 -0001.000 -0001.000 -0001.000 -0001.000 -0001.000 -0001.000 -0001.000 -0001.000 -0001.000 -0001.000 00041.875 -0001.000 -0001.000 00021.663 00023.145 00027.257 00027.938 00028.461 00028.787 00029.153 00029.561 00029.789 00029.720 00029.604 00030.110 00030.632 00031.187 00031.751 00032.713 00033.891 00034.218 00034.071 00034.180 00034.278 00034.339 00034.372 00034.382 00034.400 00035.377 00036.131 00037.100 00038.216 00038.233 00039.190 00039.765 00039.230 00039.830
-0001.000 -0001.000 -0001.000 -0001.000 -0001.000 -0001.000 -0001.000 -0001.000 -0001.000 -0001.000 -0001.000 -0001.000 -0001.000 -0001.000 -0001.000 -0001.000 -0001.000 -0001.000 -0001.000 -0001.000 -0001.000 00022.613 00009.007 00030.228 00013.367 00003.388 00009.577 00028.025 00026.748 00027.008 00027.471 00028.344 00028.783 00029.049 00029.323 00029.485 00029.603 00029.881 00030.239 00030.483 00030.631 00030.778 00031.800 00032.709 00033.237 00033.619 00033.782 00033.881 00034.052 00033.987 00033.333 00032.913 00033.598 00035.114 00036.133 00036.871 00038.200 00037.925 00033.408 00030.274
-0001.000 -0001.000 -0001.000 -0001.000 -0001.000 -0001.000 -0001.000 -0001.000 -0001.000 -0001.000 -0001.000 -0001.000 -0001.000 -0001.000 -0001.000 -0001.000 -0001.000 -0001.000 -0001.000 -0001.000 00017.472 00027.750 00020.484 00016.609 00026.755 00019.224 00021.488 00023.394 00025.979 00026.731 00027.216 00027.678 00028.241 00028.570 00028.769 00029.050 00029.350 00029.553 00029.873 00030.195 00030.579 00030.959 00031.445 00032.275 00033.086 00033.376 00033.384 00033.469 00033.646 00033.826 00033.705 00033.494 00033.273 00033.434 00032.516 00030.847 00028.262 00028.029 00028.337 00034.359
-0001.000 -0001.000 -0001.000 -0001.000 -0001.000 -0001.000 -0001.000 -0001.000 -0001.000 -0001.000 -0001.000 -0001.000 -0001.000 -0001.000 -0001.000 -0001.000 -0001.000 -0001.000 -0001.000 00003.881 00022.637 00021.809 00024.516 00023.005 00020.618 00022.462 00021.230 00021.041 00021.323 00023.613 00026.743 00027.438 00027.892 00028.251 00028.492 00028.712 00028.551 00028.397 00028.944 00029.582 00030.132 00030.583 00031.032 00031.485 00031.923 00032.339 00032.692 00032.908 00033.134 00032.244 00029.938 00027.415 00025.822 00025.038 00024.743 00025.364 00025.938 00025.532 00030.221 00034.982
-0001.000 -0001.000 -0001.000 -0001.000 -0001.000 -0001.000 -0001.000 -0001.000 -0001.000 -0001.000 -0001.000 -0001.000 -0001.000 -0001.000 -0001.000 -0001.000 -0001.000 00004.243 00020.613 00012.609 00012.187 00020.709 00021.714 00022.747 00019.477 00019.294 00019.815 00020.256 00020.642 00021.128 00021.600 00022.098 00022.357 00023.243 00023.995 00024.751 00025.689 00026.641 00027.310 00027.752 00028.202 00028.467 00028.993 00029.824 00029.221 00028.004 00026.678 00025.612 00025.653 00025.568 00025.245 00024.918 00024.474 00024.104 00023.895 00023.653 00023.857 00023.618 00025.785 00028.374
-0001.000 -0001.000 -0001.000 -0001.000 -0001.000 -0001.000 -0001.000 -0001.000 -0001.000 -0001.000 -0001.000 -0001.000 -0001.000 -0001.000 -0001.000 -0001.000 00000.402 00017.541 00019.039 00019.442 00020.164 00020.209 00021.240 00021.773 00022.289 00020.193 00019.132 00019.700 00020.029 00020.457 00020.934 00021.447 00021.682 00021.741 00021.843 00021.924 00022.026 00022.224 00022.322 00022.172 00022.030 00022.093 00022.327 00023.038 00023.722 00023.836 00024.062 00024.309 00024.493 00024.729 00024.695 00024.247 00024.111 00023.895 00023.605 00023.643 00023.311 00022.652 00026.269 00033.452
