data/trial3/ashley.rci
NCOLS 382
NROWS 266
XLLCORNER 157819.328125
YLLCORNER 384678.625000
CELLSIZE 30.000000
NODATA_VALUE -1
[rows 130 to 155 of 266, columns 240 to 299 of 382]
00476.282 00463.957 00164.780 00194.393 00524.806 00493.243 00550.419 00611.348 00618.231 00614.736 00626.597 00634.331 00639.689 00218.357 00487.590 00583.428 00423.102 00318.800 00222.293 00611.348 00480.700 00341.737 00167.362 00173.240 00167.116 00286.856 -0001.000 -0001.000 -0001.000 -0001.000 -0001.000 -0001.000 -0001.000 -0001.000 00652.418 00648.409 00649.141 00651.028 00643.603 00643.871 00638.549 00642.046 00645.507 00632.013 00630.018 00636.463 00637.957 00621.982 -0001.000 -0001.000 -0001.000 -0001.000 -0001.000 -0001.000 -0001.000 -0001.000 -0001.000 -0001.000 -0001.000 -0001.000
00221.530 00246.105 00477.345 00186.214 00505.737 00511.973 00553.190 00612.368 00618.663 00596.113 00629.276 00635.119 00639.007 00440.553 00269.061 00225.576 00540.270 00459.486 00377.962 00277.636 00174.699 00533.130 00164.585 00167.123 00169.974 00490.040 -0001.000 -0001.000 -0001.000 -0001.000 -0001.000 -0001.000 -0001.000 -0001.000 00476.740 00594.921 00650.952 00640.335 00645.603 00649.707 00640.785 00645.945 00635.180 00638.382 00638.480 00636.776 00631.108 00635.550 -0001.000 -0001.000 -0001.000 -0001.000 -0001.000 -0001.000 -0001.000 -0001.000 -0001.000 -0001.000 -0001.000 -0001.000
00455.763 00595.582 00480.805 00589.039 00385.275 00542.159 00565.446 00593.788 00605.402 00613.383 00623.049 00635.293 00640.882 00203.835 00515.413 00322.494 00209.559 00601.167 00551.711 00521.848 00484.317 00651.252 00499.174 00166.777 00170.965 00249.193 -0001.000 -0001.000 -0001.000 -0001.000 -0001.000 -0001.000 -0001.000 -0001.000 00412.427 00549.480 00311.642 00643.043 00648.436 00642.420 00646.030 00636.133 00641.647 00644.687 00638.966 00635.949 00637.977 00627.151 -0001.000 -0001.000 -0001.000 -0001.000 -0001.000 -0001.000 -0001.000 -0001.000 -0001.000 -0001.000 -0001.000 -0001.000
00291.663 00167.494 00493.966 00436.862 00487.279 00444.825 00576.179 00593.026 00607.406 00575.684 00609.742 00636.714 00599.618 00487.540 00635.048 00499.278 00426.014 00381.129 00349.707 00334.212 00278.240 00290.460 00192.550 00544.911 00164.634 -0001.000 -0001.000 -0001.000 -0001.000 -0001.000 -0001.000 -0001.000 -0001.000 00414.706 00346.023 00508.175 00228.642 00438.308 00651.835 00645.135 00649.857 00642.866 00635.347 00635.381 00635.160 00640.442 00640.273 00618.043 -0001.000 -0001.000 -0001.000 -0001.000 -0001.000 -0001.000 -0001.000 -0001.000 -0001.000 -0001.000 -0001.000 -0001.000
00416.638 00330.527 00459.232 00426.261 00363.797 00408.895 00552.708 00586.460 00606.410 00602.671 00630.540 00640.486 00398.877 00466.609 00333.571 00254.818 00210.923 00182.483 00624.869 00616.289 00592.923 00409.412 00366.222 00171.174 -0001.000 -0001.000 -0001.000 -0001.000 -0001.000 -0001.000 -0001.000 -0001.000 00500.281 00598.941 00342.673 00552.132 00590.416 00316.958 00522.124 00649.471 00644.589 00637.851 00640.031 00640.967 00641.831 00643.395 00631.937 00628.863 -0001.000 -0001.000 -0001.000 -0001.000 -0001.000 -0001.000 -0001.000 -0001.000 -0001.000 -0001.000 -0001.000 -0001.000
00374.575 00453.901 00001.600 00147.068 00528.519 00364.607 00561.868 00586.322 00610.547 00589.706 00606.759 00639.158 00204.531 00618.632 00549.307 00420.160 00402.622 00396.799 00425.130 00422.581 00401.668 00589.973 00171.073 -0001.000 -0001.000 -0001.000 -0001.000 -0001.000 -0001.000 -0001.000 -0001.000 -0001.000 00364.634 00165.240 00168.308 00477.151 00439.962 00164.785 00325.584 00640.569 00639.044 00643.906 00645.282 00642.934 00643.775 00641.083 00639.234 00616.646 -0001.000 -0001.000 -0001.000 -0001.000 -0001.000 -0001.000 -0001.000 -0001.000 -0001.000 -0001.000 -0001.000 -0001.000
00412.255 00473.777 00413.398 00448.855 00372.198 00140.425 00568.993 00588.130 00608.105 00609.280 00629.661 00635.631 00436.566 00366.891 00563.017 00588.263 00626.701 00185.593 00211.598 00228.626 00203.532 00297.889 00172.927 -0001.000 -0001.000 -0001.000 -0001.000 -0001.000 -0001.000 -0001.000 -0001.000 -0001.000 00169.109 00425.230 00640.567 00400.474 00211.002 00536.770 00600.036 00645.760 00646.274 00638.811 00639.997 00643.720 00641.034 00636.390 00631.124 00631.473 -0001.000 -0001.000 -0001.000 -0001.000 -0001.000 -0001.000 -0001.000 -0001.000 -0001.000 -0001.000 -0001.000 -0001.000
00442.906 00497.638 00443.770 00486.651 00422.282 00363.803 00562.537 00580.648 00605.235 00604.949 00624.647 00237.428 00194.027 00196.382 00230.431 00281.212 00347.672 00391.369 00403.775 00477.033 00466.348 00375.404 00173.332 -0001.000 -0001.000 -0001.000 -0001.000 -0001.000 -0001.000 -0001.000 -0001.000 00265.045 00169.869 00437.726 00536.195 00271.355 00556.325 00402.230 00389.753 00651.067 00641.474 00644.993 00645.835 00644.726 00634.048 00626.531 00620.774 -0001.000 -0001.000 -0001.000 -0001.000 -0001.000 -0001.000 -0001.000 -0001.000 -0001.000 -0001.000 -0001.000 -0001.000 -0001.000
00489.769 00462.617 00506.551 00418.300 00482.904 00335.073 00555.138 00575.325 00610.852 00619.170 00616.113 00398.936 00397.340 00415.689 00448.966 00505.069 00558.601 00637.483 00215.290 00539.419 00643.959 00168.428 00398.609 -0001.000 -0001.000 -0001.000 -0001.000 -0001.000 -0001.000 00232.814 00165.490 00173.963 00173.243 00171.110 00363.529 00573.954 00389.546 00247.570 00626.433 00641.661 00650.112 00639.569 00642.668 00642.536 00639.607 00636.989 -0001.000 -0001.000 -0001.000 -0001.000 -0001.000 -0001.000 -0001.000 -0001.000 -0001.000 -0001.000 -0001.000 -0001.000 -0001.000 -0001.000
00525.675 00500.009 00545.232 00481.387 00440.549 00413.757 00546.601 00588.633 00612.879 00631.034 00163.991 00591.909 00624.247 00192.619 00248.647 00222.434 00256.057 00562.243 00340.176 00197.110 00362.725 00168.467 -0001.000 -0001.000 -0001.000 00175.203 00427.761 00173.598 00171.941 00176.430 00173.660 00568.845 00172.511 00169.846 00406.769 00360.813 00211.963 00497.087 00403.202 00647.284 00645.481 00645.140 00643.656 00636.260 00629.125 -0001.000 -0001.000 -0001.000 -0001.000 -0001.000 -0001.000 -0001.000 -0001.000 -0001.000 -0001.000 -0001.000 -0001.000 -0001.000 -0001.000 -0001.000
00495.010 00546.817 00506.697 00514.105 00397.639 00317.851 00518.383 00584.757 00615.352 00628.002 00409.807 00373.121 00407.368 00345.242 00501.331 00240.654 00552.336 00403.740 00226.167 00496.744 00169.369 00507.237 -0001.000 -0001.000 00658.054 00171.548 00293.940 00450.372 00254.813 00504.168 00274.853 00467.632 00171.272 00517.244 00264.079 00619.410 00350.217 00247.634 00168.279 00643.252 00639.945 00639.366 00633.261 00622.991 -0001.000 -0001.000 -0001.000 -0001.000 -0001.000 -0001.000 -0001.000 -0001.000 -0001.000 -0001.000 -0001.000 -0001.000 -0001.000 -0001.000 -0001.000 -0001.000
00559.500 00520.441 00545.452 00466.557 00452.161 00359.409 00571.619 00608.206 00628.910 00207.289 00193.661 00220.611 00469.617 00330.265 00186.504 00529.695 00391.275 00229.796 00477.444 00240.279 00173.882 00462.389 -0001.000 -0001.000 00400.738 00175.292 00211.740 00515.626 00647.400 00424.462 00184.190 00336.608 00623.575 00256.532 00521.611 00395.305 00495.404 00402.550 00647.880 00645.509 00642.100 -0001.000 -0001.000 -0001.000 -0001.000 -0001.000 -0001.000 -0001.000 -0001.000 -0001.000 -0001.000 -0001.000 -0001.000 -0001.000 -0001.000 -0001.000 -0001.000 -0001.000 -0001.000 -0001.000
00540.846 00544.523 00516.828 00516.672 00386.191 00422.362 00575.579 00620.047 00527.788 00538.534 00215.913 00491.708 00311.738 00605.096 00497.307 00383.470 00234.698 00533.258 00616.620 00463.840 00173.330 00339.178 -0001.000 -0001.000 00250.896 00557.059 00315.697 00493.722 00588.486 00324.082 00558.432 00651.713 00427.348 00429.877 00274.361 00237.512 00650.078 00650.425 00651.557 00736.307 -0001.000 -0001.000 -0001.000 -0001.000 -0001.000 -0001.000 -0001.000 -0001.000 -0001.000 -0001.000 -0001.000 -0001.000 -0001.000 -0001.000 -0001.000 -0001.000 -0001.000 -0001.000 -0001.000 -0001.000
00566.297 00567.500 00491.256 00489.287 00460.318 00524.858 00575.143 00602.770 00631.171 00619.892 00236.894 00219.987 00544.325 00464.248 00353.473 00237.249 00501.142 00334.794 00294.764 00166.701 00175.551 00170.885 00170.210 00164.312 00177.241 00630.957 00544.080 00368.205 00555.272 00206.645 00443.515 00422.530 00250.408 00647.306 00565.319 00344.154 00323.387 00803.110 00844.330 -0001.000 -0001.000 -0001.000 -0001.000 -0001.000 -0001.000 -0001.000 -0001.000 -0001.000 -0001.000 -0001.000 -0001.000 -0001.000 -0001.000 -0001.000 -0001.000 -0001.000 -0001.000 -0001.000 -0001.000 -0001.000
00589.574 00554.319 00545.403 00430.282 00411.075 00542.502 00588.260 00223.970 00349.271 00621.963 00204.460 00561.201 00452.796 00333.045 00231.093 00536.605 00233.212 00610.369 00537.226 00167.146 00169.827 00167.432 00172.927 00174.227 00173.983 00175.068 00538.660 00330.192 00549.083 00532.243 00311.798 00201.928 00543.328 00443.085 00360.968 00511.850 00652.420 00833.743 -0001.000 -0001.000 -0001.000 -0001.000 -0001.000 -0001.000 -0001.000 -0001.000 -0001.000 -0001.000 -0001.000 -0001.000 -0001.000 -0001.000 -0001.000 -0001.000 -0001.000 -0001.000 -0001.000 -0001.000 00828.473 00665.705
00584.537 00540.584 00516.652 00468.015 00429.384 00560.664 00237.283 00619.367 00581.805 00593.619 00622.498 00447.577 00339.711 00240.629 00538.269 00335.273 00416.794 00364.502 00326.697 00538.849 00558.142 00550.403 00523.381 00502.754 00169.211 00661.847 00499.210 00258.301 00464.067 00342.198 00641.888 00442.215 00320.594 00253.171 00189.643 00631.188 00654.247 00991.491 00929.116 01015.155 00792.030 00993.421 00813.735 00996.598 00700.335 00944.497 00785.395 01036.242 00765.992 00913.829 01036.911 00834.213 01060.451 00893.332 00729.615 00963.775 00768.937 00967.719 00850.407 00633.849
00565.732 00562.039 00547.127 00527.770 00347.020 00324.987 00550.089 00545.950 00185.731 00608.127 00627.151 00632.003 00216.361 00570.685 00276.626 00215.071 00163.816 00635.024 00168.570 00202.041 00233.262 00272.636 00311.213 00258.569 00171.764 00561.421 00347.646 00635.353 00282.327 00600.774 00311.805 00191.678 00619.301 00563.167 00528.199 00337.315 00485.160 00651.193 00686.083 00655.029 00644.899 00663.766 00654.438 00654.958 00660.787 00655.112 01048.250 00795.182 00977.554 00716.854 00935.150 00719.701 00976.147 00813.848 01060.870 00883.103 00703.227 00937.651 00689.924 00640.728
00579.441 00583.412 00522.702 00492.882 00438.107 00254.510 00583.304 00298.233 00399.080 00432.839 00621.178 00633.278 00505.964 00402.948 00501.083 00436.436 00418.178 00421.712 00441.442 00468.512 00459.624 00383.985 00596.555 00657.490 00524.610 00368.037 00640.754 00207.016 00528.747 00388.396 00491.916 00426.185 00384.103 00355.868 00354.341 00521.344 00522.182 00655.775 00652.552 00651.245 00650.796 00670.903 00417.872 00660.408 00417.292 00667.603 00501.630 00349.086 00210.003 00530.882 00267.384 00614.188 00659.450 00690.143 00979.444 00813.202 00698.416 00743.260 00639.248 00635.830
00585.881 00352.206 00554.723 00537.842 00495.196 00187.006 00493.819 00501.018 00164.498 00228.634 00479.208 00623.758 00303.688 00234.316 00210.904 00176.568 00176.417 00190.378 00215.933 00248.675 00265.179 00172.031 00171.628 00431.695 00264.366 00587.671 00395.553 00363.850 00271.996 00203.434 00186.528 00668.615 00660.567 00662.219 00676.687 00196.889 00227.370 00652.359 00650.208 00648.022 00653.501 00595.383 00361.739 00574.839 00235.709 00533.857 00372.043 00220.095 00526.296 00188.222 00557.426 00406.273 00261.932 00653.986 00805.201 00646.891 00678.685 00643.054 00644.056 00644.055
00572.136 00424.380 00581.724 00508.988 00426.969 00564.176 00201.307 00276.469 00480.344 00519.229 00620.274 00612.025 00569.415 00535.322 00395.950 00360.731 00317.649 00284.474 00265.622 00600.413 00424.965 00661.046 00307.644 00646.252 00525.193 00222.718 00654.776 00596.703 00429.486 00408.230 00397.901 00422.486 00450.354 00470.747 00491.943 00374.102 00518.915 00654.845 00651.532 00649.360 00430.074 00610.935 00332.872 00428.908 00611.195 00419.780 00221.600 00516.200 00215.452 00527.753 00385.367 00218.876 00492.287 00652.516 00647.805 00648.186 00646.316 00647.299 00638.592 00636.149
00595.028 00557.637 00547.760 00527.174 00192.675 00412.514 00415.204 00290.866 00305.022 00304.040 00613.574 00624.461 00400.404 00380.361 00437.662 00448.020 00465.878 00459.106 00401.266 00286.658 00639.114 00379.313 00428.699 00360.545 00311.792 00409.731 00390.580 00391.431 00605.743 00631.516 00671.130 00192.442 00233.719 00271.593 00317.707 00559.574 00660.751 00650.823 00648.549 00652.398 00495.371 00638.013 00479.604 00694.562 00491.348 00274.750 00534.308 00236.519 00508.070 00348.153 00179.227 00351.162 00655.975 00650.593 00649.558 00649.285 00645.209 00643.593 00641.865 00640.817
00572.660 00576.235 00539.484 00372.093 00341.154 00511.969 00240.609 00576.777 00536.952 00522.453 00626.911 00635.812 00202.176 00208.340 00260.045 00241.614 00234.984 00213.832 00608.427 00484.683 00177.442 00645.995 00620.242 00598.358 00618.577 00662.791 00184.767 00248.747 00297.391 00356.101 00434.862 00493.488 00542.353 00598.110 00654.344 00242.235 00654.229 00656.261 00606.956 00364.372 00615.248 00473.805 00259.849 00566.756 00353.848 00626.779 00256.563 00491.821 00302.356 00616.647 00426.614 00477.822 00653.033 00651.223 00649.042 00647.315 00647.176 00638.092 00635.046 00632.618
00587.321 00171.559 00233.675 00261.068 00367.291 00397.551 00523.744 00570.089 00573.074 00605.657 00626.707 00629.530 00312.082 00330.445 00376.588 00411.872 00423.541 00218.257 00246.659 00332.892 00351.489 00370.862 00191.370 00271.915 00342.171 00437.958 00331.487 00467.780 00554.618 00623.953 00198.990 00276.302 00341.658 00417.715 00478.097 00533.060 00613.812 00542.630 00315.003 00574.785 00614.271 00390.185 00651.899 00404.224 00179.359 00457.666 00313.171 00237.263 00495.209 00303.749 00206.682 00640.676 00651.976 00650.553 00649.433 00645.855 00644.732 00642.466 00640.145 00638.616
00590.664 00283.604 00096.175 00366.929 00498.856 00150.498 00355.019 00377.301 00366.945 00611.420 00610.897 00448.802 00488.949 00508.421 00556.663 00631.840 00214.110 00310.178 00419.187 00511.579 00632.232 00267.536 00410.261 00560.606 00195.376 00387.043 00554.032 00221.758 00323.498 00420.188 00510.516 00598.498 00666.541 00235.364 00268.006 00620.778 00358.747 00619.985 00430.886 00161.442 00158.039 00164.635 00589.435 00229.408 00511.441 00287.206 00166.655 00462.999 00615.875 00517.832 00423.665 00654.596 00650.674 00649.731 00648.662 00651.888 00644.605 00639.729 00631.976 00629.765
00590.243 00582.410 00067.784 00327.276 00212.005 00451.380 00551.356 00382.774 00547.881 00629.308 00630.620 00286.073 00571.020 00622.857 00198.447 00260.260 00342.371 00465.686 00629.939 00269.443 00405.749 00564.886 00228.882 00382.420 00531.691 00667.262 00345.387 00498.171 00635.618 00237.772 00337.853 00427.258 00436.218 00550.762 00253.354 00192.189 00414.528 00630.462 00377.192 00162.204 00591.132 00167.109 00498.425 00356.651 00284.837 00615.740 00338.674 00334.220 00251.134 00192.812 00661.122 00653.072 00649.633 00647.806 00649.462 00646.105 00643.253 00639.637 00636.987 00634.393
00587.631 00508.044 00561.705 00326.380 00228.257 00581.358 00591.749 00631.244 00624.752 00417.035 00490.305 00191.506 00293.118 00372.740 00450.778 00515.784 00492.511 00612.185 00274.343 00469.948 00227.704 00386.390 00545.849 00210.143 00361.899 00504.228 00635.365 00266.422 00395.068 00537.803 00671.062 00604.792 00334.586 00546.608 00212.932 00256.029 00320.747 00169.319 00172.111 00170.444 00585.249 00180.630 00411.882 00225.950 00561.478 00387.840 00549.047 00454.743 00392.233 00339.112 00652.244 00650.673 00647.931 00648.636 00649.029 00645.727 00638.798 00637.156 00634.285 -0001.000
