data/trial3/ashley.rci
NCOLS 382
NROWS 266
XLLCORNER 157819.328125
YLLCORNER 384678.625000
CELLSIZE 30.000000
NODATA_VALUE -1
[rows 234 to 259 of 266, columns 240 to 299 of 382]
00580.299 00462.132 00350.646 00245.339 00635.249 00514.901 00402.891 00298.854 00201.975 00626.598 00532.822 00452.266 00368.293 00282.352 00543.837 00311.833 00570.082 00319.301 00577.913 00374.965 00176.498 00517.788 00380.083 00235.512 00580.318 00447.631 00328.300 00220.014 00588.481 00469.114 00629.317 00520.577 00433.598 00495.987 00641.733 00636.541 -0001.000 -0001.000 -0001.000 00498.869 00592.403 00301.207 00495.639 00193.289 00423.509 00175.049 00418.198 00175.591 00468.598 00278.891 00578.562 00396.707 00215.503 00529.183 00361.404 00195.658 00503.728 00321.028 00625.194 00431.096
00287.953 00166.385 00548.559 00445.502 00345.760 00250.559 00159.002 00546.196 00445.843 00350.813 00260.875 00176.092 00586.800 00504.245 00422.861 00611.710 00390.002 00633.873 00395.728 00162.734 00439.151 00224.871 00541.797 00388.238 00236.973 00589.400 00470.410 00362.229 00264.103 00202.940 00576.350 00343.701 00222.208 00616.800 00642.106 00335.583 00637.950 -0001.000 -0001.000 00341.917 00292.655 00465.273 00221.015 00426.860 00624.410 00380.642 00626.327 00387.147 00637.436 00447.995 00258.363 00558.406 00377.549 00197.626 00515.078 00351.030 00188.846 00498.802 00318.656 00626.295
00290.832 00545.741 00322.976 00628.089 00529.101 00218.936 00530.004 00359.456 00197.170 00576.805 00484.542 00396.773 00313.474 00234.380 00158.640 00497.408 00234.789 00425.121 00618.534 00373.965 00625.354 00413.988 00204.309 00531.383 00383.564 00239.067 00598.698 00490.651 00623.793 00447.019 00297.138 00163.718 00489.676 00365.175 00268.508 00195.843 00619.967 00570.567 00639.562 00239.869 00444.743 00569.711 00368.157 00156.429 00361.207 00577.123 00339.769 00591.236 00357.043 00616.318 00425.436 00234.744 00537.240 00358.389 00179.966 00501.493 00341.204 00182.567 00493.851 00316.898
00619.117 00385.255 00648.885 00445.707 00250.841 00555.102 00373.264 00200.125 00529.033 00374.109 00226.846 00603.601 00517.980 00436.128 00357.762 00255.078 00601.961 00262.586 00403.099 00572.833 00334.939 00596.640 00389.747 00184.629 00521.953 00380.326 00241.053 00565.286 00360.873 00168.110 00499.116 00360.290 00235.595 00602.580 00478.528 00380.905 00458.691 00352.720 00274.260 00225.153 00308.298 00179.587 00472.560 00290.481 00569.272 00298.011 00531.984 00300.865 00557.621 00328.089 00594.207 00403.254 00212.629 00516.820 00339.445 00162.631 00488.718 00331.878 -0001.000 -0001.000
00407.557 00198.857 00471.348 00254.045 00547.448 00363.708 00185.512 00505.983 00341.691 00184.336 00527.893 00386.803 00252.160 00626.417 00508.959 00391.015 00276.625 00165.610 00302.727 00373.194 00528.031 00297.755 00569.117 00366.661 00165.991 00512.912 00375.361 00239.964 00572.685 00381.768 00201.518 00540.572 00412.181 00296.254 00190.954 00570.355 00312.362 00166.373 00536.525 00446.295 00382.991 00405.072 00553.931 00393.660 00228.086 00496.986 00239.202 00488.553 00262.851 00523.693 00297.931 00571.431 00381.885 00190.994 00497.006 -0001.000 -0001.000 -0001.000 -0001.000 -0001.000
00171.549 00464.045 00264.688 00553.099 00344.083 00633.604 00460.335 00292.288 00621.283 00465.118 00315.122 00170.956 00491.168 00316.190 00639.389 00522.755 00408.960 00298.309 00190.623 00363.154 00324.187 00484.805 00262.627 00542.705 00344.583 00639.420 00503.922 00370.511 00239.153 00579.532 00401.945 00232.096 00575.582 00456.380 00347.580 00249.270 00158.155 00460.884 00315.501 00201.594 00592.542 -0001.000 00595.247 00322.085 00515.823 00203.939 00431.371 00185.572 00443.865 00220.905 00486.246 00267.746 -0001.000 -0001.000 -0001.000 -0001.000 -0001.000 -0001.000 -0001.000 -0001.000
00371.044 00208.783 00516.640 00323.857 00623.850 00424.019 00227.881 00545.345 00386.248 00229.595 00541.001 00359.057 00179.939 00497.979 00328.158 00161.392 00536.870 00426.493 00483.582 00280.080 00462.379 00216.119 00442.495 00229.121 00517.268 00323.404 00627.026 00495.536 00577.879 00324.501 00589.597 00421.162 00260.692 00605.185 00494.576 00392.756 00295.837 00204.264 00576.215 00439.863 00326.348 -0001.000 -0001.000 -0001.000 -0001.000 -0001.000 -0001.000 -0001.000 -0001.000 -0001.000 -0001.000 -0001.000 -0001.000 -0001.000 -0001.000 -0001.000 -0001.000 -0001.000 -0001.000 -0001.000
00554.312 00396.955 00241.318 00564.080 00378.316 00194.649 00481.614 00271.611 00568.509 00393.462 00219.845 00534.412 00357.289 00182.730 00504.649 00339.318 00177.004 00454.593 00239.089 00523.395 00330.599 00622.732 00608.149 00401.557 00197.687 00492.672 00302.687 00587.790 00329.265 00564.978 00327.445 00600.894 00440.948 00288.038 00631.547 00526.608 00428.226 00517.944 00345.580 00192.653 00544.986 -0001.000 -0001.000 -0001.000 -0001.000 -0001.000 -0001.000 -0001.000 -0001.000 -0001.000 -0001.000 -0001.000 -0001.000 -0001.000 -0001.000 -0001.000 -0001.000 -0001.000 -0001.000 -0001.000
00240.369 00555.689 00397.100 00238.569 00555.114 00361.450 00168.384 00453.286 00246.994 00550.957 00379.654 00210.099 00528.072 00355.372 00185.266 00510.684 00348.680 00188.898 00476.838 00267.925 00558.944 00376.039 00202.456 00557.810 00361.694 00168.436 00468.569 00282.133 00563.763 00309.508 00553.289 00329.252 00611.693 00459.954 00313.801 00173.014 00470.973 00276.501 00579.749 00420.112 00276.714 -0001.000 -0001.000 -0001.000 -0001.000 -0001.000 -0001.000 -0001.000 -0001.000 -0001.000 -0001.000 -0001.000 -0001.000 -0001.000 -0001.000 -0001.000 -0001.000 -0001.000 -0001.000 -0001.000
00385.529 00191.777 00519.666 00363.816 00208.574 00520.869 00330.018 00629.686 00425.803 00223.259 00533.925 00366.539 00200.782 00522.046 00353.556 00187.572 00515.737 00356.921 00200.276 00497.795 00295.165 00590.897 00417.086 00249.255 00548.273 00344.473 00629.023 00444.756 00262.021 00540.674 00291.082 00544.420 00332.827 00621.654 00476.153 00335.949 00200.172 00515.565 00327.198 00630.754 00481.696 -0001.000 -0001.000 -0001.000 -0001.000 -0001.000 -0001.000 -0001.000 -0001.000 -0001.000 -0001.000 -0001.000 -0001.000 -0001.000 -0001.000 -0001.000 -0001.000 -0001.000 -0001.000 -0001.000
00524.500 00335.155 00638.411 00484.853 00331.916 00179.584 00487.465 00299.542 00599.537 00399.258 00200.342 00517.619 00353.886 00191.777 00516.146 00351.715 00189.687 00520.551 00364.817 00211.173 00517.510 00320.934 00619.606 00449.743 00284.213 00516.075 00313.092 00602.268 00421.847 00242.813 00518.058 00272.876 00536.700 00336.280 00630.229 00490.394 00355.089 00224.051 00557.341 00374.262 -0001.000 -0001.000 -0001.000 -0001.000 -0001.000 -0001.000 -0001.000 -0001.000 -0001.000 -0001.000 -0001.000 -0001.000 -0001.000 -0001.000 -0001.000 -0001.000 -0001.000 -0001.000 -0001.000 -0001.000
00173.923 00472.063 00287.150 00602.085 00451.311 00301.142 00640.915 00454.987 00269.868 00570.278 00373.538 00178.134 00501.892 00341.726 00183.109 00510.492 00349.922 00191.630 00525.118 00372.394 00221.662 00536.052 00345.160 00159.034 00481.000 00420.346 00615.067 00337.973 00576.833 00399.810 00224.198 00496.836 00256.196 00529.044 00338.235 00152.229 00503.130 00373.058 00246.693 -0001.000 -0001.000 -0001.000 -0001.000 -0001.000 -0001.000 -0001.000 -0001.000 -0001.000 -0001.000 -0001.000 -0001.000 -0001.000 -0001.000 -0001.000 -0001.000 -0001.000 -0001.000 -0001.000 -0001.000 -0001.000
00376.404 00602.672 00421.900 00241.182 00489.434 00194.664 00390.209 00606.673 00423.492 00241.052 00541.967 00348.683 00156.685 00486.829 00330.050 00174.750 00505.043 00348.177 00193.457 00529.475 00379.587 00231.661 00553.526 00368.169 00187.127 00501.172 00322.873 00615.218 00310.417 00551.786 00377.791 00205.827 00476.630 00239.909 00522.238 00339.810 00162.130 -0001.000 -0001.000 -0001.000 -0001.000 -0001.000 -0001.000 -0001.000 -0001.000 -0001.000 -0001.000 -0001.000 -0001.000 -0001.000 -0001.000 -0001.000 -0001.000 -0001.000 -0001.000 -0001.000 -0001.000 -0001.000 -0001.000 -0001.000
00575.093 00290.189 00550.145 00372.322 00194.574 00422.830 00627.543 00334.680 00573.494 00392.881 00213.000 00514.577 00324.627 00627.337 00472.384 00318.852 00166.726 00499.794 00346.398 00195.077 00533.641 00386.657 00241.492 00570.124 00389.707 00213.701 00522.454 00334.668 00615.984 00276.351 00527.164 00356.694 00187.250 00455.787 00225.111 -0001.000 -0001.000 -0001.000 -0001.000 -0001.000 -0001.000 -0001.000 -0001.000 -0001.000 -0001.000 -0001.000 -0001.000 -0001.000 -0001.000 -0001.000 -0001.000 -0001.000 -0001.000 -0001.000 -0001.000 -0001.000 -0001.000 -0001.000 -0001.000 -0001.000
00297.223 00487.831 00205.572 00499.307 00324.402 00636.104 00360.507 00571.084 00280.426 00541.196 00363.097 00185.701 00488.137 00301.393 00610.253 00458.433 00307.994 00158.926 00494.771 00344.826 00196.789 00537.811 00393.340 00250.691 00585.523 00410.169 00239.085 00546.726 00348.464 00616.504 00233.668 00502.938 -0001.000 -0001.000 -0001.000 -0001.000 -0001.000 -0001.000 -0001.000 -0001.000 -0001.000 -0001.000 -0001.000 -0001.000 -0001.000 -0001.000 -0001.000 -0001.000 -0001.000 -0001.000 -0001.000 -0001.000 -0001.000 -0001.000 -0001.000 -0001.000 -0001.000 -0001.000 -0001.000 -0001.000
00514.977 00199.007 00402.244 00622.334 00450.163 00278.065 00568.376 00302.362 00515.353 00226.936 00509.705 00334.029 00159.041 00462.445 00278.861 00593.887 00445.175 00297.759 00638.915 00490.080 00343.169 00198.143 00541.484 00399.600 00259.493 00600.039 00428.964 00262.253 00573.768 -0001.000 -0001.000 -0001.000 -0001.000 -0001.000 -0001.000 -0001.000 -0001.000 -0001.000 -0001.000 -0001.000 -0001.000 -0001.000 -0001.000 -0001.000 -0001.000 -0001.000 -0001.000 -0001.000 -0001.000 -0001.000 -0001.000 -0001.000 -0001.000 -0001.000 -0001.000 -0001.000 -0001.000 -0001.000 -0001.000 -0001.000
00211.238 00416.304 00595.147 00318.143 00571.901 00402.466 00233.103 00504.955 00247.824 00460.335 00174.276 00479.150 00305.858 00619.572 00437.867 00257.239 00578.279 00432.343 00287.676 00630.973 00485.265 00341.401 00199.348 00544.962 00405.590 00267.917 00613.597 00447.244 -0001.000 -0001.000 -0001.000 -0001.000 -0001.000 -0001.000 -0001.000 -0001.000 -0001.000 -0001.000 -0001.000 -0001.000 -0001.000 -0001.000 -0001.000 -0001.000 -0001.000 -0001.000 -0001.000 -0001.000 -0001.000 -0001.000 -0001.000 -0001.000 -0001.000 -0001.000 -0001.000 -0001.000 -0001.000 -0001.000 -0001.000 -0001.000
00347.781 00632.757 00318.573 00510.386 00235.828 00523.365 00356.520 00189.747 00445.772 00196.763 00406.340 00621.146 00449.407 00277.911 00592.698 00414.211 00236.319 00562.795 00419.503 00277.635 00623.295 00480.610 00339.662 00200.421 00548.231 00411.367 -0001.000 -0001.000 -0001.000 -0001.000 -0001.000 -0001.000 -0001.000 -0001.000 -0001.000 -0001.000 -0001.000 -0001.000 -0001.000 -0001.000 -0001.000 -0001.000 -0001.000 -0001.000 -0001.000 -0001.000 -0001.000 -0001.000 -0001.000 -0001.000 -0001.000 -0001.000 -0001.000 -0001.000 -0001.000 -0001.000 -0001.000 -0001.000 -0001.000 -0001.000
00479.686 00283.071 00534.669 00221.106 00426.825 00154.779 00475.986 00311.698 00632.661 00389.772 00634.809 00352.856 00589.469 00419.432 00250.475 00566.619 00390.843 00215.822 00547.837 00407.558 00268.339 00615.921 00476.109 00337.977 -0001.000 -0001.000 -0001.000 -0001.000 -0001.000 -0001.000 -0001.000 -0001.000 -0001.000 -0001.000 -0001.000 -0001.000 -0001.000 -0001.000 -0001.000 -0001.000 -0001.000 -0001.000 -0001.000 -0001.000 -0001.000 -0001.000 -0001.000 -0001.000 -0001.000 -0001.000 -0001.000 -0001.000 -0001.000 -0001.000 -0001.000 -0001.000 -0001.000 -0001.000 -0001.000 -0001.000
00606.244 00413.389 00220.253 00436.981 00614.220 00344.740 00591.839 00429.965 00268.161 00572.563 00336.898 00579.482 00299.795 00559.310 00391.973 00224.656 00540.301 00367.129 00194.944 00533.318 00395.496 00259.021 -0001.000 -0001.000 -0001.000 -0001.000 -0001.000 -0001.000 -0001.000 -0001.000 -0001.000 -0001.000 -0001.000 -0001.000 -0001.000 -0001.000 -0001.000 -0001.000 -0001.000 -0001.000 -0001.000 -0001.000 -0001.000 -0001.000 -0001.000 -0001.000 -0001.000 -0001.000 -0001.000 -0001.000 -0001.000 -0001.000 -0001.000 -0001.000 -0001.000 -0001.000 -0001.000 -0001.000 -0001.000 -0001.000
00261.547 00538.916 00349.366 00159.542 00339.591 00531.135 00263.991 00452.983 00619.678 00302.085 00516.906 00287.632 00524.831 00246.651 00528.028 00362.756 00197.958 00514.867 -0001.000 -0001.000 -0001.000 -0001.000 -0001.000 -0001.000 -0001.000 -0001.000 -0001.000 -0001.000 -0001.000 -0001.000 -0001.000 -0001.000 -0001.000 -0001.000 -0001.000 -0001.000 -0001.000 -0001.000 -0001.000 -0001.000 -0001.000 -0001.000 -0001.000 -0001.000 -0001.000 -0001.000 -0001.000 -0001.000 -0001.000 -0001.000 -0001.000 -0001.000 -0001.000 -0001.000 -0001.000 -0001.000 -0001.000 -0001.000 -0001.000 -0001.000
-0001.000 00179.231 00473.870 00287.491 00554.332 00242.577 00449.276 00184.095 00359.583 00531.614 00224.815 00464.061 00238.069 -0001.000 -0001.000 -0001.000 -0001.000 -0001.000 -0001.000 -0001.000 -0001.000 -0001.000 -0001.000 -0001.000 -0001.000 -0001.000 -0001.000 -0001.000 -0001.000 -0001.000 -0001.000 -0001.000 -0001.000 -0001.000 -0001.000 -0001.000 -0001.000 -0001.000 -0001.000 -0001.000 -0001.000 -0001.000 -0001.000 -0001.000 -0001.000 -0001.000 -0001.000 -0001.000 -0001.000 -0001.000 -0001.000 -0001.000 -0001.000 -0001.000 -0001.000 -0001.000 -0001.000 -0001.000 -0001.000 -0001.000
-0001.000 -0001.000 -0001.000 -0001.000 -0001.000 -0001.000 -0001.000 -0001.000 -0001.000 -0001.000 -0001.000 -0001.000 -0001.000 -0001.000 -0001.000 -0001.000 -0001.000 -0001.000 -0001.000 -0001.000 -0001.000 -0001.000 -0001.000 -0001.000 -0001.000 -0001.000 -0001.000 -0001.000 -0001.000 -0001.000 -0001.000 -0001.000 -0001.000 -0001.000 -0001.000 -0001.000 -0001.000 -0001.000 -0001.000 -0001.000 -0001.000 -0001.000 -0001.000 -0001.000 -0001.000 -0001.000 -0001.000 -0001.000 -0001.000 -0001.000 -0001.000 -0001.000 -0001.000 -0001.000 -0001.000 -0001.000 -0001.000 -0001.000 -0001.000 -0001.000
-0001.000 -0001.000 -0001.000 -0001.000 -0001.000 -0001.000 -0001.000 -0001.000 -0001.000 -0001.000 -0001.000 -0001.000 -0001.000 -0001.000 -0001.000 -0001.000 -0001.000 -0001.000 -0001.000 -0001.000 -0001.000 -0001.000 -0001.000 -0001.000 -0001.000 -0001.000 -0001.000 -0001.000 -0001.000 -0001.000 -0001.000 -0001.000 -0001.000 -0001.000 -0001.000 -0001.000 -0001.000 -0001.000 -0001.000 -0001.000 -0001.000 -0001.000 -0001.000 -0001.000 -0001.000 -0001.000 -0001.000 -0001.000 -0001.000 -0001.000 -0001.000 -0001.000 -0001.000 -0001.000 -0001.000 -0001.000 -0001.000 -0001.000 -0001.000 -0001.000
-0001.000 -0001.000 -0001.000 -0001.000 -0001.000 -0001.000 -0001.000 -0001.000 -0001.000 -0001.000 -0001.000 -0001.000 -0001.000 -0001.000 -0001.000 -0001.000 -0001.000 -0001.000 -0001.000 -0001.000 -0001.000 -0001.000 -0001.000 -0001.000 -0001.000 -0001.000 -0001.000 -0001.000 -0001.000 -0001.000 -0001.000 -0001.000 -0001.000 -0001.000 -0001.000 -0001.000 -0001.000 -0001.000 -0001.000 -0001.000 -0001.000 -0001.000 -0001.000 -0001.000 -0001.000 -0001.000 -0001.000 -0001.000 -0001.000 -0001.000 -0001.000 -0001.000 -0001.000 -0001.000 -0001.000 -0001.000 -0001.000 -0001.000 -0001.000 -0001.000
-0001.000 -0001.000 -0001.000 -0001.000 -0001.000 -0001.000 -0001.000 -0001.000 -0001.000 -0001.000 -0001.000 -0001.000 -0001.000 -0001.000 -0001.000 -0001.000 -0001.000 -0001.000 -0001.000 -0001.000 -0001.000 -0001.000 -0001.000 -0001.000 -0001.000 -0001.000 -0001.000 -0001.000 -0001.000 -0001.000 -0001.000 -0001.000 -0001.000 -0001.000 -0001.000 -0001.000 -0001.000 -0001.000 -0001.000 -0001.000 -0001.000 -0001.000 -0001.000 -0001.000 -0001.000 -0001.000 -0001.000 -0001.000 -0001.000 -0001.000 -0001.000 -0001.000 -0001.000 -0001.000 -0001.000 -0001.000 -0001.000 -0001.000 -0001.000 -0001.000
