data/trial3/ashley.toa
NCOLS 382
NROWS 266
XLLCORNER 157819.328125
YLLCORNER 384678.625000
CELLSIZE 30.000000
NODATA_VALUE -1
[rows 156 to 181 of 266, columns 240 to 299 of 382]
00021.117 00021.419 00021.839 00032.435 00032.844 00033.414 00033.867 00034.310 00034.732 00034.868 00035.011 00035.228 00035.454 00035.698 00036.054 00036.439 00036.802 00037.151 00037.477 00037.802 00038.129 00038.471 00038.646 00038.817 00039.000 00039.268 00039.554 00039.841 00040.088 00040.246 00040.033 00039.459 00039.320 00039.124 00039.039 00038.889 00038.760 00038.696 00038.699 00038.700 00038.784 00038.959 00039.189 00039.512 00039.955 00040.297 00040.579 00040.782 00040.952 00041.134 00041.349 00041.582 00041.823 00042.052 00042.248 00042.444 00042.653 00042.879 -0001.000 -0001.000
00021.347 00021.742 00032.447 00032.881 00033.212 00033.572 00033.976 00034.387 00034.773 00035.131 00035.574 00035.907 00036.126 00036.338 00036.543 00036.826 00037.160 00037.452 00037.716 00037.991 00038.278 00038.576 00038.888 00039.172 00039.354 00039.554 00039.828 00040.121 00040.419 00040.466 00039.646 00039.081 00038.948 00038.833 00038.725 00038.601 00038.519 00038.550 00038.572 00038.593 00038.721 00038.842 00039.093 00039.461 00039.874 00040.293 00040.611 00040.849 00041.066 00041.294 00041.538 00041.788 00042.031 00042.242 00042.439 00042.644 00042.863 -0001.000 -0001.000 -0001.000
00021.980 00032.549 00032.962 00033.150 00033.308 00033.629 00033.993 00034.396 00034.823 00035.258 00035.754 00036.349 00036.657 00037.087 00037.229 00037.366 00037.458 00037.724 00037.984 00038.216 00038.451 00038.715 00039.022 00039.040 00039.072 00039.199 00039.438 00039.676 00039.922 00040.044 00039.202 00038.863 00038.695 00038.546 00038.455 00038.371 00038.424 00038.473 00038.504 00038.584 00038.685 00038.821 00039.095 00039.419 00039.799 00040.235 00040.642 00040.970 00041.244 00041.496 00041.750 00042.003 00042.223 00042.417 00042.611 00042.803 -0001.000 -0001.000 -0001.000 -0001.000
00032.798 00033.017 00033.164 00033.281 00033.408 00033.710 00034.050 00034.489 00034.971 00035.353 00035.686 00036.021 00036.349 00036.725 00037.102 00037.455 00037.757 00038.019 00038.226 00038.444 00038.673 00038.638 00038.624 00038.541 00038.475 00038.638 00038.814 00039.017 00039.357 00039.379 00038.786 00038.590 00038.449 00038.307 00038.199 00038.271 00038.362 00038.419 00038.473 00038.595 00038.702 00038.829 00039.097 00039.386 00039.730 00040.206 00040.725 00041.113 00041.407 00041.692 00041.958 00042.169 00042.371 00042.573 00042.750 -0001.000 -0001.000 -0001.000 -0001.000 -0001.000
00032.684 00033.003 00033.168 00033.296 00033.432 00033.730 00034.053 00034.420 00034.717 00035.005 00035.330 00035.706 00036.137 00036.546 00036.920 00037.271 00037.591 00037.873 00038.170 00038.182 00038.140 00038.346 00038.177 00037.990 00038.033 00038.128 00038.294 00038.498 00038.856 00038.506 00038.356 00038.326 00038.215 00038.103 00038.087 00038.222 00038.314 00038.375 00038.517 00038.617 00038.733 00038.898 00039.233 00039.553 00039.928 00040.347 00040.842 00041.200 00041.418 00041.608 00041.775 00041.934 00042.125 00042.358 00042.626 -0001.000 -0001.000 -0001.000 -0001.000 -0001.000
00032.568 00032.902 00033.112 00033.249 00033.384 00033.665 00033.910 00034.186 00034.461 00034.735 00035.129 00035.543 00035.959 00036.371 00036.752 00037.122 00037.463 00037.747 00037.704 00037.567 00037.661 00037.720 00037.637 00037.664 00037.751 00037.826 00037.870 00037.946 00038.106 00038.066 00038.057 00038.073 00038.029 00038.003 00038.071 00038.187 00038.285 00038.439 00038.577 00038.710 00038.829 00039.149 00039.454 00039.757 00040.059 00040.412 00040.797 00041.098 00041.291 00041.459 00041.626 00041.789 00041.975 00042.224 00042.255 -0001.000 -0001.000 -0001.000 -0001.000 -0001.000
00032.641 00033.021 00033.173 00033.295 00033.437 00033.596 00033.746 00034.000 00034.245 00034.668 00035.040 00035.407 00035.798 00036.225 00036.624 00037.006 00037.415 00037.311 00037.170 00037.122 00037.159 00037.194 00037.261 00037.370 00037.470 00037.526 00037.555 00037.578 00037.606 00037.655 00037.767 00037.849 00037.889 00037.923 00038.062 00038.192 00038.348 00038.514 00038.685 00038.804 00038.907 00039.207 00039.519 00039.819 00040.097 00040.445 00040.801 00041.081 00041.258 00041.409 00041.559 00041.631 00041.564 00041.624 00041.903 00042.967 -0001.000 -0001.000 -0001.000 -0001.000
00032.884 00033.115 00033.227 00033.343 00033.459 00033.569 00033.666 00033.865 00034.253 00034.644 00034.991 00035.371 00035.789 00036.226 00036.627 00037.016 00037.045 00036.892 00036.813 00036.819 00036.826 00036.872 00036.976 00037.085 00037.212 00037.309 00037.367 00037.409 00037.444 00037.471 00037.659 00037.751 00037.802 00037.965 00038.094 00038.246 00038.431 00038.609 00038.743 00038.849 00039.058 00039.378 00039.713 00040.054 00040.406 00040.731 00041.034 00041.207 00041.374 00041.357 00041.266 00041.164 00041.106 00041.102 00041.097 00042.658 -0001.000 -0001.000 -0001.000 -0001.000
00033.174 00033.316 00033.402 00033.486 00033.576 00033.675 00033.780 00033.899 00034.269 00034.626 00034.957 00035.343 00035.778 00036.226 00036.630 00036.657 00036.590 00036.567 00036.566 00036.566 00036.620 00036.686 00036.764 00036.863 00036.979 00037.144 00037.260 00037.326 00037.373 00037.499 00037.619 00037.698 00037.871 00037.997 00038.156 00038.341 00038.532 00038.679 00038.787 00038.936 00039.288 00039.622 00040.003 00040.404 00040.757 00041.038 00041.108 00041.066 00041.032 00040.956 00040.837 00040.737 00040.646 00040.506 00040.704 00042.088 00041.776 00041.224 00041.075 00041.133
00033.436 00033.493 00033.567 00033.644 00033.722 00033.810 00033.902 00034.086 00034.407 00034.717 00035.057 00035.449 00035.925 00036.362 00036.181 00036.157 00036.252 00036.306 00036.356 00036.422 00036.489 00036.552 00036.634 00036.764 00036.924 00037.089 00037.200 00037.300 00037.411 00037.512 00037.623 00037.766 00037.923 00038.085 00038.283 00038.478 00038.621 00038.773 00038.862 00039.193 00039.570 00039.972 00040.394 00040.883 00041.147 00040.903 00040.739 00040.719 00040.702 00040.565 00040.446 00040.311 00040.175 00040.163 00040.189 00040.308 00040.487 00040.576 00040.742 00040.850
00033.981 00033.788 00033.733 00033.810 00033.887 00033.963 00034.110 00034.290 00034.524 00034.820 00035.170 00035.581 00035.687 00035.688 00035.769 00035.884 00036.007 00036.110 00036.192 00036.264 00036.361 00036.485 00036.613 00036.747 00036.892 00037.073 00037.225 00037.353 00037.457 00037.573 00037.698 00037.833 00037.987 00038.219 00038.444 00038.607 00038.874 00039.144 00039.382 00039.697 00039.961 00040.247 00040.457 00040.702 00040.663 00040.449 00040.425 00040.423 00040.341 00040.212 00040.102 00039.976 00040.058 00040.106 00040.160 00040.240 00040.409 00040.591 00040.733 00040.861
00035.098 00034.496 00034.185 00034.028 00034.112 00034.277 00034.395 00034.489 00034.652 00034.920 00035.165 00035.276 00035.386 00035.513 00035.641 00035.758 00035.862 00035.961 00036.065 00036.179 00036.309 00036.449 00036.590 00036.733 00036.907 00037.116 00037.279 00037.408 00037.524 00037.652 00037.815 00037.977 00038.271 00038.479 00038.733 00039.021 00039.404 00039.285 00039.322 00039.405 00039.693 00039.957 00040.219 00040.390 00040.209 00040.144 00040.149 00040.126 00040.033 00039.939 00039.919 00039.982 00040.043 00040.111 00040.174 00040.283 00040.451 00040.604 00040.745 00040.899
00035.050 00035.316 00034.825 00034.595 00034.433 00034.499 00034.600 00034.684 00034.796 00034.936 00035.068 00035.178 00035.282 00035.394 00035.523 00035.650 00035.770 00035.878 00035.976 00036.086 00036.222 00036.386 00036.554 00036.731 00036.945 00037.201 00037.400 00037.556 00037.691 00037.816 00037.978 00038.156 00038.446 00038.661 00038.842 00038.915 00038.977 00039.011 00039.084 00039.197 00039.401 00039.712 00039.960 00039.952 00039.920 00039.897 00039.890 00039.872 00039.825 00039.872 00039.940 00040.002 00040.073 00040.140 00040.209 00040.336 00040.492 00040.670 00040.837 00040.994
00034.959 00035.399 00035.631 00035.224 00034.955 00034.812 00034.851 00034.936 00035.014 00035.097 00035.183 00035.270 00035.353 00035.444 00035.541 00035.641 00035.744 00035.849 00035.951 00036.052 00036.167 00036.293 00036.488 00036.727 00036.999 00037.398 00037.633 00037.787 00037.892 00038.009 00038.084 00038.169 00038.335 00038.458 00038.571 00038.682 00038.797 00038.919 00039.038 00039.147 00039.257 00039.421 00039.655 00039.703 00039.736 00039.753 00039.758 00039.761 00039.840 00039.908 00039.970 00040.037 00040.107 00040.183 00040.298 00040.449 00040.608 00040.770 00040.938 00041.097
00035.100 00035.327 00035.827 00035.910 00035.493 00035.283 00035.130 00035.173 00035.230 00035.286 00035.347 00035.423 00035.498 00035.571 00035.645 00035.729 00035.827 00035.926 00036.022 00036.122 00036.233 00036.363 00036.528 00036.763 00037.033 00037.368 00037.685 00037.939 00038.057 00038.100 00038.158 00038.214 00038.279 00038.416 00038.534 00038.650 00038.759 00038.873 00038.993 00039.104 00039.219 00039.343 00039.517 00039.612 00039.655 00039.682 00039.714 00039.802 00039.872 00039.948 00040.027 00040.106 00040.186 00040.275 00040.417 00040.577 00040.737 00040.903 00041.067 00041.219
00035.222 00035.444 00035.891 00036.383 00035.918 00035.621 00035.515 00035.402 00035.460 00035.517 00035.566 00035.609 00035.646 00035.712 00035.783 00035.857 00035.934 00036.015 00036.095 00036.185 00036.289 00036.415 00036.570 00036.804 00037.049 00037.303 00037.567 00037.816 00038.042 00038.168 00038.242 00038.303 00038.362 00038.419 00038.496 00038.618 00038.736 00038.847 00038.960 00039.069 00039.197 00039.342 00039.456 00039.539 00039.600 00039.680 00039.767 00039.854 00039.942 00040.028 00040.110 00040.193 00040.269 00040.409 00040.578 00040.734 00040.886 00041.041 00041.200 00041.355
00035.356 00035.601 00035.940 00036.294 00036.285 00035.950 00035.853 00035.756 00035.698 00035.756 00035.808 00035.845 00035.869 00035.897 00035.930 00035.971 00036.042 00036.117 00036.196 00036.276 00036.363 00036.466 00036.613 00036.841 00037.075 00037.320 00037.575 00037.809 00038.034 00038.150 00038.244 00038.395 00038.455 00038.514 00038.574 00038.642 00038.718 00038.845 00038.972 00039.092 00039.220 00039.356 00039.475 00039.568 00039.650 00039.733 00039.831 00039.932 00040.029 00040.116 00040.197 00040.270 00040.405 00040.607 00040.789 00040.944 00041.094 00041.245 00041.398 00041.543
00035.566 00035.715 00035.980 00036.253 00036.489 00036.260 00036.170 00036.084 00036.020 00036.023 00036.053 00036.079 00036.097 00036.104 00036.122 00036.157 00036.194 00036.235 00036.284 00036.358 00036.442 00036.545 00036.674 00036.839 00037.027 00037.325 00037.674 00037.935 00038.102 00038.208 00038.302 00038.393 00038.487 00038.628 00038.696 00038.765 00038.838 00038.917 00039.026 00039.130 00039.239 00039.374 00039.517 00039.630 00039.728 00039.823 00039.917 00040.012 00040.106 00040.187 00040.259 00040.323 00040.504 00040.692 00040.876 00041.053 00041.220 00041.391 00041.562 00041.729
00035.852 00035.984 00036.160 00036.336 00036.478 00036.559 00036.476 00036.389 00036.345 00036.316 00036.314 00036.313 00036.317 00036.320 00036.321 00036.329 00036.363 00036.395 00036.443 00036.498 00036.563 00036.640 00036.733 00036.846 00036.973 00037.196 00037.589 00038.000 00038.164 00038.269 00038.370 00038.477 00038.580 00038.680 00038.767 00038.872 00038.921 00039.003 00039.132 00039.249 00039.363 00039.483 00039.624 00039.744 00039.816 00039.903 00039.991 00040.046 00040.132 00040.215 00040.277 00040.349 00040.534 00040.732 00040.942 00041.136 00041.320 00041.506 00041.650 00041.836
00036.068 00036.209 00036.383 00036.522 00036.629 00036.733 00036.775 00036.688 00036.634 00036.620 00036.597 00036.573 00036.556 00036.549 00036.542 00036.537 00036.538 00036.569 00036.598 00036.631 00036.697 00036.772 00036.857 00036.951 00037.052 00037.181 00037.425 00037.875 00038.150 00038.316 00038.461 00038.563 00038.589 00038.625 00038.663 00038.708 00038.857 00039.008 00039.135 00039.254 00039.380 00039.482 00039.567 00039.669 00039.757 00039.832 00039.913 00039.996 00040.076 00040.152 00040.221 00040.302 00040.461 00040.645 00040.845 00041.049 00041.237 00041.430 00041.623 00041.785
00036.302 00036.433 00036.559 00036.658 00036.752 00036.845 00036.936 00036.978 00036.877 00036.879 00036.870 00036.842 00036.812 00036.794 00036.782 00036.768 00036.754 00036.752 00036.781 00036.810 00036.842 00036.878 00036.938 00037.017 00037.102 00037.186 00037.348 00037.712 00038.078 00038.217 00038.309 00038.373 00038.424 00038.466 00038.592 00038.729 00038.869 00039.019 00039.160 00039.282 00039.371 00039.456 00039.537 00039.635 00039.724 00039.798 00039.869 00039.951 00040.030 00040.101 00040.166 00040.240 00040.379 00040.538 00040.723 00040.932 00041.152 00041.294 00041.457 00041.619
00036.462 00036.563 00036.661 00036.760 00036.856 00036.943 00037.031 00037.131 00037.132 00037.088 00037.084 00037.078 00037.070 00037.057 00037.033 00037.011 00036.988 00036.967 00036.971 00036.992 00037.016 00037.056 00037.097 00037.144 00037.203 00037.283 00037.422 00037.638 00037.829 00037.950 00038.069 00038.181 00038.305 00038.474 00038.617 00038.749 00038.890 00039.050 00039.163 00039.259 00039.349 00039.434 00039.517 00039.605 00039.694 00039.771 00039.844 00039.918 00039.992 00040.062 00040.127 00040.192 00040.325 00040.467 00040.629 00040.838 00041.077 00041.204 00041.271 00041.393
00036.570 00036.662 00036.750 00036.845 00036.941 00037.038 00037.126 00037.216 00037.337 00037.258 00037.245 00037.253 00037.273 00037.297 00037.300 00037.281 00037.245 00037.206 00037.174 00037.185 00037.195 00037.209 00037.247 00037.285 00037.336 00037.417 00037.521 00037.640 00037.749 00037.837 00037.991 00038.174 00038.347 00038.504 00038.643 00038.769 00038.901 00039.030 00039.139 00039.235 00039.325 00039.412 00039.496 00039.581 00039.664 00039.745 00039.821 00039.894 00039.961 00040.028 00040.092 00040.170 00040.287 00040.415 00040.557 00040.744 00040.984 00041.164 00041.118 00041.152
00036.713 00036.758 00036.846 00036.931 00037.023 00037.122 00037.220 00037.311 00037.401 00037.425 00037.403 00037.403 00037.433 00037.470 00037.516 00037.532 00037.516 00037.474 00037.428 00037.404 00037.405 00037.402 00037.408 00037.450 00037.492 00037.542 00037.605 00037.687 00037.817 00037.965 00038.093 00038.233 00038.390 00038.547 00038.673 00038.783 00038.894 00039.009 00039.114 00039.211 00039.302 00039.390 00039.475 00039.561 00039.647 00039.732 00039.814 00039.888 00039.954 00040.017 00040.083 00040.178 00040.306 00040.441 00040.598 00040.814 00041.051 00040.932 00040.874 00040.954
00036.873 00036.879 00036.942 00037.028 00037.111 00037.204 00037.304 00037.402 00037.491 00037.584 00037.575 00037.552 00037.582 00037.611 00037.660 00037.700 00037.709 00037.680 00037.657 00037.635 00037.636 00037.633 00037.624 00037.631 00037.670 00037.712 00037.779 00037.847 00037.948 00038.068 00038.189 00038.312 00038.461 00038.593 00038.698 00038.793 00038.888 00038.989 00039.088 00039.182 00039.273 00039.362 00039.450 00039.538 00039.627 00039.718 00039.806 00039.884 00039.950 00040.011 00040.090 00040.216 00040.344 00040.481 00040.661 00040.671 00040.644 00040.703 00040.805 00040.918
00037.027 00037.034 00037.041 00037.126 00037.208 00037.288 00037.383 00037.482 00037.579 00037.673 00037.758 00037.714 00037.726 00037.748 00037.785 00037.837 00037.860 00037.843 00037.825 00037.809 00037.818 00037.847 00037.856 00037.855 00037.877 00037.924 00037.992 00038.058 00038.114 00038.168 00038.262 00038.368 00038.489 00038.607 00038.713 00038.802 00038.892 00038.983 00039.073 00039.157 00039.243 00039.332 00039.421 00039.510 00039.600 00039.691 00039.782 00039.867 00039.938 00040.003 00040.077 00040.198 00040.332 00040.388 00040.416 00040.450 00040.501 00040.569 00040.684 00040.850
