data/trial3/ashley.fli
NCOLS 382
NROWS 266
XLLCORNER 157819.328125
YLLCORNER 384678.625000
CELLSIZE 30.000000
NODATA_VALUE -1
[rows 156 to 181 of 266, columns 240 to 299 of 382]
00015.908 00028.867 00003.008 00008.176 00014.076 00028.013 00033.228 00032.686 00039.357 00029.808 00023.900 00029.198 00029.035 00031.880 00033.185 00030.611 00034.892 00038.767 00041.644 00046.504 00051.862 00049.877 00050.442 00050.265 00048.920 00047.827 00046.069 00044.023 00048.887 00037.583 00026.493 00025.056 00023.802 00022.653 00019.969 00041.450 00029.806 00026.103 00033.962 00044.818 00037.310 00054.808 00054.480 00048.008 00047.147 00056.948 00080.862 00093.866 00086.153 00076.228 00062.969 00061.730 00058.349 00062.804 00064.608 00062.166 00061.125 00050.926 -0001.000 -0001.000
00008.834 00003.163 00004.444 00011.903 00023.935 00034.322 00039.799 00040.599 00045.838 00046.590 00031.997 00023.916 00029.234 00027.922 00027.466 00032.343 00037.450 00043.551 00049.456 00049.626 00053.859 00053.972 00052.852 00045.797 00046.193 00045.412 00042.432 00048.735 00040.082 00020.840 00027.828 00020.929 00020.265 00034.499 00053.411 00057.154 00043.915 00051.614 00063.473 00068.297 00046.598 00034.229 00054.856 00049.827 00040.571 00042.862 00060.736 00065.774 00072.756 00062.008 00060.018 00054.924 00057.323 00063.497 00063.722 00064.429 00058.656 -0001.000 -0001.000 -0001.000
00001.743 00002.857 00007.431 00022.262 00026.568 00038.905 00041.525 00039.725 00037.317 00035.378 00029.846 00043.208 00043.973 00026.385 00030.319 00042.895 00041.991 00044.030 00046.025 00058.478 00056.859 00053.890 00055.513 00029.802 00033.609 00031.041 00027.147 00027.468 00029.897 00021.038 00020.051 00020.850 00045.486 00060.668 00040.106 00041.943 00049.090 00062.801 00082.309 00071.615 00049.450 00038.558 00057.601 00051.873 00040.635 00038.409 00043.150 00056.152 00059.521 00058.257 00055.183 00056.165 00065.912 00067.112 00072.012 00067.139 -0001.000 -0001.000 -0001.000 -0001.000
00012.458 00012.712 00028.917 00030.711 00035.039 00044.774 00045.113 00037.317 00034.383 00035.743 00037.812 00037.776 00039.309 00041.169 00043.303 00047.788 00057.743 00061.959 00060.804 00064.391 00053.782 00024.838 00021.001 00025.637 00028.588 00032.079 00027.339 00028.792 00025.258 00018.975 00020.504 00021.093 00021.728 00026.044 00033.793 00039.317 00052.509 00066.309 00083.165 00061.265 00045.168 00039.294 00060.620 00054.627 00040.428 00036.190 00038.263 00053.885 00062.462 00068.163 00077.844 00075.665 00071.483 00070.651 00082.216 -0001.000 -0001.000 -0001.000 -0001.000 -0001.000
00011.299 00012.033 00031.494 00034.562 00042.332 00049.947 00047.862 00042.625 00042.678 00043.299 00037.120 00037.319 00038.291 00041.138 00045.458 00049.151 00059.125 00054.835 00054.373 00040.119 00029.291 00018.591 00024.627 00017.322 00022.538 00032.019 00036.743 00030.631 00020.433 00020.392 00020.296 00021.324 00023.594 00052.836 00083.390 00041.605 00051.200 00069.227 00053.812 00053.227 00042.559 00051.619 00056.614 00054.433 00048.596 00037.141 00037.140 00066.767 00077.061 00079.761 00079.738 00075.485 00058.436 00049.764 00044.362 -0001.000 -0001.000 -0001.000 -0001.000 -0001.000
00011.341 00010.306 00027.243 00032.433 00040.036 00052.802 00056.569 00049.362 00045.728 00042.969 00042.454 00041.330 00039.839 00041.849 00045.221 00044.155 00054.503 00065.815 00033.612 00035.632 00027.614 00022.092 00018.036 00016.211 00018.243 00020.056 00019.834 00019.206 00021.178 00018.240 00015.628 00021.661 00032.657 00048.699 00074.117 00046.070 00052.850 00049.703 00039.357 00039.917 00045.500 00052.736 00052.170 00055.663 00051.299 00040.387 00046.443 00072.582 00097.861 00112.368 00098.437 00070.744 00055.064 00042.164 00046.246 -0001.000 -0001.000 -0001.000 -0001.000 -0001.000
00011.618 00014.575 00029.894 00032.899 00043.344 00049.186 00051.388 00053.754 00052.350 00045.884 00047.245 00044.832 00040.794 00042.546 00046.957 00045.601 00047.391 00030.827 00032.387 00034.722 00027.190 00019.450 00015.754 00017.268 00017.695 00035.243 00063.497 00092.278 00064.813 00029.058 00020.225 00030.577 00043.746 00057.760 00053.545 00043.589 00039.629 00027.942 00033.505 00044.528 00051.118 00052.097 00051.625 00059.232 00051.923 00044.572 00056.357 00089.141 00116.891 00134.127 00097.373 00038.189 00041.312 00028.018 00012.871 00001.655 -0001.000 -0001.000 -0001.000 -0001.000
00011.955 00023.320 00029.541 00033.235 00039.097 00044.351 00047.553 00050.441 00047.656 00049.069 00048.002 00043.348 00039.434 00042.288 00046.070 00048.036 00021.410 00023.229 00020.107 00020.830 00021.498 00022.292 00021.951 00018.714 00022.616 00029.381 00044.314 00054.954 00079.311 00077.227 00023.187 00041.427 00059.073 00052.189 00042.101 00037.749 00027.045 00028.622 00041.372 00055.973 00049.366 00048.815 00047.088 00042.351 00043.139 00045.825 00060.693 00094.502 00126.280 00056.982 00041.038 00040.321 00042.875 00039.995 00037.640 00001.334 -0001.000 -0001.000 -0001.000 -0001.000
00021.945 00024.910 00026.796 00030.634 00035.017 00038.462 00036.959 00040.296 00042.672 00050.998 00046.433 00040.898 00038.111 00042.033 00045.180 00028.486 00026.587 00023.068 00027.238 00032.641 00036.454 00037.190 00036.140 00028.128 00028.695 00031.893 00042.693 00060.540 00073.547 00061.969 00039.781 00059.428 00046.728 00044.249 00031.564 00023.700 00029.217 00040.409 00050.273 00041.687 00044.085 00041.599 00033.323 00034.906 00035.556 00053.839 00044.896 00046.048 00048.981 00041.510 00042.000 00042.761 00036.479 00030.420 00011.438 00000.944 00001.525 00002.155 00002.591 00002.532
00025.373 00026.993 00026.426 00026.705 00028.518 00029.330 00032.258 00038.241 00046.843 00056.132 00046.885 00042.967 00035.661 00027.657 00031.971 00036.612 00032.997 00031.130 00030.502 00034.126 00038.352 00044.574 00045.390 00042.809 00031.493 00032.963 00054.817 00062.929 00062.874 00053.822 00053.543 00050.790 00039.257 00027.006 00024.177 00028.649 00034.043 00041.251 00051.205 00034.972 00036.822 00031.504 00034.319 00038.152 00041.842 00041.566 00046.580 00051.229 00055.912 00047.167 00044.723 00038.413 00036.849 00040.953 00070.082 00076.169 00062.258 00168.663 00109.059 00190.633
00015.967 00018.576 00023.550 00024.987 00026.196 00027.653 00034.147 00044.430 00053.442 00049.791 00043.540 00041.048 00035.313 00027.076 00023.783 00028.193 00037.325 00034.736 00034.251 00037.096 00038.034 00040.040 00042.274 00040.904 00035.739 00035.227 00047.110 00051.440 00048.947 00047.771 00042.677 00037.193 00033.957 00022.392 00028.105 00034.582 00032.006 00031.554 00034.529 00034.734 00050.223 00040.439 00053.633 00041.144 00046.381 00051.997 00057.551 00063.985 00054.826 00053.246 00056.434 00132.985 00122.804 00082.253 00086.396 00088.167 00115.697 00149.093 00136.010 00153.419
00017.375 00014.312 00010.653 00019.577 00020.780 00020.273 00022.540 00026.636 00044.573 00059.412 00044.919 00041.701 00036.700 00031.645 00030.642 00032.156 00037.793 00041.661 00039.282 00038.093 00031.516 00035.620 00037.637 00037.332 00030.653 00031.150 00033.717 00040.345 00042.284 00037.966 00028.732 00028.208 00026.658 00029.952 00033.099 00032.661 00029.982 00024.999 00035.682 00042.270 00044.792 00051.906 00047.804 00051.723 00054.453 00069.319 00064.873 00063.357 00069.558 00114.471 00146.988 00107.466 00089.753 00087.829 00078.823 00084.902 00114.688 00125.082 00111.028 00126.334
00023.788 00016.985 00017.547 00017.083 00013.986 00016.597 00020.042 00024.075 00032.093 00040.862 00047.582 00044.207 00045.614 00043.871 00039.110 00039.078 00041.227 00046.022 00049.656 00044.395 00037.145 00031.017 00029.924 00029.279 00023.306 00020.752 00026.695 00023.980 00025.153 00022.153 00022.961 00031.643 00029.719 00024.924 00023.991 00027.237 00028.727 00033.531 00038.571 00040.385 00041.787 00049.820 00053.766 00067.909 00086.975 00078.759 00071.829 00073.045 00153.903 00138.638 00104.212 00073.397 00074.962 00073.148 00078.761 00067.179 00105.758 00100.378 00101.989 00103.928
00026.685 00018.078 00020.155 00022.366 00013.816 00014.423 00017.179 00019.515 00022.979 00031.123 00036.723 00038.849 00038.618 00038.508 00039.179 00041.099 00043.463 00046.982 00051.066 00049.938 00041.796 00039.130 00028.065 00022.685 00016.889 00016.661 00017.454 00025.690 00026.551 00028.528 00054.497 00052.734 00043.528 00043.942 00042.338 00041.478 00039.204 00037.437 00040.921 00045.750 00045.344 00039.333 00047.849 00073.801 00128.114 00143.431 00142.688 00144.985 00108.246 00091.303 00073.291 00066.097 00064.154 00060.918 00045.299 00094.976 00093.338 00088.832 00087.692 00095.995
00031.246 00017.701 00019.302 00021.531 00020.182 00014.915 00018.278 00020.713 00023.696 00026.002 00027.663 00029.267 00030.862 00033.728 00035.318 00036.186 00039.432 00042.934 00045.904 00044.543 00040.603 00033.537 00028.168 00022.426 00017.657 00017.503 00021.462 00025.112 00049.221 00057.522 00061.816 00063.006 00058.786 00053.110 00050.506 00045.823 00046.864 00043.636 00042.539 00046.978 00042.596 00043.525 00050.085 00065.987 00096.090 00115.864 00125.361 00083.483 00067.839 00061.920 00057.271 00055.890 00051.064 00059.720 00083.570 00086.355 00084.848 00082.720 00085.689 00092.641
00028.654 00014.808 00015.325 00024.719 00018.512 00015.616 00016.597 00019.206 00020.665 00022.232 00024.668 00027.380 00030.485 00032.512 00033.644 00035.818 00038.007 00040.586 00043.551 00043.160 00042.380 00037.007 00029.187 00022.632 00022.556 00020.545 00022.217 00024.260 00037.760 00052.617 00056.652 00057.743 00057.756 00059.465 00059.457 00050.571 00049.395 00047.933 00045.199 00048.712 00035.834 00042.895 00056.126 00072.236 00097.910 00098.384 00061.229 00054.155 00051.324 00049.893 00049.798 00047.169 00053.908 00074.789 00080.221 00081.606 00079.219 00078.262 00078.095 00082.214
00023.935 00016.995 00014.329 00019.043 00023.490 00015.215 00016.536 00017.405 00019.165 00020.413 00022.424 00024.637 00026.776 00029.971 00033.469 00036.353 00038.667 00040.596 00040.496 00042.995 00041.781 00041.051 00029.894 00023.451 00021.406 00018.756 00021.113 00022.891 00032.968 00049.504 00055.039 00055.199 00055.408 00055.552 00055.236 00050.225 00049.187 00046.920 00041.384 00043.252 00037.571 00041.929 00050.085 00061.669 00073.180 00049.267 00042.650 00043.108 00045.531 00048.320 00051.444 00060.978 00071.996 00079.590 00084.607 00085.581 00085.384 00082.445 00079.689 00080.559
00020.055 00020.467 00018.035 00022.089 00027.916 00016.851 00017.321 00017.606 00017.824 00019.751 00023.170 00025.146 00026.912 00029.276 00031.813 00034.065 00035.625 00038.356 00043.368 00043.719 00042.330 00037.555 00031.696 00028.307 00027.224 00015.656 00017.898 00019.840 00042.997 00049.770 00052.390 00051.371 00048.771 00046.593 00045.525 00044.589 00041.341 00041.568 00036.188 00039.965 00041.133 00037.794 00038.422 00046.273 00042.925 00047.142 00047.451 00042.295 00049.764 00057.517 00063.601 00076.527 00088.180 00090.529 00087.810 00088.346 00089.333 00084.157 00079.166 00074.980
00024.280 00022.469 00022.404 00024.867 00030.653 00016.618 00017.565 00018.278 00018.247 00018.836 00021.760 00024.880 00026.462 00028.172 00030.046 00032.030 00034.048 00036.372 00038.958 00039.899 00038.249 00039.685 00038.782 00036.161 00038.038 00017.628 00012.412 00014.767 00043.735 00047.836 00045.461 00041.018 00045.289 00043.996 00043.535 00042.208 00037.327 00037.723 00047.677 00041.335 00043.429 00037.232 00033.242 00047.581 00051.130 00052.426 00050.796 00048.810 00061.268 00072.918 00077.022 00095.119 00096.295 00089.933 00087.460 00099.774 00093.932 00093.402 00104.421 00090.672
00023.334 00024.096 00021.455 00028.587 00034.636 00028.410 00024.925 00022.144 00019.823 00019.297 00020.285 00021.598 00023.416 00025.111 00027.215 00029.626 00032.097 00034.793 00037.742 00040.669 00041.727 00040.635 00040.717 00041.412 00039.955 00026.001 00020.243 00011.729 00028.350 00033.897 00033.579 00041.979 00041.331 00042.190 00045.867 00050.167 00042.448 00037.480 00044.289 00047.220 00050.894 00055.405 00057.726 00052.125 00062.402 00067.560 00057.707 00054.997 00059.285 00065.787 00071.511 00098.478 00099.427 00082.366 00080.958 00085.731 00089.279 00090.101 00089.482 00087.554
00019.496 00022.987 00031.895 00035.643 00035.894 00037.816 00034.052 00028.347 00022.506 00023.297 00023.442 00022.569 00022.899 00023.997 00024.816 00026.869 00029.224 00031.755 00034.905 00038.155 00041.790 00045.268 00046.304 00046.420 00045.855 00048.369 00014.628 00011.668 00019.051 00021.606 00025.156 00032.142 00039.302 00047.124 00047.281 00043.891 00038.844 00037.456 00045.003 00052.912 00056.022 00061.204 00064.316 00051.150 00063.607 00072.979 00070.580 00061.521 00066.813 00070.969 00080.818 00123.552 00117.888 00099.216 00083.305 00078.381 00082.079 00076.881 00078.653 00075.894
00030.448 00037.014 00038.845 00039.342 00041.203 00041.193 00041.363 00035.684 00029.896 00029.692 00031.975 00027.333 00023.357 00021.312 00023.629 00025.610 00027.448 00029.564 00031.975 00034.679 00038.076 00042.190 00044.856 00048.832 00055.864 00041.921 00038.383 00016.202 00020.675 00026.437 00019.493 00029.964 00038.749 00042.801 00044.367 00041.171 00036.674 00039.886 00047.401 00053.214 00059.371 00061.497 00063.247 00057.119 00062.927 00072.509 00073.599 00070.922 00072.051 00078.767 00095.920 00122.084 00136.905 00130.513 00110.342 00083.394 00076.702 00085.831 00078.229 00061.383
00037.982 00039.672 00041.328 00041.791 00041.953 00041.747 00041.668 00040.926 00037.027 00031.367 00034.482 00032.854 00030.426 00029.006 00024.714 00019.718 00019.617 00022.770 00028.197 00031.590 00034.864 00037.715 00040.170 00042.342 00041.875 00044.926 00032.651 00033.117 00039.476 00047.031 00042.964 00034.098 00037.666 00037.311 00041.954 00042.845 00038.283 00042.048 00049.629 00053.732 00057.777 00060.566 00062.281 00062.384 00062.472 00068.426 00070.782 00080.775 00084.125 00086.680 00093.178 00155.532 00155.854 00141.546 00123.967 00084.313 00068.509 00061.559 00043.058 00056.726
00037.384 00039.380 00040.828 00041.967 00042.158 00042.001 00041.620 00041.511 00044.198 00028.461 00033.315 00035.585 00035.062 00032.603 00030.612 00028.058 00025.114 00024.816 00022.478 00024.038 00026.071 00031.009 00035.642 00039.347 00042.666 00045.555 00049.566 00050.728 00048.873 00041.728 00038.283 00035.173 00033.769 00037.621 00045.521 00048.968 00047.385 00046.759 00052.252 00054.669 00057.337 00059.615 00061.160 00060.359 00059.741 00062.673 00067.836 00079.325 00087.045 00092.442 00114.933 00159.094 00161.674 00142.716 00120.079 00093.693 00065.688 00047.975 00037.559 00054.328
00036.086 00038.594 00040.145 00041.359 00042.212 00042.561 00042.249 00042.870 00041.849 00037.838 00035.282 00033.771 00035.879 00038.527 00037.635 00037.203 00034.616 00030.889 00029.620 00029.594 00028.329 00027.255 00026.334 00027.033 00031.650 00032.792 00037.347 00037.265 00038.096 00037.105 00039.565 00040.455 00035.604 00043.680 00053.213 00055.468 00057.808 00053.249 00056.545 00058.371 00059.182 00059.918 00060.900 00059.843 00058.001 00057.379 00064.308 00076.598 00088.745 00098.007 00142.713 00155.060 00148.461 00134.317 00111.967 00086.300 00044.329 00045.196 00064.098 00083.744
00035.726 00038.089 00040.394 00041.853 00042.599 00043.009 00043.175 00043.423 00043.127 00041.449 00039.555 00037.356 00038.435 00040.530 00041.033 00039.757 00037.274 00035.463 00034.923 00034.558 00032.748 00032.093 00030.641 00028.518 00028.990 00027.734 00022.579 00033.637 00036.358 00041.048 00044.553 00046.920 00045.726 00050.533 00060.189 00059.678 00058.932 00057.251 00060.729 00062.357 00061.956 00061.397 00061.625 00060.667 00058.786 00058.055 00059.443 00067.096 00083.350 00101.115 00153.668 00158.889 00107.071 00084.060 00057.605 00043.408 00042.906 00062.555 00078.664 00097.121
