data/trial3/ashley.fli
NCOLS 382
NROWS 266
XLLCORNER 157819.328125
YLLCORNER 384678.625000
CELLSIZE 30.000000
NODATA_VALUE -1
[rows 234 to 259 of 266, columns 240 to 299 of 382]
00057.259 00059.151 00060.837 00062.444 00063.965 00065.596 00067.068 00068.543 00070.315 00069.717 00067.585 00066.479 00065.550 00065.120 00039.786 00043.145 00046.027 00046.971 00047.951 00048.951 00049.947 00051.914 00053.958 00061.829 00077.530 00085.526 00090.374 00093.505 00091.107 00079.972 00072.673 00067.205 00063.389 00055.345 00045.357 00039.294 -0001.000 -0001.000 -0001.000 00036.300 00055.361 00062.805 00068.868 00072.328 00073.852 00075.141 00076.428 00077.491 00077.300 00077.215 00077.224 00077.394 00077.513 00078.108 00078.922 00079.712 00080.414 00081.067 00081.692 00081.964
00054.034 00055.373 00057.073 00058.963 00060.641 00061.838 00062.888 00064.728 00066.367 00067.367 00068.343 00069.148 00068.473 00067.861 00068.308 00052.470 00049.090 00044.590 00045.757 00047.044 00056.544 00066.422 00073.683 00079.028 00083.959 00087.414 00090.381 00092.291 00093.436 00091.565 00084.246 00078.739 00073.927 00069.852 00059.879 00054.305 00037.559 -0001.000 -0001.000 00029.402 00042.280 00054.318 00065.423 00069.953 00071.823 00073.283 00074.718 00075.814 00076.813 00076.667 00076.573 00076.584 00076.653 00076.696 00077.249 00077.981 00078.737 00079.384 00079.828 00080.003
00051.053 00052.083 00054.374 00056.582 00058.034 00059.071 00060.150 00061.761 00063.468 00064.655 00065.117 00066.014 00066.901 00067.773 00068.211 00063.809 00072.249 00071.717 00066.534 00070.297 00074.082 00077.101 00079.309 00082.318 00084.906 00087.370 00089.476 00090.904 00092.311 00090.899 00090.041 00090.513 00084.793 00078.701 00073.489 00067.698 00062.614 00050.031 00040.812 00025.475 00035.440 00048.999 00057.871 00067.189 00069.478 00071.463 00072.815 00074.074 00075.031 00075.851 00075.763 00075.155 00074.723 00075.149 00075.646 00076.396 00077.185 00078.032 00078.394 00078.558
00048.588 00049.580 00050.626 00052.615 00053.933 00055.376 00056.898 00058.161 00059.523 00060.762 00061.983 00063.067 00063.979 00064.549 00065.305 00076.275 00086.646 00087.399 00080.761 00074.990 00076.969 00078.869 00080.421 00081.788 00083.815 00085.957 00087.442 00088.495 00090.423 00092.627 00092.077 00091.620 00091.052 00087.677 00082.138 00076.233 00072.116 00064.801 00060.218 00053.092 00030.650 00045.846 00053.259 00060.053 00065.954 00068.699 00070.782 00072.101 00073.411 00074.571 00075.042 00074.258 00073.896 00074.135 00074.486 00074.745 00075.614 00076.462 -0001.000 -0001.000
00047.006 00047.971 00049.033 00049.863 00051.049 00052.606 00053.771 00054.968 00056.257 00057.503 00058.741 00059.897 00060.997 00062.012 00078.266 00086.625 00091.378 00094.004 00091.075 00081.670 00076.209 00078.108 00079.747 00080.889 00082.024 00083.442 00084.786 00086.111 00087.697 00089.818 00091.859 00091.854 00090.271 00089.166 00088.330 00084.824 00080.393 00074.782 00069.817 00063.897 00059.067 00038.285 00048.482 00054.494 00060.669 00065.136 00068.056 00069.892 00071.100 00072.117 00072.982 00073.496 00073.361 00073.401 00073.670 -0001.000 -0001.000 -0001.000 -0001.000 -0001.000
00045.508 00046.288 00047.004 00047.898 00048.806 00049.601 00050.931 00052.219 00053.437 00054.634 00055.775 00056.899 00069.744 00080.809 00086.211 00090.050 00092.409 00093.862 00094.838 00092.287 00079.863 00075.843 00077.880 00079.428 00080.440 00081.462 00082.786 00084.086 00085.359 00086.880 00088.947 00090.327 00090.027 00089.169 00088.348 00088.451 00087.874 00083.661 00078.326 00073.971 00069.642 -0001.000 00045.761 00053.195 00059.052 00062.359 00065.291 00068.077 00069.186 00069.886 00070.664 00071.604 -0001.000 -0001.000 -0001.000 -0001.000 -0001.000 -0001.000 -0001.000 -0001.000
00043.800 00044.757 00045.615 00046.299 00046.927 00047.823 00048.694 00049.753 00050.932 00053.064 00065.834 00076.746 00082.217 00086.207 00088.898 00090.770 00092.149 00093.087 00093.818 00094.679 00093.209 00075.044 00074.963 00077.289 00078.790 00079.797 00080.835 00082.100 00082.841 00084.442 00086.898 00088.132 00088.870 00089.270 00088.880 00088.718 00088.909 00088.875 00085.885 00080.636 00076.745 -0001.000 -0001.000 -0001.000 -0001.000 -0001.000 -0001.000 -0001.000 -0001.000 -0001.000 -0001.000 -0001.000 -0001.000 -0001.000 -0001.000 -0001.000 -0001.000 -0001.000 -0001.000 -0001.000
00042.335 00043.224 00043.987 00044.730 00045.467 00046.192 00053.831 00063.229 00070.768 00074.994 00079.187 00082.454 00085.252 00087.213 00088.900 00090.125 00091.262 00091.610 00092.248 00092.985 00093.677 00094.084 00071.520 00074.053 00076.728 00078.032 00078.827 00079.636 00080.249 00081.547 00084.241 00085.716 00086.569 00087.820 00089.504 00089.189 00088.913 00088.467 00087.350 00086.207 00082.704 -0001.000 -0001.000 -0001.000 -0001.000 -0001.000 -0001.000 -0001.000 -0001.000 -0001.000 -0001.000 -0001.000 -0001.000 -0001.000 -0001.000 -0001.000 -0001.000 -0001.000 -0001.000 -0001.000
00049.710 00053.791 00059.881 00064.519 00067.256 00070.028 00072.803 00075.810 00077.821 00080.007 00081.958 00083.567 00085.252 00086.594 00087.888 00088.767 00089.349 00089.875 00090.551 00091.256 00091.935 00092.541 00093.058 00069.814 00072.846 00076.234 00077.298 00078.120 00078.882 00079.525 00080.735 00082.745 00084.618 00086.151 00087.466 00088.714 00088.428 00088.210 00087.811 00086.890 00085.436 -0001.000 -0001.000 -0001.000 -0001.000 -0001.000 -0001.000 -0001.000 -0001.000 -0001.000 -0001.000 -0001.000 -0001.000 -0001.000 -0001.000 -0001.000 -0001.000 -0001.000 -0001.000 -0001.000
00067.584 00068.931 00070.571 00072.283 00073.999 00075.624 00076.756 00077.899 00079.268 00080.503 00081.738 00083.034 00084.242 00085.352 00086.388 00087.279 00087.890 00088.424 00088.944 00089.584 00090.248 00090.869 00091.448 00091.251 00074.301 00075.035 00075.448 00076.353 00077.296 00078.213 00079.021 00080.296 00081.980 00083.818 00085.413 00086.504 00087.046 00087.202 00087.367 00087.947 00086.239 -0001.000 -0001.000 -0001.000 -0001.000 -0001.000 -0001.000 -0001.000 -0001.000 -0001.000 -0001.000 -0001.000 -0001.000 -0001.000 -0001.000 -0001.000 -0001.000 -0001.000 -0001.000 -0001.000
00069.385 00070.885 00072.377 00073.691 00074.854 00076.012 00076.978 00077.904 00078.829 00079.777 00080.715 00081.773 00082.761 00083.732 00084.655 00085.543 00086.406 00087.004 00087.509 00087.989 00088.598 00089.269 00089.785 00089.837 00090.122 00074.350 00074.526 00074.933 00075.923 00076.829 00077.421 00077.655 00078.986 00081.436 00083.609 00084.374 00085.061 00085.666 00086.218 00086.841 -0001.000 -0001.000 -0001.000 -0001.000 -0001.000 -0001.000 -0001.000 -0001.000 -0001.000 -0001.000 -0001.000 -0001.000 -0001.000 -0001.000 -0001.000 -0001.000 -0001.000 -0001.000 -0001.000 -0001.000
00068.791 00070.216 00071.701 00073.067 00074.132 00075.189 00076.234 00076.992 00077.734 00078.502 00079.319 00080.132 00081.085 00082.043 00082.984 00083.864 00084.703 00085.508 00086.090 00086.607 00087.081 00087.593 00088.168 00088.740 00089.160 00083.461 00081.319 00077.122 00074.444 00075.226 00076.053 00076.606 00076.977 00078.365 00080.465 00082.469 00083.111 00083.878 00085.016 -0001.000 -0001.000 -0001.000 -0001.000 -0001.000 -0001.000 -0001.000 -0001.000 -0001.000 -0001.000 -0001.000 -0001.000 -0001.000 -0001.000 -0001.000 -0001.000 -0001.000 -0001.000 -0001.000 -0001.000 -0001.000
00067.978 00068.740 00070.174 00071.603 00072.733 00073.998 00075.020 00075.806 00076.480 00077.142 00077.883 00078.681 00079.471 00080.399 00081.310 00082.198 00083.047 00083.876 00084.657 00085.173 00085.621 00086.060 00086.623 00087.357 00087.913 00085.974 00083.630 00081.016 00075.805 00073.480 00074.231 00074.779 00075.195 00075.869 00077.294 00079.287 00081.201 -0001.000 -0001.000 -0001.000 -0001.000 -0001.000 -0001.000 -0001.000 -0001.000 -0001.000 -0001.000 -0001.000 -0001.000 -0001.000 -0001.000 -0001.000 -0001.000 -0001.000 -0001.000 -0001.000 -0001.000 -0001.000 -0001.000 -0001.000
00066.967 00067.532 00068.334 00069.354 00070.373 00072.282 00074.379 00074.721 00075.163 00075.834 00076.499 00077.232 00077.999 00078.798 00079.712 00080.598 00081.451 00082.213 00082.961 00083.693 00084.263 00084.841 00085.367 00085.807 00086.304 00086.801 00085.395 00082.890 00080.104 00074.092 00072.099 00072.715 00073.565 00074.383 00075.384 -0001.000 -0001.000 -0001.000 -0001.000 -0001.000 -0001.000 -0001.000 -0001.000 -0001.000 -0001.000 -0001.000 -0001.000 -0001.000 -0001.000 -0001.000 -0001.000 -0001.000 -0001.000 -0001.000 -0001.000 -0001.000 -0001.000 -0001.000 -0001.000 -0001.000
00066.108 00066.492 00067.054 00067.972 00068.971 00069.993 00072.079 00073.731 00074.051 00074.570 00075.229 00075.880 00076.615 00077.344 00078.097 00078.945 00079.777 00080.605 00081.404 00082.255 00083.050 00083.542 00083.937 00084.307 00084.700 00085.163 00085.616 00084.444 00081.582 00078.735 00071.924 00071.163 -0001.000 -0001.000 -0001.000 -0001.000 -0001.000 -0001.000 -0001.000 -0001.000 -0001.000 -0001.000 -0001.000 -0001.000 -0001.000 -0001.000 -0001.000 -0001.000 -0001.000 -0001.000 -0001.000 -0001.000 -0001.000 -0001.000 -0001.000 -0001.000 -0001.000 -0001.000 -0001.000 -0001.000
00065.381 00065.552 00066.054 00066.657 00067.632 00068.607 00069.853 00071.815 00073.048 00073.366 00073.917 00074.543 00075.162 00075.890 00076.625 00077.428 00078.333 00079.226 00080.047 00080.741 00081.409 00082.048 00082.500 00082.853 00083.198 00083.562 00083.791 00083.578 00082.921 -0001.000 -0001.000 -0001.000 -0001.000 -0001.000 -0001.000 -0001.000 -0001.000 -0001.000 -0001.000 -0001.000 -0001.000 -0001.000 -0001.000 -0001.000 -0001.000 -0001.000 -0001.000 -0001.000 -0001.000 -0001.000 -0001.000 -0001.000 -0001.000 -0001.000 -0001.000 -0001.000 -0001.000 -0001.000 -0001.000 -0001.000
00064.381 00064.746 00064.969 00065.520 00066.231 00067.181 00068.131 00069.568 00071.434 00072.339 00072.710 00073.354 00074.017 00074.689 00075.448 00076.142 00076.872 00077.648 00078.403 00079.140 00079.780 00080.395 00080.995 00081.431 00081.753 00082.041 00082.336 00082.450 -0001.000 -0001.000 -0001.000 -0001.000 -0001.000 -0001.000 -0001.000 -0001.000 -0001.000 -0001.000 -0001.000 -0001.000 -0001.000 -0001.000 -0001.000 -0001.000 -0001.000 -0001.000 -0001.000 -0001.000 -0001.000 -0001.000 -0001.000 -0001.000 -0001.000 -0001.000 -0001.000 -0001.000 -0001.000 -0001.000 -0001.000 -0001.000
00063.411 00064.231 00064.364 00064.687 00065.228 00066.040 00066.970 00067.900 00069.500 00071.266 00071.859 00072.225 00072.816 00073.346 00073.732 00074.361 00075.188 00076.149 00076.933 00077.604 00078.189 00078.804 00079.372 00079.898 00080.308 00080.666 -0001.000 -0001.000 -0001.000 -0001.000 -0001.000 -0001.000 -0001.000 -0001.000 -0001.000 -0001.000 -0001.000 -0001.000 -0001.000 -0001.000 -0001.000 -0001.000 -0001.000 -0001.000 -0001.000 -0001.000 -0001.000 -0001.000 -0001.000 -0001.000 -0001.000 -0001.000 -0001.000 -0001.000 -0001.000 -0001.000 -0001.000 -0001.000 -0001.000 -0001.000
00061.880 00062.900 00063.603 00063.694 00064.137 00064.680 00065.580 00066.484 00067.406 00069.091 00070.741 00071.084 00071.411 00071.664 00071.904 00072.494 00073.696 00074.800 00075.540 00076.068 00076.598 00077.206 00077.780 00078.349 -0001.000 -0001.000 -0001.000 -0001.000 -0001.000 -0001.000 -0001.000 -0001.000 -0001.000 -0001.000 -0001.000 -0001.000 -0001.000 -0001.000 -0001.000 -0001.000 -0001.000 -0001.000 -0001.000 -0001.000 -0001.000 -0001.000 -0001.000 -0001.000 -0001.000 -0001.000 -0001.000 -0001.000 -0001.000 -0001.000 -0001.000 -0001.000 -0001.000 -0001.000 -0001.000 -0001.000
00060.239 00061.329 00062.422 00062.873 00062.998 00063.535 00064.168 00065.048 00065.928 00067.004 00068.598 00069.900 00070.032 00070.211 00070.741 00071.399 00072.112 00072.824 00073.458 00074.305 00075.063 00075.727 -0001.000 -0001.000 -0001.000 -0001.000 -0001.000 -0001.000 -0001.000 -0001.000 -0001.000 -0001.000 -0001.000 -0001.000 -0001.000 -0001.000 -0001.000 -0001.000 -0001.000 -0001.000 -0001.000 -0001.000 -0001.000 -0001.000 -0001.000 -0001.000 -0001.000 -0001.000 -0001.000 -0001.000 -0001.000 -0001.000 -0001.000 -0001.000 -0001.000 -0001.000 -0001.000 -0001.000 -0001.000 -0001.000
00058.428 00059.862 00060.913 00061.966 00062.113 00062.366 00062.863 00063.468 00064.179 00065.422 00066.800 00068.199 00068.983 00069.005 00069.436 00070.101 00070.811 00071.638 -0001.000 -0001.000 -0001.000 -0001.000 -0001.000 -0001.000 -0001.000 -0001.000 -0001.000 -0001.000 -0001.000 -0001.000 -0001.000 -0001.000 -0001.000 -0001.000 -0001.000 -0001.000 -0001.000 -0001.000 -0001.000 -0001.000 -0001.000 -0001.000 -0001.000 -0001.000 -0001.000 -0001.000 -0001.000 -0001.000 -0001.000 -0001.000 -0001.000 -0001.000 -0001.000 -0001.000 -0001.000 -0001.000 -0001.000 -0001.000 -0001.000 -0001.000
-0001.000 00058.365 00059.479 00060.497 00061.279 00061.382 00061.708 00062.131 00062.542 00063.454 00065.352 00066.480 00067.243 -0001.000 -0001.000 -0001.000 -0001.000 -0001.000 -0001.000 -0001.000 -0001.000 -0001.000 -0001.000 -0001.000 -0001.000 -0001.000 -0001.000 -0001.000 -0001.000 -0001.000 -0001.000 -0001.000 -0001.000 -0001.000 -0001.000 -0001.000 -0001.000 -0001.000 -0001.000 -0001.000 -0001.000 -0001.000 -0001.000 -0001.000 -0001.000 -0001.000 -0001.000 -0001.000 -0001.000 -0001.000 -0001.000 -0001.000 -0001.000 -0001.000 -0001.000 -0001.000 -0001.000 -0001.000 -0001.000 -0001.000
-0001.000 -0001.000 -0001.000 -0001.000 -0001.000 -0001.000 -0001.000 -0001.000 -0001.000 -0001.000 -0001.000 -0001.000 -0001.000 -0001.000 -0001.000 -0001.000 -0001.000 -0001.000 -0001.000 -0001.000 -0001.000 -0001.000 -0001.000 -0001.000 -0001.000 -0001.000 -0001.000 -0001.000 -0001.000 -0001.000 -0001.000 -0001.000 -0001.000 -0001.000 -0001.000 -0001.000 -0001.000 -0001.000 -0001.000 -0001.000 -0001.000 -0001.000 -0001.000 -0001.000 -0001.000 -0001.000 -0001.000 -0001.000 -0001.000 -0001.000 -0001.000 -0001.000 -0001.000 -0001.000 -0001.000 -0001.000 -0001.000 -0001.000 -0001.000 -0001.000
-0001.000 -0001.000 -0001.000 -0001.000 -0001.000 -0001.000 -0001.000 -0001.000 -0001.000 -0001.000 -0001.000 -0001.000 -0001.000 -0001.000 -0001.000 -0001.000 -0001.000 -0001.000 -0001.000 -0001.000 -0001.000 -0001.000 -0001.000 -0001.000 -0001.000 -0001.000 -0001.000 -0001.000 -0001.000 -0001.000 -0001.000 -0001.000 -0001.000 -0001.000 -0001.000 -0001.000 -0001.000 -0001.000 -0001.000 -0001.000 -0001.000 -0001.000 -0001.000 -0001.000 -0001.000 -0001.000 -0001.000 -0001.000 -0001.000 -0001.000 -0001.000 -0001.000 -0001.000 -0001.000 -0001.000 -0001.000 -0001.000 -0001.000 -0001.000 -0001.000
-0001.000 -0001.000 -0001.000 -0001.000 -0001.000 -0001.000 -0001.000 -0001.000 -0001.000 -0001.000 -0001.000 -0001.000 -0001.000 -0001.000 -0001.000 -0001.000 -0001.000 -0001.000 -0001.000 -0001.000 -0001.000 -0001.000 -0001.000 -0001.000 -0001.000 -0001.000 -0001.000 -0001.000 -0001.000 -0001.000 -0001.000 -0001.000 -0001.000 -0001.000 -0001.000 -0001.000 -0001.000 -0001.000 -0001.000 -0001.000 -0001.000 -0001.000 -0001.000 -0001.000 -0001.000 -0001.000 -0001.000 -0001.000 -0001.000 -0001.000 -0001.000 -0001.000 -0001.000 -0001.000 -0001.000 -0001.000 -0001.000 -0001.000 -0001.000 -0001.000
-0001.000 -0001.000 -0001.000 -0001.000 -0001.000 -0001.000 -0001.000 -0001.000 -0001.000 -0001.000 -0001.000 -0001.000 -0001.000 -0001.000 -0001.000 -0001.000 -0001.000 -0001.000 -0001.000 -0001.000 -0001.000 -0001.000 -0001.000 -0001.000 -0001.000 -0001.000 -0001.000 -0001.000 -0001.000 -0001.000 -0001.000 -0001.000 -0001.000 -0001.000 -0001.000 -0001.000 -0001.000 -0001.000 -0001.000 -0001.000 -0001.000 -0001.000 -0001.000 -0001.000 -0001.000 -0001.000 -0001.000 -0001.000 -0001.000 -0001.000 -0001.000 -0001.000 -0001.000 -0001.000 -0001.000 -0001.000 -0001.000 -0001.000 -0001.000 -0001.000
