data/trial3/ashley.toa
NCOLS 382
NROWS 266
XLLCORNER 157819.328125
YLLCORNER 384678.625000
CELLSIZE 30.000000
NODATA_VALUE -1
[rows 78 to 103 of 266, columns 120 to 179 of 382]
-0001.000 -0001.000 -0001.000 -0001.000 -0001.000 -0001.000 -0001.000 -0001.000 -0001.000 -0001.000 -0001.000 -0001.000 -0001.000 -0001.000 -0001.000 -0001.000 -0001.000 -0001.000 -0001.000 -0001.000 -0001.000 -0001.000 -0001.000 -0001.000 -0001.000 -0001.000 -0001.000 -0001.000 -0001.000 -0001.000 -0001.000 -0001.000 -0001.000 00013.540 00013.477 00013.480 00013.491 00013.506 00013.521 00013.535 00013.553 00013.574 00013.595 00013.617 00013.703 00013.835 00014.114 00014.415 00014.971 00015.614 00016.356 00017.122 00017.568 00018.026 00018.642 00019.613 00020.871 00022.403 00024.111 00033.040
00016.712 00016.496 00016.354 -0001.000 00015.215 -0001.000 -0001.000 -0001.000 -0001.000 -0001.000 -0001.000 -0001.000 -0001.000 -0001.000 -0001.000 -0001.000 -0001.000 -0001.000 -0001.000 -0001.000 -0001.000 -0001.000 -0001.000 -0001.000 -0001.000 -0001.000 -0001.000 -0001.000 -0001.000 -0001.000 -0001.000 -0001.000 -0001.000 00013.432 00013.434 00013.443 00013.455 00013.470 00013.484 00013.498 00013.517 00013.538 00013.561 00013.589 00013.667 00013.792 00014.120 00014.472 00015.045 00015.681 00016.195 00016.887 00017.395 00017.936 00018.721 00019.810 00021.149 00022.727 00024.380 00033.138
00016.403 00016.180 00015.979 00015.351 00015.053 00014.957 00014.860 00014.549 00014.150 00013.898 00013.777 00013.703 00013.638 00013.563 00013.532 00013.556 -0001.000 -0001.000 -0001.000 -0001.000 -0001.000 -0001.000 -0001.000 -0001.000 -0001.000 -0001.000 -0001.000 -0001.000 -0001.000 -0001.000 -0001.000 -0001.000 00013.375 00013.384 00013.397 00013.408 00013.420 00013.434 00013.447 00013.462 00013.482 00013.503 00013.525 00013.573 00013.668 00013.925 00014.186 00014.538 00015.019 00015.478 00015.933 00016.633 00017.247 00017.904 00018.704 00019.681 00020.731 00022.126 00022.825 00022.410
00016.085 00015.914 00015.770 00015.289 00015.041 00014.903 00014.704 00014.384 00014.058 00013.822 00013.720 00013.641 00013.568 00013.503 00013.460 00013.408 00013.378 00013.367 00013.357 00013.354 00013.352 00013.350 00013.344 00013.346 -0001.000 -0001.000 00013.315 -0001.000 -0001.000 00013.317 00013.318 00013.336 00013.334 00013.348 00013.361 00013.373 00013.386 00013.399 00013.412 00013.429 00013.448 00013.467 00013.493 00013.556 00013.677 00014.054 00014.242 00014.550 00014.841 00015.257 00015.765 00016.374 00017.062 00017.653 00018.310 00019.043 00020.092 00020.304 00020.252 00020.192
00015.837 00015.700 00015.588 00015.229 00015.038 00014.866 00014.607 00014.315 00013.994 00013.780 00013.681 00013.592 00013.515 00013.449 00013.397 00013.356 00013.329 00013.319 00013.310 00013.308 00013.306 00013.304 00013.299 00013.295 00013.289 00013.279 00013.271 00013.265 00013.270 00013.275 00013.281 00013.288 00013.300 00013.314 00013.327 00013.340 00013.353 00013.366 00013.380 00013.398 00013.416 00013.433 00013.478 00013.539 00013.804 00014.123 00014.297 00014.546 00014.752 00015.058 00015.534 00016.074 00016.746 00017.393 00017.987 00018.181 00018.242 00018.301 00018.339 00018.319
00015.827 00015.619 00015.499 00015.268 00015.042 00014.811 00014.556 00014.250 00013.912 00013.745 00013.641 00013.547 00013.464 00013.399 00013.345 00013.304 00013.280 00013.270 00013.263 00013.262 00013.260 00013.258 00013.254 00013.251 00013.244 00013.236 00013.231 00013.231 00013.236 00013.241 00013.247 00013.255 00013.267 00013.281 00013.295 00013.307 00013.320 00013.334 00013.349 00013.367 00013.385 00013.403 00013.465 00013.559 00013.949 00014.183 00014.362 00014.552 00014.711 00014.855 00015.034 00015.491 00016.069 00016.325 00016.462 00016.536 00016.605 00016.656 00016.639 00016.642
00015.841 00015.642 00015.455 00015.298 00015.105 00014.800 00014.515 00014.200 00013.826 00013.707 00013.600 00013.502 00013.419 00013.350 00013.294 00013.252 00013.231 00013.221 00013.217 00013.215 00013.214 00013.211 00013.209 00013.206 00013.201 00013.197 00013.194 00013.198 00013.201 00013.207 00013.214 00013.221 00013.234 00013.248 00013.262 00013.274 00013.287 00013.300 00013.317 00013.335 00013.353 00013.384 00013.464 00013.687 00014.060 00014.239 00014.425 00014.549 00014.664 00014.773 00014.884 00015.007 00015.283 00015.452 00015.563 00015.667 00015.767 00015.872 00015.814 00015.757
00015.908 00015.739 00015.562 00015.358 00015.173 00014.860 00014.518 00014.157 00013.853 00013.667 00013.558 00013.458 00013.371 00013.300 00013.242 00013.199 00013.182 00013.172 00013.170 00013.168 00013.166 00013.164 00013.162 00013.160 00013.158 00013.156 00013.158 00013.162 00013.167 00013.173 00013.180 00013.188 00013.200 00013.214 00013.227 00013.239 00013.251 00013.265 00013.282 00013.300 00013.318 00013.365 00013.476 00013.846 00014.104 00014.224 00014.350 00014.464 00014.573 00014.676 00014.777 00014.898 00015.046 00015.204 00015.316 00015.417 00015.516 00015.460 00015.397 00015.371
00016.008 00015.836 00015.675 00015.532 00015.263 00014.924 00014.555 00014.176 00013.885 00013.699 00013.512 00013.407 00013.321 00013.248 00013.189 00013.146 00013.133 00013.123 00013.121 00013.120 00013.118 00013.116 00013.114 00013.113 00013.113 00013.112 00013.118 00013.123 00013.130 00013.138 00013.145 00013.154 00013.165 00013.177 00013.189 00013.201 00013.214 00013.229 00013.246 00013.264 00013.296 00013.345 00013.500 00013.844 00014.060 00014.178 00014.292 00014.394 00014.573 00014.645 00014.716 00014.795 00014.886 00014.984 00015.079 00015.173 00015.100 00015.031 00014.987 00015.030
00016.166 00015.961 00015.939 00015.878 00015.469 00015.031 00014.620 00014.210 00013.928 00013.748 00013.556 00013.351 00013.266 00013.192 00013.137 00013.093 00013.082 00013.073 00013.071 00013.069 00013.067 00013.065 00013.063 00013.063 00013.064 00013.067 00013.073 00013.079 00013.089 00013.099 00013.107 00013.116 00013.127 00013.138 00013.150 00013.162 00013.174 00013.192 00013.210 00013.228 00013.273 00013.334 00013.492 00013.854 00014.118 00014.219 00014.297 00014.375 00014.450 00014.523 00014.589 00014.659 00014.734 00014.820 00014.911 00014.805 00014.780 00014.746 00014.800 00014.854
00016.364 00016.245 00016.372 00016.188 00015.651 00015.210 00014.783 00014.376 00013.997 00013.810 00013.620 00013.423 00013.202 00013.131 00013.079 00013.043 00013.028 00013.018 00013.014 00013.010 00013.006 00013.004 00013.001 00013.002 00013.003 00013.009 00013.017 00013.027 00013.040 00013.053 00013.062 00013.073 00013.084 00013.096 00013.108 00013.121 00013.135 00013.154 00013.172 00013.194 00013.239 00013.332 00013.629 00013.931 00014.047 00014.122 00014.193 00014.268 00014.342 00014.411 00014.475 00014.542 00014.617 00014.716 00014.655 00014.640 00014.596 00014.670 00014.728 00014.782
00016.575 00016.512 00016.510 00016.297 00015.831 00015.389 00014.954 00014.540 00014.125 00013.885 00013.695 00013.504 00013.301 00013.060 00013.015 00012.991 00012.971 00012.952 00012.939 00012.934 00012.930 00012.926 00012.924 00012.921 00012.925 00012.929 00012.939 00012.950 00012.966 00012.984 00013.002 00013.015 00013.029 00013.047 00013.062 00013.076 00013.094 00013.114 00013.133 00013.152 00013.175 00013.322 00013.571 00013.764 00013.901 00014.006 00014.086 00014.162 00014.242 00014.317 00014.383 00014.445 00014.521 00014.505 00014.526 00014.498 00014.535 00014.615 00014.679 00014.737
00016.783 00016.780 00016.606 00016.382 00015.976 00015.536 00015.098 00014.675 00014.260 00013.992 00013.805 00013.612 00013.419 00013.218 00012.977 00012.938 00012.907 00012.887 00012.869 00012.855 00012.850 00012.847 00012.844 00012.844 00012.843 00012.847 00012.853 00012.863 00012.874 00012.890 00012.906 00012.926 00012.947 00012.972 00013.000 00013.019 00013.048 00013.071 00013.092 00013.112 00013.131 00013.173 00013.415 00013.620 00013.765 00013.863 00013.953 00014.042 00014.131 00014.218 00014.292 00014.327 00014.343 00014.352 00014.390 00014.385 00014.483 00014.566 00014.634 00014.696
00017.005 00016.934 00016.727 00016.508 00016.146 00015.669 00015.228 00014.795 00014.375 00014.102 00013.936 00013.745 00013.545 00013.379 00013.143 00012.948 00012.908 00012.858 00012.803 00012.779 00012.772 00012.767 00012.765 00012.763 00012.764 00012.765 00012.769 00012.777 00012.786 00012.798 00012.813 00012.828 00012.850 00012.873 00012.901 00012.929 00012.974 00013.014 00013.045 00013.068 00013.094 00013.142 00013.289 00013.512 00013.645 00013.739 00013.818 00013.912 00014.004 00014.081 00014.142 00014.179 00014.208 00014.270 00014.283 00014.332 00014.432 00014.518 00014.589 00014.652
00017.177 00017.123 00017.042 00016.811 00016.345 00015.836 00015.411 00014.992 00014.599 00014.232 00014.087 00013.898 00013.779 00013.740 00013.652 00013.036 00012.912 00012.812 00012.724 00012.702 00012.696 00012.690 00012.685 00012.684 00012.682 00012.683 00012.685 00012.691 00012.699 00012.708 00012.720 00012.736 00012.751 00012.775 00012.801 00012.830 00012.866 00012.917 00012.967 00013.010 00013.054 00013.109 00013.222 00013.434 00013.568 00013.654 00013.717 00013.771 00013.854 00013.949 00014.030 00014.087 00014.128 00014.181 00014.193 00014.275 00014.381 00014.468 00014.543 00014.610
00017.465 00017.403 00017.390 00017.285 00016.728 00016.168 00015.709 00015.294 00014.886 00014.495 00014.237 00014.078 00014.080 00014.154 00013.951 00013.308 00012.916 00012.738 00012.658 00012.633 00012.617 00012.611 00012.607 00012.603 00012.602 00012.601 00012.603 00012.606 00012.612 00012.620 00012.629 00012.642 00012.658 00012.676 00012.701 00012.729 00012.759 00012.808 00012.860 00012.910 00012.974 00013.047 00013.163 00013.366 00013.492 00013.576 00013.637 00013.688 00013.753 00013.840 00013.925 00014.017 00014.094 00014.100 00014.107 00014.217 00014.323 00014.414 00014.496 00014.571
00017.939 00017.844 00017.836 00017.622 00017.111 00016.557 00016.024 00015.602 00015.185 00014.911 00014.645 00014.408 00014.244 00014.001 00013.664 00013.406 00012.943 00012.738 00012.607 00012.563 00012.544 00012.535 00012.528 00012.525 00012.522 00012.521 00012.521 00012.523 00012.527 00012.533 00012.541 00012.550 00012.564 00012.581 00012.602 00012.628 00012.657 00012.697 00012.751 00012.805 00012.866 00012.937 00013.077 00013.276 00013.410 00013.508 00013.569 00013.623 00013.677 00013.749 00013.883 00014.068 00014.003 00014.013 00014.045 00014.159 00014.261 00014.356 00014.448 00014.490
00018.533 00018.390 00018.492 00017.861 00017.374 00016.855 00016.301 00015.867 00015.481 00015.170 00014.772 00014.371 00014.111 00013.794 00013.444 00013.139 00012.906 00012.723 00012.526 00012.480 00012.470 00012.460 00012.454 00012.448 00012.445 00012.442 00012.440 00012.441 00012.443 00012.447 00012.453 00012.462 00012.471 00012.486 00012.503 00012.528 00012.554 00012.582 00012.640 00012.697 00012.758 00012.831 00012.961 00013.184 00013.334 00013.415 00013.485 00013.546 00013.605 00013.747 00013.925 00013.914 00013.903 00013.913 00013.989 00014.102 00014.199 00014.301 00014.376 00014.385
00019.273 00019.095 00018.460 00017.847 00017.331 00016.799 00016.265 00015.810 00015.436 00015.069 00014.773 00014.392 00013.953 00013.582 00013.228 00012.939 00012.763 00012.584 00012.455 00012.418 00012.398 00012.389 00012.382 00012.375 00012.370 00012.366 00012.363 00012.360 00012.361 00012.364 00012.368 00012.374 00012.383 00012.393 00012.409 00012.427 00012.453 00012.479 00012.526 00012.586 00012.649 00012.726 00012.816 00013.071 00013.203 00013.304 00013.386 00013.476 00013.619 00013.790 00013.924 00013.812 00013.809 00013.816 00013.904 00014.058 00014.143 00014.246 00014.262 00014.276
00020.039 00019.102 00018.430 00017.832 00017.312 00016.774 00016.229 00015.781 00015.393 00015.020 00014.669 00014.377 00014.004 00013.368 00013.006 00012.822 00012.641 00012.453 00012.376 00012.357 00012.342 00012.326 00012.311 00012.304 00012.297 00012.291 00012.286 00012.283 00012.280 00012.281 00012.284 00012.288 00012.294 00012.304 00012.314 00012.333 00012.353 00012.379 00012.411 00012.475 00012.538 00012.619 00012.700 00012.806 00013.059 00013.195 00013.346 00013.485 00013.647 00013.881 00013.804 00013.694 00013.694 00013.698 00013.807 00013.965 00014.086 00014.125 00014.143 00014.165
00020.164 00019.419 00018.704 00017.937 00017.316 00016.751 00016.198 00015.752 00015.357 00014.971 00014.613 00014.278 00013.958 00013.456 00012.936 00012.737 00012.536 00012.344 00012.322 00012.303 00012.286 00012.270 00012.255 00012.239 00012.224 00012.218 00012.212 00012.207 00012.203 00012.201 00012.201 00012.204 00012.208 00012.214 00012.225 00012.237 00012.258 00012.281 00012.305 00012.363 00012.427 00012.510 00012.594 00012.677 00012.962 00013.200 00013.348 00013.498 00013.716 00013.716 00013.636 00013.555 00013.533 00013.568 00013.691 00013.824 00013.930 00013.961 00013.994 00014.033
00020.062 00019.260 00018.598 00018.011 00017.511 00017.027 00016.408 00015.779 00015.320 00014.926 00014.554 00014.204 00013.807 00013.359 00012.967 00012.770 00012.570 00012.364 00012.280 00012.252 00012.232 00012.216 00012.199 00012.183 00012.167 00012.151 00012.138 00012.133 00012.128 00012.124 00012.122 00012.120 00012.124 00012.128 00012.134 00012.146 00012.161 00012.183 00012.206 00012.248 00012.317 00012.399 00012.483 00012.600 00012.942 00013.205 00013.351 00013.472 00013.525 00013.501 00013.446 00013.402 00013.369 00013.431 00013.547 00013.681 00013.706 00013.731 00013.765 00013.803
00020.120 00019.232 00018.502 00017.926 00017.432 00016.942 00016.425 00015.940 00015.529 00014.973 00014.492 00014.117 00013.642 00013.173 00012.881 00012.687 00012.491 00012.290 00012.233 00012.208 00012.188 00012.166 00012.146 00012.128 00012.112 00012.096 00012.079 00012.063 00012.054 00012.049 00012.044 00012.042 00012.040 00012.043 00012.047 00012.054 00012.068 00012.086 00012.106 00012.128 00012.206 00012.286 00012.371 00012.538 00012.913 00013.212 00013.399 00013.296 00013.328 00013.310 00013.275 00013.239 00013.217 00013.294 00013.394 00013.457 00013.480 00013.506 00013.539 00013.577
00020.190 00019.348 00018.594 00017.954 00017.406 00016.857 00016.345 00015.886 00015.512 00015.122 00014.735 00014.218 00013.587 00012.983 00012.782 00012.593 00012.410 00012.236 00012.199 00012.163 00012.138 00012.118 00012.099 00012.079 00012.059 00012.040 00012.024 00012.008 00011.995 00011.986 00011.981 00011.979 00011.977 00011.976 00011.977 00011.979 00011.984 00011.994 00012.010 00012.030 00012.090 00012.170 00012.286 00012.466 00012.874 00013.226 00013.116 00013.163 00013.134 00013.121 00013.091 00013.065 00013.074 00013.134 00013.205 00013.232 00013.258 00013.295 00013.331 00013.373
00020.275 00019.479 00018.686 00018.038 00017.488 00016.940 00016.340 00015.834 00015.467 00015.087 00014.709 00014.325 00014.079 00013.372 00012.906 00012.721 00012.543 00012.363 00012.219 00012.154 00012.106 00012.080 00012.055 00012.032 00012.012 00011.996 00011.985 00011.974 00011.964 00011.954 00011.944 00011.934 00011.929 00011.927 00011.927 00011.927 00011.929 00011.932 00011.943 00011.955 00011.977 00012.054 00012.199 00012.410 00013.053 00012.979 00012.853 00012.978 00012.876 00012.853 00012.826 00012.798 00012.796 00012.871 00012.933 00012.970 00013.024 00013.090 00013.132 00013.163
00020.392 00019.638 00018.792 00018.134 00017.569 00017.036 00016.447 00015.904 00015.470 00015.054 00014.684 00014.307 00013.883 00013.697 00013.157 00012.852 00012.669 00012.494 00012.308 00012.099 00012.073 00012.049 00012.025 00012.000 00011.986 00011.972 00011.958 00011.946 00011.935 00011.924 00011.914 00011.903 00011.893 00011.882 00011.877 00011.877 00011.877 00011.879 00011.881 00011.891 00011.902 00011.945 00012.065 00012.389 00012.793 00012.644 00012.528 00012.632 00012.555 00012.544 00012.529 00012.498 00012.474 00012.510 00012.541 00012.559 00012.596 00012.707 00012.787 00012.846
