data/trial3/ashley.fml
NCOLS 382
NROWS 266
XLLCORNER 157819.328125
YLLCORNER 384678.625000
CELLSIZE 30.000000
NODATA_VALUE -1
[rows 102 to 135 of 266, columns 154 to 230 of 382]
03.83 03.76 03.66 03.57 03.43 03.20 02.93 02.37 02.18 02.13 02.77 02.81 02.97 02.83 02.91 02.96 02.96 02.95 02.87 02.64 02.58 02.52 02.78 03.32 03.51 03.49 03.44 03.65 03.84 04.67 04.73 04.42 04.31 03.83 04.55 05.15 05.30 05.24 04.36 04.51 04.75 05.63 06.32 06.50 10.68 03.88 03.93 03.92 03.83 04.02 04.20 04.07 03.96 03.76 03.61 03.64 03.61 04.11 04.36 04.50 04.55 04.99 05.44 04.71 04.25 04.16 04.31 04.76 05.15 05.04 03.42 03.15 03.42 00.43 00.39 00.45 -1.00
04.13 03.96 03.79 03.68 03.57 03.42 03.26 02.72 02.21 02.07 02.47 02.71 02.75 02.78 02.96 02.97 02.97 02.94 02.90 02.77 02.65 02.56 02.47 02.45 02.46 02.49 03.26 03.41 03.81 04.15 04.81 04.90 04.42 04.17 03.78 04.90 05.30 05.43 04.44 04.37 04.35 04.75 05.44 06.26 11.07 05.32 04.47 04.01 03.87 03.92 04.04 03.92 03.84 03.66 03.57 03.68 03.98 04.10 04.16 04.32 04.89 04.87 05.99 05.09 04.22 04.11 04.21 04.58 04.68 04.47 03.29 04.41 03.49 00.46 00.35 00.45 00.42
04.55 04.38 04.15 03.89 03.66 03.58 03.43 03.26 02.92 02.19 02.53 02.54 02.58 02.71 02.86 02.97 02.85 02.83 02.87 02.71 02.56 02.47 02.38 02.37 02.42 02.52 02.36 02.96 03.48 04.10 04.60 04.95 04.95 04.28 03.74 04.53 05.18 05.38 04.50 04.27 04.08 04.57 05.59 06.72 06.37 04.20 04.25 03.91 03.95 04.02 03.94 03.82 03.72 03.57 03.59 03.77 03.95 04.00 04.18 04.57 04.52 05.53 06.11 05.60 04.38 04.08 04.28 04.11 04.21 03.75 04.65 04.09 03.52 00.47 00.37 00.46 -1.00
04.92 04.75 04.54 04.29 04.04 03.76 03.63 03.47 03.30 02.98 02.65 02.87 02.92 02.85 02.67 03.50 03.31 03.17 03.03 02.93 02.84 02.78 02.72 02.70 02.68 02.42 02.32 02.21 02.98 03.66 04.43 04.80 05.01 04.97 03.79 03.65 05.12 05.63 04.72 04.54 03.99 04.07 05.11 06.56 10.78 05.64 04.12 03.88 03.92 04.00 04.05 03.96 03.61 03.46 03.74 03.87 03.92 03.96 04.02 04.15 05.17 05.63 05.89 05.54 04.79 03.90 04.12 03.76 03.72 04.15 04.32 03.63 03.32 00.42 00.39 00.45 -1.00
05.49 05.30 05.05 04.81 04.67 04.38 04.09 03.90 03.65 03.36 03.17 03.18 03.12 02.95 02.74 03.28 03.16 03.04 02.92 02.82 02.83 02.81 02.76 02.72 02.66 02.63 02.44 02.15 02.14 03.11 03.88 04.49 04.90 05.23 04.67 03.59 03.64 04.58 05.49 04.59 04.10 03.99 04.00 04.63 06.71 06.19 04.85 03.98 03.91 03.94 03.95 03.84 03.56 03.60 03.87 03.98 04.04 04.04 04.02 04.09 04.20 05.24 05.16 04.71 04.53 03.45 03.50 03.38 03.28 03.72 03.70 03.48 01.95 00.33 00.44 -1.00 -1.00
06.13 06.06 05.94 05.77 05.56 05.26 04.87 04.29 03.62 03.15 03.80 03.32 03.14 03.22 03.20 02.75 03.00 03.02 02.91 02.81 02.89 02.89 02.78 02.66 02.60 02.54 02.46 02.21 02.01 02.09 03.40 04.03 04.75 04.88 04.84 03.66 03.44 03.67 04.97 05.15 04.65 04.20 03.82 03.76 05.85 06.42 05.14 04.33 04.07 03.98 03.93 03.81 03.59 03.62 03.85 03.93 03.93 03.97 03.95 03.88 03.90 04.24 03.99 04.17 03.94 03.67 03.14 02.83 03.09 03.24 03.03 02.00 00.36 00.46 00.46 00.50 -1.00
05.82 05.80 05.75 05.70 05.64 05.53 05.40 05.20 04.86 04.02 03.44 03.80 04.93 04.56 03.99 03.42 03.06 03.22 03.36 01.99 02.22 02.43 02.63 02.71 02.55 02.44 02.35 02.24 02.09 02.03 02.61 03.70 04.17 04.83 04.55 03.95 03.23 03.32 04.01 04.25 04.29 04.29 03.88 03.59 05.24 05.79 05.38 05.01 04.37 04.12 03.94 03.81 03.47 03.04 03.72 03.83 03.81 03.84 03.82 03.71 03.51 03.55 03.51 03.52 03.55 03.39 03.37 02.89 02.95 02.92 02.70 00.51 00.50 00.40 00.44 00.48 -1.00
05.44 05.45 05.43 05.36 05.28 05.18 04.96 04.47 04.26 03.57 03.78 05.68 05.61 05.46 04.97 04.50 04.05 03.28 01.88 01.93 02.14 02.46 02.54 02.44 02.41 02.47 02.63 02.14 02.06 01.96 02.10 03.39 04.11 04.56 04.03 04.23 03.82 03.24 03.75 03.89 04.03 04.14 03.96 03.53 04.77 05.27 05.47 05.28 04.76 04.14 03.97 03.66 03.46 04.06 03.99 03.83 03.75 03.71 03.64 03.60 03.43 03.46 03.39 03.34 03.40 03.38 03.43 03.40 02.87 02.65 02.51 02.31 00.58 00.51 00.39 00.45 00.43
04.91 04.74 04.55 04.81 04.64 04.43 04.15 04.01 03.82 03.54 04.32 05.43 05.38 05.23 04.90 04.42 03.62 01.96 01.81 01.87 01.97 02.09 02.18 02.84 03.07 03.42 02.97 02.85 02.06 02.11 02.04 02.30 03.61 04.11 04.95 04.74 03.82 03.48 03.79 04.08 04.31 04.12 03.68 03.33 04.87 05.04 05.14 05.07 04.89 04.35 03.87 03.49 04.01 03.94 03.88 03.85 03.82 03.79 03.61 03.54 03.43 03.40 03.35 03.31 03.28 03.37 03.35 03.32 02.87 02.51 02.49 03.03 01.59 00.53 00.35 00.40 00.47
03.94 03.62 03.26 02.85 02.67 02.67 03.12 03.40 03.60 03.51 05.22 05.09 04.87 04.70 04.42 03.76 03.28 01.71 01.73 01.81 01.91 02.01 02.16 02.41 02.45 02.91 02.89 02.75 02.44 02.06 02.08 02.05 03.76 04.05 04.72 05.07 04.39 03.78 03.91 04.18 04.47 04.35 03.52 04.14 04.68 04.45 04.21 04.44 04.52 04.16 03.81 03.48 03.78 03.79 03.77 03.80 03.75 03.68 03.63 03.51 03.57 03.59 03.59 03.29 03.25 03.29 03.27 03.16 02.84 02.49 02.41 02.95 02.40 02.91 00.35 00.39 00.47
03.27 03.02 02.37 02.35 02.71 03.80 03.88 03.44 03.49 03.85 03.80 04.24 03.96 03.59 03.26 03.32 04.34 01.64 01.65 01.71 01.82 02.13 02.27 02.13 01.98 02.42 02.49 02.47 02.90 02.30 02.20 02.46 02.98 03.39 03.49 04.81 04.38 03.95 04.80 04.71 04.42 04.49 03.93 03.57 04.03 03.73 03.61 03.32 04.04 04.39 03.74 03.73 03.73 03.73 03.74 03.75 03.70 03.65 03.61 03.40 03.55 03.63 03.60 03.50 03.32 03.20 03.11 02.94 02.81 02.44 02.15 02.34 02.76 00.36 00.35 00.47 00.47
02.82 04.75 05.13 05.42 05.32 04.85 04.10 03.50 03.38 03.73 04.01 03.68 03.30 02.99 02.77 02.95 03.46 02.08 01.56 01.59 02.07 02.32 02.35 02.14 01.91 01.85 01.82 02.13 02.35 02.44 02.18 03.11 03.26 03.19 03.22 03.51 04.22 04.39 04.62 04.76 04.43 04.50 04.24 03.75 03.34 03.29 03.44 03.46 03.46 04.34 03.64 03.62 03.64 03.85 03.70 03.71 03.65 03.59 03.69 04.24 04.42 03.53 03.58 03.56 03.51 03.38 02.96 02.76 02.83 02.39 01.23 00.48 00.35 00.34 00.47 00.48 -1.00
03.66 04.11 04.42 04.59 04.58 04.22 03.80 03.47 03.14 03.11 02.90 02.96 02.81 02.81 02.89 03.02 03.09 03.26 01.46 01.48 02.13 02.41 02.27 02.10 01.90 01.56 01.41 01.82 01.80 02.22 02.12 03.44 03.43 03.30 03.01 02.95 03.68 04.52 04.60 04.64 04.33 04.44 04.28 03.80 03.47 02.91 03.13 03.31 03.32 05.23 05.50 05.64 05.77 05.77 05.89 05.85 05.64 04.59 05.42 05.71 06.46 04.07 03.46 03.49 03.43 03.21 02.79 02.77 02.82 02.24 00.46 00.32 00.41 00.48 00.50 -1.00 -1.00
04.19 04.05 03.91 03.78 03.55 03.28 02.82 02.46 02.50 02.89 02.78 02.63 02.45 02.64 03.01 03.07 03.08 03.05 01.98 01.49 01.64 02.25 02.38 02.18 01.89 01.47 01.35 01.50 01.86 02.06 02.06 02.09 02.63 03.02 02.46 02.82 02.94 03.69 04.12 04.33 04.04 03.99 04.07 03.80 03.31 02.88 02.94 03.21 03.42 05.19 05.64 05.86 05.94 05.40 05.33 05.45 05.27 03.82 05.36 06.27 05.25 04.43 03.94 03.34 02.97 02.93 02.64 02.62 02.38 02.03 00.46 00.36 00.49 -1.00 -1.00 -1.00 -1.00
03.89 03.72 03.52 03.30 03.05 02.56 02.23 02.59 02.59 02.59 02.50 02.34 02.16 02.85 03.24 03.21 03.03 03.02 03.04 02.60 01.62 01.97 02.32 01.99 01.74 01.46 01.31 01.31 01.90 02.01 02.01 02.08 02.28 02.16 02.13 02.62 02.02 03.25 03.70 03.84 03.70 03.71 03.57 03.31 03.06 02.91 02.93 03.16 03.28 03.31 05.25 05.44 05.15 05.04 04.91 04.82 04.83 05.48 05.70 04.93 04.02 03.62 03.40 03.53 03.26 02.57 02.49 02.57 00.93 00.44 00.35 00.42 00.53 00.53 -1.00 -1.00 -1.00
03.59 03.38 03.17 02.97 02.68 02.33 02.50 02.72 02.80 02.66 02.54 02.51 02.49 02.52 02.69 02.69 03.28 03.38 03.25 03.03 01.63 01.85 01.88 01.83 01.00 01.39 01.28 01.29 01.94 02.03 02.02 02.06 02.17 02.00 02.06 02.27 01.99 02.16 03.43 03.42 03.48 03.42 03.38 03.22 02.87 02.95 02.98 03.09 03.16 03.15 04.81 04.86 04.76 04.57 04.33 04.15 05.63 05.18 04.36 03.44 03.14 03.02 02.89 02.94 02.52 01.93 02.31 00.47 00.34 00.37 00.44 00.53 00.58 00.56 -1.00 -1.00 -1.00
03.76 03.60 03.44 03.27 03.08 02.97 02.50 02.59 02.93 03.19 03.11 03.05 03.10 03.01 02.95 03.18 03.41 03.34 03.28 02.93 01.59 01.78 01.55 00.85 00.72 01.40 01.26 01.28 01.93 02.02 02.03 02.05 02.05 01.96 02.00 02.01 01.99 02.01 03.18 03.28 03.25 03.25 03.16 03.11 02.94 03.01 02.99 03.01 03.03 03.58 04.50 04.44 04.33 04.07 03.90 04.04 04.10 04.40 03.26 02.96 02.59 02.54 02.61 02.50 02.42 00.46 00.37 00.36 00.41 00.48 00.56 00.59 00.55 -1.00 -1.00 -1.00 -1.00
04.09 03.96 03.93 03.83 03.57 03.29 03.07 02.97 03.44 05.58 05.37 05.23 05.28 05.00 04.77 04.13 03.69 03.28 03.24 02.74 01.57 01.52 00.77 01.06 01.33 01.37 01.27 01.27 01.92 02.01 02.02 02.04 02.05 01.97 02.00 02.01 01.99 02.00 03.08 03.18 03.11 03.14 03.06 03.04 03.01 02.99 02.97 02.95 02.84 03.90 04.06 04.00 03.77 03.65 03.66 03.63 03.68 03.25 03.61 03.59 02.95 02.41 01.99 01.35 01.01 00.39 00.37 00.44 00.52 00.59 00.61 00.53 -1.00 -1.00 -1.00 -1.00 -1.00
04.58 04.57 04.49 05.05 05.35 05.06 04.82 04.25 04.13 05.79 05.75 05.75 05.68 05.57 05.37 04.89 03.85 03.22 03.18 02.71 01.54 01.45 00.92 01.05 01.13 01.32 01.24 01.24 01.96 02.02 02.03 02.04 02.05 01.98 01.99 02.00 01.99 02.01 03.01 03.09 03.05 03.03 03.01 02.97 02.97 02.95 02.92 02.79 02.65 03.60 03.56 03.48 03.45 03.39 03.36 03.36 03.25 03.52 03.21 03.30 03.15 03.10 02.88 02.52 00.57 00.40 00.41 00.57 00.61 00.57 00.54 -1.00 -1.00 -1.00 -1.00 -1.00 -1.00
04.88 04.88 05.45 06.00 05.96 05.91 05.73 05.49 05.34 05.35 05.29 05.21 05.12 05.00 04.80 04.57 04.13 03.41 03.01 02.93 02.73 01.53 01.49 01.45 01.42 01.30 01.21 01.22 02.00 02.03 02.04 02.04 02.06 01.99 02.00 02.01 02.00 02.01 02.96 03.01 03.00 02.97 02.96 02.93 02.92 02.91 02.77 02.54 03.19 03.22 03.20 03.19 03.17 03.11 03.09 03.15 03.13 03.06 03.45 03.39 03.08 03.05 03.04 02.71 00.61 00.42 00.42 00.54 00.54 -1.00 -1.00 -1.00 -1.00 -1.00 -1.00 -1.00 -1.00
04.78 04.74 04.75 05.29 05.52 05.47 05.39 05.27 05.11 04.95 04.80 04.65 04.51 04.36 04.13 03.81 03.34 02.96 02.75 02.83 02.79 02.71 02.49 02.29 02.35 02.22 01.63 02.26 02.09 02.07 02.05 02.06 01.99 02.00 02.02 02.02 02.01 02.42 02.93 02.96 02.95 02.92 02.91 02.89 02.88 02.78 02.39 02.63 02.98 02.85 02.89 02.92 02.87 02.89 02.93 02.97 03.04 03.11 03.30 03.02 02.97 03.02 03.13 03.13 00.63 00.43 00.43 00.48 00.55 -1.00 -1.00 -1.00 -1.00 -1.00 -1.00 -1.00 -1.00
04.66 04.60 04.53 04.58 04.91 05.01 04.91 04.79 04.63 04.49 04.32 04.12 03.87 03.69 03.53 03.18 02.85 02.51 02.56 02.70 02.72 02.65 02.59 03.02 02.93 02.71 02.44 02.26 02.19 02.09 02.09 02.09 02.02 02.02 02.03 02.03 02.02 02.67 02.90 02.92 02.89 02.87 02.87 02.85 02.83 02.37 03.12 03.09 02.86 02.66 02.68 02.71 02.75 02.78 02.79 02.82 02.96 03.05 03.19 02.88 02.88 03.00 03.14 02.72 00.65 00.48 00.39 00.46 00.55 -1.00 -1.00 -1.00 -1.00 -1.00 00.51 01.29 01.94
04.45 04.39 04.31 04.24 04.18 04.28 04.29 04.22 04.18 04.06 03.87 03.73 03.56 03.39 03.18 02.96 02.58 02.76 02.43 02.25 02.37 02.61 03.03 03.00 02.90 02.71 02.59 02.43 02.26 02.16 02.16 02.12 02.04 02.04 02.05 02.04 02.04 02.74 02.87 02.86 02.83 02.83 02.80 02.78 02.54 03.62 02.99 02.63 02.71 02.47 02.51 02.57 02.62 02.66 02.66 02.70 02.86 02.96 02.72 02.76 02.72 03.58 04.34 03.70 00.63 00.52 00.44 00.47 00.54 00.58 -1.00 00.38 00.97 01.71 02.03 02.13 02.03
04.24 04.17 04.08 03.99 03.88 03.77 03.70 03.66 03.68 03.65 03.59 03.50 03.34 03.10 02.88 02.71 02.48 02.53 02.29 02.38 02.31 02.30 02.52 03.05 02.96 02.79 02.69 02.51 02.36 02.25 02.21 02.10 02.08 02.07 02.06 02.06 02.05 02.78 02.82 02.80 02.76 02.73 02.72 02.71 02.57 04.09 03.98 03.50 04.18 02.37 02.40 02.50 02.52 02.56 02.60 02.64 02.56 02.58 03.84 04.09 03.97 03.97 04.18 03.76 00.62 00.60 00.47 00.48 00.52 00.42 01.26 01.76 01.89 02.02 02.13 02.12 02.18
04.04 03.96 03.87 03.79 03.72 03.66 03.59 03.52 03.46 03.36 03.24 03.12 03.01 02.89 02.75 02.61 02.39 02.34 02.18 02.51 02.07 02.10 02.25 02.52 02.89 02.81 02.65 02.47 02.46 02.40 02.29 02.13 02.11 02.09 02.09 02.09 02.43 02.74 02.77 02.72 02.66 02.65 02.64 02.64 02.62 04.15 03.91 04.09 04.14 04.27 03.59 02.78 03.43 03.83 04.20 04.55 04.18 04.57 04.50 04.42 03.90 03.85 04.02 03.07 00.71 00.58 00.47 00.42 00.33 00.91 01.55 01.74 01.84 01.98 02.09 02.23 02.10
03.85 03.80 03.74 03.68 03.61 03.55 03.49 03.41 03.31 03.21 03.12 03.02 02.92 02.81 02.65 02.53 02.41 02.42 02.28 01.97 02.38 01.85 02.17 02.22 02.36 02.43 02.52 02.50 02.50 02.52 02.23 02.15 02.17 02.13 02.13 02.12 02.54 02.70 02.68 02.63 02.58 02.58 02.54 02.55 02.61 04.47 04.17 04.13 04.04 03.99 04.04 03.96 03.49 03.91 04.53 04.69 04.56 04.35 04.32 04.18 03.83 03.75 03.99 00.68 00.73 00.62 00.71 01.63 01.97 01.93 01.92 01.90 01.81 01.77 01.91 02.00 02.05
03.74 03.68 03.64 03.58 03.51 03.44 03.37 03.29 03.20 03.12 03.03 02.94 02.90 02.77 02.63 02.51 02.44 02.46 02.45 02.04 03.18 03.25 01.85 01.82 02.36 02.47 02.53 02.59 02.52 02.45 01.96 02.25 02.29 02.18 02.16 02.21 02.55 02.58 02.57 02.52 02.51 02.50 02.47 02.55 03.14 04.15 04.51 04.01 04.02 04.07 04.09 04.17 03.94 04.22 05.89 04.45 04.24 04.31 03.99 03.85 03.65 03.67 03.75 00.73 00.81 00.71 02.67 02.85 02.74 02.17 02.12 02.00 01.79 01.77 01.62 01.78 01.91
03.64 03.59 03.53 03.48 03.42 03.36 03.29 03.22 03.09 03.00 02.94 02.90 02.82 02.70 02.59 02.50 02.47 02.47 02.38 02.16 03.07 03.27 03.23 02.80 01.86 01.85 02.53 02.56 02.56 02.49 02.43 02.46 02.31 02.22 02.20 02.43 02.47 02.50 02.51 02.45 02.44 02.43 02.43 02.46 03.54 03.95 04.19 04.30 04.04 03.99 04.02 04.23 04.56 05.31 04.66 04.08 04.40 03.73 03.69 03.55 03.50 03.52 03.54 00.78 00.84 01.03 01.90 02.91 03.20 03.28 02.87 02.80 02.66 02.12 01.82 01.52 01.59
03.56 03.52 03.46 03.41 03.35 03.25 02.94 02.51 02.40 02.54 02.63 02.86 02.78 02.65 02.54 02.49 02.49 02.47 02.39 02.30 02.93 03.02 02.97 02.93 03.64 02.26 02.08 02.48 03.29 02.86 02.72 02.76 02.36 02.29 02.31 02.36 02.40 02.43 02.39 02.39 02.38 02.35 02.36 03.12 03.52 03.67 03.68 04.27 03.92 03.95 04.03 04.30 04.71 04.38 03.99 03.89 03.60 03.18 03.43 03.39 03.41 03.47 03.24 00.75 00.79 03.67 03.47 03.12 02.97 02.91 03.23 03.32 02.91 02.21 02.29 01.85 01.61
03.46 03.42 03.39 03.27 03.08 02.77 02.49 02.18 02.69 02.71 02.68 02.59 02.55 02.68 02.52 02.57 02.52 02.48 02.40 02.43 02.44 02.67 02.74 03.37 02.31 02.09 02.34 04.11 03.63 03.18 03.24 02.55 02.43 02.19 02.25 02.29 02.31 02.33 02.35 02.31 02.29 02.30 02.91 03.34 03.46 03.64 03.70 03.84 03.88 03.94 03.90 04.05 03.78 03.52 03.36 03.31 03.13 03.09 03.22 03.39 03.45 03.34 03.29 00.76 00.68 01.97 02.45 02.54 02.50 02.56 02.67 02.52 02.32 02.58 02.40 02.06 01.78
03.39 03.34 03.21 03.07 02.88 02.61 02.29 02.05 02.64 01.77 01.77 02.75 02.75 02.64 02.73 02.52 02.57 02.49 02.10 02.18 02.42 02.53 02.86 03.22 02.12 02.03 04.60 04.46 04.21 03.33 02.79 02.62 02.05 02.12 02.14 02.19 02.24 02.25 02.26 02.25 02.26 02.87 03.25 03.37 03.40 03.48 03.56 03.51 03.76 03.74 03.69 03.17 03.05 02.99 02.97 02.85 02.89 02.94 03.28 03.40 03.41 03.28 03.19 00.73 00.55 00.65 01.58 02.10 01.98 02.04 02.10 02.41 02.76 02.95 03.00 02.60 01.75
03.25 03.16 03.06 02.92 02.67 02.46 02.17 02.35 02.47 02.48 02.20 01.79 01.78 02.66 02.61 02.68 02.65 01.99 02.01 02.10 02.31 02.38 03.11 03.11 04.61 02.07 01.94 03.35 03.18 02.96 01.88 01.92 01.98 02.03 02.08 02.13 02.18 02.21 02.22 02.23 02.90 03.15 03.22 03.25 03.29 03.31 03.34 03.40 03.56 03.43 02.22 02.75 02.78 02.62 02.62 02.67 02.70 02.85 03.09 03.37 03.29 02.73 02.88 00.70 00.52 00.43 01.52 01.80 01.95 01.92 02.25 02.64 03.04 03.31 03.39 02.98 02.55
03.20 03.07 02.93 02.76 02.60 02.40 02.07 02.48 02.36 02.61 03.99 04.25 02.34 01.79 01.74 01.79 01.85 01.90 01.98 02.19 02.40 03.81 04.36 04.78 04.87 02.70 02.03 01.84 01.74 01.71 01.80 01.87 01.92 01.97 02.02 02.09 02.12 02.17 02.21 02.90 03.01 03.07 03.08 03.08 03.09 03.14 03.20 03.29 03.40 03.10 02.76 02.37 02.47 02.51 02.54 02.60 02.69 02.84 02.93 03.04 03.02 02.61 02.63 00.65 00.46 00.38 01.26 01.33 01.34 02.16 02.73 03.01 03.25 03.49 03.73 03.14 03.14
03.07 02.94 02.81 02.71 02.53 02.33 02.22 02.35 02.26 02.62 02.67 03.10 04.38 01.91 01.75 01.76 01.86 01.90 02.07 02.13 03.17 03.74 04.32 04.36 04.13 04.26 02.12 01.95 01.76 01.73 01.78 01.83 01.89 01.95 01.98 02.03 02.08 02.63 02.81 02.90 02.93 02.90 02.92 02.94 02.96 03.03 02.97 03.37 03.52 03.35 04.24 03.49 02.24 02.59 02.50 02.48 02.52 02.64 02.80 02.86 02.40 02.34 02.51 00.57 00.44 00.42 00.50 00.30 01.95 02.57 02.95 03.17 03.28 03.47 03.61 03.10 03.13
