data/trial3/ashley.fli
NCOLS 382
NROWS 266
XLLCORNER 157819.328125
YLLCORNER 384678.625000
CELLSIZE 30.000000
NODATA_VALUE -1
[rows 78 to 103 of 266, columns 60 to 119 of 382]
-0001.000 -0001.000 -0001.000 -0001.000 -0001.000 -0001.000 -0001.000 -0001.000 -0001.000 -0001.000 -0001.000 -0001.000 -0001.000 -0001.000 -0001.000 -0001.000 -0001.000 -0001.000 -0001.000 -0001.000 -0001.000 -0001.000 -0001.000 -0001.000 -0001.000 -0001.000 -0001.000 -0001.000 -0001.000 -0001.000 00014.913 00017.005 00002.312 00015.853 00006.853 00016.157 00017.489 00013.559 00006.961 00003.129 00011.729 00005.511 00011.755 00007.235 00001.848 00005.786 -0001.000 -0001.000 -0001.000 -0001.000 -0001.000 -0001.000 -0001.000 -0001.000 -0001.000 -0001.000 -0001.000 -0001.000 -0001.000 -0001.000
-0001.000 -0001.000 -0001.000 -0001.000 -0001.000 -0001.000 -0001.000 -0001.000 -0001.000 -0001.000 -0001.000 -0001.000 -0001.000 -0001.000 -0001.000 -0001.000 -0001.000 -0001.000 -0001.000 -0001.000 -0001.000 -0001.000 -0001.000 -0001.000 -0001.000 -0001.000 -0001.000 -0001.000 -0001.000 -0001.000 00015.711 00011.188 00008.042 00016.356 00016.373 00017.397 00014.350 00013.592 00013.419 00012.461 00012.239 00011.915 00011.400 00010.957 00013.563 00010.006 00012.579 00004.367 00016.669 00006.040 00000.388 00011.339 00014.904 00047.887 00028.663 00012.502 00052.147 00012.158 00001.816 00020.339
-0001.000 -0001.000 -0001.000 -0001.000 -0001.000 -0001.000 -0001.000 -0001.000 -0001.000 -0001.000 -0001.000 -0001.000 -0001.000 -0001.000 -0001.000 -0001.000 -0001.000 -0001.000 -0001.000 -0001.000 -0001.000 -0001.000 -0001.000 -0001.000 -0001.000 -0001.000 -0001.000 -0001.000 -0001.000 00014.997 00015.506 00015.401 00015.770 00017.264 00018.115 00018.549 00014.875 00014.389 00013.938 00013.197 00013.181 00011.903 00011.212 00012.104 00012.295 00012.387 00011.793 00010.491 00008.319 00004.332 00009.869 00046.464 00032.864 00043.129 00026.314 00037.661 00034.061 00023.493 00039.887 00038.568
-0001.000 -0001.000 -0001.000 -0001.000 -0001.000 -0001.000 -0001.000 -0001.000 -0001.000 -0001.000 -0001.000 -0001.000 -0001.000 -0001.000 -0001.000 -0001.000 -0001.000 -0001.000 -0001.000 -0001.000 -0001.000 -0001.000 -0001.000 -0001.000 -0001.000 -0001.000 -0001.000 00015.562 00016.197 00018.341 00017.446 00015.935 00015.758 00018.318 00019.063 00015.630 00015.360 00015.128 00014.231 00013.825 00013.958 00012.226 00011.637 00011.868 00011.218 00012.378 00011.367 00009.370 00005.991 00006.449 00016.129 00041.777 00045.586 00035.094 00023.860 00031.098 00029.870 00034.049 00034.150 00036.046
-0001.000 -0001.000 -0001.000 -0001.000 -0001.000 -0001.000 -0001.000 -0001.000 -0001.000 -0001.000 -0001.000 -0001.000 -0001.000 -0001.000 -0001.000 -0001.000 -0001.000 -0001.000 -0001.000 -0001.000 -0001.000 -0001.000 -0001.000 -0001.000 -0001.000 00015.553 00015.914 00018.423 00018.666 00015.831 00016.212 00015.515 00016.890 00019.284 00020.030 00016.229 00016.157 00016.122 00014.583 00014.335 00014.623 00012.884 00012.261 00011.546 00010.765 00012.558 00012.166 00006.275 00004.580 00008.931 00032.087 00039.103 00047.426 00042.456 00026.069 00025.232 00029.986 00032.423 00030.016 00032.631
-0001.000 -0001.000 -0001.000 -0001.000 -0001.000 -0001.000 -0001.000 -0001.000 -0001.000 -0001.000 -0001.000 -0001.000 -0001.000 -0001.000 -0001.000 -0001.000 -0001.000 -0001.000 -0001.000 -0001.000 -0001.000 -0001.000 -0001.000 -0001.000 00015.214 00016.970 00017.854 00017.338 00015.998 00016.288 00015.798 00015.926 00018.418 00020.168 00020.920 00016.766 00016.963 00016.998 00015.025 00014.841 00015.102 00013.451 00012.737 00012.962 00010.913 00009.872 00011.053 00009.502 00006.053 00010.218 00051.567 00050.709 00045.327 00024.448 00022.483 00028.050 00030.564 00031.304 00029.320 00033.131
-0001.000 -0001.000 -0001.000 -0001.000 -0001.000 -0001.000 -0001.000 -0001.000 -0001.000 -0001.000 -0001.000 -0001.000 -0001.000 -0001.000 -0001.000 -0001.000 -0001.000 -0001.000 -0001.000 -0001.000 -0001.000 -0001.000 -0001.000 -0001.000 00015.638 00016.932 00015.878 00016.246 00017.655 00016.529 00016.862 00017.580 00020.693 00020.803 00021.441 00017.298 00017.563 00017.407 00015.987 00015.319 00015.345 00013.625 00013.491 00014.085 00012.474 00012.401 00014.369 00009.574 00007.871 00011.359 00052.696 00060.999 00047.907 00023.957 00033.390 00027.635 00032.987 00033.015 00029.315 00030.126
-0001.000 -0001.000 -0001.000 -0001.000 -0001.000 -0001.000 -0001.000 -0001.000 -0001.000 -0001.000 -0001.000 -0001.000 -0001.000 -0001.000 -0001.000 -0001.000 -0001.000 -0001.000 -0001.000 -0001.000 -0001.000 -0001.000 -0001.000 -0001.000 00015.764 00015.987 00016.634 00016.417 00017.445 00017.248 00017.598 00018.276 00021.173 00021.265 00021.460 00018.352 00018.057 00017.799 00017.295 00015.792 00015.839 00015.617 00014.253 00013.713 00011.676 00015.418 00013.519 00003.816 00008.764 00035.637 00050.536 00058.731 00051.922 00024.399 00033.179 00028.035 00033.225 00033.937 00030.290 00027.152
-0001.000 -0001.000 -0001.000 -0001.000 -0001.000 -0001.000 -0001.000 -0001.000 -0001.000 -0001.000 -0001.000 -0001.000 -0001.000 -0001.000 -0001.000 -0001.000 -0001.000 -0001.000 -0001.000 -0001.000 -0001.000 -0001.000 -0001.000 00015.439 00015.257 00016.456 00017.503 00018.218 00017.608 00017.927 00018.260 00018.918 00021.877 00021.701 00021.490 00019.110 00018.907 00018.245 00018.065 00016.308 00016.477 00016.456 00015.100 00012.685 00013.910 00015.347 00011.091 00005.417 00009.997 00038.530 00048.066 00054.545 00029.316 00023.395 00028.405 00028.883 00033.581 00031.916 00027.740 00025.008
-0001.000 -0001.000 -0001.000 -0001.000 -0001.000 -0001.000 -0001.000 -0001.000 -0001.000 -0001.000 -0001.000 -0001.000 -0001.000 -0001.000 -0001.000 -0001.000 -0001.000 -0001.000 -0001.000 -0001.000 -0001.000 -0001.000 -0001.000 00015.866 00015.276 00017.137 00018.365 00019.442 00018.037 00018.428 00019.038 00019.335 00023.094 00022.246 00022.640 00021.565 00019.929 00018.808 00018.843 00016.799 00016.986 00016.402 00014.567 00012.120 00016.174 00014.979 00010.072 00006.623 00011.220 00040.587 00045.797 00033.520 00028.686 00033.415 00031.477 00029.947 00032.246 00026.466 00024.056 00022.609
-0001.000 -0001.000 -0001.000 -0001.000 -0001.000 -0001.000 -0001.000 -0001.000 -0001.000 -0001.000 -0001.000 -0001.000 -0001.000 -0001.000 -0001.000 -0001.000 -0001.000 -0001.000 -0001.000 -0001.000 -0001.000 -0001.000 -0001.000 00016.311 00015.371 00017.879 00019.139 00020.425 00018.657 00019.699 00020.173 00019.827 00024.413 00024.643 00025.016 00024.891 00021.051 00021.386 00019.955 00018.444 00016.955 00016.267 00016.210 00013.732 00015.937 00015.610 00010.291 00005.722 00011.107 00037.786 00043.021 00023.542 00028.277 00035.960 00031.868 00033.377 00030.631 00028.120 00022.763 00022.259
-0001.000 -0001.000 -0001.000 -0001.000 -0001.000 -0001.000 -0001.000 -0001.000 -0001.000 -0001.000 -0001.000 -0001.000 -0001.000 -0001.000 -0001.000 -0001.000 -0001.000 -0001.000 -0001.000 -0001.000 -0001.000 -0001.000 -0001.000 00016.686 00015.439 00018.628 00019.888 00021.745 00021.578 00021.227 00021.307 00022.081 00026.504 00028.822 00027.536 00029.809 00023.574 00025.304 00022.823 00022.379 00017.098 00019.153 00020.093 00013.003 00016.764 00015.773 00010.930 00005.143 00010.576 00031.211 00038.631 00021.453 00031.955 00034.157 00031.919 00028.769 00027.820 00023.449 00021.154 00020.833
-0001.000 -0001.000 -0001.000 -0001.000 -0001.000 -0001.000 -0001.000 -0001.000 -0001.000 -0001.000 -0001.000 -0001.000 -0001.000 -0001.000 -0001.000 -0001.000 -0001.000 -0001.000 -0001.000 -0001.000 -0001.000 -0001.000 -0001.000 00016.939 00015.482 00019.483 00020.478 00023.533 00024.576 00022.724 00025.340 00025.954 00029.426 00032.740 00031.879 00034.538 00033.786 00031.441 00028.538 00027.645 00021.937 00022.133 00021.646 00019.663 00017.161 00014.894 00013.455 00004.564 00010.170 00026.446 00033.318 00019.965 00029.862 00026.916 00029.914 00024.179 00023.753 00023.147 00023.329 00020.296
-0001.000 -0001.000 -0001.000 -0001.000 -0001.000 -0001.000 -0001.000 -0001.000 -0001.000 -0001.000 -0001.000 -0001.000 -0001.000 -0001.000 -0001.000 -0001.000 -0001.000 -0001.000 -0001.000 -0001.000 -0001.000 -0001.000 -0001.000 00017.184 00015.594 00020.954 00021.529 00025.468 00031.008 00026.013 00028.929 00030.880 00031.157 00032.605 00033.458 00036.632 00037.941 00037.393 00036.770 00029.196 00029.337 00026.402 00027.861 00020.663 00017.338 00014.983 00014.121 00003.123 00008.735 00024.754 00027.658 00018.660 00027.217 00020.829 00023.619 00023.197 00023.327 00023.340 00023.579 00023.924
-0001.000 -0001.000 -0001.000 -0001.000 -0001.000 -0001.000 -0001.000 -0001.000 -0001.000 -0001.000 -0001.000 -0001.000 -0001.000 -0001.000 -0001.000 -0001.000 -0001.000 -0001.000 -0001.000 -0001.000 -0001.000 -0001.000 -0001.000 00017.450 00017.736 00022.485 00027.235 00027.571 00035.750 00038.684 00038.615 00036.187 00034.985 00035.132 00034.247 00033.792 00034.010 00038.088 00035.978 00033.228 00030.778 00029.697 00027.763 00020.124 00017.460 00015.046 00014.553 00002.126 00007.700 00018.132 00025.315 00017.596 00024.947 00019.933 00019.860 00024.141 00022.895 00025.390 00023.857 00027.616
-0001.000 -0001.000 -0001.000 -0001.000 -0001.000 -0001.000 -0001.000 -0001.000 -0001.000 -0001.000 -0001.000 -0001.000 -0001.000 -0001.000 -0001.000 -0001.000 -0001.000 -0001.000 -0001.000 -0001.000 -0001.000 -0001.000 -0001.000 -0001.000 00018.888 00016.712 00032.247 00035.234 00040.045 00043.661 00042.572 00042.274 00042.199 00041.451 00039.041 00030.822 00030.732 00034.482 00029.256 00032.922 00035.780 00035.337 00025.243 00019.708 00017.516 00015.135 00015.269 00009.708 00005.274 00011.612 00022.798 00024.219 00017.575 00018.941 00020.842 00023.939 00026.263 00032.839 00033.348 00034.476
-0001.000 -0001.000 -0001.000 -0001.000 -0001.000 -0001.000 -0001.000 -0001.000 -0001.000 -0001.000 -0001.000 -0001.000 -0001.000 -0001.000 -0001.000 -0001.000 -0001.000 -0001.000 -0001.000 -0001.000 -0001.000 -0001.000 -0001.000 -0001.000 00018.824 00023.612 00023.631 00033.182 00039.907 00044.843 00044.424 00042.798 00040.778 00037.306 00034.369 00034.150 00033.050 00033.077 00027.787 00029.954 00034.500 00021.742 00021.273 00019.291 00022.538 00024.216 00014.147 00014.640 00002.543 00007.447 00015.648 00022.138 00016.333 00024.270 00026.353 00028.524 00027.653 00027.392 00027.535 00028.100
-0001.000 -0001.000 -0001.000 -0001.000 -0001.000 -0001.000 -0001.000 -0001.000 -0001.000 -0001.000 -0001.000 -0001.000 -0001.000 -0001.000 -0001.000 -0001.000 -0001.000 -0001.000 -0001.000 -0001.000 -0001.000 -0001.000 -0001.000 -0001.000 -0001.000 00027.725 00033.952 00030.742 00031.933 00032.972 00033.655 00033.994 00034.429 00031.582 00028.628 00031.995 00031.269 00033.507 00028.274 00030.477 00023.741 00023.269 00020.972 00018.957 00032.911 00031.633 00017.950 00015.626 00010.828 00004.988 00011.849 00019.568 00020.281 00015.920 00016.711 00017.501 00017.739 00020.952 00026.529 00027.379
-0001.000 -0001.000 -0001.000 -0001.000 -0001.000 -0001.000 -0001.000 -0001.000 -0001.000 -0001.000 -0001.000 -0001.000 -0001.000 -0001.000 -0001.000 -0001.000 -0001.000 -0001.000 -0001.000 -0001.000 -0001.000 -0001.000 -0001.000 -0001.000 -0001.000 00029.562 00036.762 00042.036 00037.826 00032.016 00032.678 00031.498 00030.374 00029.332 00028.368 00025.814 00025.277 00029.995 00026.697 00024.623 00022.699 00024.145 00021.357 00019.727 00034.298 00031.343 00026.447 00031.212 00020.833 00012.894 00005.305 00013.537 00017.334 00018.242 00018.466 00018.690 00019.354 00018.573 00017.044 00017.522
-0001.000 -0001.000 -0001.000 -0001.000 -0001.000 -0001.000 -0001.000 -0001.000 -0001.000 -0001.000 -0001.000 -0001.000 -0001.000 -0001.000 -0001.000 -0001.000 -0001.000 -0001.000 -0001.000 -0001.000 -0001.000 -0001.000 -0001.000 -0001.000 -0001.000 -0001.000 00036.157 00042.053 00044.140 00045.440 00046.772 00045.549 00043.130 00040.898 00039.221 00034.042 00023.281 00022.218 00021.785 00022.298 00022.458 00024.892 00022.197 00020.699 00032.578 00034.134 00027.086 00029.044 00028.304 00017.196 00001.880 00006.311 00010.919 00015.018 00016.552 00017.135 00016.566 00017.264 00018.265 00019.351
-0001.000 -0001.000 -0001.000 -0001.000 -0001.000 -0001.000 -0001.000 -0001.000 -0001.000 -0001.000 -0001.000 -0001.000 -0001.000 -0001.000 -0001.000 -0001.000 -0001.000 -0001.000 -0001.000 -0001.000 -0001.000 -0001.000 -0001.000 -0001.000 -0001.000 -0001.000 -0001.000 00040.631 00043.266 00044.773 00042.248 00039.965 00040.042 00040.116 00039.056 00035.239 00031.609 00020.419 00021.047 00020.573 00022.469 00025.669 00023.006 00021.559 00026.006 00022.709 00026.264 00021.917 00035.229 00028.038 00017.951 00010.036 00005.272 00005.408 00006.139 00007.147 00008.242 00012.846 00011.241 00026.249
-0001.000 -0001.000 -0001.000 -0001.000 -0001.000 -0001.000 -0001.000 -0001.000 -0001.000 -0001.000 -0001.000 -0001.000 -0001.000 -0001.000 -0001.000 -0001.000 -0001.000 -0001.000 -0001.000 -0001.000 -0001.000 -0001.000 -0001.000 -0001.000 -0001.000 -0001.000 -0001.000 -0001.000 -0001.000 -0001.000 -0001.000 -0001.000 -0001.000 -0001.000 -0001.000 -0001.000 00023.040 00018.588 00021.936 00022.749 00022.239 00026.662 00023.412 00024.905 00023.136 00020.510 00030.939 00017.900 00017.396 00027.946 00021.119 00019.104 00015.244 00012.598 00011.313 00002.274 00004.575 00004.720 00012.222 00028.633
-0001.000 -0001.000 -0001.000 -0001.000 -0001.000 -0001.000 -0001.000 -0001.000 -0001.000 -0001.000 -0001.000 -0001.000 -0001.000 -0001.000 -0001.000 -0001.000 -0001.000 -0001.000 -0001.000 -0001.000 -0001.000 -0001.000 -0001.000 -0001.000 -0001.000 -0001.000 -0001.000 -0001.000 -0001.000 -0001.000 -0001.000 -0001.000 -0001.000 -0001.000 -0001.000 -0001.000 00021.222 00018.604 00021.322 00023.518 00022.296 00026.001 00025.421 00023.840 00024.494 00024.467 00021.898 00021.967 00019.245 00016.726 00017.035 00022.269 00022.272 00022.116 00021.949 00021.246 00017.610 00004.782 00010.985 00027.025
-0001.000 -0001.000 -0001.000 -0001.000 -0001.000 -0001.000 -0001.000 -0001.000 -0001.000 -0001.000 -0001.000 -0001.000 -0001.000 -0001.000 -0001.000 -0001.000 -0001.000 -0001.000 -0001.000 -0001.000 -0001.000 -0001.000 -0001.000 -0001.000 -0001.000 -0001.000 -0001.000 -0001.000 -0001.000 -0001.000 -0001.000 -0001.000 -0001.000 -0001.000 -0001.000 -0001.000 00020.979 00020.807 00021.896 00023.867 00022.462 00022.947 00025.780 00025.836 00027.287 00025.663 00025.665 00025.117 00023.431 00023.925 00022.791 00017.572 00017.332 00017.331 00020.116 00019.092 00013.308 00004.540 00010.149 00025.717
-0001.000 -0001.000 -0001.000 -0001.000 -0001.000 -0001.000 -0001.000 -0001.000 -0001.000 -0001.000 -0001.000 -0001.000 -0001.000 -0001.000 -0001.000 -0001.000 -0001.000 -0001.000 -0001.000 -0001.000 -0001.000 -0001.000 -0001.000 -0001.000 -0001.000 -0001.000 -0001.000 -0001.000 -0001.000 -0001.000 -0001.000 -0001.000 -0001.000 -0001.000 -0001.000 -0001.000 00021.515 00025.190 00021.699 00025.558 00026.661 00023.286 00027.231 00030.037 00028.469 00029.088 00027.706 00026.996 00027.432 00026.510 00025.081 00025.092 00025.213 00025.278 00021.745 00015.404 00014.519 00002.832 00008.469 00024.691
-0001.000 -0001.000 -0001.000 -0001.000 -0001.000 -0001.000 -0001.000 -0001.000 -0001.000 -0001.000 -0001.000 -0001.000 -0001.000 -0001.000 -0001.000 -0001.000 -0001.000 -0001.000 -0001.000 -0001.000 -0001.000 -0001.000 -0001.000 -0001.000 -0001.000 -0001.000 -0001.000 -0001.000 -0001.000 -0001.000 -0001.000 -0001.000 -0001.000 -0001.000 -0001.000 -0001.000 -0001.000 00026.132 00021.680 00022.499 00026.985 00023.697 00025.943 00031.036 00032.744 00030.142 00030.394 00030.470 00028.308 00028.629 00028.908 00029.009 00026.711 00024.913 00027.423 00015.634 00015.131 00007.591 00007.288 00021.686
