data/trial3/ashley.fml
NCOLS 382
NROWS 266
XLLCORNER 157819.328125
YLLCORNER 384678.625000
CELLSIZE 30.000000
NODATA_VALUE -1
[rows 136 to 169 of 266, columns 154 to 230 of 382]
02.95 02.85 02.74 02.66 02.48 02.07 02.06 02.13 02.29 02.45 02.49 02.69 04.11 02.09 01.80 01.80 01.85 01.92 02.01 02.13 03.27 03.51 03.56 03.28 03.48 03.72 04.14 02.10 01.78 01.75 01.79 01.83 01.89 01.92 02.30 02.50 02.61 02.69 02.75 02.82 02.97 02.76 02.73 02.77 02.78 02.88 03.05 03.24 03.72 03.87 03.76 03.38 02.88 02.61 02.41 02.41 02.48 02.62 02.78 02.34 02.31 02.23 03.10 00.56 00.42 00.43 00.54 00.30 02.37 02.76 03.05 03.29 03.29 03.29 03.18 03.18 03.28
02.83 02.75 02.67 02.09 01.93 01.95 02.01 02.13 02.27 02.32 02.37 02.49 03.74 02.74 01.79 01.82 01.85 02.00 02.43 02.64 02.84 03.09 02.97 03.03 03.20 03.43 04.34 02.12 01.90 01.97 02.04 02.14 02.23 02.33 02.39 02.46 02.52 02.72 02.99 02.97 02.92 02.84 02.56 02.46 02.69 02.88 03.00 03.20 03.53 03.51 03.51 03.08 02.75 02.49 02.44 02.33 02.48 02.64 02.28 02.27 02.52 03.00 02.66 00.54 00.40 00.44 00.54 00.30 02.49 02.89 03.25 03.37 03.30 03.30 03.12 03.10 03.22
01.81 01.84 01.88 01.89 01.91 01.95 01.99 02.03 02.09 02.17 02.68 03.11 02.92 03.03 02.10 02.17 02.24 02.34 02.43 02.50 02.60 02.66 02.76 02.85 03.01 03.22 03.11 03.86 02.06 01.99 02.00 02.06 02.14 02.22 02.51 02.90 02.95 02.91 02.91 02.92 02.93 02.69 02.59 02.44 02.44 02.59 02.74 03.07 03.08 03.37 03.22 03.05 03.17 03.73 02.07 02.34 02.48 02.20 02.21 02.55 02.98 02.97 02.05 00.51 00.37 00.46 00.36 00.30 02.60 02.97 03.38 03.66 03.91 03.31 03.26 03.19 03.01
01.86 01.88 01.89 01.91 01.94 01.97 02.00 02.02 02.05 02.59 02.88 02.99 03.02 02.72 02.57 02.36 02.29 02.26 02.30 02.37 02.45 02.52 02.60 02.65 02.75 02.78 02.88 03.30 02.03 01.92 01.94 02.02 02.44 02.67 02.79 02.87 02.55 02.36 02.54 03.10 03.00 02.74 02.29 02.12 02.31 02.47 02.63 02.78 03.02 03.12 03.01 03.26 03.57 03.64 03.14 02.27 02.13 02.09 02.50 02.83 02.79 02.94 02.97 00.43 00.35 00.47 00.44 00.32 02.48 02.84 03.52 03.93 03.90 03.36 03.26 03.19 02.99
01.88 01.90 01.91 01.93 01.96 01.99 02.01 02.28 02.72 02.84 02.88 02.91 02.92 02.94 02.98 02.78 02.67 02.29 02.20 02.26 02.32 02.38 02.43 02.47 02.55 02.70 02.82 02.84 02.36 01.81 01.90 02.02 02.25 02.06 02.33 02.31 02.22 02.57 02.74 02.96 03.27 03.01 02.49 02.53 02.58 02.54 02.44 02.54 02.67 02.83 03.01 03.24 03.37 03.53 03.57 02.76 02.78 02.79 03.39 03.44 03.21 03.39 03.02 00.54 00.36 00.36 00.35 01.71 02.39 03.12 03.62 03.80 03.89 03.39 03.37 03.31 03.01
01.88 01.90 01.92 01.95 01.98 02.35 02.56 02.71 02.79 02.83 02.84 02.88 02.88 02.90 02.93 02.96 02.99 02.95 03.00 02.58 02.43 02.28 02.31 02.37 02.47 02.45 02.52 02.44 02.44 01.93 01.84 01.91 02.09 02.23 02.21 02.25 02.28 02.31 02.54 02.81 03.29 03.22 02.46 02.47 02.48 02.36 02.17 02.40 02.60 02.78 02.97 03.14 03.56 03.35 03.43 02.70 02.60 03.36 03.54 03.55 03.51 03.47 02.98 01.87 00.46 00.51 00.51 01.16 01.86 02.88 03.44 03.70 03.41 03.66 03.45 03.31 03.19
01.88 02.21 02.41 02.48 02.52 02.56 02.59 02.64 02.67 02.70 02.73 02.77 02.82 02.84 02.87 02.88 02.90 02.91 02.78 02.79 02.77 02.78 02.20 02.41 02.35 02.27 02.30 02.33 02.37 02.37 01.87 01.85 01.90 02.00 02.13 02.21 02.25 02.27 02.34 02.76 03.27 04.13 04.11 03.99 01.91 02.30 02.16 02.21 02.57 02.77 02.85 02.88 03.03 03.11 02.89 02.66 02.71 03.54 03.57 03.52 03.46 03.44 02.95 02.79 03.15 03.40 03.64 01.84 03.15 03.09 03.29 03.52 03.75 03.92 03.65 03.42 03.23
02.33 02.40 02.46 02.51 02.53 02.54 02.56 02.58 02.61 02.62 02.64 02.68 02.72 02.73 02.76 02.79 02.81 02.84 02.84 02.85 02.86 02.73 02.63 02.58 02.28 02.40 02.36 02.32 02.27 02.32 02.17 02.15 01.87 01.93 02.03 02.13 02.20 02.30 02.39 02.69 02.97 03.50 03.46 03.48 02.01 02.18 02.14 02.20 02.27 02.36 02.47 02.58 02.82 02.93 02.60 02.65 02.66 03.43 03.52 03.47 03.41 03.40 03.03 03.04 03.26 03.48 03.46 03.46 03.55 03.00 03.10 03.44 03.76 03.69 03.67 03.49 03.45
02.29 02.34 02.39 02.43 02.47 02.50 02.52 02.53 02.54 02.56 02.58 02.60 02.61 02.64 02.66 02.67 02.69 02.73 02.77 02.77 02.72 02.59 02.57 02.59 02.54 02.57 02.56 02.59 02.58 02.66 02.76 02.55 01.88 01.89 01.93 02.01 02.09 02.20 02.33 02.48 02.83 02.96 03.13 02.87 02.13 02.06 02.11 02.17 02.22 02.25 02.33 02.42 02.55 02.78 03.00 02.60 02.60 03.49 03.58 03.57 03.40 03.42 03.49 03.56 03.68 03.25 03.30 03.29 03.39 03.47 03.37 03.45 03.36 03.36 03.46 03.38 03.56
02.26 02.28 02.30 02.35 02.41 02.44 02.45 02.47 02.48 02.50 02.52 02.53 02.54 02.56 02.58 02.61 02.65 02.65 02.62 02.54 02.54 02.54 02.57 02.58 02.61 02.63 02.65 02.65 02.64 02.58 02.58 02.43 02.42 02.36 01.86 01.93 02.00 02.08 02.19 02.34 02.44 02.44 02.35 02.23 01.84 01.97 02.11 02.15 02.19 02.21 02.26 02.39 02.42 02.42 02.38 02.49 02.69 03.70 03.66 03.59 03.52 03.55 03.58 03.64 03.65 03.12 03.18 03.08 03.18 03.33 03.49 03.47 02.91 02.99 03.21 03.33 03.46
02.25 02.28 02.30 02.32 02.37 02.41 02.43 02.43 02.44 02.46 02.49 02.51 02.52 02.54 02.56 02.58 02.47 02.45 02.49 02.51 02.48 02.50 02.52 02.53 02.55 02.57 02.54 02.57 02.57 02.57 02.56 02.58 02.58 02.45 01.94 01.92 01.83 01.90 01.97 02.00 02.03 02.05 02.08 01.99 01.88 01.82 01.85 01.94 02.01 02.02 02.03 02.05 02.10 02.16 02.28 02.47 03.08 03.70 03.64 03.59 03.63 03.67 03.69 03.66 03.69 03.67 03.10 03.10 03.24 03.41 03.33 03.43 02.68 02.66 02.84 03.12 02.86
02.23 02.24 02.26 02.30 02.35 02.38 02.41 02.42 02.43 02.44 02.46 02.46 02.43 02.37 02.39 02.41 02.43 02.44 02.44 02.44 02.45 02.45 02.46 02.47 02.48 02.49 02.50 02.46 02.50 02.51 02.51 02.40 02.28 02.32 02.32 02.10 01.78 01.74 01.78 01.85 01.91 01.95 02.00 02.03 01.78 01.77 01.75 01.81 01.88 01.91 01.95 02.01 02.12 02.19 02.31 02.46 02.69 02.94 03.79 03.90 04.45 03.71 03.71 03.71 03.70 03.62 03.48 03.13 03.16 03.13 03.18 03.31 02.87 02.38 02.46 02.40 03.01
02.21 02.22 02.24 02.27 02.31 02.34 02.36 02.35 02.31 02.31 02.32 02.32 02.33 02.33 02.34 02.37 02.39 02.41 02.43 02.44 02.43 02.42 02.42 02.43 02.45 02.43 02.46 02.47 02.48 02.42 02.24 02.18 02.21 02.28 02.31 02.29 02.17 01.66 01.67 01.72 01.78 01.84 01.90 01.95 01.85 01.76 01.64 01.69 01.70 01.78 01.84 01.95 02.05 02.14 02.29 02.43 02.57 03.10 03.40 03.82 03.90 03.79 03.59 03.72 03.68 03.67 03.64 03.64 03.12 03.10 03.07 03.04 03.05 02.23 02.42 02.70 02.65
02.14 02.15 02.16 02.16 02.18 02.21 02.24 02.26 02.28 02.30 02.31 02.30 02.31 02.32 02.33 02.32 02.34 02.37 02.39 02.42 02.47 02.46 02.45 02.43 02.46 02.48 02.49 02.48 02.27 02.15 02.15 02.18 02.20 02.22 02.21 02.15 02.11 02.06 01.90 01.65 01.70 01.75 01.78 01.81 02.10 02.21 01.75 01.61 01.64 01.67 01.71 01.77 01.86 02.03 02.02 02.12 02.81 03.10 03.23 03.29 03.40 03.25 03.63 03.50 03.89 03.69 03.66 03.63 03.61 03.06 03.05 03.02 02.30 02.37 02.34 02.82 02.52
02.14 02.14 02.14 02.16 02.17 02.19 02.21 02.24 02.28 02.29 02.28 02.28 02.29 02.29 02.29 02.29 02.29 02.32 02.34 02.37 02.41 02.41 02.43 02.45 02.43 02.45 02.30 02.17 02.16 02.16 02.16 02.17 02.16 02.10 02.06 01.99 01.98 02.27 02.57 02.50 02.04 02.08 02.10 02.17 02.21 02.25 02.31 01.88 01.94 01.93 01.95 01.97 02.08 02.20 02.38 02.58 02.70 02.81 02.88 02.96 03.03 03.22 03.16 03.37 03.81 03.53 03.65 03.57 03.60 03.06 03.03 03.05 03.12 02.89 02.35 02.43 02.48
02.13 02.13 02.14 02.15 02.16 02.17 02.17 02.18 02.21 02.24 02.26 02.27 02.27 02.28 02.28 02.28 02.26 02.25 02.27 02.31 02.34 02.37 02.40 02.40 02.26 02.16 02.16 02.16 02.14 02.12 02.11 02.11 02.10 02.03 01.96 02.24 02.61 02.76 02.86 02.95 03.01 02.66 02.17 02.13 02.12 02.18 02.23 01.95 01.91 01.91 01.96 02.00 02.04 02.08 02.19 02.34 02.46 02.53 02.57 02.61 02.71 02.87 02.97 03.00 03.09 03.26 03.29 03.20 03.64 03.11 03.07 03.10 03.08 03.07 02.71 02.93 03.03
02.11 02.12 02.13 02.14 02.15 02.16 02.17 02.18 02.20 02.23 02.25 02.26 02.26 02.26 02.27 02.27 02.27 02.26 02.26 02.26 02.23 02.18 02.09 02.09 02.10 02.29 02.33 02.20 02.00 02.01 02.03 02.03 02.14 02.10 02.49 02.60 02.69 02.74 02.80 02.84 02.86 02.84 02.72 02.68 02.65 02.11 02.07 02.09 02.04 01.94 01.93 01.98 02.01 02.04 02.08 02.15 02.24 02.32 02.36 02.39 02.44 02.48 02.55 02.66 02.76 02.88 02.89 03.11 03.53 03.47 03.11 03.04 03.09 03.06 03.04 03.02 03.05
02.10 02.11 02.10 02.10 02.12 02.14 02.16 02.17 02.19 02.20 02.21 02.23 02.24 02.25 02.25 02.22 02.15 02.06 02.01 01.98 01.97 01.99 02.01 02.00 02.16 02.31 02.43 02.17 01.84 02.06 02.26 02.78 02.76 02.69 02.57 02.37 02.36 02.48 02.56 02.61 02.60 02.60 02.60 02.61 02.52 02.50 02.50 02.49 02.50 01.86 01.89 01.93 01.98 02.00 02.03 02.05 02.08 02.12 02.16 02.20 02.21 02.22 02.26 02.29 02.43 02.66 02.86 03.24 03.11 03.32 03.24 03.32 02.98 03.14 03.35 03.80 03.23
01.94 01.97 02.00 02.04 02.06 02.08 02.09 02.10 02.12 02.15 02.13 02.08 02.04 02.00 02.00 02.00 01.99 01.98 01.96 01.95 01.94 01.93 01.94 01.93 02.01 02.10 02.57 04.10 02.57 03.36 02.97 03.13 02.65 02.43 02.13 02.12 02.17 02.25 02.30 02.38 02.37 02.37 02.36 02.40 02.44 02.47 02.49 02.46 02.45 02.42 01.86 01.82 01.88 01.93 01.95 01.98 02.00 01.99 01.99 02.00 02.05 02.08 02.09 02.10 02.19 02.33 02.50 02.68 02.86 02.99 03.07 02.73 02.94 03.11 03.48 03.89 03.27
01.86 01.86 01.87 01.87 01.88 01.87 01.87 01.87 01.88 01.91 01.93 01.94 01.94 01.95 01.96 01.97 01.97 01.95 01.95 01.94 01.93 01.93 01.92 01.89 02.02 02.26 03.21 03.43 04.04 04.00 04.01 04.78 04.95 04.97 04.88 02.00 02.08 02.26 02.14 02.11 02.14 02.10 02.20 02.21 02.27 02.22 02.23 02.17 01.98 01.88 01.87 01.59 01.63 01.67 01.83 01.94 01.96 01.97 01.97 01.95 01.96 01.97 01.84 01.86 01.85 01.90 02.04 02.17 02.27 02.37 02.49 02.66 02.92 03.13 03.46 03.20 02.67
01.85 01.84 01.84 01.83 01.82 01.81 01.81 01.80 01.80 01.81 01.82 01.84 01.84 01.86 01.88 01.89 01.91 01.92 01.91 01.90 01.90 01.90 01.92 02.11 02.56 02.82 02.85 02.92 03.14 03.60 03.87 04.14 04.03 04.57 04.48 04.68 03.34 03.58 03.52 03.62 03.28 02.87 03.06 03.30 02.95 02.48 02.01 01.84 01.94 01.85 01.79 01.68 01.64 01.66 01.68 01.73 01.77 01.81 01.81 01.76 01.75 01.77 01.78 01.80 01.81 01.78 01.85 01.98 02.11 02.20 02.26 02.53 02.58 02.61 02.70 02.73 02.85
01.86 01.84 01.83 01.82 01.82 01.82 01.82 01.83 01.83 01.81 01.82 01.83 01.84 01.85 01.85 01.85 01.86 01.87 01.87 02.12 02.35 02.45 02.51 02.55 02.58 02.63 02.68 02.75 02.89 03.06 03.34 03.53 03.36 03.64 03.69 03.41 03.46 03.37 03.23 03.17 03.12 03.11 03.06 02.94 02.34 02.28 02.22 02.25 02.35 02.26 02.32 02.41 02.43 01.58 01.60 01.69 01.77 01.79 01.80 01.80 01.77 01.76 01.75 01.74 01.75 01.77 01.69 01.75 01.91 02.06 02.18 02.28 02.37 02.46 02.50 02.52 02.59
01.92 01.90 01.88 01.84 01.83 01.84 01.85 01.86 01.87 01.87 01.88 01.88 01.88 02.04 02.24 02.33 02.40 02.45 02.49 02.52 02.54 02.56 02.58 02.59 02.61 02.61 02.62 02.64 02.68 02.74 02.84 02.96 02.96 03.03 03.08 03.06 03.04 03.02 02.98 02.91 02.89 02.87 02.51 02.20 02.19 02.22 02.25 02.27 02.38 02.40 02.45 02.40 02.44 02.23 01.53 01.60 01.68 01.72 01.73 01.74 01.74 01.75 01.76 01.74 01.71 01.68 01.63 01.65 01.71 01.80 01.93 02.07 02.18 02.26 02.32 02.39 02.49
02.21 02.26 02.27 02.28 02.29 02.29 02.29 02.31 02.32 02.34 02.35 02.36 02.39 02.42 02.45 02.49 02.52 02.54 02.56 02.57 02.59 02.61 02.62 02.62 02.62 02.63 02.64 02.65 02.65 02.65 02.70 02.73 02.74 02.71 02.74 02.78 02.77 02.76 02.68 02.62 02.46 02.10 02.08 02.10 02.20 02.25 02.29 02.37 02.38 02.48 02.51 02.49 02.48 02.49 01.88 01.26 01.52 01.62 01.67 01.71 01.74 01.73 01.65 01.59 01.53 01.47 01.39 01.42 01.61 01.70 01.77 01.89 02.02 02.11 02.16 02.18 02.21
02.13 02.17 02.22 02.26 02.29 02.30 02.29 02.30 02.32 02.34 02.36 02.37 02.39 02.42 02.44 02.47 02.49 02.52 02.54 02.57 02.59 02.60 02.62 02.64 02.66 02.68 02.68 02.69 02.70 02.70 02.68 02.69 02.69 02.68 02.64 02.61 02.74 02.87 02.36 02.08 01.92 01.95 02.06 02.16 02.25 02.30 02.32 02.35 02.36 02.42 02.44 02.41 02.40 01.92 01.71 01.69 01.21 01.23 01.27 01.30 01.37 01.44 01.49 01.49 01.46 01.41 01.36 01.24 01.26 01.30 01.33 01.54 01.70 01.88 01.84 01.63 01.55
02.08 02.11 02.13 02.21 02.28 02.28 02.28 02.28 02.30 02.32 02.34 02.34 02.36 02.37 02.39 02.42 02.45 02.48 02.50 02.51 02.53 02.55 02.56 02.59 02.62 02.65 02.68 02.71 02.75 02.75 02.74 02.75 02.77 02.78 02.79 02.81 02.50 02.75 03.23 02.63 02.18 01.88 01.96 02.07 02.16 02.20 02.23 02.25 02.28 02.29 02.31 02.04 01.66 01.61 01.56 01.44 01.29 01.15 01.21 01.26 01.30 01.35 01.39 01.40 01.36 01.33 01.30 01.29 01.13 01.21 01.26 01.32 01.38 01.40 01.42 01.44 01.45
02.09 02.09 02.11 02.15 02.20 02.25 02.26 02.27 02.28 02.29 02.30 02.31 02.33 02.34 02.35 02.36 02.39 02.43 02.46 02.47 02.49 02.50 02.52 02.53 02.55 02.58 02.61 02.64 02.67 02.68 02.72 02.74 02.75 02.75 02.49 02.35 02.41 02.76 03.23 03.28 02.39 01.78 01.83 01.92 02.03 02.09 02.14 02.17 02.18 01.98 01.60 01.58 01.58 01.51 01.44 01.35 01.22 01.15 01.21 01.23 01.23 01.25 01.29 01.35 01.33 01.30 01.26 01.20 01.14 01.19 01.25 01.20 01.26 01.30 01.33 01.33 01.32
02.10 02.11 02.10 02.11 02.14 02.20 02.24 02.26 02.26 02.27 02.28 02.29 02.30 02.31 02.32 02.34 02.35 02.37 02.40 02.44 02.45 02.47 02.48 02.49 02.50 02.52 02.54 02.57 02.61 02.65 02.65 02.66 02.33 02.35 02.36 02.36 02.42 02.52 03.07 03.10 02.99 01.90 01.71 01.77 01.86 01.91 01.82 01.61 01.52 01.52 01.51 01.51 01.48 01.42 01.38 01.38 01.37 01.37 01.06 01.09 01.09 01.08 01.08 01.13 01.16 01.12 01.07 01.02 00.97 01.04 01.12 01.18 01.25 01.28 01.30 01.30 01.26
01.93 02.08 02.11 02.12 02.13 02.16 02.19 02.22 02.24 02.25 02.26 02.27 02.28 02.29 02.29 02.31 02.32 02.33 02.35 02.37 02.39 02.42 02.46 02.47 02.47 02.48 02.50 02.51 02.41 02.26 02.29 02.32 02.36 02.40 02.39 02.38 02.57 02.88 03.11 03.13 02.20 01.76 02.49 01.76 01.83 01.83 01.80 01.69 01.44 01.41 01.42 01.40 01.39 01.44 01.41 01.35 01.33 01.23 01.14 00.97 01.05 01.05 00.96 00.94 00.95 00.97 00.96 00.88 00.68 00.78 00.91 00.98 01.04 01.09 01.12 01.15 01.10
01.91 01.93 01.94 01.95 01.95 01.96 01.98 02.07 02.13 02.19 02.24 02.24 02.25 02.26 02.28 02.30 02.30 02.31 02.32 02.33 02.32 02.28 02.23 02.17 02.19 02.19 02.19 02.20 02.20 02.21 02.23 02.27 02.30 02.32 02.32 02.38 02.71 02.97 03.21 02.80 03.25 03.16 03.13 02.94 02.74 02.60 02.65 01.66 01.48 01.37 01.39 01.40 01.39 01.37 01.31 01.27 01.26 01.18 01.04 00.67 00.66 00.67 00.61 00.49 00.52 00.55 00.58 00.74 00.88 00.75 00.52 00.58 00.74 00.78 00.78 00.81 00.78
01.89 01.89 01.91 01.92 01.92 01.93 01.95 01.97 01.99 02.01 02.02 02.02 02.03 02.03 02.03 02.06 02.08 02.08 02.08 02.09 02.09 02.10 02.11 02.12 02.14 02.16 02.16 02.16 02.16 02.16 02.18 02.20 02.23 02.27 02.32 02.43 02.58 02.93 03.40 03.12 02.78 02.79 02.86 02.66 02.66 02.98 03.00 01.81 01.54 01.27 01.26 01.25 01.24 01.23 01.20 01.21 01.18 01.02 00.74 00.82 01.76 01.49 01.16 01.17 01.08 01.03 01.03 01.36 01.83 01.95 01.07 01.03 00.98 01.05 01.13 01.21 01.36
01.77 01.87 01.88 01.90 01.91 01.92 01.93 01.94 01.96 01.98 01.99 02.00 02.00 02.01 02.01 02.02 02.04 02.06 02.06 02.06 02.06 02.07 02.08 02.09 02.10 02.12 02.13 02.14 02.14 02.13 02.13 02.15 02.18 02.22 02.29 02.27 02.55 02.78 02.91 02.94 02.42 02.30 02.28 02.13 02.86 02.59 02.74 01.78 01.40 01.10 01.09 01.10 01.10 01.12 01.15 01.08 00.88 00.22 00.84 01.50 02.26 02.13 01.80 01.73 01.68 01.71 01.80 01.89 01.86 01.84 01.83 01.49 01.45 01.21 01.23 01.31 01.42
-1.00 -1.00 -1.00 00.72 01.78 01.89 01.90 01.91 01.92 01.94 01.95 01.97 01.97 01.98 01.98 01.98 01.99 02.00 02.01 02.03 02.04 02.05 02.06 02.07 02.07 02.07 02.09 02.10 02.11 02.11 02.11 02.11 02.12 02.14 02.16 02.23 02.34 02.44 02.42 01.86 01.76 01.81 01.84 01.96 01.89 01.68 02.13 01.48 01.36 01.21 01.01 00.91 00.85 00.83 00.78 00.60 01.03 01.09 01.20 02.05 02.37 02.42 02.25 02.11 01.82 01.83 01.83 01.92 01.98 01.99 01.98 01.51 01.52 01.52 01.49 01.51 01.53
-1.00 -1.00 -1.00 -1.00 01.40 01.79 01.85 01.88 01.89 01.91 01.92 01.93 01.94 01.95 01.95 01.96 01.96 01.97 01.98 01.99 01.99 02.00 02.01 02.01 02.02 02.04 02.07 02.08 02.08 02.08 02.07 02.07 02.07 02.08 02.11 02.13 02.02 01.72 01.66 01.69 01.70 01.70 01.62 01.64 01.52 01.45 01.41 01.20 01.21 01.09 00.70 00.98 00.95 00.95 00.98 01.01 01.12 01.56 02.16 02.29 02.35 02.37 02.35 02.39 02.45 01.77 01.88 01.86 01.98 02.09 02.11 01.93 01.72 01.54 01.50 01.56 01.71
