data/trial3/ashley.fml
NCOLS 382
NROWS 266
XLLCORNER 157819.328125
YLLCORNER 384678.625000
CELLSIZE 30.000000
NODATA_VALUE -1
[rows 102 to 135 of 266, columns 77 to 153 of 382]
-1.00 -1.00 -1.00 -1.00 -1.00 -1.00 -1.00 -1.00 -1.00 -1.00 -1.00 -1.00 -1.00 -1.00 -1.00 -1.00 -1.00 -1.00 -1.00 01.85 01.99 01.85 02.00 02.04 01.92 02.06 02.15 02.10 02.12 02.07 02.05 02.07 02.03 01.98 01.98 01.99 01.99 01.86 01.58 01.54 00.73 01.20 01.97 02.07 01.70 02.00 02.06 02.24 02.15 02.23 02.61 02.60 02.58 02.60 02.59 02.47 02.17 03.63 03.56 03.55 03.55 03.81 03.62 04.11 04.14 04.09 04.43 04.84 05.01 04.91 04.80 04.70 04.60 04.48 04.34 04.15 03.93
-1.00 -1.00 -1.00 -1.00 -1.00 -1.00 -1.00 -1.00 -1.00 -1.00 -1.00 -1.00 -1.00 -1.00 -1.00 -1.00 -1.00 -1.00 -1.00 -1.00 02.02 01.85 01.89 02.05 01.93 02.01 02.19 02.24 02.16 02.16 02.17 02.10 02.11 02.12 02.12 02.04 01.98 02.06 01.59 01.57 01.14 01.12 01.85 02.00 01.68 01.98 02.02 02.21 02.17 02.17 02.56 02.60 02.61 02.63 02.76 02.35 02.22 02.17 03.61 03.51 03.52 03.52 04.28 04.37 04.32 04.88 05.42 05.35 05.27 05.18 05.09 05.00 04.90 04.79 04.64 04.48 04.30
-1.00 -1.00 -1.00 -1.00 -1.00 -1.00 -1.00 -1.00 -1.00 -1.00 -1.00 -1.00 -1.00 -1.00 -1.00 -1.00 -1.00 -1.00 -1.00 -1.00 01.84 01.97 01.89 01.96 02.00 02.04 02.08 02.25 02.29 02.20 02.20 02.20 02.21 02.14 02.15 02.16 02.03 01.73 01.60 01.61 01.23 00.99 01.44 01.92 01.64 01.96 02.01 02.18 02.21 02.11 02.49 02.52 02.56 02.63 02.71 02.34 02.37 03.63 03.54 03.44 03.44 03.44 04.45 04.57 05.24 05.75 05.68 05.58 05.50 05.41 05.33 05.26 05.19 05.10 04.98 04.85 04.71
-1.00 -1.00 -1.00 -1.00 -1.00 -1.00 -1.00 -1.00 -1.00 -1.00 -1.00 -1.00 -1.00 -1.00 -1.00 -1.00 -1.00 -1.00 01.75 01.82 01.79 01.92 01.86 01.80 01.89 01.96 01.90 02.09 02.20 02.28 02.35 02.23 02.24 02.25 02.26 02.26 02.03 01.83 01.74 01.55 01.30 00.94 01.39 01.85 01.72 01.42 01.98 02.16 02.20 02.06 02.10 02.45 02.48 02.55 02.56 02.22 02.29 03.27 03.54 03.51 03.49 04.10 04.81 05.54 06.10 06.08 06.04 05.97 05.88 05.78 05.65 05.52 05.53 05.52 05.39 05.24 05.07
-1.00 -1.00 -1.00 -1.00 -1.00 -1.00 -1.00 -1.00 -1.00 -1.00 -1.00 -1.00 -1.00 -1.00 -1.00 -1.00 01.55 01.61 01.71 01.63 01.74 01.69 01.74 01.76 01.84 01.90 01.84 01.98 02.07 02.17 02.31 02.34 02.36 02.22 02.23 02.24 02.07 01.65 01.81 01.46 01.10 00.48 00.93 01.04 01.74 01.10 01.95 01.96 02.07 02.16 01.90 02.37 01.77 02.47 02.46 02.08 02.10 02.41 03.56 03.55 03.52 04.87 04.91 05.76 06.20 06.26 06.27 06.27 06.27 06.26 06.19 06.14 06.07 05.99 05.89 05.78 05.65
-1.00 -1.00 -1.00 -1.00 -1.00 -1.00 -1.00 -1.00 -1.00 -1.00 -1.00 -1.00 -1.00 -1.00 -1.00 -1.00 01.58 01.61 01.73 01.61 01.60 01.67 01.61 01.68 01.75 01.82 01.73 01.81 01.83 02.05 02.25 02.50 02.47 02.45 02.42 02.44 02.12 01.61 01.08 00.98 01.21 00.78 00.81 00.84 00.71 00.67 00.84 01.85 01.81 01.89 01.93 01.65 01.66 02.35 02.02 01.86 01.41 01.68 03.59 03.58 03.55 04.87 04.95 05.50 06.09 06.11 06.12 06.11 06.11 06.10 06.10 06.09 06.09 06.09 06.09 06.09 06.11
-1.00 -1.00 -1.00 -1.00 -1.00 -1.00 -1.00 -1.00 -1.00 -1.00 -1.00 -1.00 -1.00 -1.00 -1.00 -1.00 01.61 01.64 01.67 01.59 01.60 01.64 01.62 01.65 01.72 01.66 01.69 01.74 01.80 01.99 02.25 02.58 02.67 02.61 02.57 02.34 02.35 01.81 01.20 01.18 01.16 01.13 01.06 01.01 00.94 00.87 00.68 01.22 01.73 01.78 01.96 01.66 01.25 01.00 00.91 00.93 01.01 01.03 02.82 02.68 03.24 04.91 04.89 05.12 05.75 05.95 05.97 05.95 05.95 05.94 05.93 05.92 05.91 05.89 05.87 05.86 05.84
-1.00 -1.00 -1.00 -1.00 -1.00 -1.00 -1.00 -1.00 -1.00 -1.00 -1.00 -1.00 -1.00 -1.00 -1.00 01.59 01.63 01.67 01.69 01.58 01.59 01.63 01.66 01.69 01.76 01.72 01.72 01.76 01.83 02.09 02.22 02.44 02.82 02.81 02.61 02.34 02.45 02.15 01.25 01.19 01.10 01.09 01.12 01.10 01.12 01.05 00.77 00.68 01.49 01.70 01.82 01.58 00.99 00.84 00.87 00.76 00.77 00.93 01.01 01.54 04.42 04.82 04.81 04.79 05.27 05.76 05.75 05.73 05.71 05.69 05.67 05.64 05.60 05.57 05.54 05.51 05.48
-1.00 -1.00 -1.00 -1.00 -1.00 -1.00 -1.00 -1.00 -1.00 -1.00 -1.00 -1.00 -1.00 -1.00 -1.00 01.61 01.65 01.70 01.71 01.58 01.60 01.64 01.69 01.72 01.80 01.79 01.75 01.79 01.84 02.09 02.33 02.46 02.60 02.86 02.60 02.61 01.90 01.28 01.20 -1.00 -1.00 -1.00 -1.00 01.08 01.04 01.03 00.99 00.76 01.17 01.49 01.00 00.79 00.72 00.78 00.83 00.87 00.75 00.71 00.93 01.21 01.93 04.74 04.72 04.70 04.69 05.19 05.48 05.43 05.41 05.38 05.34 05.30 05.24 05.14 05.10 05.06 05.03
-1.00 -1.00 -1.00 -1.00 -1.00 -1.00 -1.00 -1.00 -1.00 -1.00 -1.00 -1.00 -1.00 -1.00 -1.00 01.63 01.67 01.72 01.71 01.58 01.61 01.65 01.73 01.77 01.83 01.85 01.77 01.82 01.90 01.98 02.29 02.56 02.64 02.63 02.59 02.60 01.25 01.23 -1.00 -1.00 -1.00 -1.00 -1.00 -1.00 -1.00 -1.00 01.01 00.95 00.69 00.69 00.75 00.76 00.84 01.05 01.13 00.92 00.68 00.91 01.21 01.20 01.56 04.62 04.59 04.56 04.53 04.60 04.92 05.01 04.95 04.99 04.94 04.83 04.71 04.55 04.35 04.31 04.17
-1.00 -1.00 -1.00 -1.00 -1.00 -1.00 -1.00 -1.00 -1.00 -1.00 -1.00 -1.00 -1.00 -1.00 -1.00 01.65 01.69 01.74 01.73 01.58 01.61 01.65 01.76 01.81 01.85 01.88 01.78 01.86 01.93 02.07 02.16 02.43 02.72 02.74 02.59 02.61 01.21 -1.00 -1.00 -1.00 -1.00 -1.00 -1.00 -1.00 -1.00 -1.00 00.94 01.00 00.94 00.88 00.94 01.04 01.11 01.22 01.17 00.85 00.69 00.98 01.22 01.44 03.09 04.29 04.43 04.40 04.34 04.25 04.15 04.28 04.44 04.46 04.36 04.24 04.12 03.99 03.85 03.68 03.48
-1.00 -1.00 -1.00 -1.00 -1.00 -1.00 -1.00 -1.00 -1.00 -1.00 -1.00 -1.00 -1.00 -1.00 -1.00 01.66 01.70 01.74 01.75 01.58 01.62 01.66 01.78 01.83 01.88 01.91 01.86 01.89 01.96 02.06 02.22 02.34 02.72 02.88 02.60 02.61 01.20 -1.00 -1.00 -1.00 -1.00 -1.00 -1.00 -1.00 -1.00 -1.00 -1.00 00.95 01.06 01.13 01.16 01.16 01.18 01.21 00.89 00.83 00.70 00.96 01.20 04.61 04.43 04.31 04.22 04.14 04.06 03.97 03.92 03.88 03.83 03.84 03.89 03.90 03.84 03.71 03.52 03.31 03.07
-1.00 -1.00 -1.00 -1.00 -1.00 -1.00 -1.00 -1.00 -1.00 -1.00 -1.00 -1.00 -1.00 -1.00 -1.00 01.68 01.71 01.74 01.78 01.58 01.62 01.66 01.80 01.83 01.88 01.92 01.95 01.87 01.99 02.10 02.24 02.37 02.50 02.56 02.62 02.67 01.73 01.27 00.92 00.95 00.96 00.96 01.03 01.01 -1.00 -1.00 -1.00 -1.00 00.99 01.07 01.08 01.08 01.13 -1.00 00.90 00.83 00.70 00.95 01.15 02.73 03.37 04.12 03.99 03.96 03.92 03.87 03.82 03.76 03.71 03.63 03.53 03.41 03.31 03.22 03.09 02.92 02.76
-1.00 -1.00 -1.00 -1.00 -1.00 -1.00 -1.00 -1.00 -1.00 -1.00 -1.00 -1.00 -1.00 -1.00 -1.00 01.69 01.71 01.75 01.81 01.58 01.62 01.65 01.68 01.84 01.88 01.93 01.98 01.94 02.01 02.11 02.27 02.50 02.60 02.64 02.62 02.74 01.84 01.61 01.21 01.64 01.30 01.02 00.93 01.00 01.01 01.00 01.06 -1.00 -1.00 -1.00 -1.00 -1.00 -1.00 -1.00 00.90 00.86 00.66 00.87 01.11 04.30 04.11 03.98 03.90 03.85 03.81 03.76 03.70 03.63 03.55 03.46 03.36 03.25 03.15 03.05 02.97 02.78 04.31
-1.00 -1.00 -1.00 -1.00 -1.00 -1.00 -1.00 -1.00 -1.00 -1.00 -1.00 -1.00 -1.00 -1.00 -1.00 01.69 01.72 01.77 01.84 01.67 01.62 01.65 01.68 01.86 01.89 01.94 02.00 02.09 02.03 02.11 02.21 02.42 02.70 02.60 02.69 02.72 01.80 01.80 01.73 01.68 01.43 01.04 01.62 01.12 00.87 00.92 01.03 01.02 01.12 -1.00 -1.00 -1.00 -1.00 -1.00 00.86 00.93 00.69 00.77 01.07 01.40 03.60 03.86 03.79 03.73 03.68 03.63 03.57 03.49 03.41 03.30 03.20 03.10 03.02 03.05 03.67 03.69 03.76
-1.00 -1.00 -1.00 -1.00 -1.00 -1.00 -1.00 -1.00 -1.00 -1.00 -1.00 -1.00 -1.00 -1.00 -1.00 -1.00 01.77 01.82 01.88 01.86 01.63 01.65 01.67 01.87 01.89 01.94 02.02 02.11 02.22 02.16 02.22 02.36 02.50 02.59 02.72 01.78 01.80 01.81 01.70 01.65 01.61 01.74 01.52 01.07 00.76 00.87 00.90 00.93 01.06 01.04 -1.00 -1.00 -1.00 -1.00 00.93 00.87 00.73 00.90 01.03 01.44 02.81 03.78 03.67 03.61 03.56 03.51 03.46 03.37 03.26 03.18 03.11 02.99 03.10 04.51 04.52 04.05 03.78
-1.00 -1.00 -1.00 -1.00 -1.00 -1.00 -1.00 -1.00 -1.00 -1.00 -1.00 -1.00 -1.00 -1.00 -1.00 -1.00 01.82 01.88 01.96 01.95 01.65 01.66 01.68 01.70 01.90 01.95 02.01 02.13 02.25 02.41 02.48 02.54 02.67 02.71 01.83 01.79 01.81 01.74 01.66 01.60 01.66 01.64 01.52 00.67 01.28 00.98 00.79 00.92 00.92 01.07 00.94 00.95 00.96 00.96 00.92 00.81 00.73 00.96 01.19 01.00 03.76 03.68 03.59 03.53 03.47 03.40 03.31 03.22 03.16 04.06 04.17 04.11 04.17 04.21 04.04 04.01 03.91
-1.00 -1.00 -1.00 -1.00 -1.00 -1.00 -1.00 -1.00 -1.00 -1.00 -1.00 -1.00 -1.00 -1.00 -1.00 -1.00 01.86 01.96 01.94 02.01 01.93 01.71 01.76 01.72 01.91 01.94 02.02 02.12 02.24 02.43 02.68 02.76 02.69 02.69 01.84 01.79 01.82 01.74 01.66 01.58 01.62 01.55 01.37 01.10 01.36 02.65 02.60 00.82 00.90 00.86 00.89 00.89 00.89 00.89 00.80 00.77 00.97 01.04 01.10 01.43 03.40 03.58 03.49 03.63 04.15 04.25 04.62 04.63 04.59 04.52 04.45 04.40 04.40 04.41 04.36 04.30 04.20
-1.00 -1.00 -1.00 -1.00 -1.00 -1.00 -1.00 -1.00 -1.00 -1.00 -1.00 -1.00 -1.00 -1.00 -1.00 -1.00 -1.00 02.01 02.06 02.01 02.01 01.79 01.85 01.75 01.86 02.00 02.06 02.13 02.25 02.35 02.45 02.90 02.69 01.80 01.80 01.82 01.83 01.74 01.66 01.58 01.59 01.45 00.92 01.25 02.48 02.62 02.80 01.80 00.82 00.81 00.82 00.83 00.83 00.83 00.75 01.23 01.07 01.07 01.30 01.40 03.95 03.24 04.95 04.87 04.77 04.89 04.89 04.86 04.84 04.80 04.77 04.74 04.74 04.73 04.75 04.70 04.65
-1.00 -1.00 -1.00 -1.00 -1.00 -1.00 -1.00 -1.00 -1.00 -1.00 -1.00 -1.00 -1.00 -1.00 -1.00 -1.00 -1.00 -1.00 -1.00 -1.00 02.08 02.03 02.14 01.93 01.97 02.00 02.21 02.19 02.21 02.36 02.53 02.64 02.68 01.83 01.81 01.84 01.77 01.71 01.62 01.58 01.56 01.36 01.01 01.30 02.39 02.46 01.90 01.36 01.00 01.02 01.05 01.06 01.06 01.06 01.24 01.26 01.09 01.18 01.40 05.07 05.05 05.04 05.05 05.05 05.04 05.02 05.00 04.99 04.98 04.96 04.96 04.93 04.91 04.96 04.97 04.96 04.93
-1.00 -1.00 -1.00 -1.00 -1.00 -1.00 -1.00 -1.00 -1.00 -1.00 -1.00 -1.00 -1.00 -1.00 -1.00 -1.00 -1.00 -1.00 -1.00 -1.00 -1.00 01.97 02.15 02.32 02.23 02.05 02.08 02.05 02.04 02.25 02.57 02.76 02.59 01.85 01.81 01.85 01.78 01.71 01.61 01.57 01.54 01.30 01.13 01.51 02.36 01.95 01.51 01.36 02.47 01.87 01.36 01.34 01.39 01.43 01.36 01.38 01.50 01.16 04.63 05.05 05.03 05.02 05.02 05.02 05.01 04.99 04.97 04.96 04.95 04.94 04.92 04.91 04.89 04.88 04.87 04.85 04.82
-1.00 -1.00 -1.00 -1.00 -1.00 -1.00 -1.00 -1.00 -1.00 -1.00 -1.00 -1.00 -1.00 -1.00 -1.00 -1.00 -1.00 -1.00 -1.00 -1.00 -1.00 -1.00 -1.00 02.28 02.33 02.38 02.38 02.01 02.00 02.03 02.32 02.45 02.51 01.87 01.82 01.86 01.80 01.72 01.61 01.56 01.53 01.25 01.16 02.06 02.22 01.84 01.98 01.59 02.47 01.85 01.34 02.23 01.71 01.50 01.65 01.69 01.67 01.43 05.03 05.02 05.00 05.00 04.99 04.99 04.98 04.96 04.94 04.92 04.90 04.88 04.85 04.82 04.79 04.76 04.75 04.74 04.71
-1.00 -1.00 -1.00 -1.00 -1.00 -1.00 -1.00 -1.00 -1.00 -1.00 -1.00 -1.00 -1.00 -1.00 -1.00 -1.00 -1.00 -1.00 -1.00 -1.00 -1.00 -1.00 -1.00 -1.00 02.29 02.34 02.38 02.34 02.31 02.01 02.10 02.03 01.83 01.89 01.83 01.89 01.81 01.72 01.61 01.55 01.53 00.47 01.18 02.02 02.14 01.79 02.10 02.16 02.38 02.08 02.47 02.57 01.92 02.93 03.25 02.17 01.54 01.53 01.50 04.97 04.95 04.93 04.92 04.90 04.88 04.86 04.83 04.81 04.78 04.76 04.73 04.69 04.65 04.62 04.58 04.56 04.51
-1.00 -1.00 -1.00 -1.00 -1.00 -1.00 -1.00 -1.00 -1.00 -1.00 -1.00 -1.00 -1.00 -1.00 -1.00 -1.00 -1.00 -1.00 -1.00 -1.00 -1.00 -1.00 -1.00 -1.00 -1.00 -1.00 -1.00 02.31 02.28 02.28 02.34 01.77 01.85 01.89 01.84 01.90 01.82 01.73 01.62 01.54 01.54 00.99 01.16 01.98 02.08 01.73 02.04 02.07 02.31 02.19 02.25 02.73 02.25 02.78 02.94 02.38 02.40 01.78 02.28 04.87 04.85 04.83 04.81 04.79 04.77 04.74 04.71 04.69 04.66 04.63 04.60 04.56 04.52 04.47 04.41 04.36 04.31
-1.00 -1.00 -1.00 -1.00 -1.00 -1.00 -1.00 -1.00 -1.00 -1.00 -1.00 -1.00 -1.00 -1.00 -1.00 -1.00 -1.00 -1.00 -1.00 -1.00 -1.00 -1.00 -1.00 -1.00 -1.00 -1.00 -1.00 -1.00 -1.00 02.25 02.04 01.77 01.86 01.91 01.85 01.91 01.83 01.74 01.63 01.54 01.55 01.26 01.14 01.92 02.09 01.69 01.98 02.02 02.22 02.12 02.15 02.61 02.57 02.64 02.75 02.62 02.32 03.34 03.27 04.78 04.75 04.73 04.70 04.68 04.65 04.63 04.60 04.57 04.54 04.50 04.46 04.41 04.36 04.30 04.27 04.18 04.11
-1.00 -1.00 -1.00 -1.00 -1.00 -1.00 -1.00 -1.00 -1.00 -1.00 -1.00 -1.00 -1.00 -1.00 -1.00 -1.00 -1.00 -1.00 -1.00 -1.00 -1.00 -1.00 -1.00 -1.00 -1.00 -1.00 -1.00 -1.00 -1.00 -1.00 01.94 01.77 01.86 01.91 01.86 01.92 01.84 01.75 01.64 01.54 01.55 01.29 01.12 01.75 02.06 01.69 02.00 02.01 02.18 02.14 02.10 02.47 02.48 02.54 02.56 02.40 02.20 03.42 03.36 04.31 04.64 04.61 04.59 04.57 04.54 04.50 04.47 04.43 04.39 04.35 04.30 04.24 04.16 04.08 03.98 03.91 03.87
-1.00 -1.00 -1.00 -1.00 -1.00 -1.00 -1.00 -1.00 -1.00 -1.00 -1.00 -1.00 -1.00 -1.00 -1.00 -1.00 -1.00 -1.00 -1.00 -1.00 -1.00 -1.00 -1.00 -1.00 -1.00 -1.00 -1.00 -1.00 -1.00 -1.00 01.87 01.76 01.83 01.91 01.86 01.92 01.85 01.76 01.65 01.54 01.56 01.30 01.07 01.42 02.03 01.67 01.98 02.03 02.18 02.19 02.10 02.44 02.43 02.48 02.55 02.46 02.11 03.43 03.56 04.57 04.52 04.50 04.47 04.44 04.41 04.37 04.32 04.28 04.24 04.18 04.11 04.04 03.95 03.91 03.86 03.83 03.79
-1.00 -1.00 -1.00 -1.00 -1.00 -1.00 -1.00 -1.00 -1.00 -1.00 -1.00 -1.00 -1.00 -1.00 -1.00 -1.00 -1.00 -1.00 -1.00 -1.00 -1.00 -1.00 -1.00 -1.00 -1.00 -1.00 -1.00 -1.00 -1.00 -1.00 01.87 01.76 01.80 01.92 01.87 01.93 01.86 01.79 01.74 01.57 01.58 01.34 00.98 01.38 01.97 01.64 01.96 02.02 02.18 02.19 02.11 02.48 02.49 02.45 02.51 02.50 02.11 03.43 03.67 04.37 04.44 04.40 04.37 04.34 04.29 04.23 04.17 04.11 04.06 04.02 03.96 03.91 03.86 03.81 03.78 03.74 03.69
-1.00 -1.00 -1.00 -1.00 -1.00 -1.00 -1.00 -1.00 -1.00 -1.00 -1.00 -1.00 -1.00 -1.00 -1.00 -1.00 -1.00 -1.00 -1.00 -1.00 -1.00 -1.00 -1.00 -1.00 -1.00 -1.00 -1.00 -1.00 -1.00 -1.00 01.87 01.89 01.81 01.94 01.90 01.98 01.90 01.84 01.76 01.64 01.57 01.38 00.94 01.35 01.91 01.78 01.83 01.97 02.16 02.17 02.07 02.42 02.47 02.51 02.56 02.52 02.11 02.08 03.34 04.20 04.36 04.29 04.25 04.20 04.15 04.09 04.02 03.95 03.92 03.89 03.86 03.82 03.77 03.73 03.68 03.64 03.61
-1.00 -1.00 -1.00 -1.00 -1.00 -1.00 -1.00 -1.00 -1.00 -1.00 -1.00 -1.00 -1.00 -1.00 -1.00 -1.00 -1.00 -1.00 -1.00 -1.00 -1.00 -1.00 -1.00 -1.00 -1.00 -1.00 -1.00 -1.00 -1.00 -1.00 01.80 02.03 01.49 02.00 01.91 02.04 01.79 01.91 01.79 01.33 00.92 01.54 00.89 01.26 01.81 01.91 01.65 01.93 02.12 02.15 02.01 02.12 02.27 02.48 02.52 02.59 02.17 02.11 03.41 04.10 04.17 04.06 04.03 04.05 04.02 03.97 03.93 03.88 03.83 03.80 03.77 03.73 03.69 03.64 03.59 03.53 03.49
-1.00 -1.00 -1.00 -1.00 -1.00 -1.00 -1.00 -1.00 -1.00 -1.00 -1.00 -1.00 -1.00 -1.00 -1.00 -1.00 -1.00 -1.00 -1.00 -1.00 -1.00 -1.00 -1.00 -1.00 -1.00 -1.00 -1.00 -1.00 -1.00 -1.00 -1.00 01.83 01.09 02.07 01.31 01.96 01.24 01.99 01.39 01.91 00.58 01.60 01.00 00.95 01.41 01.77 01.57 01.88 01.93 02.11 02.09 01.99 02.17 02.37 02.44 02.51 02.16 02.16 03.31 04.14 04.04 04.01 03.98 03.95 03.92 03.89 03.85 03.80 03.75 03.71 03.68 03.65 03.61 03.57 03.52 03.48 03.44
-1.00 -1.00 -1.00 -1.00 -1.00 -1.00 -1.00 -1.00 -1.00 -1.00 -1.00 -1.00 -1.00 -1.00 -1.00 -1.00 -1.00 -1.00 -1.00 -1.00 -1.00 -1.00 -1.00 -1.00 -1.00 -1.00 -1.00 -1.00 -1.00 -1.00 -1.00 -1.00 -1.00 -1.00 -1.00 -1.00 -1.00 -1.00 -1.00 -1.00 -1.00 -1.00 -1.00 -1.00 -1.00 01.64 01.29 00.77 01.89 01.23 02.17 01.50 00.96 02.29 02.12 01.89 01.98 02.19 03.88 04.02 03.97 03.94 03.90 03.86 03.83 03.81 03.77 03.73 03.70 03.67 03.63 03.59 03.55 03.52 03.48 03.41 03.33
-1.00 -1.00 -1.00 -1.00 -1.00 -1.00 -1.00 -1.00 -1.00 -1.00 -1.00 -1.00 -1.00 -1.00 -1.00 -1.00 -1.00 -1.00 -1.00 -1.00 -1.00 -1.00 -1.00 -1.00 -1.00 -1.00 -1.00 -1.00 -1.00 -1.00 -1.00 -1.00 -1.00 -1.00 -1.00 -1.00 -1.00 -1.00 -1.00 -1.00 -1.00 -1.00 -1.00 -1.00 -1.00 -1.00 -1.00 -1.00 -1.00 -1.00 -1.00 -1.00 -1.00 -1.00 -1.00 -1.00 00.23 01.60 03.41 03.94 03.92 03.86 03.83 03.80 03.77 03.75 03.72 03.69 03.65 03.62 03.58 03.53 03.46 03.43 03.39 03.35 03.28
-1.00 -1.00 -1.00 -1.00 -1.00 -1.00 -1.00 -1.00 -1.00 -1.00 -1.00 -1.00 -1.00 -1.00 -1.00 -1.00 -1.00 -1.00 -1.00 -1.00 -1.00 -1.00 -1.00 -1.00 -1.00 -1.00 -1.00 -1.00 -1.00 -1.00 -1.00 -1.00 -1.00 -1.00 -1.00 -1.00 -1.00 -1.00 -1.00 -1.00 -1.00 -1.00 -1.00 -1.00 -1.00 -1.00 -1.00 -1.00 -1.00 -1.00 -1.00 -1.00 -1.00 -1.00 -1.00 -1.00 -1.00 03.98 03.98 03.94 03.85 03.80 03.77 03.75 03.73 03.72 03.68 03.63 03.59 03.55 03.50 03.44 03.39 03.35 03.32 03.27 03.20
