data/trial3/ashley.hpa
NCOLS 382
NROWS 266
XLLCORNER 157819.328125
YLLCORNER 384678.625000
CELLSIZE 30.000000
NODATA_VALUE -1
[rows 104 to 129 of 266, columns 180 to 239 of 382]
00482.136 00480.608 00481.655 00483.077 00484.370 00485.151 00490.132 00496.754 00497.283 00500.364 00501.672 00500.262 00482.804 00481.392 00481.322 00486.865 00506.760 00519.479 00513.901 00483.701 00477.501 00476.938 00476.515 00476.672 00476.934 00477.183 00477.644 00477.719 00478.655 00478.824 00479.103 00479.335 00480.083 00481.503 00482.210 00486.360 00488.537 00484.610 00480.073 00481.872 00483.396 00480.431 00481.699 00479.825 00475.008 00472.138 00471.321 00168.919 00156.581 00178.819 -0001.000 -0001.000 -0001.000 -0001.000 -0001.000 -0001.000 -0001.000 -0001.000 -0001.000 -0001.000
00478.926 00482.991 00479.768 00482.024 00483.313 00484.698 00492.399 00495.552 00496.382 00498.657 00502.830 00503.143 00482.210 00481.890 00481.315 00481.086 00513.089 00524.151 00520.914 00499.683 00477.656 00477.104 00476.625 00476.912 00477.257 00477.534 00477.644 00478.035 00478.823 00479.066 00479.419 00479.502 00479.774 00479.956 00486.698 00485.286 00487.101 00482.829 00481.220 00480.175 00482.331 00478.267 00478.970 00477.905 00476.092 00473.320 00471.919 00166.246 00164.403 00183.685 -0001.000 -0001.000 -0001.000 -0001.000 -0001.000 -0001.000 -0001.000 -0001.000 -0001.000 -0001.000
00475.436 00478.431 00479.736 00479.588 00483.430 00484.027 00491.450 00494.408 00495.738 00496.600 00498.076 00497.693 00491.361 00482.114 00481.202 00480.607 00480.756 00492.767 00522.474 00515.646 00495.385 00477.708 00476.935 00477.239 00477.117 00477.751 00478.225 00478.759 00479.302 00479.393 00479.512 00479.734 00479.751 00479.620 00479.377 00479.714 00479.083 00478.136 00476.999 00478.685 00476.525 00479.527 00475.532 00477.694 00475.930 00474.202 00448.560 00157.034 00179.734 -0001.000 -0001.000 -0001.000 -0001.000 -0001.000 -0001.000 -0001.000 -0001.000 -0001.000 -0001.000 -0001.000
00469.332 00468.470 00474.215 00477.967 00483.144 00490.021 00491.112 00492.779 00492.678 00494.131 00495.359 00494.968 00484.528 00482.138 00481.675 00480.844 00479.812 00480.786 00516.947 00516.550 00488.820 00478.696 00477.649 00477.501 00478.138 00478.332 00478.690 00479.023 00479.293 00479.571 00479.702 00479.868 00479.894 00479.163 00478.884 00478.870 00478.470 00477.926 00477.900 00478.436 00477.628 00477.705 00475.122 00474.475 00474.138 00439.682 00161.308 00163.343 00181.667 00179.490 -0001.000 -0001.000 -0001.000 -0001.000 -0001.000 -0001.000 -0001.000 -0001.000 -0001.000 -0001.000
00462.025 00466.579 00468.096 00474.673 00483.229 00487.293 00489.463 00490.882 00490.647 00490.997 00493.589 00496.012 00482.378 00481.238 00481.493 00481.550 00479.923 00479.043 00499.340 00514.167 00480.552 00479.380 00478.612 00478.272 00477.983 00478.782 00479.111 00479.502 00479.733 00479.872 00479.947 00480.048 00479.994 00479.407 00478.611 00478.171 00478.113 00478.062 00478.099 00478.437 00478.481 00477.262 00476.528 00474.606 00472.802 00172.856 00162.908 00156.393 00167.534 00185.525 -0001.000 -0001.000 -0001.000 -0001.000 -0001.000 -0001.000 -0001.000 -0001.000 -0001.000 -0001.000
00449.497 00458.191 00464.166 00471.556 00482.072 00485.900 00488.198 00489.082 00489.841 00490.219 00491.223 00492.019 00478.684 00478.868 00479.552 00480.192 00481.290 00478.909 00479.425 00480.725 00481.175 00480.014 00478.462 00479.000 00478.559 00479.058 00479.579 00479.690 00479.892 00480.035 00480.168 00480.220 00480.130 00480.030 00479.378 00479.171 00478.781 00478.567 00478.347 00478.470 00478.277 00478.239 00478.332 00474.805 00471.841 00452.089 00172.582 00162.024 00159.014 00183.584 00170.186 -0001.000 -0001.000 -0001.000 -0001.000 -0001.000 -0001.000 -0001.000 -0001.000 -0001.000
00443.658 00414.144 00461.356 00469.319 00474.260 00481.029 00486.132 00485.547 00487.472 00489.344 00490.307 00477.506 00476.791 00477.439 00478.036 00479.070 00480.671 00479.160 00479.616 00480.361 00480.889 00480.573 00479.223 00479.379 00479.491 00479.509 00479.993 00480.162 00480.342 00480.324 00480.306 00480.306 00480.282 00480.206 00479.325 00478.901 00478.704 00478.625 00478.586 00478.622 00478.209 00478.072 00478.147 00474.862 00471.967 00469.792 00400.423 00171.477 00158.565 00167.433 00177.138 -0001.000 -0001.000 -0001.000 -0001.000 -0001.000 -0001.000 -0001.000 -0001.000 -0001.000
00294.032 00296.964 00458.897 00466.096 00471.895 00475.376 00481.320 00484.956 00487.302 00488.615 00489.716 00110.451 00476.142 00476.587 00476.897 00477.878 00479.551 00479.308 00479.106 00479.820 00480.286 00480.373 00480.193 00480.306 00479.814 00480.170 00480.295 00480.398 00480.488 00480.473 00480.061 00479.131 00479.125 00479.125 00479.105 00478.961 00478.843 00478.717 00478.656 00478.351 00478.047 00477.682 00477.894 00474.942 00472.214 00470.146 00456.482 00464.654 00160.192 00166.947 00181.182 -0001.000 -0001.000 -0001.000 -0001.000 -0001.000 -0001.000 -0001.000 -0001.000 -0001.000
00278.340 00184.037 00400.417 00467.167 00469.655 00475.554 00478.051 00478.194 00481.565 00487.654 00485.780 00101.061 00153.556 00250.503 00479.739 00490.622 00489.830 00478.491 00477.179 00482.578 00220.752 00277.687 00194.314 00150.017 00480.243 00480.612 00480.612 00480.612 00480.581 00480.560 00479.550 00479.161 00479.161 00479.179 00479.165 00479.139 00479.023 00478.814 00478.683 00478.292 00477.814 00477.647 00477.854 00476.802 00468.222 00458.637 00469.465 00160.826 00161.780 00181.156 00169.625 -0001.000 -0001.000 -0001.000 -0001.000 -0001.000 -0001.000 -0001.000 -0001.000 -0001.000
00134.537 00135.313 00235.797 00467.900 00469.200 00478.401 00476.705 00476.517 00478.428 00482.519 00482.378 00165.530 00283.316 00460.315 00489.109 00493.866 00495.280 00491.914 00488.823 00206.351 00097.558 00105.680 00113.457 00497.238 00480.676 00480.458 00479.764 00484.970 00479.203 00479.198 00479.186 00479.185 00379.113 00120.608 00153.073 00479.160 00479.073 00478.914 00478.645 00478.172 00477.919 00478.326 00479.603 00478.873 00376.234 00176.054 00160.080 00161.269 00179.275 00175.824 -0001.000 -0001.000 -0001.000 -0001.000 -0001.000 -0001.000 -0001.000 -0001.000 -0001.000 -0001.000
00090.669 00122.069 00092.588 00293.835 00470.684 00478.527 00475.949 00385.080 00477.284 00479.105 00481.889 00438.875 00220.550 00339.077 00491.416 00492.965 00289.440 00423.857 00117.232 00170.217 00097.390 00099.421 00211.636 00508.698 00509.427 00509.455 00509.464 00512.532 00516.250 00515.800 00514.821 00099.013 00100.052 00098.118 00098.158 00147.061 00252.776 00479.056 00478.900 00478.326 00478.067 00480.970 00481.514 00478.109 00176.790 00156.441 00170.192 00179.321 00177.114 -0001.000 -0001.000 -0001.000 -0001.000 -0001.000 -0001.000 -0001.000 -0001.000 -0001.000 -0001.000 -0001.000
00090.666 00103.959 00092.460 00129.293 00472.257 00260.602 00330.519 00283.626 00148.289 00406.100 00481.041 00248.150 00117.079 00116.011 00227.103 00409.587 00154.219 00126.746 00100.271 00107.465 00098.261 00099.861 00488.351 00512.676 00361.660 00142.552 00181.596 00113.406 00516.519 00516.022 00515.644 00161.275 00132.123 00099.396 00098.101 00097.933 00097.792 00143.240 00294.392 00478.497 00478.260 00480.013 00482.481 00475.995 00174.619 00156.507 00179.911 -0001.000 -0001.000 -0001.000 -0001.000 -0001.000 -0001.000 -0001.000 -0001.000 -0001.000 -0001.000 -0001.000 -0001.000 -0001.000
00090.306 00090.706 00092.187 00093.016 00232.474 00161.176 00097.369 00097.049 00097.875 00273.646 00100.275 00160.911 00100.585 00099.902 00101.341 00230.095 00101.061 00101.541 00100.144 00099.601 00099.443 00101.069 00204.639 00100.701 00174.429 00100.910 00102.553 00114.656 00202.015 00422.503 00515.183 00305.644 00126.195 00098.101 00097.997 00097.818 00098.372 00100.939 00096.895 00480.489 00481.301 00483.170 00387.349 00173.347 00158.163 00158.751 00178.540 00171.923 -0001.000 -0001.000 -0001.000 -0001.000 -0001.000 -0001.000 -0001.000 -0001.000 -0001.000 -0001.000 -0001.000 -0001.000
00089.701 00090.332 00091.867 00092.652 00110.785 00094.034 00095.747 00096.417 00096.996 00145.809 00099.360 00107.193 00099.889 00099.636 00100.563 00125.986 00100.877 00102.206 00100.304 00100.745 00100.825 00101.335 00103.834 00102.423 00102.703 00102.030 00101.617 00101.889 00102.277 00360.914 00394.040 00158.312 00107.824 00097.969 00098.578 00097.640 00096.870 00097.096 00411.462 00467.624 00483.086 00180.614 00164.844 00156.475 00160.912 00173.115 00181.564 00176.396 -0001.000 -0001.000 -0001.000 -0001.000 -0001.000 -0001.000 -0001.000 -0001.000 -0001.000 -0001.000 -0001.000 -0001.000
00089.270 00090.176 00091.656 00092.526 00093.128 00094.140 00095.404 00096.069 00096.196 00097.035 00098.060 00099.517 00099.061 00099.461 00099.789 00101.453 00101.141 00102.577 00101.030 00101.634 00101.280 00101.689 00102.672 00103.894 00102.763 00102.177 00102.058 00102.980 00117.378 00288.951 00119.760 00102.162 00246.538 00181.826 00137.541 00102.179 00096.820 00126.729 00482.632 00186.584 00170.745 00158.320 00157.433 00164.409 00175.162 00182.392 00177.076 -0001.000 -0001.000 -0001.000 -0001.000 -0001.000 -0001.000 -0001.000 -0001.000 -0001.000 -0001.000 -0001.000 -0001.000 -0001.000
00089.339 00090.173 00091.491 00092.506 00093.191 00094.250 00095.078 00095.800 00096.190 00097.070 00098.069 00098.637 00098.918 00099.299 00099.487 00100.256 00101.589 00101.391 00102.255 00101.132 00101.380 00101.766 00102.261 00102.809 00102.189 00102.059 00102.045 00101.842 00110.266 00101.635 00101.542 00326.647 00505.302 00432.154 00496.810 00494.687 00487.243 00445.856 00386.706 00170.183 00157.007 00163.120 00174.141 00179.779 00182.981 00176.774 -0001.000 -0001.000 -0001.000 -0001.000 -0001.000 -0001.000 -0001.000 -0001.000 -0001.000 -0001.000 -0001.000 -0001.000 -0001.000 -0001.000
00089.550 00090.411 00091.744 00092.523 00093.205 00093.948 00094.955 00095.620 00096.183 00097.105 00098.066 00098.598 00098.958 00099.246 00099.612 00099.831 00100.609 00100.475 00101.738 00101.149 00101.488 00101.884 00102.650 00102.293 00102.068 00101.884 00101.836 00101.613 00101.536 00101.511 00140.334 00101.441 00135.786 00502.056 00500.112 00496.542 00493.718 00489.435 00180.245 00160.284 00159.619 00178.361 00182.566 00178.191 00170.266 -0001.000 -0001.000 -0001.000 -0001.000 -0001.000 -0001.000 -0001.000 -0001.000 -0001.000 -0001.000 -0001.000 -0001.000 -0001.000 -0001.000 -0001.000
00089.776 00090.738 00092.048 00092.569 00093.408 00093.813 00095.325 00095.897 00096.336 00097.142 00098.058 00098.626 00099.020 00099.253 00099.579 00099.891 00100.163 00100.528 00100.909 00101.220 00101.516 00117.273 00102.212 00101.998 00101.837 00101.682 00101.543 00101.480 00101.330 00101.395 00101.152 00175.159 00500.912 00499.529 00499.114 00495.699 00495.946 00490.508 00180.916 00160.741 00159.138 00179.540 00175.729 -0001.000 -0001.000 -0001.000 -0001.000 -0001.000 -0001.000 -0001.000 -0001.000 -0001.000 -0001.000 -0001.000 -0001.000 -0001.000 -0001.000 -0001.000 -0001.000 -0001.000
00166.629 00091.761 00092.354 00092.724 00093.603 00094.311 00095.635 00096.164 00096.447 00097.270 00098.155 00098.741 00098.996 00099.048 00099.521 00099.772 00100.263 00100.593 00100.883 00120.082 00237.860 00101.993 00101.745 00101.625 00101.473 00101.349 00101.247 00101.112 00101.057 00100.910 00100.894 00224.739 00500.190 00499.078 00497.181 00498.119 00498.758 00501.659 00179.271 00160.976 00157.381 00175.709 00179.095 -0001.000 -0001.000 -0001.000 -0001.000 -0001.000 -0001.000 -0001.000 -0001.000 -0001.000 -0001.000 -0001.000 -0001.000 -0001.000 -0001.000 -0001.000 -0001.000 -0001.000
00123.998 00127.265 00092.733 00093.018 00094.099 00094.885 00095.626 00096.241 00096.617 00097.390 00098.300 00098.714 00098.910 00099.005 00099.201 00099.721 00100.030 00100.658 00100.973 00510.101 00169.779 00156.427 00131.161 00101.315 00100.952 00100.972 00100.910 00100.788 00100.811 00100.701 00100.528 00419.154 00501.824 00498.437 00497.209 00498.720 00504.201 00496.163 00177.767 00163.513 00153.822 00168.311 00182.794 -0001.000 -0001.000 -0001.000 -0001.000 -0001.000 00297.592 00975.177 01236.857 01234.143 01222.717 01195.078 -0001.000 -0001.000 -0001.000 01205.317 00734.961 01102.261
00311.339 00138.796 00093.118 00093.859 00094.398 00095.398 00095.661 00096.403 00096.786 00097.357 00098.328 00098.419 00098.314 00098.701 00098.699 00099.343 00100.113 00100.724 00333.073 00511.259 00492.531 00240.773 00155.636 00100.434 00100.585 00100.586 00100.562 00100.457 00100.384 00100.385 00273.118 00507.084 00499.445 00497.702 00497.177 00498.520 00504.594 00502.155 00179.127 00166.883 00156.972 00161.268 00178.977 00178.438 -0001.000 00182.141 00775.945 01149.887 01212.567 01223.978 01188.337 01242.693 01250.761 01234.818 01202.570 01220.008 01241.550 01250.806 01245.210 01233.473
00241.225 00126.158 00223.859 00102.873 00095.233 00095.644 00095.885 00096.505 00096.777 00097.317 00098.415 00098.572 00098.267 00098.282 00098.014 00098.420 00100.219 00100.166 00509.517 00510.882 00503.912 00499.349 00498.190 00141.675 00112.388 00500.091 00501.431 00504.354 00507.184 00506.674 00506.142 00503.189 00505.414 00503.213 00498.689 00499.759 00504.503 00503.710 00180.836 00169.536 00158.420 00157.615 00171.305 00179.812 00984.355 01131.785 01139.662 01148.559 01157.773 01180.167 01215.158 01241.724 01261.871 01253.107 01239.997 01256.727 01223.978 01202.937 01180.244 01161.999
00476.357 00475.543 00229.951 00105.255 00095.608 00095.726 00095.817 00096.727 00096.913 00097.667 00098.396 00098.580 00098.747 00097.077 00097.701 00098.744 00098.992 00099.845 00508.138 00510.123 00498.888 00496.952 00497.221 00238.776 00498.657 00498.533 00496.894 00504.900 00506.479 00506.119 00506.044 00505.477 00505.485 00506.076 00500.810 00502.855 00504.405 00490.485 00179.614 00165.140 00157.313 00157.216 00154.707 00746.928 01022.990 01066.084 01083.613 01103.919 01132.391 01157.789 01189.107 01237.762 01261.158 01262.171 01250.582 01211.060 01151.342 01135.295 01123.261 01121.280
00480.655 00462.993 00162.166 00095.365 00095.493 00104.239 00096.520 00096.952 00097.314 00098.061 00098.006 00099.068 00098.605 00098.074 00097.462 00097.662 00097.225 00098.702 00285.477 00507.358 00499.694 00497.297 00494.780 00492.965 00493.658 00492.367 00495.157 00507.616 00504.422 00506.983 00506.432 00504.412 00506.105 00504.719 00505.121 00504.090 00504.408 00186.401 00172.795 00161.943 00287.428 00949.936 01115.897 01105.253 01098.682 01092.306 01069.525 01032.577 01104.270 01135.402 01168.799 01211.873 01221.758 01215.768 01198.785 01148.670 00400.253 00317.726 00349.575 00361.510
00484.746 00482.586 00481.016 00192.759 00104.925 00123.870 00096.960 00097.265 00097.516 00098.023 00098.110 00098.954 00099.043 00097.270 00096.979 00097.213 00096.962 00099.576 00353.562 00506.438 00505.496 00497.426 00493.296 00493.018 00492.712 00492.462 00495.291 00395.539 00096.135 00507.769 00504.923 00506.908 00504.305 00501.964 00500.478 00503.695 00503.119 00186.423 00174.422 00167.341 01122.095 01144.167 01139.507 01132.895 01124.345 01115.474 01103.387 01096.192 01066.754 01089.798 01151.892 01152.640 01154.725 01171.371 01144.553 00682.158 00326.949 00346.462 00337.867 00359.847
00488.161 00485.539 00484.578 00484.481 00252.842 00108.213 00097.338 00097.059 00097.688 00097.851 00098.558 00099.311 00099.612 00097.550 00097.442 00097.062 00098.205 00098.290 00098.209 00179.586 00505.107 00498.881 00493.348 00493.107 00492.821 00492.669 00204.196 00096.183 00096.123 00235.090 00104.884 00391.879 00500.895 00498.803 00498.572 00499.848 00501.755 00186.985 00175.616 00255.418 00392.467 01159.616 01152.293 00926.451 00646.861 00476.488 00546.345 01125.553 01102.236 01071.196 00791.291 01101.218 01108.176 00967.191 00496.720 00337.761 00340.728 00307.032 00332.452 00332.103
