data/trial3/ashley.toa
NCOLS 382
NROWS 266
XLLCORNER 157819.328125
YLLCORNER 384678.625000
CELLSIZE 30.000000
NODATA_VALUE -1
[rows 78 to 103 of 266, columns 180 to 239 of 382]
00034.472 00033.942 00033.503 00033.098 00032.878 00032.991 00033.091 00033.214 00033.637 00033.998 00033.819 00033.593 00033.401 00024.982 00024.523 00024.224 00023.988 00024.178 00024.226 00024.457 00024.746 00024.806 00023.449 00022.376 00021.467 00020.889 00020.298 00019.375 00018.522 00018.320 00018.185 00018.589 00019.293 00020.703 00022.255 00024.376 00038.114 00039.863 00042.883 00041.264 00041.626 00042.573 00041.627 00040.238 00038.455 00037.882 00037.831 00038.076 00038.301 00038.645 00038.946 00039.205 00039.409 00039.629 00039.811 00040.001 00040.260 00040.567 00040.904 00041.162
00024.731 00024.300 00023.988 00023.747 00023.884 00024.031 00024.291 00024.805 00032.483 00024.655 00024.352 00024.199 00023.936 00023.563 00023.251 00022.876 00022.799 00022.546 00022.506 00022.585 00022.777 00021.826 00020.781 00020.029 00019.336 00018.898 00018.235 00017.859 00017.777 00017.749 00017.754 00017.978 00018.917 00020.799 00032.970 00033.247 00034.681 00036.778 00039.488 00039.690 00038.727 00039.930 00040.068 00039.120 00037.976 00037.619 00037.623 00037.935 00038.249 00038.603 00038.930 00039.230 00039.482 00039.682 00039.902 00040.117 00040.326 00040.590 00040.863 00041.160
00022.174 00021.987 00021.817 00021.868 00021.939 00022.254 00022.820 00023.350 00023.071 00022.873 00022.758 00022.639 00022.480 00022.306 00021.985 00021.759 00021.395 00021.051 00020.965 00021.053 00021.564 00019.591 00018.770 00018.100 00017.699 00017.487 00017.412 00017.436 00017.581 00017.664 00017.667 00017.752 00018.525 00020.287 00021.855 00023.459 00032.494 00034.380 00037.170 00038.055 00037.247 00036.522 00038.285 00037.731 00037.070 00037.236 00037.497 00037.836 00038.198 00038.576 00038.906 00039.244 00039.534 00039.798 00040.018 00040.188 00040.383 00040.593 00040.889 00041.181
00020.130 00020.074 00020.082 00020.109 00020.430 00020.875 00021.326 00021.255 00021.199 00021.187 00021.176 00021.081 00020.991 00020.877 00020.767 00020.563 00020.237 00020.068 00020.039 00020.211 00019.743 00017.848 00017.271 00017.017 00017.068 00017.169 00017.277 00017.419 00017.593 00017.571 00017.582 00017.621 00018.011 00018.948 00020.196 00021.341 00022.929 00032.167 00035.408 00036.738 00036.430 00036.341 00036.369 00036.676 00036.789 00036.991 00037.365 00037.743 00038.145 00038.517 00038.876 00039.250 00039.593 00039.853 00040.060 00040.250 00040.458 00040.708 00040.954 00041.202
00018.322 00018.328 00018.400 00018.806 00019.230 00019.531 00019.563 00019.596 00019.701 00019.797 00019.727 00019.679 00019.604 00019.576 00019.573 00019.313 00019.113 00019.077 00019.159 00019.251 00018.017 00016.844 00016.804 00016.885 00017.019 00017.138 00017.274 00017.423 00017.504 00017.501 00017.507 00017.512 00017.532 00018.041 00018.998 00019.839 00020.706 00022.765 00033.542 00036.479 00036.391 00036.287 00036.191 00036.395 00036.580 00036.907 00037.233 00037.640 00038.066 00038.448 00038.841 00039.246 00039.589 00039.879 00040.116 00040.339 00040.571 00040.804 00041.067 00041.365
00016.645 00016.926 00017.331 00017.718 00017.832 00017.862 00017.905 00018.032 00018.159 00018.121 00018.099 00018.034 00018.042 00018.132 00018.088 00018.055 00018.133 00018.233 00018.320 00018.289 00016.829 00016.717 00016.698 00016.856 00017.004 00017.144 00017.288 00017.429 00017.433 00017.438 00017.445 00017.451 00017.466 00017.498 00017.973 00018.525 00019.223 00020.686 00023.978 00034.563 00036.373 00036.174 00036.095 00036.290 00036.516 00036.851 00037.197 00037.600 00037.987 00038.413 00038.840 00039.234 00039.586 00039.915 00040.200 00040.446 00040.686 00040.945 00041.232 00041.508
00015.782 00015.889 00016.191 00016.239 00016.286 00016.337 00016.403 00016.486 00016.414 00016.398 00016.382 00016.456 00016.558 00016.647 00016.756 00017.027 00017.225 00017.445 00017.487 00016.949 00016.588 00016.587 00016.659 00016.836 00017.004 00017.161 00017.325 00017.364 00017.370 00017.375 00017.380 00017.392 00017.410 00017.426 00017.466 00017.528 00018.132 00019.334 00021.326 00033.181 00036.210 00035.930 00035.955 00036.176 00036.532 00036.888 00037.247 00037.627 00038.039 00038.434 00038.840 00039.232 00039.653 00040.025 00040.313 00040.578 00040.856 00041.133 00041.416 00041.660
00015.388 00015.411 00015.458 00015.493 00015.512 00015.521 00015.543 00015.493 00015.506 00015.521 00015.563 00015.617 00015.689 00015.772 00015.858 00016.015 00016.312 00016.287 00016.250 00016.076 00016.203 00016.422 00016.625 00016.816 00017.012 00017.190 00017.288 00017.298 00017.306 00017.309 00017.312 00017.330 00017.349 00017.376 00017.427 00017.476 00017.525 00018.196 00019.666 00024.513 00036.112 00035.406 00035.762 00036.168 00036.566 00036.974 00037.369 00037.759 00038.133 00038.521 00038.949 00039.368 00039.780 00040.153 00040.474 00040.788 00041.079 00041.361 00041.622 00041.821
00015.064 00015.116 00015.178 00015.224 00015.251 00015.271 00015.215 00015.228 00015.237 00015.243 00015.282 00015.331 00015.406 00015.488 00015.523 00015.542 00015.546 00015.570 00015.690 00015.895 00016.094 00016.333 00016.586 00016.799 00017.022 00017.156 00017.216 00017.230 00017.239 00017.243 00017.252 00017.269 00017.287 00017.331 00017.384 00017.438 00017.489 00017.539 00018.662 00022.756 00034.740 00035.301 00035.562 00036.166 00036.673 00037.075 00037.514 00037.939 00038.313 00038.673 00039.086 00039.523 00040.024 00040.383 00040.739 00041.052 00041.381 00041.670 00041.912 00042.054
00014.907 00014.957 00015.015 00015.058 00015.099 00015.051 00015.058 00015.058 00015.053 00015.034 00015.031 00015.078 00015.138 00015.183 00015.216 00015.233 00015.274 00015.370 00015.579 00015.773 00015.972 00016.228 00016.527 00016.777 00016.987 00017.126 00017.146 00017.163 00017.172 00017.179 00017.192 00017.206 00017.230 00017.286 00017.341 00017.400 00017.453 00017.504 00018.230 00020.699 00032.748 00035.077 00035.477 00036.491 00037.222 00037.519 00037.815 00038.164 00038.730 00039.040 00039.311 00039.871 00040.345 00040.816 00041.178 00041.541 00041.891 00042.082 00042.217 00042.263
00014.834 00014.885 00014.942 00014.989 00014.971 00014.957 00014.954 00014.950 00014.932 00014.917 00014.916 00014.921 00014.942 00014.977 00015.013 00015.046 00015.079 00015.277 00015.476 00015.655 00015.841 00016.078 00016.440 00016.710 00016.918 00017.041 00017.071 00017.093 00017.104 00017.117 00017.132 00017.146 00017.188 00017.241 00017.304 00017.364 00017.420 00017.480 00017.693 00019.577 00024.023 00034.205 00035.160 00036.942 00037.960 00038.295 00038.680 00039.175 00039.984 00040.231 00040.473 00040.902 00041.449 00042.078 00042.987 00042.690 00042.562 00042.621 00042.660 00042.559
00014.785 00014.834 00014.886 00014.904 00014.877 00014.876 00014.875 00014.861 00014.843 00014.835 00014.829 00014.838 00014.850 00014.861 00014.881 00014.905 00014.993 00015.192 00015.369 00015.541 00015.711 00015.962 00016.326 00016.608 00016.859 00016.938 00016.979 00017.012 00017.033 00017.052 00017.070 00017.096 00017.150 00017.205 00017.268 00017.329 00017.398 00017.458 00017.370 00018.774 00022.333 00032.300 00034.677 00036.163 00037.654 00039.118 00040.390 00041.209 00041.998 00042.320 00042.716 -0001.000 -0001.000 -0001.000 -0001.000 -0001.000 -0001.000 -0001.000 -0001.000 -0001.000
00014.746 00014.791 00014.821 00014.794 00014.799 00014.803 00014.798 00014.780 00014.772 00014.767 00014.771 00014.775 00014.793 00014.810 00014.827 00014.850 00014.931 00015.096 00015.260 00015.428 00015.593 00015.886 00016.186 00016.481 00016.729 00016.822 00016.878 00016.926 00016.960 00016.982 00017.002 00017.053 00017.111 00017.171 00017.234 00017.305 00017.378 00017.348 00017.263 00017.824 00020.452 00022.338 00033.161 00035.624 00037.110 00038.607 00040.372 -0001.000 -0001.000 -0001.000 -0001.000 -0001.000 -0001.000 -0001.000 -0001.000 -0001.000 -0001.000 -0001.000 -0001.000 -0001.000
00014.707 00014.752 00014.715 00014.718 00014.727 00014.732 00014.716 00014.708 00014.706 00014.711 00014.717 00014.730 00014.744 00014.771 00014.792 00014.819 00014.877 00014.990 00015.145 00015.315 00015.527 00015.823 00016.097 00016.374 00016.585 00016.696 00016.773 00016.837 00016.884 00016.911 00016.941 00017.008 00017.070 00017.134 00017.204 00017.281 00017.299 00017.193 00017.039 00017.053 00018.494 00019.663 00023.075 00034.442 00036.560 00038.273 00040.755 00042.310 -0001.000 -0001.000 -0001.000 -0001.000 -0001.000 -0001.000 -0001.000 -0001.000 -0001.000 -0001.000 -0001.000 -0001.000
00014.675 00014.651 00014.639 00014.648 00014.657 00014.649 00014.638 00014.640 00014.645 00014.655 00014.668 00014.684 00014.711 00014.739 00014.766 00014.791 00014.821 00014.909 00015.043 00015.207 00015.500 00015.748 00016.006 00016.297 00016.444 00016.566 00016.663 00016.739 00016.797 00016.837 00016.893 00016.960 00017.028 00017.095 00017.173 00017.223 00017.181 00017.046 00016.924 00016.987 00017.085 00017.611 00019.965 00024.323 00035.864 00038.213 00040.811 00041.712 -0001.000 -0001.000 -0001.000 -0001.000 -0001.000 -0001.000 -0001.000 -0001.000 -0001.000 -0001.000 -0001.000 -0001.000
00014.579 00014.565 00014.572 00014.579 00014.577 00014.563 00014.564 00014.569 00014.583 00014.597 00014.617 00014.643 00014.676 00014.711 00014.740 00014.766 00014.795 00014.836 00014.964 00015.166 00015.478 00015.723 00015.964 00016.237 00016.332 00016.438 00016.548 00016.626 00016.698 00016.756 00016.840 00016.912 00016.984 00017.063 00017.133 00017.099 00017.073 00016.920 00016.852 00016.919 00016.986 00017.064 00017.769 00020.817 00033.761 00038.181 00039.540 00041.492 -0001.000 -0001.000 -0001.000 -0001.000 -0001.000 -0001.000 -0001.000 -0001.000 -0001.000 -0001.000 -0001.000 -0001.000
00014.486 00014.492 00014.502 00014.508 00014.490 00014.482 00014.487 00014.502 00014.517 00014.540 00014.568 00014.603 00014.642 00014.683 00014.715 00014.741 00014.768 00014.814 00014.929 00015.170 00015.448 00015.682 00015.932 00016.133 00016.231 00016.324 00016.428 00016.504 00016.585 00016.683 00016.779 00016.860 00016.952 00017.034 00017.026 00016.995 00016.940 00016.812 00016.782 00016.854 00016.920 00016.997 00017.088 00018.386 00023.810 00035.987 00038.873 00041.630 -0001.000 -0001.000 -0001.000 -0001.000 -0001.000 -0001.000 -0001.000 -0001.000 -0001.000 -0001.000 -0001.000 -0001.000
00014.395 00014.412 00014.427 00014.414 00014.399 00014.399 00014.412 00014.432 00014.456 00014.482 00014.521 00014.563 00014.611 00014.656 00014.687 00014.714 00014.741 00014.817 00014.939 00015.141 00015.408 00015.652 00015.901 00016.035 00016.129 00016.215 00016.303 00016.380 00016.456 00016.601 00016.713 00016.821 00016.921 00017.006 00016.933 00016.902 00016.836 00016.713 00016.717 00016.795 00016.864 00016.936 00017.018 00017.132 00021.051 00033.655 00037.523 00040.332 00042.390 -0001.000 -0001.000 -0001.000 -0001.000 -0001.000 -0001.000 -0001.000 -0001.000 -0001.000 -0001.000 -0001.000
00014.299 00014.323 00014.326 00014.315 00014.310 00014.316 00014.335 00014.362 00014.392 00014.432 00014.474 00014.527 00014.577 00014.624 00014.660 00014.688 00014.743 00014.825 00014.957 00015.120 00015.365 00015.620 00015.843 00015.946 00016.027 00016.106 00016.185 00016.256 00016.345 00016.506 00016.644 00016.775 00016.887 00016.876 00016.841 00016.812 00016.732 00016.596 00016.657 00016.738 00016.811 00016.888 00016.967 00017.047 00018.804 00023.805 00035.130 00038.287 00041.305 -0001.000 -0001.000 -0001.000 -0001.000 -0001.000 -0001.000 -0001.000 -0001.000 -0001.000 -0001.000 -0001.000
00014.192 00014.214 00014.215 00014.215 00014.221 00014.235 00014.255 00014.289 00014.332 00014.379 00014.435 00014.490 00014.546 00014.596 00014.633 00014.687 00014.754 00014.841 00014.947 00015.060 00015.313 00015.608 00015.748 00015.857 00015.928 00015.994 00016.066 00016.136 00016.251 00016.412 00016.579 00016.725 00016.836 00016.793 00016.761 00016.729 00016.627 00016.526 00016.596 00016.680 00016.762 00016.844 00016.917 00016.999 00017.142 00020.725 00032.500 00035.934 00039.209 -0001.000 -0001.000 -0001.000 -0001.000 -0001.000 -0001.000 -0001.000 -0001.000 -0001.000 -0001.000 -0001.000
00014.066 00014.086 00014.102 00014.117 00014.136 00014.154 00014.180 00014.220 00014.270 00014.328 00014.390 00014.453 00014.515 00014.570 00014.631 00014.703 00014.771 00014.847 00014.906 00014.985 00015.251 00015.535 00015.640 00015.751 00015.820 00015.885 00015.949 00016.010 00016.156 00016.320 00016.501 00016.666 00016.734 00016.706 00016.679 00016.650 00016.532 00016.459 00016.532 00016.623 00016.712 00016.799 00016.866 00016.942 00017.057 00018.350 00022.238 00033.299 00036.862 00042.054 -0001.000 -0001.000 -0001.000 -0001.000 -0001.000 -0001.000 -0001.000 -0001.000 -0001.000 -0001.000
00013.851 00013.905 00013.952 00014.009 00014.046 00014.074 00014.106 00014.157 00014.214 00014.276 00014.343 00014.413 00014.480 00014.561 00014.647 00014.722 00014.786 00014.846 00014.850 00014.932 00015.191 00015.407 00015.521 00015.626 00015.699 00015.767 00015.833 00015.901 00016.054 00016.232 00016.417 00016.636 00016.626 00016.619 00016.593 00016.569 00016.445 00016.386 00016.465 00016.564 00016.660 00016.752 00016.816 00016.879 00017.001 00017.264 00019.626 00023.128 00035.629 00041.015 -0001.000 -0001.000 -0001.000 -0001.000 -0001.000 -0001.000 -0001.000 -0001.000 -0001.000 -0001.000
00013.632 00013.688 00013.779 00013.855 00013.916 00013.968 00014.032 00014.094 00014.159 00014.225 00014.296 00014.368 00014.457 00014.569 00014.668 00014.729 00014.776 00014.856 00014.800 00014.853 00015.123 00015.276 00015.395 00015.498 00015.574 00015.643 00015.711 00015.811 00015.959 00016.136 00016.337 00016.495 00016.505 00016.507 00016.493 00016.469 00016.351 00016.322 00016.396 00016.503 00016.604 00016.697 00016.766 00016.825 00016.968 00017.180 00017.809 00020.434 00034.604 00040.079 -0001.000 -0001.000 -0001.000 -0001.000 -0001.000 -0001.000 -0001.000 -0001.000 -0001.000 -0001.000
00013.423 00013.528 00013.638 00013.714 00013.782 00013.843 00013.916 00014.020 00014.100 00014.176 00014.248 00014.335 00014.449 00014.568 00014.656 00014.706 00014.787 00014.768 00014.742 00014.790 00015.036 00015.149 00015.271 00015.374 00015.453 00015.520 00015.589 00015.717 00015.872 00016.032 00016.290 00016.353 00016.369 00016.382 00016.390 00016.344 00016.215 00016.251 00016.323 00016.438 00016.545 00016.645 00016.719 00016.799 00016.941 00017.163 00017.427 00019.850 00033.637 00039.037 -0001.000 -0001.000 -0001.000 -0001.000 -0001.000 -0001.000 -0001.000 -0001.000 -0001.000 -0001.000
00013.232 00013.389 00013.520 00013.614 00013.664 00013.720 00013.795 00013.899 00014.038 00014.123 00014.214 00014.313 00014.411 00014.509 00014.590 00014.687 00014.771 00014.695 00014.680 00014.750 00014.925 00015.029 00015.151 00015.253 00015.336 00015.400 00015.468 00015.622 00015.783 00015.961 00016.197 00016.208 00016.237 00016.263 00016.272 00016.214 00016.106 00016.168 00016.245 00016.368 00016.490 00016.598 00016.688 00016.794 00016.940 00017.171 00017.352 00019.402 00032.775 00037.931 -0001.000 -0001.000 -0001.000 -0001.000 -0001.000 -0001.000 -0001.000 -0001.000 -0001.000 -0001.000
00013.074 00013.245 00013.395 00013.491 00013.558 00013.611 00013.679 00013.797 00013.944 00014.085 00014.193 00014.259 00014.332 00014.411 00014.531 00014.652 00014.653 00014.634 00014.623 00014.716 00014.811 00014.919 00015.028 00015.128 00015.210 00015.274 00015.356 00015.526 00015.693 00015.904 00016.012 00016.054 00016.098 00016.136 00016.154 00016.085 00016.021 00016.081 00016.167 00016.297 00016.441 00016.555 00016.678 00016.799 00016.983 00017.160 00017.335 00019.118 00024.995 00037.002 00041.695 -0001.000 -0001.000 -0001.000 -0001.000 -0001.000 -0001.000 -0001.000 -0001.000 -0001.000
