data/trial3/ashley.rci
NCOLS 382
NROWS 266
XLLCORNER 157819.328125
YLLCORNER 384678.625000
CELLSIZE 30.000000
NODATA_VALUE -1
[rows 182 to 207 of 266, columns 300 to 359 of 382]
00430.685 00262.149 00343.641 00238.603 00487.500 00242.123 00382.296 00651.688 00648.133 00648.009 00647.693 00644.251 00641.246 00638.772 00636.453 -0001.000 -0001.000 -0001.000 00635.020 00637.554 00639.796 00639.019 00638.244 00633.440 -0001.000 -0001.000 -0001.000 -0001.000 -0001.000 -0001.000 -0001.000 -0001.000 -0001.000 -0001.000 -0001.000 -0001.000 -0001.000 -0001.000 -0001.000 -0001.000 -0001.000 -0001.000 -0001.000 -0001.000 -0001.000 -0001.000 -0001.000 -0001.000 -0001.000 -0001.000 -0001.000 -0001.000 -0001.000 -0001.000 -0001.000 -0001.000 -0001.000 -0001.000 -0001.000 -0001.000
00326.843 00659.807 00657.988 00652.745 00424.867 00600.184 00660.759 00653.750 00655.052 00652.366 00647.712 00647.090 00643.873 00640.794 00638.039 00637.338 00638.579 00640.295 00640.734 00641.170 00643.825 00642.167 00638.235 00637.319 00634.465 -0001.000 -0001.000 -0001.000 -0001.000 -0001.000 -0001.000 -0001.000 -0001.000 -0001.000 -0001.000 -0001.000 -0001.000 -0001.000 -0001.000 -0001.000 -0001.000 -0001.000 -0001.000 -0001.000 -0001.000 -0001.000 -0001.000 -0001.000 -0001.000 -0001.000 -0001.000 -0001.000 -0001.000 -0001.000 -0001.000 -0001.000 -0001.000 -0001.000 -0001.000 -0001.000
00631.269 00549.259 00256.476 00492.959 00668.506 00662.484 00656.365 00667.766 00662.032 00651.503 00649.230 00647.595 00645.105 00641.007 00641.426 00642.949 00643.242 00643.603 00646.265 00645.116 00644.069 00643.224 00639.548 00638.272 00636.905 -0001.000 -0001.000 -0001.000 -0001.000 -0001.000 -0001.000 -0001.000 -0001.000 -0001.000 -0001.000 -0001.000 -0001.000 -0001.000 -0001.000 -0001.000 -0001.000 -0001.000 -0001.000 -0001.000 -0001.000 -0001.000 -0001.000 -0001.000 -0001.000 -0001.000 -0001.000 -0001.000 -0001.000 -0001.000 -0001.000 -0001.000 -0001.000 -0001.000 -0001.000 -0001.000
00555.012 00279.180 00158.303 00160.549 00468.676 00654.962 00669.263 00662.520 00656.600 00650.351 00656.178 00649.607 00644.790 00645.016 00647.740 00647.303 00649.582 00647.605 00646.530 00645.882 00645.177 00640.260 00640.736 00634.012 -0001.000 -0001.000 -0001.000 -0001.000 -0001.000 -0001.000 -0001.000 -0001.000 -0001.000 -0001.000 -0001.000 -0001.000 -0001.000 -0001.000 -0001.000 -0001.000 -0001.000 -0001.000 -0001.000 -0001.000 -0001.000 -0001.000 -0001.000 -0001.000 -0001.000 -0001.000 -0001.000 -0001.000 -0001.000 -0001.000 -0001.000 -0001.000 -0001.000 -0001.000 -0001.000 -0001.000
00349.833 00274.089 00159.409 00159.734 00238.013 00668.951 00662.418 00656.094 00651.177 00663.794 00652.319 00648.112 00649.462 00648.525 00649.233 00648.125 00648.102 00647.915 00643.688 00645.566 00641.141 00643.227 00638.491 -0001.000 -0001.000 -0001.000 -0001.000 -0001.000 -0001.000 -0001.000 -0001.000 -0001.000 -0001.000 -0001.000 -0001.000 -0001.000 -0001.000 -0001.000 -0001.000 -0001.000 -0001.000 -0001.000 -0001.000 -0001.000 -0001.000 -0001.000 -0001.000 -0001.000 -0001.000 -0001.000 -0001.000 -0001.000 -0001.000 -0001.000 -0001.000 -0001.000 -0001.000 -0001.000 -0001.000 -0001.000
00160.604 00159.857 00159.101 00161.230 00160.894 00351.805 00654.253 00673.683 00662.745 00654.166 00648.395 00652.858 00651.883 00649.168 00649.482 00648.670 00647.027 00647.444 00644.691 00646.292 00644.620 00641.177 -0001.000 -0001.000 -0001.000 -0001.000 -0001.000 -0001.000 00338.928 00633.681 00575.773 00633.429 00440.015 -0001.000 -0001.000 -0001.000 -0001.000 -0001.000 -0001.000 -0001.000 -0001.000 -0001.000 -0001.000 -0001.000 -0001.000 -0001.000 -0001.000 -0001.000 -0001.000 -0001.000 -0001.000 -0001.000 -0001.000 -0001.000 -0001.000 -0001.000 -0001.000 -0001.000 -0001.000 -0001.000
00161.577 00159.919 00161.681 00161.888 00162.615 00163.251 00669.826 00660.009 00651.280 00664.700 00655.835 00660.316 00655.749 00652.414 00649.646 00648.732 00647.327 00648.215 00646.472 00167.973 00646.046 00283.873 00570.357 00412.080 00151.963 00245.584 00457.041 00640.271 00459.084 00636.935 00637.390 00613.166 00644.305 00640.460 00636.840 00643.393 -0001.000 -0001.000 -0001.000 -0001.000 -0001.000 -0001.000 -0001.000 -0001.000 -0001.000 -0001.000 -0001.000 -0001.000 -0001.000 -0001.000 -0001.000 -0001.000 -0001.000 -0001.000 -0001.000 -0001.000 -0001.000 -0001.000 -0001.000 -0001.000
00161.163 00160.684 00161.605 00161.249 00161.347 00358.405 00653.440 00676.420 00670.289 00658.453 00661.228 00656.834 00651.525 00197.246 00621.827 00262.109 00648.512 00313.444 00334.040 00342.013 00533.112 00570.221 00634.525 00180.664 00414.113 00479.722 00641.990 00641.556 00642.146 00640.967 00638.363 00644.092 00641.067 00650.297 00646.356 00642.167 00638.143 00637.608 -0001.000 -0001.000 -0001.000 -0001.000 -0001.000 -0001.000 -0001.000 -0001.000 -0001.000 -0001.000 -0001.000 -0001.000 -0001.000 -0001.000 -0001.000 -0001.000 -0001.000 -0001.000 -0001.000 -0001.000 -0001.000 -0001.000
00163.061 00161.834 00162.245 00161.634 00161.181 00263.142 00612.183 00209.984 00342.524 00620.549 00655.328 00259.064 00373.028 00192.556 00326.868 00414.944 00370.535 00485.412 00533.563 00552.363 00622.618 00322.902 00536.774 00636.281 00306.584 00591.998 00163.760 00299.670 00580.755 00641.762 00365.548 00359.458 00416.113 00454.117 00592.758 00639.947 00637.779 00637.522 00629.824 -0001.000 -0001.000 -0001.000 -0001.000 -0001.000 -0001.000 -0001.000 -0001.000 -0001.000 -0001.000 -0001.000 -0001.000 -0001.000 -0001.000 -0001.000 -0001.000 -0001.000 -0001.000 -0001.000 -0001.000 -0001.000
00162.982 00162.338 00161.748 00160.867 00160.476 00462.212 00547.634 00170.515 00276.024 00492.026 00301.015 00589.335 00247.214 00418.159 00516.839 00570.079 00610.032 00189.978 00269.551 00421.876 00604.566 00415.297 00530.511 00235.688 00286.889 00408.536 00541.534 00171.938 00208.681 00225.239 00247.843 00311.394 00431.011 00539.844 00202.751 00642.633 00641.687 00631.756 -0001.000 -0001.000 -0001.000 -0001.000 -0001.000 -0001.000 -0001.000 -0001.000 -0001.000 -0001.000 -0001.000 -0001.000 -0001.000 -0001.000 -0001.000 -0001.000 -0001.000 -0001.000 -0001.000 -0001.000 -0001.000 -0001.000
00163.258 00160.636 00161.788 00161.196 00194.945 00251.227 00443.691 00554.550 00226.915 00488.628 00228.950 00341.795 00474.793 00649.452 00236.185 00309.814 00403.020 00521.632 00624.313 00524.078 00274.790 00533.579 00252.881 00501.008 00644.039 00295.734 00373.881 00432.578 00474.874 00532.225 00589.179 00181.028 00311.902 00385.497 00493.381 00639.260 00634.467 00634.417 -0001.000 -0001.000 -0001.000 -0001.000 -0001.000 -0001.000 -0001.000 -0001.000 -0001.000 -0001.000 -0001.000 -0001.000 -0001.000 -0001.000 -0001.000 -0001.000 -0001.000 -0001.000 -0001.000 -0001.000 -0001.000 -0001.000
00162.748 00161.543 00159.976 00159.318 00392.786 00197.313 00265.307 00351.573 00438.591 00373.167 00499.183 00590.774 00217.373 00410.023 00517.436 00627.161 00186.430 00430.094 00190.140 00472.075 00179.820 00347.941 00423.081 00282.307 00354.233 00611.069 00184.337 00227.353 00264.482 00304.182 00320.461 00349.616 00617.655 00178.567 00430.381 00636.027 00632.292 -0001.000 -0001.000 -0001.000 -0001.000 -0001.000 -0001.000 -0001.000 -0001.000 -0001.000 -0001.000 -0001.000 -0001.000 -0001.000 -0001.000 -0001.000 -0001.000 -0001.000 -0001.000 -0001.000 -0001.000 -0001.000 -0001.000 -0001.000
00161.498 00158.940 00157.625 00300.264 00583.804 00512.742 00535.102 00569.002 00568.850 00171.584 00265.045 00324.496 00602.804 00212.230 00285.961 00338.461 00600.909 00271.835 00355.404 00260.874 00327.761 00571.074 00584.663 00528.353 00542.790 00435.326 00453.485 00475.938 00500.753 00517.078 00517.439 00516.833 00414.036 00471.011 00631.449 00636.125 -0001.000 -0001.000 -0001.000 -0001.000 -0001.000 -0001.000 -0001.000 -0001.000 -0001.000 -0001.000 -0001.000 -0001.000 -0001.000 -0001.000 -0001.000 -0001.000 -0001.000 -0001.000 -0001.000 -0001.000 -0001.000 -0001.000 -0001.000 -0001.000
00161.744 00160.112 00159.001 00222.390 00281.185 00267.829 00263.704 00265.185 00296.420 00487.505 00503.227 00513.639 00421.216 00460.190 00495.702 00522.847 00437.086 00494.949 00525.901 00478.147 00484.998 00298.364 00269.074 00243.053 00284.816 00234.071 00213.942 00226.647 00239.228 00242.534 00227.526 00205.044 00185.997 00186.358 00610.236 00634.296 -0001.000 -0001.000 -0001.000 -0001.000 -0001.000 -0001.000 -0001.000 -0001.000 -0001.000 -0001.000 -0001.000 -0001.000 -0001.000 -0001.000 -0001.000 -0001.000 -0001.000 -0001.000 -0001.000 -0001.000 -0001.000 -0001.000 -0001.000 -0001.000
00160.664 00159.444 00160.558 00322.196 00484.576 00471.278 00463.494 00458.428 00471.825 00288.800 00260.854 00232.000 00213.813 00207.370 00210.521 00220.740 00229.928 00226.976 00220.599 00210.594 00160.835 00541.464 00470.999 00417.179 00579.836 00504.336 00459.726 00447.763 00441.797 00424.808 00407.689 00394.374 00381.040 00386.564 00635.966 00637.139 -0001.000 -0001.000 -0001.000 -0001.000 -0001.000 -0001.000 -0001.000 -0001.000 -0001.000 -0001.000 -0001.000 -0001.000 -0001.000 -0001.000 -0001.000 -0001.000 -0001.000 -0001.000 -0001.000 -0001.000 -0001.000 -0001.000 -0001.000 -0001.000
00161.761 00160.617 00159.705 00194.437 00206.149 00187.155 00169.378 00647.535 00636.555 00598.169 00571.174 00543.640 00519.944 00500.903 00482.812 00469.919 00459.960 00447.931 00436.379 00423.504 00369.833 00277.805 00192.277 00601.344 00424.353 00303.036 00197.467 00632.214 00619.780 00615.663 00610.785 00600.890 00578.138 00570.433 00636.932 -0001.000 -0001.000 -0001.000 -0001.000 -0001.000 -0001.000 -0001.000 -0001.000 -0001.000 -0001.000 -0001.000 -0001.000 -0001.000 -0001.000 -0001.000 -0001.000 -0001.000 -0001.000 -0001.000 -0001.000 -0001.000 -0001.000 -0001.000 -0001.000 -0001.000
00160.525 00159.567 00160.883 00382.294 00471.932 00447.237 00423.859 00402.773 00380.951 00359.025 00337.548 00315.261 00292.351 00269.646 00246.518 00223.867 00201.610 00181.454 00164.172 00639.040 00579.543 00482.388 00391.021 00303.658 00221.978 00619.075 00491.360 00403.152 00372.382 00360.768 00359.711 00361.295 00326.164 00587.563 00634.847 -0001.000 -0001.000 -0001.000 -0001.000 -0001.000 -0001.000 -0001.000 -0001.000 -0001.000 -0001.000 -0001.000 -0001.000 -0001.000 -0001.000 -0001.000 -0001.000 -0001.000 -0001.000 -0001.000 -0001.000 -0001.000 -0001.000 -0001.000 -0001.000 -0001.000
00161.027 00160.155 00159.464 00220.001 00263.376 00227.077 00192.335 00158.549 00626.213 00601.509 00577.451 00553.154 00528.546 00503.998 00479.584 00455.559 00431.069 00408.580 00388.965 00369.903 00302.152 00197.163 00589.721 00496.112 00408.473 00323.432 00240.601 00162.402 00584.506 00560.739 00571.325 00608.986 00193.703 00640.126 -0001.000 -0001.000 -0001.000 -0001.000 -0001.000 -0001.000 -0001.000 -0001.000 -0001.000 -0001.000 -0001.000 -0001.000 -0001.000 -0001.000 -0001.000 -0001.000 -0001.000 -0001.000 -0001.000 -0001.000 -0001.000 -0001.000 -0001.000 -0001.000 -0001.000 -0001.000
00161.534 00160.747 00160.060 00629.820 00586.683 00545.627 00506.206 00466.303 00430.746 00395.366 00360.987 00328.882 00296.122 00263.344 00231.852 00201.551 00172.871 00637.774 00614.183 00591.627 00514.403 00406.221 00301.822 00200.018 00594.106 00504.847 00418.881 00338.228 00277.669 00338.413 00351.197 00345.828 00569.231 00641.991 -0001.000 -0001.000 -0001.000 -0001.000 -0001.000 -0001.000 -0001.000 -0001.000 -0001.000 -0001.000 -0001.000 -0001.000 -0001.000 -0001.000 -0001.000 -0001.000 -0001.000 -0001.000 -0001.000 -0001.000 -0001.000 -0001.000 -0001.000 -0001.000 -0001.000 -0001.000
00160.057 00159.428 00253.820 00456.967 00403.372 00354.622 00309.867 00268.511 00228.215 00192.582 00159.759 00616.675 00579.732 00543.260 00507.833 00473.681 00440.798 00408.321 00377.642 00348.149 00242.145 00613.741 00505.213 00400.052 00298.817 00199.872 00596.470 00512.285 00444.823 00620.068 00568.637 00533.524 00423.274 00640.562 00636.505 -0001.000 -0001.000 -0001.000 -0001.000 -0001.000 -0001.000 -0001.000 -0001.000 -0001.000 -0001.000 -0001.000 -0001.000 -0001.000 -0001.000 -0001.000 -0001.000 -0001.000 -0001.000 -0001.000 -0001.000 -0001.000 -0001.000 -0001.000 -0001.000 -0001.000
00160.652 00159.995 00264.744 00240.805 00196.015 00643.823 00587.882 00536.369 00486.612 00443.063 00402.019 00363.953 00327.872 00293.299 00261.505 00231.040 00202.071 00174.322 00635.608 00598.137 00469.961 00344.700 00223.621 00599.699 00495.345 00393.732 00295.386 00200.546 00604.084 00434.797 00323.936 00241.815 00163.855 00638.241 00637.583 -0001.000 -0001.000 -0001.000 -0001.000 -0001.000 -0001.000 -0001.000 -0001.000 -0001.000 -0001.000 -0001.000 -0001.000 -0001.000 -0001.000 -0001.000 -0001.000 -0001.000 -0001.000 -0001.000 -0001.000 -0001.000 -0001.000 -0001.000 -0001.000 -0001.000
00159.968 00354.470 00502.938 00451.345 00402.152 00355.493 00310.553 00267.636 00226.633 00186.655 00639.221 00593.460 00550.690 00510.831 00474.851 00440.377 00407.848 00376.129 00344.813 00295.366 00193.580 00567.160 00442.665 00322.241 00206.054 00586.628 00485.417 00387.551 00293.512 00201.262 00585.466 00474.454 00356.092 00348.857 00643.828 00635.242 -0001.000 -0001.000 -0001.000 -0001.000 -0001.000 -0001.000 -0001.000 -0001.000 -0001.000 -0001.000 -0001.000 -0001.000 -0001.000 -0001.000 -0001.000 -0001.000 -0001.000 -0001.000 -0001.000 -0001.000 -0001.000 -0001.000 -0001.000 -0001.000
00220.942 00322.217 00240.175 00161.639 00601.540 00550.954 00502.559 00456.459 00411.067 00367.667 00326.833 00288.523 00251.785 00277.070 00213.734 00647.411 00610.737 00575.126 00540.844 00469.435 00364.982 00264.108 00166.838 00536.440 00416.981 00301.197 00189.074 00574.002 00477.075 00382.391 00289.305 00200.757 00577.039 00502.732 00640.923 00645.114 -0001.000 -0001.000 -0001.000 -0001.000 -0001.000 -0001.000 -0001.000 -0001.000 -0001.000 -0001.000 -0001.000 -0001.000 -0001.000 -0001.000 -0001.000 -0001.000 -0001.000 -0001.000 -0001.000 -0001.000 -0001.000 -0001.000 -0001.000 -0001.000
00195.070 00610.369 00523.740 00441.888 00362.763 00287.265 00213.439 00639.850 00592.322 00546.573 00502.994 00461.925 00194.946 00604.951 00529.694 00460.178 00396.318 00336.664 00280.756 00639.728 00533.567 00430.616 00331.350 00235.205 00626.195 00507.420 00392.681 00281.301 00173.807 00563.229 00468.244 00376.930 00284.384 00197.965 00637.233 00638.180 00639.726 -0001.000 -0001.000 -0001.000 -0001.000 -0001.000 -0001.000 -0001.000 -0001.000 -0001.000 -0001.000 -0001.000 -0001.000 -0001.000 -0001.000 -0001.000 -0001.000 -0001.000 -0001.000 -0001.000 -0001.000 -0001.000 -0001.000 -0001.000
00406.547 00336.256 00269.485 00204.938 00630.232 00550.423 00473.445 00399.417 00328.714 00261.083 00195.415 00631.402 00525.710 00438.982 00354.413 00272.085 00192.066 00610.862 00501.411 00358.993 00223.149 00595.290 00493.784 00395.830 00300.180 00207.171 00594.482 00480.371 00369.706 00263.399 00160.850 00552.637 00460.020 00375.705 00308.663 00246.098 00240.605 -0001.000 -0001.000 -0001.000 -0001.000 -0001.000 -0001.000 -0001.000 -0001.000 -0001.000 -0001.000 -0001.000 -0001.000 -0001.000 -0001.000 -0001.000 -0001.000 -0001.000 -0001.000 -0001.000 -0001.000 -0001.000 -0001.000 -0001.000
00613.554 00541.534 00472.402 00405.286 00339.719 00276.974 00216.425 00649.532 00575.354 00503.761 00435.064 00366.153 00301.706 00237.573 00174.736 00588.556 00505.849 00403.852 00228.852 00563.716 00425.649 00293.414 00166.523 00554.327 00456.515 00361.431 00269.861 00181.796 00564.486 00455.483 00350.422 00247.819 00633.717 00546.218 00471.840 00398.514 00516.437 -0001.000 -0001.000 -0001.000 -0001.000 -0001.000 -0001.000 -0001.000 -0001.000 -0001.000 -0001.000 -0001.000 -0001.000 -0001.000 -0001.000 -0001.000 -0001.000 -0001.000 -0001.000 -0001.000 -0001.000 -0001.000 -0001.000 -0001.000
