data/trial3/ashley.ros
NCOLS 382
NROWS 266
XLLCORNER 157819.328125
YLLCORNER 384678.625000
CELLSIZE 30.000000
NODATA_VALUE -1
[rows 170 to 203 of 266, columns 154 to 230 of 382]
-1.00 -1.00 -1.00 -1.00 -1.00 00.56 10.08 12.65 14.21 02.79 -1.00 06.13 16.24 16.33 16.42 16.50 16.53 16.57 16.78 17.00 17.16 17.33 17.46 17.50 17.56 17.70 18.01 18.47 18.72 18.03 16.23 14.15 11.77 10.54 10.47 10.61 10.80 11.01 11.34 11.58 11.45 11.58 11.97 10.86 09.99 09.66 08.22 09.55 10.03 06.94 04.42 07.65 08.31 10.57 10.92 14.12 17.90 19.47 20.93 22.21 23.32 24.20 25.10 25.94 26.57 26.42 16.39 14.62 15.48 16.79 18.06 16.78 08.99 08.18 09.06 09.07 11.82
-1.00 -1.00 -1.00 -1.00 -1.00 -1.00 06.64 08.56 09.87 11.01 -1.00 00.38 07.75 09.00 09.33 09.50 09.57 09.62 09.98 10.69 11.05 10.53 09.99 09.89 09.88 09.88 09.87 09.92 09.99 10.01 10.01 10.04 10.17 10.28 10.05 09.88 09.82 09.90 10.19 10.19 10.84 11.12 10.80 10.24 09.46 08.21 08.92 08.86 06.75 03.42 06.14 07.25 16.19 23.03 24.26 15.51 16.98 18.55 19.71 20.84 21.92 22.91 23.71 24.02 23.88 25.12 18.81 11.33 08.90 08.63 09.00 09.34 09.85 07.05 07.41 06.98 05.02
-1.00 -1.00 -1.00 -1.00 -1.00 -1.00 -1.00 -1.00 02.33 06.70 -1.00 -1.00 05.42 08.16 08.69 08.91 09.01 09.01 09.02 09.11 09.20 09.24 09.27 09.30 09.30 09.30 09.32 09.34 09.40 09.44 09.50 09.45 09.27 09.33 09.37 09.16 09.63 09.99 10.11 10.06 09.97 10.00 09.77 09.52 08.75 08.19 06.68 04.28 06.75 05.02 07.66 16.84 21.25 23.30 23.89 19.45 18.68 18.68 18.66 19.56 20.70 21.15 21.62 22.13 21.78 15.05 13.94 14.29 14.53 07.97 08.39 08.62 08.70 08.41 08.44 09.47 06.59
-1.00 -1.00 -1.00 -1.00 -1.00 -1.00 -1.00 -1.00 -1.00 -1.00 -1.00 -1.00 09.49 08.76 07.61 07.97 08.15 08.20 08.20 08.25 08.34 08.41 08.43 08.44 08.45 08.46 08.46 08.48 08.64 09.12 09.48 09.64 09.64 09.57 09.49 09.35 09.16 09.09 08.95 08.83 08.72 08.57 08.31 08.00 07.38 06.01 01.77 06.67 04.99 11.21 17.57 19.10 21.29 21.92 22.23 22.64 21.96 18.03 18.00 17.99 18.75 19.55 20.58 15.68 12.90 13.11 12.96 13.00 11.33 10.93 12.36 10.08 12.65 15.52 10.96 11.29 14.34
-1.00 -1.00 -1.00 -1.00 -1.00 -1.00 -1.00 -1.00 -1.00 -1.00 -1.00 -1.00 02.58 08.45 08.58 08.78 08.90 08.96 08.97 09.00 09.07 09.13 09.11 09.09 09.06 09.04 09.02 08.96 08.91 08.89 08.89 08.84 08.71 08.54 08.39 08.26 08.10 07.80 07.61 07.48 07.43 07.35 06.83 05.71 04.10 05.14 05.73 06.14 13.48 19.69 21.43 23.06 23.96 23.37 20.80 21.21 21.86 22.31 22.84 15.64 14.96 11.86 10.86 11.52 11.61 11.67 11.63 11.85 12.38 15.39 14.44 15.96 14.73 17.61 22.97 28.56 13.22
-1.00 -1.00 -1.00 -1.00 -1.00 -1.00 -1.00 -1.00 -1.00 -1.00 -1.00 -1.00 -1.00 01.92 07.52 07.69 07.80 07.86 07.87 07.89 07.96 08.03 08.01 07.99 07.96 07.94 07.92 07.88 07.82 07.74 07.65 07.51 07.39 07.26 07.17 07.10 06.99 06.72 06.33 05.95 05.14 04.30 00.68 04.88 05.26 05.70 08.18 17.72 21.27 22.06 23.16 24.45 25.78 26.10 25.40 24.73 21.44 16.87 12.12 10.50 09.34 09.62 09.97 10.34 10.49 10.70 11.33 15.47 15.86 16.46 17.92 19.48 14.61 16.20 18.05 19.37 16.25
-1.00 -1.00 -1.00 -1.00 -1.00 -1.00 -1.00 -1.00 -1.00 -1.00 -1.00 -1.00 -1.00 -1.00 01.89 06.02 06.36 06.58 06.60 06.61 06.69 06.78 06.79 06.77 06.74 06.72 06.71 06.68 06.64 06.54 06.42 06.27 06.03 05.71 05.16 04.64 04.14 01.08 04.02 04.77 04.88 05.02 05.21 05.38 08.73 17.03 20.01 21.20 22.01 22.87 23.64 24.40 25.21 25.70 24.88 23.54 18.53 14.82 15.36 16.30 15.43 09.13 09.54 09.98 12.04 15.45 16.35 16.92 17.47 18.14 20.04 22.44 24.25 13.63 14.16 14.13 12.78
-1.00 -1.00 -1.00 -1.00 -1.00 -1.00 -1.00 -1.00 -1.00 -1.00 -1.00 -1.00 -1.00 -1.00 -1.00 00.88 03.18 03.67 03.80 03.83 03.95 04.14 04.29 04.19 04.05 03.87 03.78 03.68 03.45 00.75 01.43 03.23 04.46 04.71 04.78 04.85 04.96 05.09 05.22 05.36 06.74 10.88 15.83 17.98 18.67 19.64 20.42 21.07 21.86 22.63 22.81 23.10 23.96 24.51 24.13 21.34 14.39 14.75 15.90 15.78 16.35 17.12 18.44 17.83 15.77 15.66 16.35 16.95 17.69 19.34 21.47 23.01 23.62 22.40 15.26 13.76 12.67
-1.00 -1.00 -1.00 -1.00 -1.00 -1.00 -1.00 -1.00 -1.00 -1.00 -1.00 -1.00 -1.00 -1.00 -1.00 -1.00 02.05 02.74 04.60 04.61 04.62 04.61 04.59 04.65 04.74 04.75 04.78 04.80 04.85 04.91 04.97 05.03 05.10 05.24 06.91 09.49 12.10 14.80 16.79 17.26 17.73 18.12 18.33 18.60 19.09 19.74 20.33 20.94 21.57 22.12 22.49 22.79 23.29 23.90 20.07 14.30 14.45 15.31 15.64 16.31 16.57 21.20 20.90 20.84 20.66 20.16 16.51 17.27 18.41 19.67 21.18 21.95 21.37 20.17 18.87 14.85 11.87
-1.00 -1.00 -1.00 -1.00 -1.00 -1.00 -1.00 -1.00 -1.00 -1.00 -1.00 -1.00 -1.00 -1.00 -1.00 -1.00 -1.00 00.74 12.71 12.90 13.17 12.79 11.99 11.50 12.52 13.45 14.21 14.79 15.30 15.51 15.74 15.99 16.23 16.55 17.01 17.29 17.36 17.56 17.79 18.03 18.25 18.43 18.51 18.70 19.10 19.58 20.18 20.82 21.31 21.71 22.18 22.67 22.39 16.23 14.57 14.51 14.51 14.11 14.95 15.46 21.10 21.97 22.60 23.43 23.10 23.26 22.94 16.81 17.81 19.22 19.87 21.29 22.34 21.40 19.73 14.13 09.96
-1.00 -1.00 -1.00 -1.00 -1.00 -1.00 -1.00 -1.00 -1.00 -1.00 -1.00 -1.00 -1.00 -1.00 -1.00 -1.00 -1.00 -1.00 05.86 13.92 14.76 15.59 15.68 15.73 15.93 16.29 16.37 16.35 16.43 16.52 16.67 16.82 16.98 17.13 17.35 17.64 17.77 17.82 18.01 18.20 18.36 18.52 18.70 18.95 19.22 19.50 19.87 20.43 20.97 21.46 21.04 15.71 12.90 13.31 13.41 13.38 12.79 13.24 14.66 20.61 21.79 22.43 23.06 23.61 24.24 24.48 23.72 23.75 18.52 21.83 21.91 21.65 20.90 21.98 19.24 13.97 09.80
-1.00 -1.00 -1.00 -1.00 -1.00 -1.00 -1.00 -1.00 -1.00 -1.00 -1.00 -1.00 -1.00 -1.00 -1.00 -1.00 -1.00 -1.00 -1.00 12.71 13.81 15.00 15.94 16.04 16.12 16.41 16.75 16.72 16.73 16.81 16.90 17.05 17.20 17.35 17.50 17.73 18.00 18.11 18.16 18.33 18.46 18.60 18.78 19.01 19.28 19.52 19.79 19.67 16.33 12.74 12.24 12.39 12.56 12.75 12.84 12.69 13.35 17.67 20.37 21.25 21.76 22.35 22.85 23.40 23.98 24.23 23.99 24.75 23.63 23.56 22.24 21.08 19.67 19.84 22.39 18.88 11.66
-1.00 -1.00 -1.00 -1.00 -1.00 -1.00 -1.00 -1.00 -1.00 -1.00 -1.00 -1.00 -1.00 -1.00 -1.00 -1.00 -1.00 -1.00 -1.00 -1.00 03.81 15.82 15.99 16.15 16.31 16.47 16.79 17.05 17.01 17.04 17.12 17.23 17.37 17.52 17.67 17.82 18.06 18.32 18.42 18.49 18.62 18.80 19.04 17.20 14.50 11.62 11.06 11.34 11.47 11.74 12.17 12.44 12.49 12.58 13.01 15.59 20.04 20.53 20.99 21.19 21.78 22.36 22.83 23.36 23.99 23.90 24.35 25.07 25.27 24.66 23.33 21.81 21.36 21.01 21.14 21.30 14.56
-1.00 -1.00 -1.00 -1.00 -1.00 -1.00 -1.00 -1.00 -1.00 -1.00 -1.00 -1.00 -1.00 -1.00 -1.00 -1.00 -1.00 -1.00 -1.00 -1.00 -1.00 08.61 15.00 16.21 16.43 16.60 16.83 17.14 17.31 17.26 17.33 17.41 17.53 17.68 17.83 17.86 16.98 15.40 13.72 11.81 10.59 10.70 10.81 10.93 11.08 11.20 11.24 11.38 11.51 11.69 11.98 12.17 12.27 14.81 19.60 20.80 21.13 21.36 21.42 21.69 23.33 23.09 22.83 23.36 23.63 23.89 24.96 25.18 25.20 24.78 23.44 22.84 23.09 23.18 22.79 21.46 16.01
-1.00 -1.00 -1.00 -1.00 -1.00 -1.00 -1.00 -1.00 -1.00 -1.00 -1.00 -1.00 -1.00 -1.00 -1.00 -1.00 -1.00 -1.00 -1.00 -1.00 -1.00 -1.00 00.38 05.61 09.43 09.52 09.62 09.75 09.90 09.93 09.93 09.96 10.00 10.08 10.15 10.23 10.31 10.40 10.53 10.66 10.71 10.78 10.88 10.99 11.02 11.12 11.31 11.43 11.53 11.72 14.18 17.85 18.82 19.60 20.32 20.86 21.12 21.47 22.75 24.21 24.03 23.43 23.32 23.29 23.69 24.78 25.09 25.21 24.91 24.38 23.29 24.21 24.73 25.09 25.86 23.12 18.36
-1.00 -1.00 -1.00 -1.00 -1.00 -1.00 -1.00 -1.00 -1.00 -1.00 -1.00 -1.00 -1.00 -1.00 -1.00 -1.00 -1.00 -1.00 -1.00 -1.00 -1.00 -1.00 -1.00 -1.00 08.74 09.12 09.49 09.81 09.95 10.09 10.07 10.09 10.13 10.17 10.25 10.32 10.40 10.48 10.58 10.71 10.82 10.87 10.95 11.06 11.18 12.42 15.10 17.34 17.85 18.42 18.80 19.09 19.43 19.73 20.03 20.50 20.93 21.80 23.20 24.69 24.89 23.29 23.18 23.94 24.65 24.97 25.17 24.97 24.90 24.31 24.51 25.12 26.54 26.07 26.08 21.28 16.82
-1.00 -1.00 -1.00 -1.00 -1.00 -1.00 -1.00 -1.00 -1.00 -1.00 -1.00 -1.00 -1.00 -1.00 -1.00 -1.00 -1.00 -1.00 -1.00 -1.00 -1.00 -1.00 -1.00 -1.00 -1.00 02.07 09.68 09.87 10.03 10.15 10.22 10.20 04.10 00.96 02.68 05.57 10.17 10.42 11.62 13.23 15.05 16.69 17.04 17.44 17.87 18.11 18.30 18.48 18.61 18.77 18.95 19.17 19.39 19.70 20.01 20.34 20.82 21.29 22.09 23.27 22.62 22.56 24.07 24.59 24.87 25.06 25.01 25.04 25.07 24.96 25.26 25.83 26.10 26.37 25.25 23.21 18.39
-1.00 -1.00 -1.00 -1.00 -1.00 -1.00 -1.00 -1.00 -1.00 -1.00 -1.00 -1.00 -1.00 -1.00 -1.00 -1.00 -1.00 -1.00 -1.00 -1.00 -1.00 -1.00 -1.00 -1.00 -1.00 -1.00 -1.00 -1.00 -1.00 02.92 13.69 17.48 18.84 10.05 -1.00 -1.00 -1.00 02.89 09.50 16.72 17.59 17.86 17.99 18.06 18.22 18.39 18.53 18.67 18.84 18.95 19.06 19.23 19.41 19.65 20.01 20.36 20.66 21.54 22.74 23.38 23.76 24.22 24.52 24.79 25.04 25.13 25.12 25.22 25.15 25.28 25.40 25.70 25.99 25.87 25.55 25.37 22.95
-1.00 -1.00 -1.00 -1.00 -1.00 -1.00 -1.00 -1.00 -1.00 -1.00 -1.00 -1.00 -1.00 -1.00 -1.00 -1.00 -1.00 -1.00 -1.00 -1.00 -1.00 -1.00 -1.00 -1.00 -1.00 -1.00 -1.00 -1.00 -1.00 05.27 11.81 16.19 19.08 21.89 -1.00 -1.00 -1.00 06.36 13.48 15.96 17.07 17.58 18.12 18.19 18.28 18.46 18.63 18.75 18.87 19.00 19.11 19.21 19.47 19.74 19.93 20.16 20.39 21.08 22.96 23.93 24.05 24.18 24.59 24.85 25.05 25.22 25.28 25.24 25.27 25.40 25.42 25.58 25.99 26.02 25.87 25.38 25.10
-1.00 -1.00 -1.00 -1.00 -1.00 -1.00 -1.00 -1.00 -1.00 -1.00 -1.00 -1.00 -1.00 -1.00 -1.00 -1.00 -1.00 -1.00 -1.00 -1.00 -1.00 -1.00 -1.00 -1.00 -1.00 -1.00 -1.00 -1.00 -1.00 -1.00 -1.00 -1.00 -1.00 -1.00 -1.00 -1.00 00.32 09.95 11.81 14.44 16.37 17.35 17.91 18.34 18.40 18.52 18.67 18.81 18.95 19.11 19.26 19.35 19.44 19.73 20.82 21.92 22.50 22.81 23.17 23.56 23.79 24.02 24.41 24.81 25.04 25.19 25.30 25.28 25.46 25.58 25.72 26.07 26.19 26.19 25.85 25.47 25.66
-1.00 -1.00 -1.00 -1.00 -1.00 -1.00 -1.00 -1.00 -1.00 -1.00 -1.00 -1.00 -1.00 -1.00 -1.00 -1.00 -1.00 -1.00 -1.00 -1.00 -1.00 -1.00 -1.00 -1.00 -1.00 -1.00 -1.00 -1.00 -1.00 -1.00 -1.00 -1.00 -1.00 -1.00 -1.00 -1.00 05.88 11.77 12.29 13.86 15.50 17.07 17.60 18.17 18.49 18.56 18.70 18.86 19.02 19.77 20.65 21.45 21.71 21.93 22.29 22.61 22.87 23.20 23.28 23.32 23.61 23.91 24.24 24.61 24.98 25.09 25.13 25.30 25.52 25.87 26.12 26.25 26.33 26.28 25.98 26.20 26.06
-1.00 -1.00 -1.00 -1.00 -1.00 -1.00 -1.00 -1.00 -1.00 -1.00 -1.00 -1.00 -1.00 -1.00 -1.00 -1.00 -1.00 -1.00 -1.00 -1.00 -1.00 -1.00 -1.00 -1.00 -1.00 -1.00 -1.00 -1.00 -1.00 -1.00 -1.00 -1.00 -1.00 -1.00 -1.00 06.49 10.26 11.74 13.73 15.98 16.44 16.98 17.85 18.90 19.95 20.67 21.03 21.22 21.40 21.64 21.92 22.06 22.12 22.21 22.41 22.64 22.78 22.90 23.05 23.20 23.42 23.68 24.07 24.33 24.55 24.79 24.96 25.22 25.95 26.17 26.29 26.37 26.43 26.52 26.48 26.51 26.51
-1.00 -1.00 -1.00 -1.00 -1.00 -1.00 -1.00 -1.00 -1.00 -1.00 -1.00 -1.00 -1.00 -1.00 -1.00 -1.00 -1.00 -1.00 -1.00 -1.00 -1.00 -1.00 -1.00 -1.00 -1.00 -1.00 -1.00 -1.00 -1.00 -1.00 -1.00 -1.00 -1.00 -1.00 -1.00 10.09 10.59 12.17 14.18 15.66 17.53 19.04 20.04 20.59 21.04 21.36 21.48 21.61 21.72 21.83 21.95 22.06 22.17 22.30 22.43 22.54 22.64 22.83 23.07 23.09 23.01 23.36 23.62 23.86 24.19 24.52 25.11 25.96 26.14 26.32 26.42 26.51 26.58 26.43 26.68 26.74 26.71
-1.00 -1.00 -1.00 -1.00 -1.00 -1.00 -1.00 -1.00 -1.00 -1.00 -1.00 -1.00 -1.00 -1.00 -1.00 -1.00 -1.00 -1.00 -1.00 -1.00 -1.00 -1.00 -1.00 -1.00 10.66 05.67 01.76 10.40 03.21 14.72 02.89 -1.00 -1.00 -1.00 -1.00 -1.00 12.11 12.40 14.26 16.23 17.50 18.84 19.91 20.58 20.97 21.36 21.59 21.75 21.83 21.90 21.99 22.10 22.21 22.34 22.50 22.65 22.73 22.89 23.17 23.31 23.26 23.15 23.55 23.84 24.30 25.48 25.94 25.82 26.02 19.76 26.40 26.40 26.22 26.62 26.81 26.88 26.77
-1.00 -1.00 -1.00 -1.00 -1.00 -1.00 -1.00 -1.00 -1.00 -1.00 -1.00 -1.00 -1.00 -1.00 -1.00 -1.00 -1.00 -1.00 -1.00 -1.00 -1.00 -1.00 -1.00 10.27 10.63 10.75 11.66 11.24 12.86 13.13 11.66 09.29 -1.00 -1.00 -1.00 -1.00 -1.00 12.97 14.28 16.21 17.32 18.49 19.54 20.49 20.89 21.30 21.67 21.79 21.89 21.97 22.05 22.15 22.29 22.46 22.57 22.61 22.81 23.08 23.31 23.45 23.56 23.85 25.04 25.70 25.73 25.69 14.42 04.59 07.40 13.94 23.27 25.83 26.38 26.78 26.87 26.90 26.95
-1.00 -1.00 -1.00 -1.00 -1.00 -1.00 -1.00 -1.00 -1.00 -1.00 -1.00 -1.00 -1.00 -1.00 -1.00 -1.00 -1.00 -1.00 -1.00 -1.00 -1.00 -1.00 10.26 10.53 10.54 10.58 11.06 11.37 11.78 12.67 10.16 03.89 00.57 -1.00 -1.00 -1.00 -1.00 00.18 14.43 15.96 17.16 18.23 19.24 20.21 20.81 21.23 21.63 21.84 21.93 22.02 22.12 22.24 22.42 22.60 22.67 22.69 22.75 23.02 23.53 24.19 24.90 25.57 26.45 24.73 04.72 04.64 04.60 04.55 04.40 04.06 12.26 25.57 25.91 26.69 26.93 26.97 37.82
-1.00 -1.00 -1.00 -1.00 -1.00 -1.00 -1.00 -1.00 -1.00 -1.00 -1.00 -1.00 -1.00 -1.00 -1.00 -1.00 -1.00 -1.00 -1.00 -1.00 -1.00 -1.00 10.48 10.70 10.64 10.29 10.89 11.08 11.13 10.35 10.44 06.03 10.73 01.31 10.30 01.69 -1.00 -1.00 11.54 16.00 16.87 18.01 19.11 19.95 20.73 21.14 21.55 21.92 22.00 22.10 22.18 22.27 22.39 22.72 23.26 23.73 24.02 24.22 24.44 24.78 25.34 24.13 12.58 05.55 04.66 04.89 05.61 05.61 05.58 04.06 08.79 20.61 25.05 25.90 27.97 38.80 41.73
-1.00 -1.00 -1.00 -1.00 -1.00 -1.00 -1.00 -1.00 -1.00 -1.00 -1.00 -1.00 -1.00 -1.00 -1.00 -1.00 -1.00 -1.00 -1.00 -1.00 -1.00 10.43 10.68 10.92 10.70 10.35 10.70 11.00 10.05 10.38 10.53 09.66 07.16 07.27 10.15 08.21 03.99 00.81 14.39 17.57 13.65 08.43 04.93 11.96 20.54 21.04 16.07 07.93 09.77 20.19 23.55 23.65 23.87 24.10 24.23 24.32 24.39 24.49 24.74 24.83 25.95 27.82 21.99 11.48 05.79 05.89 05.68 05.65 05.71 05.62 14.86 12.47 23.92 32.01 38.20 42.21 42.83
-1.00 -1.00 -1.00 -1.00 -1.00 -1.00 -1.00 -1.00 -1.00 -1.00 -1.00 -1.00 -1.00 -1.00 -1.00 -1.00 -1.00 -1.00 -1.00 -1.00 -1.00 10.90 10.93 11.09 10.24 10.41 10.68 10.77 10.26 10.53 10.78 09.79 09.84 09.90 10.37 10.33 10.68 06.47 14.87 18.68 16.31 10.37 06.29 05.27 05.14 05.15 05.25 04.89 13.13 14.86 22.99 23.43 23.99 24.24 24.33 24.43 24.50 24.58 24.65 24.77 25.19 26.24 27.37 21.49 05.68 05.39 05.96 05.48 04.04 03.22 16.92 19.99 29.56 36.18 38.64 40.99 41.68
-1.00 -1.00 -1.00 -1.00 -1.00 -1.00 -1.00 -1.00 -1.00 -1.00 -1.00 -1.00 -1.00 -1.00 -1.00 -1.00 -1.00 -1.00 -1.00 -1.00 -1.00 11.40 11.42 11.13 10.22 10.41 10.64 10.30 10.57 10.69 11.01 09.92 10.06 10.09 10.84 10.95 12.44 12.38 14.67 18.96 19.13 12.68 05.55 05.52 05.32 05.21 05.32 04.90 04.72 11.88 21.83 22.66 23.57 24.32 24.42 24.52 24.61 24.68 24.76 24.95 25.14 26.02 15.24 06.09 05.52 04.61 03.91 03.48 06.98 06.76 17.27 20.07 25.62 34.46 38.02 41.94 42.73
-1.00 -1.00 -1.00 -1.00 -1.00 -1.00 -1.00 -1.00 -1.00 -1.00 -1.00 -1.00 -1.00 -1.00 -1.00 -1.00 -1.00 -1.00 -1.00 -1.00 -1.00 10.77 09.09 11.40 10.21 10.42 10.63 10.50 10.84 10.91 10.47 10.11 10.28 10.35 11.55 12.43 14.39 14.51 15.90 13.10 05.49 05.58 06.95 07.21 06.88 06.43 06.69 06.65 04.78 12.16 20.27 22.18 23.23 24.19 24.47 24.59 24.71 24.78 24.85 25.01 25.70 25.60 17.00 11.04 13.72 10.94 10.95 15.71 17.85 11.62 17.65 20.22 24.38 32.22 36.42 40.39 42.17
-1.00 -1.00 -1.00 -1.00 -1.00 -1.00 -1.00 -1.00 -1.00 -1.00 -1.00 -1.00 -1.00 -1.00 -1.00 -1.00 -1.00 -1.00 -1.00 -1.00 -1.00 07.01 05.68 11.61 10.20 10.41 10.62 10.77 11.15 11.29 10.31 10.36 10.50 10.80 12.48 14.03 16.43 18.57 19.58 15.13 08.26 07.45 07.44 07.32 07.17 06.60 06.66 07.00 04.83 04.83 04.61 09.05 05.33 11.34 18.78 20.40 23.07 24.53 24.75 25.17 26.42 27.90 26.17 21.89 34.21 23.07 25.89 24.56 23.02 22.23 17.58 20.13 21.81 29.07 34.05 37.57 40.88
-1.00 -1.00 -1.00 -1.00 -1.00 -1.00 -1.00 -1.00 -1.00 -1.00 -1.00 -1.00 -1.00 -1.00 -1.00 -1.00 -1.00 -1.00 -1.00 -1.00 -1.00 -1.00 03.27 11.76 10.20 10.42 10.62 11.03 11.37 11.65 10.52 10.62 10.83 11.74 13.60 15.64 17.55 20.52 14.52 21.31 07.20 07.56 07.54 07.39 07.26 06.84 06.34 06.18 05.08 05.09 05.53 05.68 05.83 10.11 22.72 23.22 23.73 24.21 24.57 24.94 26.34 28.79 34.15 40.72 40.42 38.56 34.92 31.67 28.08 26.42 25.78 19.88 22.00 25.98 32.90 36.59 39.07
-1.00 -1.00 -1.00 -1.00 -1.00 -1.00 -1.00 -1.00 -1.00 -1.00 -1.00 -1.00 -1.00 -1.00 -1.00 -1.00 -1.00 -1.00 -1.00 -1.00 -1.00 -1.00 05.88 11.78 10.22 10.45 10.65 11.27 11.56 12.00 10.60 10.95 11.25 12.75 14.57 16.50 18.72 23.38 17.69 09.40 07.50 07.62 07.55 07.45 06.99 06.76 05.77 05.68 04.28 05.01 05.51 05.81 05.82 07.44 22.25 27.45 28.03 28.46 31.16 34.05 35.64 38.00 40.12 42.91 43.84 41.30 37.97 36.51 33.49 31.30 30.52 29.42 22.35 25.22 31.82 35.78 37.76
