data/trial3/ashley.ros
NCOLS 382
NROWS 266
XLLCORNER 157819.328125
YLLCORNER 384678.625000
CELLSIZE 30.000000
NODATA_VALUE -1
[rows 68 to 101 of 266, columns 77 to 153 of 382]
-1.00 -1.00 -1.00 -1.00 -1.00 -1.00 -1.00 -1.00 -1.00 -1.00 -1.00 -1.00 -1.00 -1.00 -1.00 -1.00 -1.00 -1.00 -1.00 -1.00 -1.00 -1.00 -1.00 -1.00 -1.00 -1.00 -1.00 -1.00 -1.00 -1.00 -1.00 -1.00 -1.00 -1.00 -1.00 -1.00 -1.00 -1.00 -1.00 -1.00 -1.00 -1.00 -1.00 -1.00 -1.00 -1.00 -1.00 -1.00 -1.00 -1.00 -1.00 -1.00 -1.00 -1.00 -1.00 -1.00 -1.00 -1.00 -1.00 -1.00 -1.00 -1.00 -1.00 -1.00 -1.00 -1.00 -1.00 -1.00 -1.00 -1.00 -1.00 -1.00 -1.00 -1.00 -1.00 08.24 17.29
-1.00 -1.00 -1.00 -1.00 -1.00 -1.00 -1.00 -1.00 -1.00 -1.00 -1.00 -1.00 -1.00 -1.00 -1.00 -1.00 -1.00 -1.00 -1.00 -1.00 -1.00 -1.00 -1.00 -1.00 -1.00 -1.00 -1.00 -1.00 -1.00 -1.00 -1.00 -1.00 -1.00 -1.00 -1.00 -1.00 -1.00 -1.00 -1.00 -1.00 -1.00 -1.00 -1.00 -1.00 -1.00 -1.00 -1.00 -1.00 -1.00 -1.00 -1.00 -1.00 -1.00 -1.00 -1.00 -1.00 -1.00 -1.00 -1.00 -1.00 -1.00 -1.00 -1.00 -1.00 -1.00 -1.00 -1.00 -1.00 -1.00 -1.00 -1.00 -1.00 -1.00 -1.00 -1.00 03.46 10.96
-1.00 -1.00 -1.00 -1.00 -1.00 -1.00 -1.00 -1.00 -1.00 -1.00 -1.00 -1.00 -1.00 -1.00 -1.00 -1.00 -1.00 -1.00 -1.00 -1.00 -1.00 -1.00 -1.00 -1.00 -1.00 -1.00 -1.00 -1.00 -1.00 -1.00 -1.00 -1.00 -1.00 -1.00 -1.00 -1.00 -1.00 -1.00 -1.00 -1.00 -1.00 -1.00 -1.00 -1.00 -1.00 -1.00 -1.00 -1.00 -1.00 -1.00 -1.00 -1.00 -1.00 -1.00 -1.00 -1.00 -1.00 -1.00 -1.00 -1.00 -1.00 -1.00 -1.00 -1.00 -1.00 -1.00 -1.00 -1.00 -1.00 -1.00 -1.00 -1.00 -1.00 -1.00 -1.00 01.29 14.51
-1.00 -1.00 -1.00 -1.00 -1.00 -1.00 -1.00 -1.00 -1.00 -1.00 -1.00 -1.00 -1.00 -1.00 -1.00 -1.00 -1.00 -1.00 -1.00 -1.00 -1.00 -1.00 -1.00 -1.00 -1.00 -1.00 -1.00 -1.00 -1.00 -1.00 -1.00 -1.00 -1.00 -1.00 -1.00 -1.00 -1.00 -1.00 -1.00 -1.00 -1.00 -1.00 -1.00 -1.00 -1.00 -1.00 -1.00 -1.00 -1.00 -1.00 -1.00 -1.00 -1.00 -1.00 -1.00 -1.00 -1.00 -1.00 -1.00 -1.00 -1.00 -1.00 -1.00 -1.00 -1.00 -1.00 -1.00 -1.00 -1.00 -1.00 -1.00 -1.00 -1.00 -1.00 -1.00 -1.00 10.96
-1.00 -1.00 -1.00 -1.00 -1.00 -1.00 -1.00 -1.00 -1.00 -1.00 -1.00 -1.00 -1.00 -1.00 -1.00 -1.00 -1.00 -1.00 -1.00 -1.00 -1.00 -1.00 -1.00 -1.00 -1.00 -1.00 -1.00 -1.00 -1.00 -1.00 -1.00 -1.00 -1.00 -1.00 -1.00 -1.00 -1.00 -1.00 -1.00 -1.00 -1.00 -1.00 -1.00 -1.00 -1.00 -1.00 -1.00 -1.00 -1.00 -1.00 -1.00 -1.00 -1.00 -1.00 -1.00 -1.00 -1.00 -1.00 -1.00 -1.00 -1.00 -1.00 -1.00 -1.00 -1.00 -1.00 -1.00 -1.00 -1.00 -1.00 -1.00 -1.00 -1.00 -1.00 -1.00 -1.00 02.68
-1.00 -1.00 -1.00 -1.00 -1.00 -1.00 -1.00 -1.00 -1.00 -1.00 -1.00 -1.00 -1.00 -1.00 -1.00 -1.00 -1.00 -1.00 -1.00 -1.00 -1.00 -1.00 -1.00 -1.00 -1.00 -1.00 -1.00 -1.00 -1.00 -1.00 -1.00 -1.00 -1.00 -1.00 -1.00 -1.00 -1.00 -1.00 -1.00 -1.00 -1.00 -1.00 -1.00 -1.00 -1.00 -1.00 -1.00 -1.00 -1.00 -1.00 -1.00 -1.00 -1.00 -1.00 -1.00 -1.00 -1.00 -1.00 -1.00 -1.00 -1.00 -1.00 -1.00 -1.00 -1.00 -1.00 -1.00 -1.00 -1.00 -1.00 -1.00 -1.00 -1.00 -1.00 -1.00 -1.00 47.90
-1.00 -1.00 -1.00 -1.00 -1.00 -1.00 -1.00 -1.00 -1.00 -1.00 -1.00 -1.00 -1.00 -1.00 -1.00 -1.00 -1.00 -1.00 -1.00 -1.00 -1.00 -1.00 -1.00 -1.00 -1.00 -1.00 -1.00 -1.00 -1.00 -1.00 -1.00 -1.00 -1.00 -1.00 -1.00 -1.00 -1.00 -1.00 -1.00 -1.00 -1.00 -1.00 -1.00 -1.00 -1.00 -1.00 -1.00 -1.00 -1.00 -1.00 -1.00 -1.00 -1.00 -1.00 -1.00 -1.00 -1.00 -1.00 -1.00 -1.00 -1.00 -1.00 -1.00 -1.00 -1.00 -1.00 -1.00 -1.00 -1.00 -1.00 -1.00 -1.00 -1.00 -1.00 -1.00 -1.00 46.13
-1.00 -1.00 -1.00 -1.00 -1.00 -1.00 -1.00 -1.00 -1.00 -1.00 -1.00 -1.00 -1.00 -1.00 -1.00 -1.00 -1.00 -1.00 -1.00 -1.00 -1.00 -1.00 -1.00 -1.00 -1.00 -1.00 -1.00 -1.00 -1.00 -1.00 -1.00 -1.00 -1.00 -1.00 -1.00 -1.00 -1.00 -1.00 -1.00 -1.00 -1.00 -1.00 -1.00 -1.00 -1.00 -1.00 -1.00 -1.00 -1.00 -1.00 -1.00 -1.00 -1.00 -1.00 -1.00 -1.00 -1.00 -1.00 -1.00 -1.00 -1.00 -1.00 -1.00 -1.00 -1.00 -1.00 -1.00 -1.00 -1.00 -1.00 -1.00 -1.00 -1.00 -1.00 -1.00 -1.00 41.55
-1.00 -1.00 -1.00 -1.00 -1.00 -1.00 -1.00 -1.00 -1.00 -1.00 -1.00 -1.00 -1.00 -1.00 -1.00 -1.00 -1.00 -1.00 -1.00 -1.00 -1.00 -1.00 -1.00 -1.00 -1.00 -1.00 -1.00 -1.00 -1.00 -1.00 -1.00 -1.00 -1.00 -1.00 -1.00 -1.00 -1.00 -1.00 -1.00 -1.00 -1.00 -1.00 -1.00 -1.00 -1.00 -1.00 -1.00 -1.00 -1.00 -1.00 -1.00 -1.00 -1.00 -1.00 -1.00 -1.00 -1.00 -1.00 -1.00 -1.00 -1.00 -1.00 -1.00 -1.00 -1.00 -1.00 -1.00 -1.00 -1.00 -1.00 -1.00 -1.00 -1.00 -1.00 -1.00 -1.00 36.08
-1.00 -1.00 -1.00 -1.00 -1.00 -1.00 -1.00 -1.00 -1.00 -1.00 -1.00 -1.00 -1.00 -1.00 -1.00 00.85 -1.00 -1.00 -1.00 09.69 08.65 07.49 03.62 -1.00 -1.00 -1.00 -1.00 -1.00 -1.00 -1.00 -1.00 -1.00 -1.00 -1.00 -1.00 -1.00 -1.00 -1.00 -1.00 -1.00 -1.00 -1.00 -1.00 -1.00 -1.00 -1.00 -1.00 -1.00 -1.00 -1.00 -1.00 -1.00 -1.00 -1.00 -1.00 -1.00 -1.00 -1.00 -1.00 -1.00 -1.00 -1.00 -1.00 -1.00 -1.00 -1.00 -1.00 -1.00 -1.00 -1.00 -1.00 -1.00 -1.00 -1.00 -1.00 -1.00 23.91
-1.00 -1.00 -1.00 -1.00 -1.00 -1.00 -1.00 -1.00 -1.00 -1.00 -1.00 -1.00 -1.00 01.92 02.16 00.29 08.70 04.28 09.91 10.48 08.00 04.16 01.88 07.37 03.48 07.52 04.64 01.20 03.77 -1.00 -1.00 -1.00 -1.00 -1.00 -1.00 -1.00 -1.00 -1.00 -1.00 -1.00 -1.00 -1.00 -1.00 -1.00 -1.00 -1.00 -1.00 -1.00 -1.00 -1.00 -1.00 -1.00 -1.00 -1.00 -1.00 -1.00 -1.00 -1.00 -1.00 -1.00 -1.00 -1.00 -1.00 -1.00 -1.00 -1.00 -1.00 -1.00 -1.00 -1.00 -1.00 -1.00 -1.00 -1.00 -1.00 -1.00 18.65
-1.00 -1.00 -1.00 -1.00 -1.00 -1.00 -1.00 -1.00 -1.00 -1.00 -1.00 -1.00 -1.00 01.99 01.41 01.01 10.07 10.07 10.39 08.44 08.11 08.07 07.74 07.66 07.51 07.26 07.06 08.80 06.54 08.27 02.91 02.31 00.82 00.09 01.62 02.08 06.46 03.76 01.62 06.64 01.55 00.23 02.55 05.75 06.52 04.31 -1.00 00.11 -1.00 -1.00 -1.00 -1.00 -1.00 -1.00 -1.00 -1.00 -1.00 -1.00 -1.00 -1.00 -1.00 -1.00 -1.00 -1.00 -1.00 -1.00 -1.00 -1.00 -1.00 -1.00 -1.00 -1.00 -1.00 -1.00 -1.00 -1.00 48.15
-1.00 -1.00 -1.00 -1.00 -1.00 -1.00 -1.00 -1.00 -1.00 -1.00 -1.00 -1.00 01.93 01.96 01.93 01.98 10.47 10.84 10.98 08.80 08.61 08.50 08.11 08.23 07.53 07.16 07.79 07.96 08.06 07.78 06.88 02.67 00.87 01.51 06.51 04.52 05.79 03.44 04.83 04.33 02.98 05.02 04.80 05.46 05.79 06.10 06.05 38.97 06.60 06.89 06.02 00.35 11.08 31.16 27.07 24.68 46.34 30.73 06.05 -1.00 -1.00 -1.00 -1.00 -1.00 -1.00 -1.00 -1.00 -1.00 -1.00 -1.00 -1.00 -1.00 -1.00 -1.00 -1.00 72.63 82.97
-1.00 -1.00 -1.00 -1.00 -1.00 -1.00 -1.00 -1.00 -1.00 -1.00 02.01 02.06 02.32 02.20 01.99 01.98 11.09 11.34 09.35 09.14 09.09 08.63 08.46 08.68 07.70 07.42 07.61 07.23 08.05 07.50 06.51 02.65 01.23 02.29 05.79 06.21 04.70 03.11 03.99 03.80 04.30 04.28 04.47 05.80 07.68 07.00 05.41 30.07 32.63 03.85 08.35 07.62 33.71 34.17 38.51 39.32 46.56 25.96 54.81 60.29 64.32 68.66 70.36 71.66 72.93 72.78 45.51 -1.00 -1.00 73.67 -1.00 -1.00 63.55 85.98 49.62 89.14 91.97
-1.00 -1.00 -1.00 -1.00 -1.00 -1.00 -1.00 -1.00 02.01 02.04 02.34 02.36 01.99 02.03 01.94 03.43 11.65 11.95 09.66 09.61 09.68 08.84 08.76 09.05 08.06 07.78 07.38 06.98 06.11 05.71 03.04 01.00 01.46 04.52 05.39 06.41 05.67 03.42 03.24 03.81 04.09 03.75 04.03 06.39 16.44 07.44 04.74 25.40 18.10 07.57 07.65 05.00 30.11 32.72 35.68 39.73 43.65 48.92 55.14 60.88 65.24 69.20 70.00 70.74 71.44 72.39 72.95 74.36 75.49 82.62 94.20 95.82 99.73 102.18 101.36 96.15 93.71
-1.00 -1.00 -1.00 -1.00 -1.00 -1.00 -1.00 01.97 02.16 02.26 02.49 02.01 06.11 04.18 09.57 07.23 12.20 12.53 09.94 10.08 10.20 09.10 09.06 09.32 08.39 08.03 08.27 07.00 06.51 05.02 01.90 01.18 01.53 07.20 06.98 06.09 03.22 02.92 03.62 03.88 03.93 03.65 04.07 09.60 19.20 11.49 07.72 19.84 21.43 06.97 07.25 04.81 27.93 31.23 34.53 38.22 42.97 48.66 55.59 61.44 66.00 69.05 69.50 69.96 70.91 72.54 74.14 78.16 84.23 94.82 99.20 98.30 98.68 100.17 99.16 98.11 97.26
-1.00 -1.00 -1.00 -1.00 -1.00 -1.00 -1.00 02.01 02.14 08.39 05.77 10.78 09.91 09.67 10.14 12.34 12.52 12.79 10.22 10.43 10.44 09.67 09.34 09.45 08.47 08.50 08.97 05.29 04.30 01.90 01.41 01.35 01.62 07.28 08.28 06.49 03.13 04.31 03.54 04.18 04.15 03.64 03.71 16.54 23.16 17.97 15.03 16.48 18.51 06.54 06.88 20.07 25.33 28.62 33.73 37.30 42.46 48.48 56.13 61.98 66.69 68.76 69.21 69.66 70.59 71.65 72.65 79.76 87.91 95.27 97.61 98.97 98.50 98.07 96.80 94.86 93.69
-1.00 -1.00 -1.00 -1.00 -1.00 -1.00 -1.00 02.01 10.28 10.58 10.25 10.63 10.50 10.64 10.91 12.61 12.69 12.85 10.88 10.72 10.68 10.45 09.62 09.72 09.65 08.94 08.76 06.28 01.99 01.83 00.87 01.42 05.00 06.93 07.93 06.95 03.23 04.26 03.57 04.20 04.26 03.77 03.94 19.25 18.21 19.46 15.33 16.10 05.80 06.14 06.39 13.02 22.19 26.16 30.76 35.07 41.65 48.20 56.89 62.41 67.06 68.04 68.45 68.84 69.34 69.79 71.56 76.73 81.97 87.21 92.63 97.94 98.76 96.94 94.24 91.46 89.48
-1.00 -1.00 -1.00 -1.00 -1.00 -1.00 01.99 01.93 10.55 11.07 10.19 10.70 10.95 10.98 11.27 13.03 12.94 12.88 11.57 11.21 10.93 10.89 09.91 10.08 10.14 09.41 08.00 03.13 01.99 01.54 01.08 01.51 05.36 06.54 07.32 03.85 03.05 03.67 03.67 04.23 03.99 06.53 04.57 17.70 17.47 16.26 10.79 07.93 05.30 05.79 05.78 17.91 19.74 22.55 26.50 32.93 39.23 48.73 57.65 62.44 65.93 66.15 66.36 66.51 66.54 66.56 68.39 71.67 75.03 78.09 81.64 87.69 95.15 93.88 91.08 87.51 84.57
-1.00 -1.00 -1.00 -1.00 -1.00 -1.00 02.04 01.93 10.96 11.60 12.03 10.96 11.26 11.40 11.55 13.79 13.28 13.43 12.93 11.80 11.24 11.34 10.19 10.37 10.07 09.00 07.62 02.05 01.96 01.45 01.20 01.61 05.60 06.21 04.47 03.73 04.31 04.03 03.81 04.06 03.83 14.45 13.56 11.34 15.82 08.75 04.64 04.46 04.83 05.49 05.18 17.23 17.80 19.29 23.62 28.99 35.64 48.27 58.31 61.38 61.91 61.57 61.18 60.86 60.66 60.45 61.63 63.16 65.22 67.89 70.43 73.83 78.67 82.67 82.29 80.11 77.67
-1.00 -1.00 -1.00 -1.00 -1.00 -1.00 02.10 01.95 11.44 12.08 12.67 11.34 12.00 12.09 11.82 14.62 11.45 14.81 13.22 12.45 09.62 12.02 11.16 10.32 09.97 07.59 06.26 02.01 02.02 01.46 01.10 01.61 05.20 05.80 03.11 03.65 04.61 04.06 04.82 04.11 07.74 14.81 14.41 13.74 10.39 05.48 03.29 04.51 04.71 05.13 05.10 16.51 16.52 16.27 17.66 23.72 32.49 43.59 62.45 57.62 51.82 48.95 45.73 43.93 42.59 41.35 41.41 41.54 43.40 46.71 51.05 56.00 61.87 65.54 68.10 69.36 70.93
-1.00 -1.00 -1.00 -1.00 -1.00 -1.00 02.14 01.95 11.90 12.55 13.52 13.11 12.87 12.78 11.28 14.48 08.29 16.30 09.11 13.29 07.64 10.74 07.94 10.38 10.99 05.76 08.10 02.11 02.02 01.50 01.03 01.58 04.32 05.19 02.81 04.12 05.54 04.05 09.60 08.00 13.19 12.41 13.54 14.22 10.93 17.45 11.91 04.64 04.68 04.96 05.07 04.90 15.74 15.48 15.56 16.30 26.54 70.58 69.04 60.39 51.61 45.82 43.90 42.05 41.23 41.10 41.01 40.50 39.99 38.58 37.14 35.64 34.22 33.95 41.15 48.53 57.85
-1.00 -1.00 -1.00 -1.00 -1.00 -1.00 02.18 01.96 12.43 12.94 14.66 13.55 13.75 10.27 15.64 03.49 06.62 03.78 07.27 04.00 07.29 03.40 03.32 10.34 09.96 06.90 03.44 02.15 01.91 01.82 00.96 01.56 03.69 04.49 02.61 03.83 10.13 05.39 15.30 14.18 15.24 15.32 13.27 13.62 13.43 13.98 12.44 04.66 04.66 04.67 04.91 04.94 15.22 14.85 14.71 14.56 13.21 76.02 81.41 71.19 60.78 51.78 44.09 42.14 41.26 40.71 40.79 40.86 40.14 39.11 37.66 36.13 35.04 33.67 32.87 32.70 31.86
-1.00 -1.00 -1.00 -1.00 -1.00 -1.00 02.21 01.98 13.40 13.63 15.92 10.77 15.73 09.00 04.88 12.44 05.99 03.98 04.34 04.50 04.43 04.36 03.48 03.54 08.94 04.25 02.53 02.17 01.91 01.89 00.76 01.41 03.47 03.75 02.44 03.49 14.12 08.14 15.46 15.47 15.42 15.53 15.71 13.75 13.54 11.31 09.78 03.51 04.60 04.60 04.82 04.89 16.88 14.52 13.74 14.02 11.66 03.06 88.07 77.03 35.08 30.87 44.54 42.76 41.63 41.23 40.82 40.35 39.87 39.09 38.12 36.82 35.62 34.91 33.93 32.68 32.04
-1.00 -1.00 -1.00 -1.00 -1.00 -1.00 02.26 02.26 14.40 10.98 16.77 09.59 04.57 07.02 05.47 04.16 04.19 04.09 04.02 04.05 04.52 04.27 03.95 03.68 03.56 03.33 02.46 02.17 01.91 01.93 00.56 01.27 02.57 03.45 02.31 03.21 13.57 12.50 12.13 15.24 12.54 15.76 11.51 16.42 17.63 07.91 04.19 03.40 04.52 04.52 04.71 04.75 09.86 17.93 13.53 10.19 06.07 03.14 05.59 49.36 09.46 45.38 47.70 45.21 43.29 41.57 41.04 40.53 39.94 39.34 38.61 37.69 36.27 35.13 34.41 33.68 32.67
-1.00 -1.00 -1.00 -1.00 -1.00 -1.00 -1.00 02.42 02.11 09.22 09.47 10.61 05.26 05.13 05.10 05.09 04.98 04.68 03.71 03.70 04.11 03.48 03.91 04.24 04.18 03.02 02.40 02.17 01.92 01.99 01.41 01.03 01.74 03.16 03.25 02.28 12.96 10.91 07.31 04.22 04.15 05.04 04.33 05.86 04.77 04.63 04.04 03.16 03.33 04.38 04.30 04.58 04.62 13.24 17.46 15.98 06.26 04.64 03.39 13.27 12.16 34.84 53.13 45.81 43.24 42.31 41.40 40.88 40.52 39.97 39.29 38.41 37.34 36.05 35.04 34.13 33.20
-1.00 -1.00 -1.00 -1.00 -1.00 -1.00 -1.00 02.42 02.98 02.95 04.07 04.87 05.47 05.42 05.23 04.99 04.57 04.21 04.15 03.99 03.96 03.31 03.56 04.09 02.58 02.54 02.35 02.71 02.95 01.82 01.96 00.67 01.22 02.22 03.02 02.15 03.13 03.38 03.65 03.54 03.50 03.50 03.57 04.49 04.73 05.25 03.90 03.83 03.17 04.13 04.24 04.22 04.61 04.59 04.65 13.19 05.66 05.64 04.97 11.00 10.22 32.48 41.61 46.82 44.43 43.10 42.32 41.47 40.74 40.30 39.72 38.95 38.09 37.04 35.95 34.93 33.88
-1.00 -1.00 -1.00 -1.00 -1.00 -1.00 -1.00 -1.00 03.52 04.24 03.81 03.96 04.09 04.17 04.21 04.27 03.91 03.55 03.95 03.83 04.06 03.37 03.63 02.83 02.76 02.51 02.32 03.84 03.78 02.26 02.04 01.51 01.00 01.81 02.74 02.74 02.12 02.20 02.28 02.31 02.71 03.42 03.51 03.59 03.55 03.18 04.29 04.28 03.69 04.12 04.74 06.56 06.81 05.42 06.22 07.26 05.24 05.48 05.20 10.67 10.40 07.94 53.58 49.22 45.19 44.34 43.86 43.16 42.42 41.62 40.51 39.46 38.53 37.64 36.86 35.89 34.48
-1.00 -1.00 -1.00 -1.00 -1.00 -1.00 -1.00 -1.00 03.77 04.64 05.26 04.74 04.02 04.09 03.95 03.81 03.68 03.56 03.23 03.14 03.70 03.27 02.94 02.70 02.86 02.56 02.41 04.00 03.76 03.24 03.88 02.70 01.74 01.00 02.00 02.45 02.54 02.54 02.54 02.62 02.48 02.25 02.29 02.27 02.81 03.24 04.19 04.29 03.98 04.30 05.73 06.03 06.27 06.23 06.24 04.58 04.97 05.24 10.19 10.14 09.54 21.16 42.89 52.57 49.96 47.32 45.21 44.26 43.34 42.45 41.56 40.61 39.60 38.45 37.43 36.58 35.74
-1.00 -1.00 -1.00 -1.00 -1.00 -1.00 -1.00 -1.00 -1.00 04.60 05.32 05.58 05.75 05.91 05.76 05.46 05.18 04.97 04.30 02.92 02.77 02.69 02.68 02.67 02.95 02.66 02.53 03.83 04.07 03.30 03.59 03.58 02.20 00.58 01.09 01.76 02.26 02.41 02.45 02.35 02.42 02.51 02.63 03.03 02.77 03.32 04.08 04.19 03.82 04.12 05.51 05.64 06.07 06.57 06.39 04.55 04.66 10.12 10.65 10.47 09.16 51.44 57.43 55.39 53.50 51.60 48.66 45.67 44.26 43.15 42.49 41.84 40.87 39.64 38.20 37.08 36.33
-1.00 -1.00 -1.00 -1.00 -1.00 -1.00 -1.00 -1.00 -1.00 -1.00 05.19 05.52 05.71 05.39 05.10 05.12 05.13 04.99 04.49 04.01 02.57 02.60 02.49 02.69 03.05 02.76 02.62 03.13 02.78 03.18 02.72 04.39 03.57 02.30 01.46 01.12 01.06 01.09 01.18 01.33 01.95 01.62 03.62 04.05 02.47 03.39 04.02 04.11 03.66 03.83 05.28 05.33 05.81 06.14 06.90 04.43 04.50 11.13 11.06 10.92 73.68 65.98 61.54 58.84 56.98 54.84 52.42 49.57 47.50 45.85 44.13 42.85 41.83 40.68 39.35 37.90 36.68
-1.00 -1.00 -1.00 -1.00 -1.00 -1.00 -1.00 -1.00 -1.00 -1.00 -1.00 -1.00 -1.00 -1.00 -1.00 -1.00 -1.00 -1.00 -1.00 02.94 02.34 02.71 02.76 02.68 03.18 02.81 03.00 02.83 02.54 03.74 02.24 02.22 03.52 02.73 02.52 02.01 01.74 01.61 00.66 01.04 00.96 01.79 03.95 03.65 02.53 03.45 03.92 04.21 04.01 03.82 05.09 05.01 05.38 05.75 06.19 04.14 04.22 11.24 11.14 11.01 16.28 45.14 65.14 62.54 60.92 59.26 57.29 54.38 51.35 48.69 46.88 45.05 43.28 41.77 40.29 39.05 37.83
-1.00 -1.00 -1.00 -1.00 -1.00 -1.00 -1.00 -1.00 -1.00 -1.00 -1.00 -1.00 -1.00 -1.00 -1.00 -1.00 -1.00 -1.00 -1.00 02.71 02.34 02.64 02.86 02.70 03.12 03.06 02.89 02.97 03.00 02.71 02.74 02.42 02.12 02.17 02.85 02.87 02.88 02.88 02.81 02.34 00.98 01.64 03.74 03.87 02.51 03.50 04.12 04.23 03.86 03.93 05.41 05.03 05.12 05.33 05.19 03.87 03.96 11.27 11.17 11.02 13.22 79.44 71.12 69.74 66.64 63.13 60.81 58.78 56.63 54.08 52.08 49.49 46.58 44.09 43.75 43.28 40.11
-1.00 -1.00 -1.00 -1.00 -1.00 -1.00 -1.00 -1.00 -1.00 -1.00 -1.00 -1.00 -1.00 -1.00 -1.00 -1.00 -1.00 -1.00 -1.00 02.69 02.63 02.72 02.92 02.71 02.78 03.11 03.09 03.28 03.11 03.14 03.10 02.91 02.99 02.86 02.22 02.19 02.21 02.57 02.45 01.78 00.95 01.55 03.57 03.78 02.40 03.40 04.07 04.21 03.90 03.99 05.44 05.21 05.18 05.20 04.84 03.66 11.34 11.29 11.19 11.09 86.77 77.17 75.54 74.06 70.94 68.58 65.93 63.18 65.15 78.69 90.04 92.52 87.82 81.18 73.68 67.96 65.41
