data/trial3/ashley.rci
NCOLS 382
NROWS 266
XLLCORNER 157819.328125
YLLCORNER 384678.625000
CELLSIZE 30.000000
NODATA_VALUE -1
[rows 208 to 233 of 266, columns 180 to 239 of 382]
00555.235 00160.610 00163.010 00164.079 00164.607 00166.944 00168.764 00168.860 00169.725 00169.398 00172.089 00170.497 00172.619 00172.051 00171.153 00438.791 00487.903 00433.228 00616.932 00531.050 00479.323 00683.374 00675.454 00679.663 00682.586 00319.493 00170.849 00172.921 00171.875 00171.207 00170.902 00170.773 00170.481 00171.234 00171.509 00171.344 00171.743 00172.146 00171.067 00171.284 00170.866 00170.961 00171.179 00171.101 00172.870 00172.157 00171.377 00170.928 00172.805 00172.258 00170.643 00172.553 00171.870 00171.165 00172.591 00171.771 00170.484 00169.457 00172.117 00170.067
00309.833 00161.157 00161.865 00162.449 00165.857 00165.329 00169.171 00169.121 00169.233 00169.488 00170.748 00170.230 00172.803 00171.274 00171.978 00170.419 00337.069 00169.281 00168.493 00690.877 00191.117 00197.265 00682.949 00676.411 00685.001 00620.825 00172.112 00171.545 00171.441 00171.999 00170.766 00170.406 00170.728 00170.827 00171.375 00170.762 00171.092 00171.405 00170.939 00171.156 00171.555 00171.636 00172.715 00172.256 00171.274 00172.879 00172.092 00172.473 00171.751 00170.476 00171.533 00170.066 00171.317 00172.334 00171.094 00171.771 00169.990 00171.228 00169.027 00167.691
00558.543 00517.177 00160.814 00161.408 00163.718 00167.104 00166.942 00169.710 00168.439 00169.062 00169.119 00170.935 00168.492 00171.398 00185.873 00248.815 00169.264 00171.723 00509.631 00505.364 00533.225 00436.643 00683.404 00677.724 00686.768 00168.904 00169.991 00171.347 00169.662 00171.944 00172.754 00171.115 00172.254 00171.583 00171.868 00171.638 00172.001 00171.842 00171.490 00172.729 00171.752 00173.188 00171.662 00173.080 00172.077 00171.161 00172.714 00171.382 00170.233 00171.993 00170.670 00171.015 00171.873 00170.784 00171.484 00170.005 00170.102 00168.569 00169.711 00168.566
00319.229 00609.418 00160.061 00162.039 00162.060 00165.206 00165.195 00168.849 00168.786 00168.697 00168.691 00169.745 00168.513 00171.180 00170.339 00337.510 00542.758 00282.912 00269.388 00323.048 00552.004 00670.260 00683.098 00677.405 00569.574 00168.997 00169.356 00171.255 00172.297 00170.905 00172.912 00171.223 00169.549 00172.050 00173.233 00172.177 00173.583 00172.681 00171.707 00170.659 00172.378 00171.093 00172.515 00171.462 00172.600 00171.733 00170.993 00172.661 00171.447 00170.426 00169.531 00169.949 00169.871 00169.976 00169.621 00169.754 00169.020 00169.369 00168.029 00169.386
00586.441 00359.197 00621.995 00160.886 00162.959 00163.459 00167.031 00166.223 00169.350 00168.284 00168.280 00170.365 00168.353 00169.765 00169.877 00171.789 00169.531 00183.663 00642.146 00662.331 00213.861 00309.846 00682.484 00676.790 00166.898 00168.137 00170.454 00169.678 00171.131 00172.639 00172.878 00171.537 00169.902 00172.282 00170.762 00172.282 00171.197 00172.848 00171.960 00171.789 00172.894 00171.729 00170.604 00172.017 00171.002 00172.432 00171.712 00170.977 00169.425 00171.584 00170.273 00169.661 00169.588 00169.727 00169.267 00168.798 00169.304 00168.752 00168.766 00167.757
00349.013 00621.957 00445.963 00159.999 00161.908 00162.190 00165.165 00164.654 00167.949 00170.202 00167.871 00169.234 00169.101 00169.419 00169.208 00168.820 00191.626 00400.146 00229.093 00381.708 00448.311 00489.053 00682.071 00679.048 00165.982 00166.972 00169.048 00169.219 00169.206 00171.883 00168.895 00171.988 00170.834 00172.648 00171.150 00172.563 00171.583 00170.594 00171.739 00172.647 00171.181 00172.404 00171.386 00172.767 00171.318 00169.211 00172.055 00170.656 00169.494 00168.584 00170.262 00169.899 00169.627 00169.147 00169.787 00169.332 00170.733 00168.974 00167.960 00168.586
00622.767 00457.600 00278.347 00601.072 00160.922 00161.277 00163.208 00166.405 00166.798 00169.068 00168.762 00169.669 00168.718 00169.358 00169.055 00169.930 00168.327 00226.837 00169.057 00168.496 00697.010 00192.740 00684.000 00682.012 00164.650 00168.996 00168.584 00168.729 00168.546 00169.826 00169.032 00171.276 00172.470 00170.483 00171.784 00170.220 00172.010 00170.977 00172.558 00171.003 00172.045 00170.038 00171.815 00170.563 00172.155 00170.867 00169.599 00171.558 00170.193 00170.037 00169.578 00169.939 00169.613 00169.709 00168.247 00169.158 00168.670 00169.118 00168.264 00167.236
00467.816 00299.714 00597.751 00333.937 00160.244 00162.071 00162.192 00164.346 00165.301 00167.883 00167.739 00167.712 00169.108 00169.002 00168.798 00169.284 00168.689 00168.421 00169.287 00168.733 00571.342 00514.144 00308.320 00249.769 00166.198 00166.378 00168.760 00168.981 00169.037 00169.558 00168.507 00170.558 00169.867 00170.668 00172.129 00170.894 00172.283 00171.397 00170.508 00171.862 00170.555 00171.015 00168.950 00171.197 00169.890 00171.443 00169.983 00169.040 00169.867 00503.073 00169.535 00168.876 00167.778 00169.517 00168.453 00167.347 00168.424 00167.333 00168.543 00167.639
00339.662 00637.328 00394.590 00622.177 00244.201 00161.078 00161.199 00163.128 00163.884 00166.330 00168.055 00166.565 00168.317 00167.262 00169.608 00168.379 00168.158 00169.000 00168.474 00168.987 00379.820 00167.949 00230.226 00176.148 00165.500 00164.541 00167.177 00169.894 00168.561 00169.087 00169.264 00169.546 00168.722 00169.835 00168.359 00170.552 00169.983 00171.368 00170.675 00169.948 00170.842 00169.771 00170.031 00170.254 00169.832 00169.451 00169.702 00333.897 00663.029 00292.041 00630.277 00500.857 00307.184 00578.772 00168.843 00168.853 00167.156 00169.037 00167.090 00169.354
00236.191 00447.079 00201.996 00435.402 00642.507 00332.622 00160.301 00161.665 00162.245 00164.723 00164.261 00165.574 00166.790 00166.468 00169.219 00167.856 00169.948 00167.832 00169.968 00169.045 00168.198 00169.314 00167.718 00165.900 00164.943 00163.723 00165.561 00168.890 00168.613 00168.082 00169.255 00169.893 00168.575 00167.786 00169.160 00169.830 00169.463 00170.087 00169.873 00169.660 00170.080 00169.634 00169.199 00169.231 00169.680 00168.830 00167.799 00333.450 00519.154 00494.955 00489.351 00242.052 00204.285 00462.169 00218.275 00576.412 00168.688 00170.042 00168.187 00166.326
00623.170 00305.364 00520.649 00263.487 00545.812 00369.388 00159.716 00160.651 00161.445 00163.157 00163.288 00164.507 00165.857 00167.181 00167.940 00169.012 00167.077 00168.547 00166.721 00169.450 00169.673 00168.166 00168.835 00167.312 00165.749 00165.690 00163.937 00167.704 00167.796 00168.538 00168.835 00169.322 00169.125 00168.253 00169.976 00168.791 00169.412 00169.140 00169.320 00169.729 00169.305 00169.552 00169.060 00169.488 00168.818 00169.449 00168.657 00167.602 00293.552 00282.220 00168.497 00195.936 00196.595 00341.717 00609.097 00574.089 00166.142 00166.398 00168.001 00166.436
00505.982 00191.682 00361.885 00618.033 00453.385 00278.115 00545.207 00159.892 00160.918 00162.245 00161.762 00163.419 00164.780 00166.159 00167.590 00166.270 00167.084 00168.024 00166.610 00168.334 00166.364 00168.113 00167.026 00168.525 00167.004 00164.246 00162.866 00164.609 00166.410 00167.584 00169.873 00168.381 00167.856 00169.018 00169.291 00169.013 00169.396 00168.944 00169.704 00168.999 00170.361 00168.845 00169.335 00168.822 00169.099 00167.844 00168.895 00168.017 00167.197 00190.364 00169.099 00169.177 00510.650 00447.946 00672.635 00657.239 00163.935 00166.603 00168.303 00166.739
00395.672 00580.885 00267.372 00528.467 00364.901 00191.039 00409.735 00601.193 00160.196 00161.435 00161.100 00162.565 00163.492 00164.860 00163.390 00165.646 00166.974 00165.529 00166.747 00165.185 00167.088 00165.003 00167.393 00166.306 00165.332 00166.014 00164.231 00163.097 00165.395 00166.534 00168.692 00168.373 00168.960 00166.737 00168.510 00168.807 00168.557 00168.988 00168.784 00169.105 00168.689 00168.990 00168.510 00169.077 00168.819 00168.421 00167.430 00167.792 00168.954 00168.404 00168.104 00170.096 00325.569 00313.016 00633.356 00553.855 00162.901 00165.406 00164.369 00166.467
00291.599 00488.084 00180.247 00279.926 00280.149 00572.150 00281.969 00506.699 00228.960 00160.756 00160.413 00161.484 00162.784 00163.602 00163.427 00164.828 00163.919 00164.977 00166.429 00165.115 00167.263 00165.472 00163.722 00166.187 00165.226 00164.403 00165.535 00163.424 00164.128 00165.268 00167.861 00167.409 00168.878 00167.202 00169.366 00170.090 00168.903 00169.359 00168.638 00168.487 00168.745 00168.959 00168.468 00168.939 00168.704 00168.470 00169.145 00168.352 00168.259 00170.264 00269.436 00608.952 00671.008 00171.451 00174.155 00295.292 00161.743 00163.267 00163.567 00165.844
00194.466 00402.011 00581.630 00199.902 00255.829 00448.727 00162.343 00424.036 00160.563 00449.448 00159.921 00161.080 00162.039 00162.900 00162.272 00163.620 00163.269 00164.452 00163.505 00164.867 00163.714 00165.611 00164.117 00165.794 00164.269 00164.824 00163.368 00162.771 00163.480 00164.407 00166.439 00166.283 00168.180 00167.504 00168.843 00167.895 00169.113 00170.106 00169.544 00168.752 00169.996 00168.890 00169.861 00168.501 00169.999 00169.142 00168.298 00169.088 00169.881 00167.851 00223.784 00433.747 00555.038 00467.743 00163.005 00163.103 00162.455 00162.424 00161.647 00162.464
00592.693 00319.857 00496.428 00614.930 00185.331 00333.174 00573.017 00352.452 00611.619 00415.998 00202.808 00160.428 00161.298 00161.110 00161.739 00162.992 00162.283 00163.581 00163.154 00163.956 00163.279 00162.564 00164.082 00163.373 00164.076 00163.099 00163.642 00162.916 00162.286 00163.197 00164.687 00166.268 00167.558 00166.790 00165.867 00167.013 00168.136 00167.392 00168.504 00169.387 00168.105 00168.513 00166.725 00169.233 00168.189 00169.287 00168.333 00169.354 00168.036 00168.434 00166.536 00190.405 00369.287 00163.888 00166.674 00163.865 00162.587 00161.789 00161.164 00162.281
00510.989 00241.952 00417.643 00540.039 00618.003 00282.131 00499.027 00284.719 00496.429 00385.648 00181.297 00381.603 00191.459 00160.568 00161.365 00160.674 00161.850 00161.219 00162.693 00163.503 00162.449 00162.254 00163.658 00163.155 00162.678 00163.132 00162.463 00163.103 00162.377 00162.715 00163.507 00164.551 00163.470 00165.901 00165.241 00166.776 00168.045 00167.153 00168.438 00166.950 00167.606 00168.229 00166.650 00168.545 00167.685 00168.634 00167.804 00166.996 00167.784 00165.844 00167.717 00165.879 00164.330 00165.827 00164.136 00162.793 00161.958 00161.531 00160.802 00161.838
00433.533 00168.388 00344.588 00468.981 00569.888 00242.838 00464.785 00222.656 00427.958 00563.095 00161.407 00365.272 00560.728 00265.136 00160.884 00160.602 00161.367 00160.841 00162.169 00161.808 00162.488 00162.925 00161.741 00162.840 00162.287 00161.693 00162.469 00161.870 00162.085 00161.009 00162.696 00162.502 00162.761 00164.809 00164.646 00166.214 00165.137 00166.443 00165.548 00166.703 00167.704 00166.160 00167.395 00166.067 00167.699 00166.566 00167.950 00166.940 00165.903 00166.639 00164.631 00166.512 00165.018 00163.702 00165.573 00163.625 00162.617 00162.638 00161.753 00160.942
-0001.000 00581.351 00277.132 00400.849 00524.094 00205.539 00447.706 00192.492 00370.084 00520.614 00631.397 00351.360 00558.281 00277.309 00522.182 00163.304 00160.972 00160.439 00161.637 00161.411 00162.176 00161.578 00162.038 00162.532 00161.859 00161.189 00162.325 00161.711 00161.144 00161.317 00161.883 00161.786 00162.742 00163.509 00162.993 00163.624 00163.949 00165.736 00165.062 00166.185 00164.124 00166.010 00167.057 00166.018 00164.978 00166.303 00165.306 00166.324 00165.115 00163.981 00165.258 00163.713 00165.421 00164.127 00163.050 00162.187 00163.288 00161.825 00160.718 00161.814
-0001.000 00510.962 00213.975 00335.884 00480.456 00168.120 00431.796 00187.476 00359.832 00478.707 00609.439 00338.746 00558.372 00288.901 00544.225 00329.599 00600.890 00199.026 00159.766 00160.974 00160.704 00161.234 00161.769 00161.205 00161.671 00161.068 00160.476 00161.549 00161.055 00160.565 00160.971 00161.058 00162.009 00162.914 00162.576 00163.073 00163.345 00162.229 00164.079 00163.824 00164.155 00165.637 00164.608 00165.403 00163.947 00165.859 00164.754 00163.659 00165.085 00163.970 00165.618 00164.280 00163.294 00163.912 00163.038 00162.956 00162.009 00162.865 00161.672 00160.603
-0001.000 -0001.000 00154.819 00273.495 00438.754 00613.899 00183.665 00182.747 00373.728 00499.284 00588.804 00328.510 00555.759 00298.638 00467.237 00560.590 00631.149 00253.494 00248.199 00480.945 00160.447 00161.037 00160.529 00161.060 00160.543 00161.029 00160.596 00160.190 00160.935 00160.349 00159.695 00160.541 00161.269 00161.299 00161.950 00162.564 00163.093 00162.112 00163.177 00162.430 00163.631 00162.450 00163.881 00163.425 00164.020 00163.496 00164.137 00163.477 00164.355 00163.550 00162.857 00163.885 00162.920 00162.050 00162.808 00161.938 00162.508 00161.518 00160.705 00161.475
-0001.000 -0001.000 -0001.000 00216.364 00398.817 00568.051 00636.949 00209.483 00385.274 00535.869 00616.828 00324.546 00553.622 00303.772 00492.263 00605.287 00220.841 00363.346 00478.848 00566.877 00408.770 00195.581 00447.948 00188.184 00304.672 00310.743 00238.768 00384.874 00215.071 00540.513 00530.815 00216.994 00160.839 00160.708 00161.366 00161.053 00161.579 00162.184 00162.769 00162.177 00161.521 00162.720 00163.390 00162.818 00163.364 00162.556 00163.688 00163.207 00162.724 00163.443 00162.908 00162.267 00163.046 00162.235 00163.120 00162.237 00161.325 00161.896 00161.069 00160.353
-0001.000 -0001.000 -0001.000 -0001.000 00641.101 00640.568 00607.958 00211.288 00397.785 00570.095 00157.382 00366.305 00571.003 00310.394 00515.053 00641.560 00296.911 00453.516 00611.168 00218.655 00327.163 00442.222 00589.957 00362.772 00619.386 00369.646 00606.415 00330.383 00553.870 00300.051 00579.182 00347.494 00506.723 00251.415 00161.001 00160.686 00161.094 00161.656 00161.223 00162.001 00161.543 00162.451 00161.934 00162.263 00161.346 00162.419 00161.644 00162.902 00162.472 00162.039 00162.471 00161.796 00161.142 00162.180 00161.368 00162.365 00161.316 00160.106 00161.307 00160.648
-0001.000 -0001.000 -0001.000 -0001.000 -0001.000 00637.190 00638.752 00210.515 00410.257 00601.137 00202.112 00405.260 00614.500 00348.358 00535.346 00184.769 00361.081 00532.822 00229.845 00359.232 00476.653 00605.026 00270.547 00507.175 00291.165 00560.670 00329.442 00582.862 00330.436 00579.911 00356.000 00613.995 00614.603 00327.798 00583.592 00340.244 00160.949 00160.328 00160.791 00161.462 00161.206 00160.904 00161.361 00162.137 00161.289 00162.258 00161.527 00160.794 00162.130 00161.709 00162.348 00161.707 00161.076 00160.465 00161.442 00160.694 00161.562 00160.692 00159.974 00160.922
-0001.000 -0001.000 -0001.000 -0001.000 -0001.000 -0001.000 -0001.000 00644.859 00418.952 00629.347 00243.799 00440.531 00166.749 00397.205 00610.985 00237.211 00415.976 00602.757 00321.289 00488.680 00609.705 00261.726 00441.197 00634.192 00434.984 00230.015 00511.007 00294.721 00563.189 00332.649 00604.082 00412.211 00230.436 00403.507 00628.620 00423.723 00202.106 00350.220 00373.266 00159.861 00160.905 00160.593 00161.090 00160.282 00161.125 00160.378 00161.338 00160.688 00161.755 00161.421 00161.083 00161.341 00160.357 00160.786 00161.402 00160.768 00160.157 00161.042 00160.345 00183.038
-0001.000 -0001.000 -0001.000 -0001.000 -0001.000 -0001.000 -0001.000 -0001.000 00482.648 00163.878 00282.625 00472.741 00209.754 00442.738 00182.786 00321.860 00486.546 00179.126 00400.454 00607.292 00244.929 00402.744 00578.453 00304.309 00558.577 00368.347 00171.964 00465.401 00263.938 00549.429 00339.355 00626.119 00432.717 00237.693 00175.579 00308.392 00279.884 00497.307 00632.510 00347.381 00581.718 00358.214 00160.779 00160.362 00161.108 00160.408 00161.226 00160.634 00160.040 00161.164 00160.896 00160.625 00160.538 00161.146 00160.226 00160.930 00171.458 00217.903 00621.225 00485.592
