data/trial3/ashley.ros
NCOLS 382
NROWS 266
XLLCORNER 157819.328125
YLLCORNER 384678.625000
CELLSIZE 30.000000
NODATA_VALUE -1
[rows 102 to 135 of 266, columns 77 to 153 of 382]
-1.00 -1.00 -1.00 -1.00 -1.00 -1.00 -1.00 -1.00 -1.00 -1.00 -1.00 -1.00 -1.00 -1.00 -1.00 -1.00 -1.00 -1.00 -1.00 02.76 03.19 02.72 03.14 03.23 02.81 03.27 03.57 03.39 03.50 03.36 03.29 03.36 03.26 03.11 03.12 03.15 03.17 02.73 01.95 01.92 00.71 01.37 03.45 03.70 02.34 03.28 03.47 04.11 03.72 03.96 05.49 05.39 05.30 05.34 05.27 04.75 03.65 11.33 10.92 10.91 10.89 31.66 28.92 71.12 77.87 76.02 90.43 109.61 118.52 113.52 108.31 103.40 98.46 93.05 86.83 79.00 70.09
-1.00 -1.00 -1.00 -1.00 -1.00 -1.00 -1.00 -1.00 -1.00 -1.00 -1.00 -1.00 -1.00 -1.00 -1.00 -1.00 -1.00 -1.00 -1.00 -1.00 03.33 02.74 02.80 03.29 02.85 03.10 03.68 03.88 03.59 03.64 03.68 03.44 03.49 03.54 03.57 03.29 03.08 03.40 01.98 01.98 01.21 01.21 03.06 03.50 02.29 03.21 03.34 04.01 03.80 03.74 05.23 05.39 05.42 05.47 06.05 04.30 03.83 03.68 11.23 10.61 10.66 10.70 80.52 87.62 85.85 111.79 140.46 136.62 132.30 127.87 123.09 118.13 113.06 107.61 100.87 93.52 85.66
-1.00 -1.00 -1.00 -1.00 -1.00 -1.00 -1.00 -1.00 -1.00 -1.00 -1.00 -1.00 -1.00 -1.00 -1.00 -1.00 -1.00 -1.00 -1.00 -1.00 02.74 03.15 02.86 03.01 03.08 03.20 03.31 03.92 04.06 03.74 03.76 03.80 03.83 03.62 03.66 03.69 03.22 02.32 02.00 02.08 01.33 01.05 01.81 03.22 02.21 03.16 03.29 03.92 03.98 03.54 04.94 05.04 05.18 05.48 05.82 04.26 04.46 11.29 10.76 10.14 10.19 10.21 85.15 97.14 130.99 160.04 155.67 150.08 145.21 140.68 136.40 132.29 128.28 123.64 117.66 111.12 104.24
-1.00 -1.00 -1.00 -1.00 -1.00 -1.00 -1.00 -1.00 -1.00 -1.00 -1.00 -1.00 -1.00 -1.00 -1.00 -1.00 -1.00 -1.00 03.50 02.64 05.13 02.94 02.76 02.55 02.78 04.20 06.08 03.34 03.73 04.46 04.39 03.86 03.92 03.96 04.01 04.03 03.21 02.61 02.37 01.91 01.44 01.02 01.74 03.03 02.53 01.64 03.20 03.83 03.92 03.36 03.42 04.72 04.86 05.13 05.18 03.81 04.14 09.14 10.79 10.66 10.52 50.69 108.79 147.64 182.16 180.94 178.29 173.66 168.30 162.12 155.11 147.16 147.76 147.21 139.73 131.51 122.28
-1.00 -1.00 -1.00 -1.00 -1.00 -1.00 -1.00 -1.00 -1.00 -1.00 -1.00 -1.00 -1.00 -1.00 -1.00 -1.00 10.09 09.02 06.04 10.96 07.53 11.77 07.56 04.67 05.17 07.19 10.43 04.95 11.79 05.87 14.70 19.49 05.09 03.86 03.90 03.95 03.35 02.15 02.57 01.70 01.01 00.47 00.90 01.00 02.64 01.07 03.12 03.12 03.46 03.74 02.83 04.42 02.47 04.78 04.76 03.27 03.42 05.01 10.93 10.88 10.73 109.91 113.78 160.57 188.88 192.49 193.24 193.49 193.56 193.32 189.03 185.37 180.89 175.73 169.75 162.93 155.15
-1.00 -1.00 -1.00 -1.00 -1.00 -1.00 -1.00 -1.00 -1.00 -1.00 -1.00 -1.00 -1.00 -1.00 -1.00 -1.00 10.38 10.71 06.62 10.55 10.44 11.38 10.03 08.66 09.33 12.19 11.49 09.65 12.69 10.46 19.53 24.20 14.47 04.91 04.63 04.73 03.51 02.09 01.08 00.90 01.24 00.58 00.64 00.68 00.51 00.45 00.64 02.79 02.62 02.88 02.98 02.12 02.17 04.30 03.20 02.71 01.54 02.59 11.11 11.09 10.94 107.57 115.38 145.02 181.27 182.66 183.21 183.05 183.01 182.80 182.45 181.87 181.71 182.01 182.39 183.08 184.17
-1.00 -1.00 -1.00 -1.00 -1.00 -1.00 -1.00 -1.00 -1.00 -1.00 -1.00 -1.00 -1.00 -1.00 -1.00 -1.00 10.76 11.10 11.44 10.27 10.47 11.00 10.61 10.95 11.82 10.59 10.91 11.62 12.17 15.15 20.07 26.87 23.41 09.69 05.31 04.32 04.33 02.65 01.31 01.27 01.25 01.17 01.05 00.96 00.85 00.72 00.46 01.22 02.42 02.53 03.11 02.25 01.35 00.94 00.75 00.77 00.91 00.94 06.80 06.19 09.51 113.22 112.43 124.32 160.02 172.84 173.71 172.70 172.46 172.20 171.79 171.20 170.34 169.56 168.67 167.72 166.83
-1.00 -1.00 -1.00 -1.00 -1.00 -1.00 -1.00 -1.00 -1.00 -1.00 -1.00 -1.00 -1.00 -1.00 -1.00 10.67 11.08 11.61 11.77 10.21 10.34 10.79 11.17 11.46 12.36 11.52 11.42 11.92 12.80 16.91 19.46 23.80 32.75 20.55 05.50 04.31 04.76 03.71 01.46 01.37 01.14 01.11 01.17 01.11 01.15 01.00 00.57 00.45 01.80 02.33 02.66 02.05 00.93 00.71 00.77 00.58 00.59 00.82 00.91 02.22 82.34 108.98 108.23 107.48 132.52 160.80 160.38 159.19 157.63 156.62 155.47 153.84 151.50 149.90 148.32 146.68 145.19
-1.00 -1.00 -1.00 -1.00 -1.00 -1.00 -1.00 -1.00 -1.00 -1.00 -1.00 -1.00 -1.00 -1.00 -1.00 10.95 11.39 12.07 12.09 10.21 10.45 10.90 11.60 11.94 12.94 12.53 11.90 12.38 12.87 16.98 21.52 24.24 14.90 22.16 05.48 05.48 02.93 01.52 01.36 -1.00 -1.00 -1.00 -1.00 01.13 01.00 00.96 00.90 00.57 01.21 01.86 00.89 00.62 00.51 00.60 00.68 00.77 00.55 00.49 00.82 01.34 03.62 104.77 103.97 103.18 102.70 127.88 143.92 141.38 140.42 139.06 137.03 134.72 131.16 126.09 124.01 122.06 120.28
-1.00 -1.00 -1.00 -1.00 -1.00 -1.00 -1.00 -1.00 -1.00 -1.00 -1.00 -1.00 -1.00 -1.00 -1.00 11.24 11.68 12.46 12.19 10.20 10.54 11.02 12.09 12.59 13.51 13.54 12.25 12.80 13.92 15.25 20.81 26.36 19.32 09.28 05.43 05.45 01.48 01.46 -1.00 -1.00 -1.00 -1.00 -1.00 -1.00 -1.00 -1.00 00.92 00.83 00.47 00.47 00.57 00.58 00.70 01.05 01.18 00.76 00.46 00.81 01.37 01.32 04.21 99.16 97.82 96.46 95.00 98.27 113.77 118.64 115.47 117.87 115.44 110.21 104.16 96.75 87.86 85.95 80.05
-1.00 -1.00 -1.00 -1.00 -1.00 -1.00 -1.00 -1.00 -1.00 -1.00 -1.00 -1.00 -1.00 -1.00 -1.00 11.52 11.94 12.80 12.48 10.17 10.59 11.08 12.59 13.25 13.77 14.15 12.46 13.36 14.38 16.75 18.35 23.65 27.36 18.07 05.43 05.48 01.39 -1.00 -1.00 -1.00 -1.00 -1.00 -1.00 -1.00 -1.00 -1.00 00.82 00.89 00.84 00.75 00.86 01.03 01.15 01.38 01.25 00.66 00.48 00.92 01.38 02.04 38.05 83.72 90.69 89.33 86.52 82.79 78.42 83.93 90.95 92.29 87.70 82.63 77.97 72.78 67.23 60.86 53.99
-1.00 -1.00 -1.00 -1.00 -1.00 -1.00 -1.00 -1.00 -1.00 -1.00 -1.00 -1.00 -1.00 -1.00 -1.00 11.79 12.14 12.76 12.76 10.14 10.63 11.15 12.99 13.54 14.31 14.60 13.73 13.86 14.90 16.75 19.62 17.42 25.88 30.04 05.47 05.49 01.37 -1.00 -1.00 -1.00 -1.00 -1.00 -1.00 -1.00 -1.00 -1.00 -1.00 00.83 01.01 01.18 01.24 01.23 01.28 01.37 00.70 00.63 00.48 00.89 01.32 98.57 90.46 84.99 81.27 78.17 74.70 71.21 69.45 67.73 65.95 66.36 68.47 68.69 66.47 61.83 55.17 48.11 40.96
-1.00 -1.00 -1.00 -1.00 -1.00 -1.00 -1.00 -1.00 -1.00 -1.00 -1.00 -1.00 -1.00 -1.00 -1.00 11.99 12.30 12.60 13.22 10.10 10.68 11.16 13.24 13.73 14.44 14.80 15.27 13.67 15.44 17.41 20.27 21.98 12.93 07.00 05.54 05.78 02.50 01.39 00.75 00.79 00.82 00.84 00.99 00.97 -1.00 -1.00 -1.00 -1.00 00.92 01.06 01.08 01.10 01.22 -1.00 00.73 00.64 00.49 00.85 01.21 27.70 47.78 77.21 72.30 70.84 69.17 67.39 65.51 63.46 61.44 58.66 55.13 51.32 48.18 45.18 41.53 36.65 32.29
-1.00 -1.00 -1.00 -1.00 -1.00 -1.00 -1.00 -1.00 -1.00 -1.00 -1.00 -1.00 -1.00 -1.00 -1.00 12.22 12.40 12.77 13.75 10.22 10.73 11.12 11.51 13.92 14.48 15.04 15.75 14.99 15.88 17.68 20.83 25.51 20.78 12.82 05.52 06.11 02.57 01.97 01.15 02.02 01.32 00.86 00.77 00.89 00.91 00.92 01.07 -1.00 -1.00 -1.00 -1.00 -1.00 -1.00 -1.00 00.73 00.67 00.44 00.72 01.10 84.55 76.54 71.51 68.68 66.82 65.26 63.29 61.24 58.66 55.79 52.79 49.57 46.30 43.04 40.29 37.91 32.88 85.42
-1.00 -1.00 -1.00 -1.00 -1.00 -1.00 -1.00 -1.00 -1.00 -1.00 -1.00 -1.00 -1.00 -1.00 -1.00 12.23 12.46 13.15 14.26 11.49 10.70 11.11 11.50 14.11 14.59 15.29 16.31 17.68 16.34 17.81 19.80 23.84 30.31 07.61 05.85 06.05 02.43 02.44 02.24 02.14 01.59 00.91 02.13 01.08 00.71 00.75 00.95 00.95 01.20 -1.00 -1.00 -1.00 -1.00 -1.00 00.68 00.76 00.47 00.57 01.03 01.94 56.26 66.97 64.41 62.22 60.43 58.57 56.42 53.90 51.07 47.74 44.57 41.69 39.41 40.24 59.81 60.87 63.15
-1.00 -1.00 -1.00 -1.00 -1.00 -1.00 -1.00 -1.00 -1.00 -1.00 -1.00 -1.00 -1.00 -1.00 -1.00 -1.00 13.22 13.99 14.90 14.56 10.82 11.15 11.38 14.28 14.62 15.24 16.73 18.35 20.19 19.00 18.11 19.06 13.81 05.41 06.06 02.39 02.45 02.46 02.18 02.08 02.00 02.42 01.86 01.00 00.61 00.76 00.78 00.78 01.02 00.99 -1.00 -1.00 -1.00 -1.00 00.83 00.67 00.53 00.82 00.94 02.04 30.87 63.75 60.02 57.93 56.25 54.55 52.78 49.65 46.23 43.82 41.73 38.53 41.59 94.06 94.47 74.23 64.01
-1.00 -1.00 -1.00 -1.00 -1.00 -1.00 -1.00 -1.00 -1.00 -1.00 -1.00 -1.00 -1.00 -1.00 -1.00 -1.00 14.20 15.09 16.39 15.05 11.17 11.31 11.52 11.80 14.79 15.60 16.61 18.68 21.05 24.16 25.64 12.94 05.83 06.00 02.55 02.41 02.48 02.27 02.09 01.97 02.15 02.14 01.87 00.63 01.62 01.05 00.65 00.84 00.79 01.03 00.77 00.80 00.81 00.81 00.74 00.61 00.53 00.92 01.30 00.92 62.64 60.14 57.10 54.97 53.12 50.79 47.95 45.16 43.16 74.49 79.22 76.77 79.19 81.13 74.09 73.00 68.92
-1.00 -1.00 -1.00 -1.00 -1.00 -1.00 -1.00 -1.00 -1.00 -1.00 -1.00 -1.00 -1.00 -1.00 -1.00 -1.00 10.83 14.49 06.13 12.80 05.06 10.59 09.14 12.04 15.08 15.40 16.82 18.58 20.89 24.78 30.54 25.30 05.96 05.98 02.56 02.42 02.50 02.28 02.10 01.94 02.06 01.93 01.59 01.34 01.58 06.65 06.43 00.69 00.82 00.71 00.79 00.78 00.79 00.79 00.63 00.60 00.97 01.03 01.10 02.02 49.54 56.40 53.44 58.42 78.30 82.09 98.94 99.32 97.15 94.25 91.20 88.89 89.06 89.74 87.79 85.11 80.54
-1.00 -1.00 -1.00 -1.00 -1.00 -1.00 -1.00 -1.00 -1.00 -1.00 -1.00 -1.00 -1.00 -1.00 -1.00 -1.00 -1.00 05.24 05.10 03.30 04.00 08.81 05.51 12.55 07.19 15.20 17.60 18.84 21.13 23.19 25.44 36.48 05.98 02.49 02.44 02.51 02.52 02.30 02.10 01.94 01.99 01.70 01.00 01.49 05.73 06.39 07.35 03.14 00.69 00.67 00.68 00.69 00.70 00.70 00.56 01.63 01.19 01.03 01.55 01.94 68.73 45.38 114.49 110.67 105.52 111.61 111.90 110.88 109.54 107.96 106.21 104.96 104.90 104.42 105.40 103.29 100.56
-1.00 -1.00 -1.00 -1.00 -1.00 -1.00 -1.00 -1.00 -1.00 -1.00 -1.00 -1.00 -1.00 -1.00 -1.00 -1.00 -1.00 -1.00 -1.00 -1.00 03.58 03.39 03.75 02.97 05.86 03.19 04.21 03.87 12.43 23.66 27.48 19.28 07.30 02.58 02.46 02.55 02.36 02.22 02.01 01.96 01.93 01.54 01.13 01.50 05.25 05.55 03.34 01.82 01.01 01.05 01.11 01.14 01.13 01.13 01.58 01.60 01.20 01.28 01.92 120.00 119.15 119.05 119.43 119.43 118.86 118.28 117.81 117.39 116.83 116.34 115.64 113.98 113.24 116.07 116.80 115.88 114.40
-1.00 -1.00 -1.00 -1.00 -1.00 -1.00 -1.00 -1.00 -1.00 -1.00 -1.00 -1.00 -1.00 -1.00 -1.00 -1.00 -1.00 -1.00 -1.00 -1.00 -1.00 03.20 03.81 04.48 04.08 03.40 03.51 03.36 03.30 04.08 23.36 33.17 05.54 02.64 02.48 02.59 02.40 02.23 02.00 01.93 01.89 01.45 01.29 01.99 05.04 03.24 01.95 01.69 05.25 03.14 01.81 01.80 01.93 02.06 01.82 01.85 02.25 01.23 97.16 119.19 118.39 117.89 117.97 117.89 117.41 116.76 116.22 115.72 115.14 114.47 113.77 112.81 111.89 111.57 111.35 110.29 108.90
-1.00 -1.00 -1.00 -1.00 -1.00 -1.00 -1.00 -1.00 -1.00 -1.00 -1.00 -1.00 -1.00 -1.00 -1.00 -1.00 -1.00 -1.00 -1.00 -1.00 -1.00 -1.00 -1.00 04.34 04.54 04.72 04.73 03.28 03.21 03.29 04.37 04.92 05.20 02.71 02.50 02.63 02.44 02.26 02.00 01.90 01.88 01.36 01.32 03.85 04.39 02.83 03.31 02.18 05.15 02.98 01.63 04.12 02.56 02.15 02.64 02.80 02.72 01.94 118.01 117.50 116.88 116.87 116.67 116.42 115.94 115.28 114.51 113.50 112.39 111.15 109.86 108.27 106.95 105.87 105.62 104.83 103.29
-1.00 -1.00 -1.00 -1.00 -1.00 -1.00 -1.00 -1.00 -1.00 -1.00 -1.00 -1.00 -1.00 -1.00 -1.00 -1.00 -1.00 -1.00 -1.00 -1.00 -1.00 -1.00 -1.00 -1.00 04.42 04.63 04.78 04.57 04.43 03.24 03.56 03.31 02.62 02.74 02.54 02.70 02.48 02.28 01.99 01.88 01.87 00.46 01.33 03.69 04.02 02.64 03.67 03.86 04.72 03.60 04.95 05.48 03.17 07.06 08.81 04.09 02.25 01.95 02.18 114.80 113.99 113.60 112.92 112.04 111.05 109.90 108.76 107.69 106.55 105.28 103.95 102.32 100.36 98.85 97.44 96.52 94.30
-1.00 -1.00 -1.00 -1.00 -1.00 -1.00 -1.00 -1.00 -1.00 -1.00 -1.00 -1.00 -1.00 -1.00 -1.00 -1.00 -1.00 -1.00 -1.00 -1.00 -1.00 -1.00 -1.00 -1.00 -1.00 -1.00 -1.00 04.49 04.36 04.33 04.55 02.47 02.67 02.74 02.58 02.76 02.52 02.30 02.01 01.86 01.90 00.95 01.29 03.52 03.78 02.47 03.44 03.51 04.40 03.89 04.06 06.08 04.13 06.30 07.04 04.68 04.60 02.54 04.51 110.06 109.21 108.38 107.49 106.49 105.46 104.28 103.05 101.95 100.73 99.32 97.84 96.24 94.29 91.93 89.41 87.37 85.22
-1.00 -1.00 -1.00 -1.00 -1.00 -1.00 -1.00 -1.00 -1.00 -1.00 -1.00 -1.00 -1.00 -1.00 -1.00 -1.00 -1.00 -1.00 -1.00 -1.00 -1.00 -1.00 -1.00 -1.00 -1.00 -1.00 -1.00 -1.00 -1.00 04.24 03.41 02.47 02.69 02.79 02.60 02.79 02.54 02.33 02.04 01.85 01.91 01.37 01.26 03.32 03.83 02.34 03.23 03.34 04.05 03.61 03.66 05.54 05.32 05.60 06.10 05.45 04.28 09.58 09.20 105.46 104.34 103.31 102.27 101.15 100.11 98.93 97.61 96.45 95.19 93.33 91.38 89.32 87.02 84.84 83.61 79.79 77.03
-1.00 -1.00 -1.00 -1.00 -1.00 -1.00 -1.00 -1.00 -1.00 -1.00 -1.00 -1.00 -1.00 -1.00 -1.00 -1.00 -1.00 -1.00 -1.00 -1.00 -1.00 -1.00 -1.00 -1.00 -1.00 -1.00 -1.00 -1.00 -1.00 -1.00 03.06 02.46 02.70 02.82 02.63 02.81 02.57 02.35 02.08 01.85 01.92 01.42 01.23 02.70 03.71 02.34 03.32 03.29 03.90 03.72 03.51 04.91 04.92 05.17 05.25 04.53 03.81 10.04 09.71 72.47 98.85 97.73 96.77 95.85 94.63 93.24 91.74 90.17 88.45 86.62 84.65 82.13 78.75 75.31 71.56 68.77 67.40
-1.00 -1.00 -1.00 -1.00 -1.00 -1.00 -1.00 -1.00 -1.00 -1.00 -1.00 -1.00 -1.00 -1.00 -1.00 -1.00 -1.00 -1.00 -1.00 -1.00 -1.00 -1.00 -1.00 -1.00 -1.00 -1.00 -1.00 -1.00 -1.00 -1.00 02.82 02.45 02.61 02.81 02.65 02.82 02.59 02.37 02.11 01.85 01.94 01.44 01.16 01.73 03.59 02.28 03.24 03.39 03.90 03.91 03.51 04.77 04.73 04.90 05.17 04.79 03.46 10.11 22.68 95.68 93.78 92.68 91.56 90.34 88.89 87.14 85.32 83.87 81.99 79.47 76.72 73.70 70.36 68.59 66.95 65.79 64.25
-1.00 -1.00 -1.00 -1.00 -1.00 -1.00 -1.00 -1.00 -1.00 -1.00 -1.00 -1.00 -1.00 -1.00 -1.00 -1.00 -1.00 -1.00 -1.00 -1.00 -1.00 -1.00 -1.00 -1.00 -1.00 -1.00 -1.00 -1.00 -1.00 -1.00 02.85 02.44 02.53 02.85 02.67 02.84 02.63 02.45 02.34 01.91 01.98 01.49 01.06 01.67 03.40 02.21 03.15 03.33 03.92 03.89 03.54 04.94 05.00 04.81 05.04 04.97 03.46 10.09 29.46 80.57 89.99 88.12 86.95 85.63 83.86 81.42 78.86 76.65 74.73 72.64 70.50 68.71 66.88 65.10 63.72 62.31 60.70
-1.00 -1.00 -1.00 -1.00 -1.00 -1.00 -1.00 -1.00 -1.00 -1.00 -1.00 -1.00 -1.00 -1.00 -1.00 -1.00 -1.00 -1.00 -1.00 -1.00 -1.00 -1.00 -1.00 -1.00 -1.00 -1.00 -1.00 -1.00 -1.00 -1.00 02.85 02.87 02.57 02.92 02.76 03.01 02.76 02.61 02.41 02.11 01.96 01.55 01.00 01.63 03.22 02.64 02.74 03.19 03.82 03.83 03.41 04.71 04.90 05.07 05.26 05.06 03.44 03.39 09.58 71.41 86.31 83.72 81.76 79.84 77.81 75.42 72.81 70.28 68.99 68.04 66.80 65.16 63.49 61.83 60.26 58.80 57.62
-1.00 -1.00 -1.00 -1.00 -1.00 -1.00 -1.00 -1.00 -1.00 -1.00 -1.00 -1.00 -1.00 -1.00 -1.00 -1.00 -1.00 -1.00 -1.00 -1.00 -1.00 -1.00 -1.00 -1.00 -1.00 -1.00 -1.00 -1.00 -1.00 -1.00 02.60 03.34 01.68 03.13 02.78 03.23 02.40 02.82 02.48 01.32 00.61 01.94 00.95 01.51 02.90 03.12 02.18 03.05 03.69 03.76 03.22 03.53 04.06 04.92 05.06 05.38 03.65 03.48 14.18 66.51 78.37 73.97 73.06 73.57 72.38 70.71 69.01 67.19 65.40 64.32 63.23 61.84 60.30 58.70 56.91 55.08 53.75
-1.00 -1.00 -1.00 -1.00 -1.00 -1.00 -1.00 -1.00 -1.00 -1.00 -1.00 -1.00 -1.00 -1.00 -1.00 -1.00 -1.00 -1.00 -1.00 -1.00 -1.00 -1.00 -1.00 -1.00 -1.00 -1.00 -1.00 -1.00 -1.00 -1.00 -1.00 02.69 00.87 03.39 01.24 02.94 01.10 03.06 01.42 02.85 00.21 02.06 00.76 00.98 01.75 02.71 02.00 02.89 03.01 03.62 03.51 03.09 03.73 04.47 04.73 05.02 03.63 03.67 10.18 77.17 73.35 72.05 70.89 69.76 68.64 67.37 65.94 64.26 62.46 61.11 60.09 58.97 57.62 56.11 54.56 53.16 51.78
-1.00 -1.00 -1.00 -1.00 -1.00 -1.00 -1.00 -1.00 -1.00 -1.00 -1.00 -1.00 -1.00 -1.00 -1.00 -1.00 -1.00 -1.00 -1.00 -1.00 -1.00 -1.00 -1.00 -1.00 -1.00 -1.00 -1.00 -1.00 -1.00 -1.00 -1.00 -1.00 -1.00 -1.00 -1.00 -1.00 -1.00 -1.00 -1.00 -1.00 -1.00 -1.00 -1.00 -1.00 -1.00 02.34 01.36 00.42 02.91 01.14 03.85 01.71 00.64 04.16 03.49 02.71 03.01 03.81 53.65 72.31 70.59 69.14 67.74 66.40 65.28 64.32 63.00 61.64 60.48 59.43 58.24 56.85 55.47 54.38 53.18 51.00 48.69
-1.00 -1.00 -1.00 -1.00 -1.00 -1.00 -1.00 -1.00 -1.00 -1.00 -1.00 -1.00 -1.00 -1.00 -1.00 -1.00 -1.00 -1.00 -1.00 -1.00 -1.00 -1.00 -1.00 -1.00 -1.00 -1.00 -1.00 -1.00 -1.00 -1.00 -1.00 -1.00 -1.00 -1.00 -1.00 -1.00 -1.00 -1.00 -1.00 -1.00 -1.00 -1.00 -1.00 -1.00 -1.00 -1.00 -1.00 -1.00 -1.00 -1.00 -1.00 -1.00 -1.00 -1.00 -1.00 -1.00 00.03 01.91 21.08 64.27 68.42 66.08 65.00 63.94 62.92 62.15 61.20 60.08 58.81 57.70 56.70 54.76 52.76 51.60 50.33 48.67 46.60
-1.00 -1.00 -1.00 -1.00 -1.00 -1.00 -1.00 -1.00 -1.00 -1.00 -1.00 -1.00 -1.00 -1.00 -1.00 -1.00 -1.00 -1.00 -1.00 -1.00 -1.00 -1.00 -1.00 -1.00 -1.00 -1.00 -1.00 -1.00 -1.00 -1.00 -1.00 -1.00 -1.00 -1.00 -1.00 -1.00 -1.00 -1.00 -1.00 -1.00 -1.00 -1.00 -1.00 -1.00 -1.00 -1.00 -1.00 -1.00 -1.00 -1.00 -1.00 -1.00 -1.00 -1.00 -1.00 -1.00 -1.00 56.38 65.04 69.20 65.59 64.04 62.79 62.02 61.56 60.99 59.67 58.10 56.64 55.36 53.97 52.22 50.51 48.98 47.71 46.33 43.95
