data/trial3/ashley.hpa
NCOLS 382
NROWS 266
XLLCORNER 157819.328125
YLLCORNER 384678.625000
CELLSIZE 30.000000
NODATA_VALUE -1
[rows 78 to 103 of 266, columns 180 to 239 of 382]
01117.203 01101.736 01072.760 01007.989 00951.861 00994.271 01006.896 01029.714 01052.330 01063.354 01052.274 01012.563 00941.155 01010.878 01036.746 01054.550 01064.522 01056.496 01053.195 01012.048 00940.353 00884.953 01027.333 01072.677 01100.057 01110.856 01123.277 01149.814 01177.973 01185.632 01189.783 01173.867 01082.680 00934.157 00928.687 00822.802 00177.547 00176.484 00164.554 00169.808 00168.824 00165.620 00168.859 00172.467 00174.426 00434.033 00467.897 00471.039 00467.537 00469.567 00474.766 00476.463 00477.662 00478.610 00480.950 00481.837 00476.609 00467.899 00466.868 00469.846
01070.604 01082.880 01091.677 01093.575 01092.604 01090.786 01082.284 01065.865 00734.491 01063.432 01055.931 01053.031 01062.704 01069.654 01074.863 01083.602 01086.300 01094.943 01089.920 01077.207 01055.068 01089.898 01113.443 01130.037 01150.614 01163.908 01190.220 00564.100 00825.916 00507.772 00469.286 01033.775 00835.167 00488.097 00221.685 00157.504 00161.747 00170.239 00175.494 00174.216 00171.738 00171.700 00172.134 00173.629 00173.105 00397.925 00467.192 00469.517 00467.424 00469.048 00471.603 00476.466 00478.351 00479.263 00480.767 00480.181 00476.374 00468.539 00467.180 00469.730
01116.559 01121.229 01123.077 01122.256 01121.182 01115.854 01105.301 01096.908 01085.487 01086.930 01090.708 01090.085 01094.668 01099.075 01106.301 01110.696 01118.110 01121.577 01117.853 01110.758 01099.113 01145.005 01170.217 01198.517 01200.634 01200.766 00579.256 00469.694 00546.014 00466.670 00461.996 00432.702 00507.402 00159.821 00156.740 00153.151 00156.428 00161.527 00171.809 00174.255 00169.891 00353.090 00171.118 00170.889 00441.283 00411.446 00464.563 00467.972 00467.626 00469.242 00470.479 00475.249 00477.690 00480.695 00482.125 00479.319 00475.393 00470.371 00468.021 00469.529
01151.268 01152.351 01152.031 01151.310 01145.455 01137.448 01131.689 01132.831 01132.959 01126.448 01120.121 01121.209 01122.103 01123.512 01125.760 01130.392 01138.473 01141.537 01140.660 01132.667 01142.780 01214.650 01213.052 00999.606 00508.091 00534.670 00467.420 00467.373 00464.259 00465.555 00450.557 00394.644 00195.549 00164.461 00160.072 00157.748 00154.175 00156.431 00165.208 00169.607 00459.300 00458.243 00459.112 00263.095 00447.263 00463.348 00463.417 00465.624 00467.865 00468.640 00469.331 00473.907 00477.795 00480.191 00481.390 00477.526 00474.618 00470.941 00469.523 00469.331
01203.918 01204.088 01201.259 01187.334 01176.811 01165.935 01159.305 01152.424 01149.462 01146.514 01148.587 01149.929 01152.080 01152.989 01153.413 01159.752 01168.621 01169.564 01168.276 01162.342 01202.187 00525.018 00474.125 00473.783 00470.737 00468.590 00466.968 00464.914 00464.987 00466.546 00467.644 00468.634 00463.716 00169.042 00164.001 00161.147 00158.806 00154.845 00160.308 00168.982 00454.441 00426.989 00456.302 00462.068 00461.816 00464.613 00466.039 00464.740 00467.874 00468.158 00468.135 00472.481 00476.547 00479.925 00479.616 00475.055 00472.613 00471.234 00468.359 00470.335
01230.066 01227.556 01222.917 01219.117 01213.379 01206.264 01199.262 01198.211 01194.542 01197.535 01200.135 01200.878 01200.049 01197.391 01200.546 01203.755 01202.634 01199.143 01196.091 01180.134 00561.588 00474.210 00473.707 00472.717 00470.291 00468.303 00467.004 00464.714 00464.609 00465.537 00467.352 00469.385 00469.027 00412.308 00169.079 00166.216 00163.640 00158.856 00152.360 00163.308 00391.626 00389.571 00441.790 00461.431 00466.022 00466.872 00468.854 00468.126 00467.169 00468.317 00468.567 00471.128 00475.234 00479.627 00477.415 00474.169 00472.069 00470.411 00469.538 00470.482
00592.441 00874.095 01239.168 01232.388 01225.678 01220.004 01217.633 01215.334 01215.800 01215.369 01214.915 01214.846 01214.388 01213.962 01213.914 01213.073 01212.370 01211.882 01195.487 01200.480 01197.368 00796.817 00472.950 00472.951 00469.095 00468.542 00466.052 00467.594 00467.763 00468.359 00469.399 00469.727 00468.955 00468.412 00468.431 00461.970 00168.739 00162.867 00157.786 00160.625 00166.892 00314.814 00434.484 00461.501 00465.543 00467.534 00469.928 00470.916 00470.380 00469.627 00468.996 00470.061 00473.114 00476.167 00474.998 00473.149 00471.389 00470.625 00468.621 00468.816
00472.371 00472.878 00473.031 00473.180 00472.205 00469.750 00467.153 00466.815 00466.671 00466.579 00466.650 00467.146 00468.409 00468.826 00470.895 01220.727 01220.453 01224.684 01216.475 00504.830 00477.260 00571.895 00471.739 00472.704 00467.480 00468.935 00468.956 00470.393 00471.205 00472.005 00472.601 00470.835 00470.205 00469.152 00468.547 00468.707 00468.114 00168.021 00161.808 00148.724 00166.595 00444.134 00439.045 00460.383 00465.042 00468.002 00470.414 00472.389 00472.686 00470.898 00470.139 00469.820 00472.098 00475.841 00475.081 00473.233 00473.130 00470.000 00469.038 00471.580
00485.928 00479.480 00474.838 00472.351 00470.675 00475.199 00484.235 00483.462 00478.549 00468.113 00467.868 00467.754 00469.030 00470.389 00470.966 00471.998 00473.518 00472.903 00472.349 00470.650 00470.578 00470.512 00470.093 00470.479 00465.554 00468.044 00469.216 00469.775 00471.216 00473.297 00473.961 00472.795 00471.080 00470.539 00470.489 00470.385 00470.681 00468.527 00165.475 00154.898 00163.071 00419.501 00454.973 00463.720 00471.473 00468.926 00471.099 00471.859 00473.713 00471.722 00470.947 00470.119 00494.853 00471.855 00486.336 00473.749 00472.187 00470.293 00472.636 00478.907
00500.800 00497.662 00497.933 00497.231 00478.243 00495.062 00493.717 00493.370 00492.608 00491.806 00487.414 00470.044 00470.208 00472.521 00474.371 00474.937 00473.545 00472.605 00473.488 00470.844 00469.773 00470.844 00468.904 00468.709 00465.747 00469.909 00470.542 00470.953 00472.666 00474.756 00474.213 00472.714 00471.608 00470.760 00471.702 00471.866 00474.114 00472.178 00168.509 00158.861 00160.181 00407.224 00508.172 00561.088 00529.595 00467.795 00483.302 00473.224 00524.399 00472.701 00478.668 00603.696 00471.863 00579.109 00472.097 00537.973 00502.910 00470.543 00470.810 00472.785
00500.010 00500.862 00500.745 00499.179 00497.879 00496.330 00496.481 00496.458 00496.352 00495.750 00495.168 00494.649 00493.133 00477.227 00477.374 00477.261 00477.016 00473.174 00472.833 00471.641 00470.039 00468.849 00467.640 00467.688 00465.960 00465.284 00469.900 00472.282 00473.078 00474.463 00474.595 00474.300 00473.289 00471.676 00471.668 00472.951 00476.114 00477.078 00171.798 00162.874 00155.185 00566.534 00527.199 00721.959 00709.700 00730.936 00733.580 00735.662 00736.446 00733.931 00732.508 00730.654 00730.808 00727.114 00713.585 00549.641 00466.171 00465.687 00467.856 00468.675
00501.238 00500.929 00501.387 00500.883 00501.042 00499.385 00497.902 00497.475 00497.300 00497.354 00497.441 00497.478 00502.558 00498.649 00493.625 00478.363 00476.595 00475.042 00473.244 00472.170 00471.301 00469.231 00467.236 00466.670 00466.068 00465.954 00466.425 00469.346 00473.675 00474.292 00474.274 00474.483 00474.090 00472.593 00472.306 00473.915 00477.063 00479.418 00472.810 00166.457 00157.308 00160.301 00526.295 00723.915 00736.970 00732.531 00726.558 00722.355 00716.846 00712.397 00707.196 -0001.000 -0001.000 -0001.000 -0001.000 -0001.000 -0001.000 -0001.000 -0001.000 -0001.000
00501.213 00502.072 00502.054 00502.022 00500.308 00498.773 00497.954 00497.929 00497.678 00497.555 00497.231 00497.261 00498.286 00521.966 00524.490 00517.945 00477.711 00474.694 00473.049 00472.225 00471.786 00469.390 00467.350 00466.109 00466.887 00467.077 00467.161 00470.318 00475.119 00475.512 00475.447 00474.918 00474.779 00473.986 00474.646 00475.228 00479.460 00481.562 00437.971 00171.109 00161.186 00157.303 00161.631 00674.597 00732.476 00736.816 00729.155 -0001.000 -0001.000 -0001.000 -0001.000 -0001.000 -0001.000 -0001.000 -0001.000 -0001.000 -0001.000 -0001.000 -0001.000 -0001.000
00501.503 00501.984 00502.681 00502.627 00501.446 00499.870 00499.580 00498.227 00498.617 00498.249 00497.749 00497.066 00495.764 00511.987 00524.295 00522.337 00481.362 00475.368 00473.086 00471.830 00471.633 00469.873 00468.578 00466.925 00465.630 00467.562 00468.211 00467.874 00469.888 00475.336 00477.486 00476.422 00475.484 00475.640 00475.791 00477.791 00480.010 00484.206 00480.097 00471.749 00167.790 00163.745 00155.977 00163.845 00704.989 00742.926 00602.151 00712.538 -0001.000 -0001.000 -0001.000 -0001.000 -0001.000 -0001.000 -0001.000 -0001.000 -0001.000 -0001.000 -0001.000 -0001.000
00502.302 00502.458 00503.005 00503.202 00503.598 00500.900 00498.108 00498.305 00498.467 00498.580 00498.535 00497.594 00497.568 00518.331 00524.646 00523.751 00517.118 00476.595 00473.360 00471.534 00471.518 00470.242 00469.177 00468.198 00467.467 00467.489 00468.692 00469.009 00471.798 00476.422 00477.781 00478.116 00477.783 00477.045 00476.729 00479.459 00484.496 00485.794 00478.264 00474.453 00343.619 00171.074 00162.727 00154.349 00622.061 00588.013 00622.429 00720.611 -0001.000 -0001.000 -0001.000 -0001.000 -0001.000 -0001.000 -0001.000 -0001.000 -0001.000 -0001.000 -0001.000 -0001.000
00501.730 00502.898 00502.999 00503.145 00503.196 00503.155 00500.404 00498.121 00498.494 00498.446 00498.095 00497.974 00497.635 00505.510 00525.198 00523.924 00517.318 00503.497 00481.854 00471.626 00471.427 00470.930 00470.374 00469.514 00469.103 00469.046 00469.599 00469.551 00472.803 00479.128 00478.556 00479.065 00479.368 00478.349 00478.244 00481.368 00485.695 00480.311 00476.368 00473.929 00471.809 00468.419 00170.489 00160.138 00162.428 00183.321 00714.689 00724.648 -0001.000 -0001.000 -0001.000 -0001.000 -0001.000 -0001.000 -0001.000 -0001.000 -0001.000 -0001.000 -0001.000 -0001.000
00501.636 00502.171 00502.649 00503.039 00502.680 00502.550 00502.904 00500.646 00498.475 00498.400 00498.052 00497.832 00498.537 00514.880 00526.592 00524.774 00521.331 00504.940 00488.167 00471.779 00471.485 00471.343 00470.897 00471.036 00470.013 00470.511 00470.732 00471.118 00470.609 00476.758 00479.460 00479.571 00480.012 00480.051 00482.021 00483.707 00483.872 00478.689 00477.509 00473.522 00473.123 00471.435 00466.588 00168.174 00155.387 00167.781 00621.981 00727.820 -0001.000 -0001.000 -0001.000 -0001.000 -0001.000 -0001.000 -0001.000 -0001.000 -0001.000 -0001.000 -0001.000 -0001.000
00501.497 00502.290 00502.896 00502.182 00501.315 00501.622 00502.244 00502.965 00502.250 00498.454 00498.129 00497.821 00497.743 00516.189 00526.860 00526.085 00521.013 00504.645 00489.217 00471.984 00471.554 00471.436 00471.388 00471.339 00471.272 00471.470 00472.485 00473.459 00474.498 00473.168 00480.939 00478.222 00481.217 00481.355 00483.142 00484.052 00485.071 00483.095 00479.141 00473.707 00474.016 00473.723 00472.685 00458.952 00159.716 00162.259 00173.783 00178.177 00721.182 -0001.000 -0001.000 -0001.000 -0001.000 -0001.000 -0001.000 -0001.000 -0001.000 -0001.000 -0001.000 -0001.000
00499.520 00501.462 00501.504 00500.196 00500.225 00500.995 00501.869 00502.380 00503.348 00503.005 00498.037 00497.792 00497.792 00504.595 00524.275 00527.097 00522.745 00506.391 00488.715 00471.948 00471.554 00471.365 00471.876 00471.549 00474.168 00474.450 00474.011 00475.079 00476.033 00473.718 00482.114 00477.981 00483.413 00487.356 00487.033 00487.047 00486.813 00481.290 00477.821 00473.231 00474.811 00474.613 00474.790 00471.938 00166.469 00155.389 00167.086 00177.112 00175.937 -0001.000 -0001.000 -0001.000 -0001.000 -0001.000 -0001.000 -0001.000 -0001.000 -0001.000 -0001.000 -0001.000
00498.100 00497.952 00498.447 00498.892 00499.524 00500.537 00502.274 00503.207 00503.073 00502.797 00502.624 00497.757 00500.577 00513.748 00523.104 00527.689 00524.800 00506.102 00490.086 00472.475 00471.358 00470.962 00472.779 00472.275 00475.166 00476.252 00476.782 00476.954 00476.715 00475.314 00474.793 00477.426 00479.644 00484.424 00488.638 00487.540 00486.738 00479.611 00475.151 00474.234 00474.137 00477.045 00475.670 00475.353 00405.857 00160.776 00162.255 00169.733 00178.215 -0001.000 -0001.000 -0001.000 -0001.000 -0001.000 -0001.000 -0001.000 -0001.000 -0001.000 -0001.000 -0001.000
00496.884 00497.439 00498.538 00499.329 00500.343 00501.182 00502.350 00503.234 00503.170 00502.904 00502.685 00502.564 00499.891 00522.978 00527.822 00528.617 00522.823 00513.170 00493.123 00481.996 00471.141 00472.251 00472.681 00475.689 00475.778 00475.919 00476.820 00477.428 00477.172 00476.041 00474.943 00475.722 00480.430 00486.776 00489.484 00490.777 00484.853 00479.071 00475.450 00475.537 00474.982 00479.108 00478.474 00476.295 00470.483 00169.411 00158.892 00163.663 00172.823 00174.261 -0001.000 -0001.000 -0001.000 -0001.000 -0001.000 -0001.000 -0001.000 -0001.000 -0001.000 -0001.000
00493.716 00494.866 00495.782 00497.870 00499.999 00500.847 00503.269 00503.130 00502.960 00502.845 00502.682 00502.500 00501.532 00518.814 00529.115 00528.803 00524.452 00511.716 00496.022 00479.323 00472.439 00474.492 00475.050 00475.536 00475.682 00476.258 00476.766 00477.491 00477.455 00476.712 00475.667 00475.321 00483.896 00489.417 00492.628 00495.857 00484.771 00489.378 00476.358 00476.741 00477.644 00479.364 00483.580 00481.237 00469.997 00443.140 00166.409 00157.475 00169.238 00176.870 -0001.000 -0001.000 -0001.000 -0001.000 -0001.000 -0001.000 -0001.000 -0001.000 -0001.000 -0001.000
00491.263 00492.081 00493.779 00495.399 00496.784 00499.121 00502.521 00503.010 00502.984 00502.845 00502.765 00502.470 00502.310 00498.224 00529.692 00528.792 00524.740 00510.126 00497.819 00474.577 00474.318 00474.776 00475.468 00475.736 00475.857 00476.139 00476.561 00477.475 00477.497 00477.414 00476.443 00476.714 00477.576 00481.097 00490.822 00499.569 00497.435 00491.576 00477.249 00478.802 00479.677 00481.112 00485.176 00487.851 00472.856 00464.666 00173.528 00163.343 00166.588 00179.269 -0001.000 -0001.000 -0001.000 -0001.000 -0001.000 -0001.000 -0001.000 -0001.000 -0001.000 -0001.000
00489.537 00489.925 00492.751 00494.592 00494.413 00496.361 00497.981 00501.255 00502.921 00503.063 00502.858 00502.692 00502.394 00482.372 00515.662 00523.300 00524.668 00517.620 00508.062 00475.922 00476.118 00475.384 00475.690 00476.179 00476.268 00476.576 00476.922 00477.126 00477.496 00477.716 00476.946 00477.610 00478.168 00484.798 00495.169 00501.528 00493.276 00488.474 00477.153 00479.497 00482.987 00482.498 00486.613 00488.230 00475.262 00469.917 00468.103 00165.461 00164.385 00180.801 -0001.000 -0001.000 -0001.000 -0001.000 -0001.000 -0001.000 -0001.000 -0001.000 -0001.000 -0001.000
00486.898 00486.483 00486.005 00493.304 00494.210 00495.304 00496.875 00498.076 00501.304 00503.194 00503.206 00502.906 00482.236 00482.264 00482.192 00507.408 00523.065 00522.258 00514.760 00476.368 00476.694 00476.365 00475.974 00476.264 00476.722 00476.952 00477.335 00477.470 00477.597 00477.863 00477.581 00478.215 00479.288 00479.987 00484.808 00491.275 00491.249 00486.301 00478.012 00480.958 00483.438 00484.390 00486.353 00485.948 00475.851 00470.265 00469.098 00167.159 00160.963 00180.175 -0001.000 -0001.000 -0001.000 -0001.000 -0001.000 -0001.000 -0001.000 -0001.000 -0001.000 -0001.000
00483.179 00483.659 00483.100 00484.133 00492.869 00491.626 00495.915 00497.563 00498.697 00501.873 00503.177 00503.130 00481.427 00481.415 00481.947 00486.119 00501.098 00506.447 00513.381 00499.042 00477.218 00476.675 00476.286 00476.425 00476.857 00477.049 00477.494 00477.364 00477.812 00478.453 00478.481 00479.519 00480.470 00481.178 00482.374 00487.339 00488.752 00485.493 00479.028 00481.309 00482.688 00484.022 00484.226 00483.094 00475.003 00471.580 00470.213 00168.494 00155.099 00176.311 00175.559 -0001.000 -0001.000 -0001.000 -0001.000 -0001.000 -0001.000 -0001.000 -0001.000 -0001.000
