data/trial3/ashley.hpa
NCOLS 382
NROWS 266
XLLCORNER 157819.328125
YLLCORNER 384678.625000
CELLSIZE 30.000000
NODATA_VALUE -1
[rows 52 to 77 of 266, columns 180 to 239 of 382]
00460.299 00457.761 00453.788 00449.663 00444.540 00439.225 00428.611 00411.303 00389.062 00357.105 00325.091 00262.624 00172.932 00279.986 00299.312 00326.041 00374.039 00380.734 00465.221 00467.923 00459.433 00437.060 00688.336 00704.963 00736.482 00739.853 00742.071 00755.790 00757.054 00758.525 00740.676 00716.888 -0001.000 -0001.000 -0001.000 -0001.000 -0001.000 -0001.000 -0001.000 -0001.000 -0001.000 -0001.000 -0001.000 -0001.000 -0001.000 -0001.000 -0001.000 -0001.000 -0001.000 -0001.000 -0001.000 -0001.000 -0001.000 -0001.000 -0001.000 -0001.000 -0001.000 -0001.000 -0001.000 -0001.000
00459.997 00457.116 00452.758 00448.597 00444.318 00437.787 00427.009 00408.225 00382.165 00352.589 00317.078 00218.845 00370.112 00384.731 00376.463 00281.149 00334.422 00384.120 00465.300 00462.425 00449.824 00424.853 00688.045 00724.985 00729.297 00732.825 00739.191 00756.347 00758.072 00758.785 00737.194 00715.555 -0001.000 -0001.000 -0001.000 -0001.000 -0001.000 -0001.000 -0001.000 -0001.000 -0001.000 -0001.000 -0001.000 -0001.000 -0001.000 -0001.000 -0001.000 -0001.000 -0001.000 -0001.000 -0001.000 -0001.000 -0001.000 -0001.000 -0001.000 -0001.000 -0001.000 -0001.000 -0001.000 -0001.000
00459.761 00456.183 00451.724 00447.857 00444.031 00435.365 00424.720 00404.472 00375.383 00346.744 00306.264 00207.816 00407.770 00402.616 00383.341 00257.265 00326.285 00386.140 00465.408 00451.174 00439.746 00672.284 00694.737 00715.154 00721.193 00725.419 00738.597 00754.886 00759.659 00759.513 00731.967 00881.325 -0001.000 -0001.000 -0001.000 -0001.000 -0001.000 -0001.000 -0001.000 -0001.000 -0001.000 -0001.000 -0001.000 -0001.000 -0001.000 -0001.000 -0001.000 -0001.000 -0001.000 -0001.000 -0001.000 -0001.000 -0001.000 -0001.000 -0001.000 -0001.000 -0001.000 -0001.000 -0001.000 -0001.000
00459.031 00455.275 00451.505 00447.583 00443.742 00434.376 00421.491 00399.415 00372.579 00338.965 00283.417 00254.967 00435.147 00394.219 00342.131 00252.617 00322.716 00399.511 00467.819 00450.708 00433.272 00468.316 00458.176 00607.505 00517.901 00720.294 00739.036 00759.420 00762.315 00771.792 00875.095 01101.495 01133.323 -0001.000 -0001.000 -0001.000 -0001.000 -0001.000 -0001.000 -0001.000 -0001.000 -0001.000 -0001.000 -0001.000 -0001.000 -0001.000 -0001.000 -0001.000 -0001.000 -0001.000 -0001.000 -0001.000 -0001.000 -0001.000 -0001.000 -0001.000 -0001.000 -0001.000 -0001.000 -0001.000
00458.534 00454.905 00451.313 00446.498 00443.615 00433.372 00418.006 00396.937 00357.537 00332.278 00290.890 00104.121 00447.842 00385.525 00303.576 00274.780 00377.946 00446.551 00459.969 00447.935 00436.700 00446.209 00525.535 00506.652 00482.271 00722.509 00741.300 00760.958 00908.283 00992.607 01045.011 01205.576 01183.409 -0001.000 -0001.000 -0001.000 -0001.000 -0001.000 -0001.000 -0001.000 -0001.000 -0001.000 -0001.000 -0001.000 -0001.000 -0001.000 -0001.000 -0001.000 -0001.000 -0001.000 -0001.000 -0001.000 -0001.000 -0001.000 -0001.000 -0001.000 -0001.000 -0001.000 -0001.000 -0001.000
00458.606 00455.028 00451.917 00446.415 00442.645 00432.026 00419.052 00415.718 00377.068 00351.332 00297.326 00258.874 00171.752 00403.320 00346.451 00392.454 00421.600 00462.607 00457.667 00444.989 00451.403 00466.296 00476.659 00480.736 00488.368 00765.429 00909.681 00984.574 01019.554 01210.500 01201.941 01210.217 01199.881 01177.669 -0001.000 -0001.000 -0001.000 -0001.000 -0001.000 -0001.000 -0001.000 -0001.000 -0001.000 -0001.000 -0001.000 -0001.000 -0001.000 -0001.000 -0001.000 -0001.000 -0001.000 -0001.000 -0001.000 -0001.000 -0001.000 -0001.000 -0001.000 -0001.000 -0001.000 00165.619
00458.907 00454.390 00456.020 00447.057 00441.112 00434.764 00423.186 00408.293 00405.239 00385.819 00256.901 00166.887 00414.764 00444.993 00417.465 00403.004 00453.997 00461.792 00462.837 00461.866 00460.440 00470.749 00478.107 00482.154 00545.834 00964.613 01150.865 01154.474 01147.164 01221.647 01222.544 01214.912 01208.936 01198.118 01176.606 -0001.000 -0001.000 -0001.000 -0001.000 -0001.000 -0001.000 -0001.000 -0001.000 -0001.000 -0001.000 -0001.000 -0001.000 -0001.000 -0001.000 -0001.000 -0001.000 -0001.000 -0001.000 -0001.000 -0001.000 -0001.000 01152.021 01169.823 00468.188 00464.103
00460.128 00459.829 00458.622 00452.166 00447.096 00437.699 00421.271 00398.697 00671.355 00349.400 00425.682 00435.257 00448.911 00436.030 00437.937 00451.171 00458.811 00463.026 00461.257 00464.037 00470.909 00476.612 00477.877 00510.376 01124.141 00873.974 01172.445 01194.879 01203.430 01213.765 01226.382 01219.422 01213.028 01210.136 01194.222 01167.990 -0001.000 -0001.000 -0001.000 -0001.000 -0001.000 -0001.000 -0001.000 -0001.000 -0001.000 -0001.000 -0001.000 -0001.000 -0001.000 -0001.000 -0001.000 -0001.000 -0001.000 -0001.000 01160.703 01181.088 00897.875 00465.119 00463.549 00463.565
00461.596 00461.275 00456.983 00451.968 00444.322 00430.996 00411.357 00678.511 00643.335 00707.106 00541.539 00462.197 00459.975 00456.626 00460.820 00530.937 00465.387 00466.133 00969.707 00716.856 00552.226 01046.626 01149.313 01155.607 01157.801 01158.130 01171.215 01193.832 01202.064 01211.922 01223.472 01220.938 01215.972 01213.515 01209.385 01188.202 -0001.000 -0001.000 -0001.000 -0001.000 -0001.000 -0001.000 -0001.000 -0001.000 -0001.000 -0001.000 -0001.000 -0001.000 -0001.000 -0001.000 01149.392 01179.590 01188.099 01195.785 00885.815 00508.424 00468.701 00465.656 00463.389 00462.847
00462.987 00459.665 00456.455 00449.212 00438.144 00421.326 00409.207 00664.297 00694.280 00739.144 00996.655 00475.547 00637.354 00914.694 01160.191 01165.286 01170.902 01183.182 01192.513 01195.645 01195.137 01194.774 01171.316 01175.464 01177.701 01178.446 01180.230 01193.099 01202.030 01211.183 01222.117 01221.834 01217.318 01214.291 01204.454 01185.696 01163.829 -0001.000 -0001.000 -0001.000 -0001.000 -0001.000 -0001.000 -0001.000 -0001.000 -0001.000 -0001.000 -0001.000 -0001.000 01184.783 01198.557 00473.419 00474.793 00474.170 00474.140 00470.545 00468.027 00464.843 00463.356 00462.362
00461.429 00456.963 00451.239 00442.603 00427.724 00405.035 00403.950 00648.845 00710.889 00755.008 00535.833 01215.161 01242.485 01233.157 01229.178 01226.102 01222.710 01223.804 01227.191 01233.149 01231.443 01225.532 01218.601 01213.820 01209.602 01206.562 01196.213 01201.379 01202.447 01211.875 01222.643 01221.638 01218.478 01214.810 01211.941 01188.650 01169.694 -0001.000 -0001.000 -0001.000 -0001.000 -0001.000 -0001.000 -0001.000 -0001.000 -0001.000 -0001.000 -0001.000 01181.212 00501.288 00475.441 00475.883 00473.450 00470.806 00470.495 00472.909 00467.632 00465.357 00463.714 00461.954
00456.558 00451.810 00443.620 00429.662 00454.340 00379.740 00661.676 00687.995 00724.956 00671.243 01086.384 01323.902 01296.131 01268.568 01255.539 01257.641 01254.594 01250.948 01243.805 01236.786 01230.704 01228.207 01226.247 01224.304 01221.544 01219.638 01216.729 01228.989 01221.684 01216.825 01222.902 01220.930 01221.819 01207.538 01207.393 01193.355 01175.540 01161.912 -0001.000 -0001.000 -0001.000 -0001.000 -0001.000 -0001.000 -0001.000 -0001.000 01161.870 01185.580 00824.701 00477.264 00474.523 00473.190 00473.341 00472.967 00470.163 00471.958 00469.373 00466.701 00465.528 00464.217
00451.152 00442.908 00432.700 00619.023 00673.567 00656.183 00701.321 00728.841 00757.506 01321.933 01323.151 01318.854 01319.739 01294.014 01280.900 01273.674 01270.406 01268.002 01259.466 01244.585 01239.667 01238.151 01238.023 01236.925 01236.390 01236.131 01236.166 01240.334 01244.667 01248.107 01244.914 01220.423 01224.674 01202.351 01199.978 01194.739 01177.365 01165.827 -0001.000 -0001.000 -0001.000 -0001.000 -0001.000 -0001.000 01177.152 01204.240 01207.731 00607.886 00475.770 00474.885 00474.332 00473.482 00473.204 00473.040 00472.422 00472.412 00470.849 00468.477 00466.964 00465.216
00441.242 00691.054 00672.478 00642.635 00700.963 00719.604 00738.459 00764.015 01321.466 01322.639 01323.188 01304.122 01279.171 01282.823 01269.430 01260.934 01256.560 01258.154 01259.315 01247.185 01237.559 01236.139 01237.704 01240.929 01244.818 01247.231 01249.202 01249.661 01248.557 01246.803 01234.907 01230.873 01226.220 01203.150 01200.452 01193.201 01177.930 01165.120 -0001.000 -0001.000 -0001.000 -0001.000 -0001.000 01162.399 01211.418 00477.123 00479.586 00476.411 00475.164 00474.459 00473.962 00473.548 00473.745 00473.532 00473.612 00472.534 00471.132 00469.646 00467.493 00466.036
00678.442 00659.783 00685.527 00716.431 00749.804 00773.554 01105.070 01285.948 01322.168 01322.554 01297.483 01269.289 01240.963 01239.832 01245.820 01246.825 01245.770 01237.090 01234.370 01232.091 01234.431 01229.017 01227.008 01229.759 01232.927 01236.114 01237.456 01239.001 01242.046 01243.582 01244.972 01228.048 01222.941 01208.988 01202.358 01184.653 01172.296 01161.036 -0001.000 -0001.000 -0001.000 -0001.000 -0001.000 01196.175 00622.179 00474.709 00473.714 00474.088 00474.437 00474.329 00473.772 00473.230 00472.897 00474.303 00474.539 00471.715 00470.977 00469.471 00468.042 00468.232
00693.840 00707.932 00734.954 00759.199 00779.890 00792.136 01321.281 01321.753 01312.813 01287.932 01258.946 01235.367 01213.040 01197.897 01220.468 01236.376 01222.962 01211.554 01225.538 01228.214 01226.632 01225.837 01223.558 01223.532 01216.412 01220.742 01224.259 01223.811 01223.562 01224.823 01222.926 01217.512 01197.001 01188.505 01175.872 01170.395 01165.003 -0001.000 -0001.000 -0001.000 -0001.000 -0001.000 -0001.000 00979.766 00475.769 00474.220 00473.581 00474.214 00475.083 00474.678 00473.764 00473.720 00472.646 00474.914 00474.971 00470.922 00470.929 00469.988 00469.310 00470.268
00748.082 00760.566 00773.024 00780.960 00789.592 01247.229 01280.759 01268.248 01273.538 01277.198 01232.910 01206.289 -0001.000 -0001.000 -0001.000 01189.526 01188.216 01188.840 01203.014 01224.342 01226.648 01227.370 01220.599 01214.869 01210.222 01210.433 01201.456 01194.813 01190.930 01188.461 01183.422 01175.881 -0001.000 -0001.000 -0001.000 -0001.000 -0001.000 -0001.000 -0001.000 -0001.000 -0001.000 -0001.000 00385.488 00471.997 00472.898 00473.350 00474.146 00474.801 00475.454 00474.843 00473.269 00472.984 00474.392 00476.108 00475.565 00470.359 00469.596 00470.710 00471.288 00471.279
00780.269 00781.764 00783.265 00778.449 00947.492 01253.865 01237.646 01217.928 01205.658 01199.857 01195.120 -0001.000 -0001.000 -0001.000 -0001.000 -0001.000 -0001.000 -0001.000 -0001.000 01187.819 01204.906 01212.735 01216.984 01213.851 01205.085 01195.322 01186.902 01174.573 -0001.000 -0001.000 -0001.000 -0001.000 -0001.000 -0001.000 -0001.000 -0001.000 -0001.000 -0001.000 -0001.000 -0001.000 -0001.000 -0001.000 00167.465 00461.848 00457.905 00473.678 00474.210 00474.711 00475.110 00475.703 00475.086 00474.376 00474.634 00477.386 00476.483 00469.152 00468.493 00471.072 00471.836 00471.372
00769.700 00758.409 00916.127 01093.115 01226.017 01211.513 -0001.000 -0001.000 -0001.000 -0001.000 -0001.000 -0001.000 -0001.000 -0001.000 -0001.000 -0001.000 -0001.000 -0001.000 -0001.000 -0001.000 -0001.000 01179.830 01189.336 01188.661 01186.822 01181.779 01174.120 -0001.000 -0001.000 -0001.000 -0001.000 -0001.000 -0001.000 -0001.000 -0001.000 01165.450 01172.552 01171.163 01159.929 -0001.000 -0001.000 -0001.000 00165.757 00351.892 00441.765 00471.139 00473.362 00474.361 00474.609 00474.690 00475.278 00475.218 00475.129 00477.053 00475.033 00470.254 00468.759 00470.647 00471.658 00471.469
00767.662 00751.523 01231.443 -0001.000 -0001.000 -0001.000 -0001.000 -0001.000 -0001.000 -0001.000 -0001.000 -0001.000 -0001.000 -0001.000 -0001.000 -0001.000 -0001.000 -0001.000 -0001.000 -0001.000 -0001.000 -0001.000 -0001.000 -0001.000 -0001.000 -0001.000 -0001.000 -0001.000 -0001.000 -0001.000 -0001.000 01171.664 01200.250 01206.632 01202.816 01205.149 01205.207 01203.624 01201.573 01183.265 -0001.000 -0001.000 00169.371 00173.065 00468.121 00470.304 00472.051 00473.498 00474.703 00474.736 00474.778 00475.151 00475.564 00475.496 00475.017 00473.813 00469.503 00469.999 00471.396 00471.382
01316.950 01317.984 01142.160 01222.215 01220.255 -0001.000 -0001.000 01227.517 01239.536 01236.324 01245.600 01250.884 01249.715 01241.154 01220.978 01209.958 01188.489 -0001.000 -0001.000 -0001.000 -0001.000 -0001.000 -0001.000 -0001.000 -0001.000 -0001.000 01183.244 01188.535 01186.892 01201.022 01209.983 01219.434 01227.492 01223.958 01208.287 01203.783 01199.614 01216.143 01117.582 00986.417 -0001.000 -0001.000 00171.343 00172.988 00462.348 00467.927 00470.372 00473.544 00475.462 00475.115 00475.005 00474.535 00474.174 00475.257 00475.973 00474.584 00470.506 00469.440 00470.728 00472.272
01015.049 01316.363 01299.124 01279.259 01258.744 01214.134 01262.111 01279.532 01278.405 01269.039 01259.401 01258.501 01250.459 01240.555 01231.992 01226.805 01226.105 01225.582 01223.966 01221.939 01221.664 01224.957 01225.880 01218.391 01223.824 01220.271 01223.665 01223.578 01222.973 01203.653 01183.665 01180.711 01172.855 01164.894 01154.287 01162.152 01181.891 01195.972 01215.643 -0001.000 -0001.000 00166.273 00171.727 00410.554 00435.705 00468.599 00469.865 00472.589 00475.251 00476.025 00475.360 00474.018 00473.962 00475.715 00476.963 00475.458 00471.585 00469.276 00470.541 00470.520
01249.040 01259.694 01315.654 01243.595 01255.198 01283.873 01270.857 01266.112 01259.629 01251.572 01238.256 01222.089 01208.660 01209.549 01215.973 01213.507 01218.942 01218.483 01222.518 01227.014 01232.593 01234.752 01233.752 01234.046 01232.211 01210.822 01205.295 01190.509 01171.235 01133.701 01105.952 01103.334 01098.853 01093.626 01107.666 01121.871 01139.114 01095.948 01086.040 -0001.000 -0001.000 00164.786 00170.882 00173.195 00419.383 00469.514 00467.422 00472.132 00474.770 00476.526 00476.658 00473.824 00474.059 00476.390 00478.100 00476.780 00472.440 00470.303 00470.822 00470.153
01196.525 01238.227 01277.647 01240.532 01233.621 01231.231 01222.371 01213.889 01206.107 01195.541 01186.369 01178.686 01172.887 01170.054 01165.851 01165.505 01164.095 01170.235 01177.283 01187.970 01201.839 01202.154 01205.211 01198.122 01168.999 01146.947 01133.809 01121.767 01088.230 00856.436 00846.527 00848.523 00850.551 00844.490 01006.796 01052.210 01089.996 01147.411 00171.975 -0001.000 -0001.000 -0001.000 00169.467 00173.124 00459.840 00466.775 00467.912 00467.641 00471.431 00476.197 00477.710 00476.098 00474.383 00477.307 00479.192 00478.881 00474.147 00470.535 00471.016 00471.541
01145.377 01184.133 01228.213 01200.613 01170.071 01148.840 01143.642 01141.095 01145.060 01149.542 01153.361 01154.521 01143.302 01130.204 01116.109 01104.808 01106.079 01114.361 01125.015 01137.915 01145.581 01149.453 01150.392 01122.397 01091.595 01054.755 01018.468 00857.425 01025.475 01076.008 01076.335 01076.421 01066.103 01030.171 00938.058 00909.609 01041.035 00979.087 -0001.000 -0001.000 -0001.000 -0001.000 00168.312 00173.304 00422.011 00469.790 00469.970 00467.523 00468.125 00474.209 00477.442 00477.993 00475.534 00477.747 00480.346 00480.860 00474.610 00469.108 00471.225 00470.422
01120.905 01159.770 01147.759 01125.361 01105.152 01096.453 01095.323 01094.152 01093.130 01103.553 01120.163 01108.863 01088.077 01061.802 01068.704 01011.403 00999.501 01027.839 01061.399 01074.484 01077.049 01077.251 01046.015 00741.665 00947.721 01020.618 01036.515 01092.068 01115.866 01128.105 01133.773 01129.042 01115.757 01096.721 01059.428 00975.858 00524.697 00173.593 -0001.000 -0001.000 -0001.000 -0001.000 00167.188 00173.064 00174.806 00454.013 00470.863 00469.043 00468.218 00470.823 00477.077 00476.983 00477.259 00478.230 00480.865 00481.350 00474.919 00467.908 00469.237 00470.329
