data/trial3/ashley.toa
NCOLS 382
NROWS 266
XLLCORNER 157819.328125
YLLCORNER 384678.625000
CELLSIZE 30.000000
NODATA_VALUE -1
[rows 208 to 233 of 266, columns 180 to 239 of 382]
00041.236 00040.939 00040.665 00040.457 00040.259 00040.066 00039.855 00039.649 00039.463 00039.287 00039.137 00039.030 00038.947 00038.904 00038.848 00038.956 00039.147 00039.325 00039.616 00039.916 00040.214 00040.524 00040.899 00040.737 00040.569 00039.787 00039.230 00038.905 00038.752 00038.608 00038.542 00038.529 00038.517 00038.512 00038.510 00038.521 00038.535 00038.549 00038.563 00038.576 00038.600 00038.629 00038.659 00038.691 00038.762 00038.838 00038.914 00038.989 00039.065 00039.122 00039.063 00039.044 00039.063 00039.082 00039.106 00039.140 00039.175 00039.211 00039.260 00039.339
00041.279 00040.975 00040.759 00040.551 00040.352 00040.161 00039.976 00039.773 00039.596 00039.420 00039.281 00039.172 00039.071 00039.017 00038.978 00038.941 00039.073 00039.189 00039.279 00039.586 00039.915 00040.231 00040.543 00040.868 00040.439 00039.708 00039.222 00039.023 00038.863 00038.726 00038.649 00038.632 00038.617 00038.606 00038.603 00038.605 00038.620 00038.634 00038.649 00038.662 00038.676 00038.704 00038.733 00038.767 00038.801 00038.865 00038.941 00039.015 00039.088 00039.161 00039.200 00039.143 00039.159 00039.177 00039.195 00039.220 00039.255 00039.291 00039.332 00039.374
00041.348 00041.083 00040.853 00040.644 00040.447 00040.261 00040.087 00039.906 00039.729 00039.552 00039.424 00039.315 00039.208 00039.151 00039.101 00039.089 00039.064 00039.219 00039.378 00039.640 00039.942 00040.232 00040.521 00040.817 00040.369 00039.771 00039.362 00039.156 00038.973 00038.847 00038.757 00038.736 00038.717 00038.701 00038.697 00038.695 00038.704 00038.719 00038.734 00038.748 00038.761 00038.779 00038.808 00038.839 00038.874 00038.909 00038.968 00039.042 00039.114 00039.186 00039.265 00039.296 00039.258 00039.274 00039.290 00039.307 00039.334 00039.369 00039.408 00039.450
00041.461 00041.196 00040.947 00040.741 00040.543 00040.364 00040.189 00040.036 00039.864 00039.688 00039.567 00039.457 00039.354 00039.289 00039.236 00039.230 00039.274 00039.334 00039.411 00039.692 00039.990 00040.264 00040.541 00040.829 00040.328 00039.820 00039.498 00039.284 00039.104 00038.967 00038.864 00038.841 00038.818 00038.802 00038.790 00038.788 00038.788 00038.803 00038.818 00038.833 00038.846 00038.859 00038.883 00038.911 00038.944 00038.980 00039.018 00039.069 00039.141 00039.213 00039.284 00039.365 00039.372 00039.372 00039.386 00039.402 00039.420 00039.449 00039.485 00039.523
00041.575 00041.309 00041.050 00040.839 00040.646 00040.467 00040.296 00040.149 00039.999 00039.823 00039.710 00039.599 00039.497 00039.424 00039.376 00039.327 00039.374 00039.424 00039.534 00039.741 00040.035 00040.307 00040.579 00040.852 00040.297 00039.880 00039.602 00039.410 00039.243 00039.104 00038.973 00038.947 00038.923 00038.903 00038.886 00038.882 00038.881 00038.887 00038.902 00038.917 00038.932 00038.945 00038.958 00038.986 00039.016 00039.053 00039.092 00039.132 00039.172 00039.244 00039.315 00039.385 00039.455 00039.472 00039.485 00039.498 00039.515 00039.533 00039.564 00039.601
00041.691 00041.425 00041.173 00040.938 00040.752 00040.572 00040.408 00040.259 00040.118 00039.966 00039.853 00039.741 00039.640 00039.558 00039.507 00039.472 00039.454 00039.521 00039.622 00039.769 00039.983 00040.286 00040.598 00040.762 00040.285 00039.942 00039.731 00039.537 00039.383 00039.245 00039.105 00039.065 00039.033 00039.005 00038.987 00038.976 00038.975 00038.973 00038.987 00039.002 00039.018 00039.034 00039.049 00039.066 00039.098 00039.129 00039.167 00039.207 00039.247 00039.289 00039.347 00039.417 00039.487 00039.560 00039.588 00039.598 00039.609 00039.628 00039.646 00039.679
00041.811 00041.552 00041.297 00041.053 00040.859 00040.677 00040.520 00040.371 00040.230 00040.097 00039.997 00039.884 00039.783 00039.691 00039.641 00039.603 00039.579 00039.581 00039.667 00039.787 00039.917 00040.222 00040.487 00040.575 00040.277 00040.053 00039.860 00039.664 00039.523 00039.387 00039.254 00039.194 00039.161 00039.128 00039.103 00039.083 00039.079 00039.077 00039.080 00039.096 00039.113 00039.129 00039.145 00039.160 00039.180 00039.212 00039.243 00039.281 00039.321 00039.362 00039.404 00039.449 00039.521 00039.594 00039.671 00039.708 00039.714 00039.723 00039.742 00039.761
00041.940 00041.679 00041.426 00041.190 00040.967 00040.788 00040.634 00040.484 00040.342 00040.214 00040.121 00040.025 00039.926 00039.825 00039.774 00039.724 00039.707 00039.689 00039.704 00039.804 00039.917 00040.078 00040.222 00040.320 00040.340 00040.162 00039.988 00039.805 00039.664 00039.530 00039.401 00039.323 00039.288 00039.253 00039.222 00039.201 00039.187 00039.185 00039.183 00039.191 00039.207 00039.224 00039.242 00039.257 00039.272 00039.294 00039.325 00039.357 00039.395 00039.481 00039.570 00039.575 00039.577 00039.629 00039.731 00039.801 00039.823 00039.826 00039.837 00039.857
00042.058 00041.808 00041.566 00041.328 00041.094 00040.904 00040.749 00040.600 00040.456 00040.330 00040.237 00040.145 00040.063 00039.968 00039.907 00039.856 00039.827 00039.812 00039.809 00039.819 00039.917 00040.036 00040.124 00040.226 00040.320 00040.267 00040.103 00039.946 00039.804 00039.672 00039.547 00039.454 00039.416 00039.380 00039.345 00039.321 00039.300 00039.293 00039.291 00039.289 00039.302 00039.319 00039.336 00039.354 00039.369 00039.384 00039.408 00039.453 00039.575 00039.769 00039.861 00039.849 00039.829 00039.814 00039.871 00039.911 00039.930 00039.935 00039.937 00039.952
00042.151 00041.952 00041.708 00041.469 00041.234 00041.028 00040.865 00040.716 00040.571 00040.448 00040.353 00040.260 00040.178 00040.098 00040.039 00039.990 00039.947 00039.932 00039.926 00039.932 00039.938 00040.022 00040.110 00040.188 00040.267 00040.346 00040.211 00040.078 00039.945 00039.814 00039.691 00039.585 00039.546 00039.507 00039.472 00039.442 00039.420 00039.402 00039.400 00039.398 00039.398 00039.414 00039.430 00039.449 00039.466 00039.482 00039.497 00039.545 00039.649 00039.820 00040.003 00040.257 00040.221 00040.209 00040.196 00040.176 00040.077 00040.040 00040.042 00040.044
00042.240 00042.076 00041.852 00041.611 00041.389 00041.181 00040.981 00040.833 00040.688 00040.567 00040.470 00040.376 00040.291 00040.213 00040.148 00040.108 00040.065 00040.047 00040.034 00040.039 00040.047 00040.056 00040.102 00040.183 00040.262 00040.339 00040.319 00040.194 00040.076 00039.957 00039.836 00039.717 00039.676 00039.636 00039.599 00039.565 00039.541 00039.520 00039.510 00039.507 00039.506 00039.511 00039.527 00039.543 00039.562 00039.580 00039.598 00039.617 00039.677 00039.794 00039.892 00039.984 00040.331 00040.582 00040.566 00040.594 00040.287 00040.165 00040.129 00040.132
00042.335 00042.174 00041.998 00041.760 00041.546 00041.335 00041.131 00040.952 00040.807 00040.688 00040.588 00040.494 00040.407 00040.327 00040.255 00040.214 00040.174 00040.144 00040.132 00040.124 00040.129 00040.140 00040.158 00040.178 00040.258 00040.335 00040.410 00040.309 00040.191 00040.088 00039.980 00039.860 00039.808 00039.766 00039.725 00039.691 00039.662 00039.640 00039.619 00039.617 00039.615 00039.614 00039.624 00039.640 00039.657 00039.676 00039.696 00039.719 00039.743 00039.783 00039.881 00039.972 00040.285 00040.548 00040.925 00040.983 00040.460 00040.296 00040.217 00040.219
00042.431 00042.270 00042.110 00041.920 00041.704 00041.491 00041.290 00041.094 00040.926 00040.810 00040.708 00040.612 00040.524 00040.443 00040.365 00040.320 00040.279 00040.240 00040.225 00040.213 00040.212 00040.218 00040.235 00040.256 00040.278 00040.336 00040.414 00040.464 00040.305 00040.204 00040.108 00040.005 00039.939 00039.897 00039.854 00039.817 00039.783 00039.761 00039.739 00039.727 00039.725 00039.724 00039.723 00039.737 00039.752 00039.770 00039.790 00039.814 00039.838 00039.867 00039.898 00039.964 00040.258 00040.511 00040.671 00040.852 00040.588 00040.415 00040.339 00040.307
00042.528 00042.366 00042.207 00042.064 00041.864 00041.652 00041.450 00041.254 00041.062 00040.933 00040.830 00040.732 00040.642 00040.559 00040.482 00040.428 00040.385 00040.346 00040.319 00040.307 00040.296 00040.302 00040.308 00040.329 00040.352 00040.375 00040.418 00040.499 00040.421 00040.320 00040.224 00040.130 00040.063 00040.026 00039.984 00039.943 00039.909 00039.881 00039.860 00039.839 00039.835 00039.833 00039.832 00039.835 00039.850 00039.865 00039.884 00039.905 00039.929 00039.956 00039.990 00040.063 00040.240 00040.488 00040.584 00040.686 00040.688 00040.538 00040.460 00040.396
00042.625 00042.463 00042.307 00042.170 00042.021 00041.816 00041.612 00041.418 00041.223 00041.077 00040.952 00040.853 00040.761 00040.677 00040.599 00040.537 00040.493 00040.453 00040.414 00040.402 00040.390 00040.386 00040.392 00040.401 00040.424 00040.447 00040.474 00040.502 00040.554 00040.436 00040.341 00040.247 00040.169 00040.135 00040.100 00040.062 00040.032 00040.002 00039.981 00039.960 00039.946 00039.943 00039.941 00039.941 00039.948 00039.963 00039.978 00039.998 00040.017 00040.042 00040.071 00040.137 00040.248 00040.376 00040.505 00040.599 00040.691 00040.662 00040.578 00040.504
00042.724 00042.561 00042.409 00042.272 00042.135 00041.982 00041.779 00041.585 00041.398 00041.249 00041.104 00040.975 00040.881 00040.797 00040.718 00040.647 00040.602 00040.560 00040.521 00040.497 00040.485 00040.473 00040.476 00040.482 00040.495 00040.517 00040.543 00040.571 00040.601 00040.555 00040.458 00040.364 00040.274 00040.238 00040.204 00040.168 00040.136 00040.109 00040.088 00040.071 00040.054 00040.049 00040.046 00040.045 00040.045 00040.055 00040.067 00040.080 00040.097 00040.115 00040.140 00040.170 00040.251 00040.341 00040.419 00040.517 00040.615 00040.709 00040.698 00040.627
00042.824 00042.660 00042.512 00042.373 00042.238 00042.109 00041.949 00041.752 00041.576 00041.423 00041.275 00041.136 00041.004 00040.917 00040.838 00040.760 00040.714 00040.668 00040.629 00040.592 00040.581 00040.569 00040.561 00040.567 00040.572 00040.589 00040.612 00040.639 00040.671 00040.692 00040.575 00040.483 00040.390 00040.344 00040.308 00040.272 00040.236 00040.209 00040.183 00040.167 00040.151 00040.139 00040.137 00040.135 00040.134 00040.134 00040.146 00040.158 00040.171 00040.188 00040.209 00040.237 00040.266 00040.336 00040.416 00040.495 00040.575 00040.654 00040.735 00040.746
00042.926 00042.760 00042.616 00042.476 00042.341 00042.213 00042.089 00041.922 00041.755 00041.602 00041.449 00041.308 00041.175 00041.053 00040.958 00040.880 00040.826 00040.780 00040.738 00040.699 00040.677 00040.665 00040.654 00040.653 00040.658 00040.663 00040.685 00040.707 00040.737 00040.774 00040.694 00040.602 00040.512 00040.452 00040.414 00040.377 00040.340 00040.310 00040.282 00040.262 00040.245 00040.230 00040.224 00040.222 00040.221 00040.220 00040.223 00040.235 00040.247 00040.262 00040.280 00040.304 00040.333 00040.364 00040.414 00040.494 00040.574 00040.652 00040.730 00040.812
-0001.000 00042.865 00042.720 00042.580 00042.445 00042.316 00042.196 00042.071 00041.935 00041.781 00041.627 00041.485 00041.348 00041.224 00041.110 00041.001 00040.939 00040.892 00040.848 00040.809 00040.775 00040.762 00040.750 00040.740 00040.745 00040.750 00040.759 00040.781 00040.803 00040.837 00040.814 00040.720 00040.631 00040.560 00040.522 00040.483 00040.446 00040.411 00040.383 00040.357 00040.341 00040.325 00040.311 00040.309 00040.307 00040.306 00040.305 00040.313 00040.325 00040.337 00040.354 00040.372 00040.399 00040.430 00040.462 00040.496 00040.573 00040.651 00040.727 00040.806
-0001.000 00042.973 00042.826 00042.685 00042.550 00042.420 00042.300 00042.180 00042.083 00041.959 00041.805 00041.664 00041.527 00041.400 00041.282 00041.174 00041.075 00041.008 00040.960 00040.919 00040.879 00040.860 00040.846 00040.836 00040.832 00040.837 00040.843 00040.856 00040.878 00040.900 00040.939 00040.840 00040.751 00040.669 00040.629 00040.590 00040.552 00040.515 00040.485 00040.457 00040.438 00040.421 00040.406 00040.397 00040.395 00040.394 00040.393 00040.391 00040.404 00040.416 00040.429 00040.447 00040.465 00040.495 00040.528 00040.561 00040.598 00040.653 00040.731 00040.807
-0001.000 -0001.000 00042.933 00042.790 00042.655 00042.525 00042.404 00042.284 00042.191 00042.099 00041.985 00041.843 00041.707 00041.578 00041.458 00041.347 00041.241 00041.172 00041.103 00041.043 00040.990 00040.959 00040.945 00040.933 00040.923 00040.925 00040.931 00040.936 00040.953 00040.976 00040.998 00040.963 00040.871 00040.782 00040.739 00040.698 00040.658 00040.622 00040.589 00040.560 00040.535 00040.519 00040.503 00040.487 00040.484 00040.482 00040.481 00040.480 00040.483 00040.495 00040.508 00040.522 00040.541 00040.559 00040.591 00040.624 00040.660 00040.698 00040.737 00040.812
-0001.000 -0001.000 -0001.000 00042.898 00042.763 00042.631 00042.509 00042.389 00042.295 00042.205 00042.114 00042.019 00041.887 00041.758 00041.634 00041.522 00041.414 00041.337 00041.268 00041.201 00041.145 00041.088 00041.062 00041.042 00041.028 00041.016 00041.023 00041.031 00041.038 00041.060 00041.088 00041.117 00040.992 00040.904 00040.850 00040.808 00040.767 00040.730 00040.694 00040.665 00040.636 00040.617 00040.601 00040.584 00040.573 00040.572 00040.570 00040.569 00040.568 00040.575 00040.588 00040.600 00040.616 00040.635 00040.654 00040.687 00040.720 00040.758 00040.797 00040.838
-0001.000 -0001.000 -0001.000 -0001.000 00042.893 00042.749 00042.616 00042.495 00042.400 00042.308 00042.218 00042.137 00042.053 00041.941 00041.815 00041.697 00041.589 00041.504 00041.433 00041.362 00041.304 00041.248 00041.202 00041.181 00041.161 00041.148 00041.138 00041.145 00041.152 00041.161 00041.178 00041.211 00041.161 00041.037 00040.962 00040.920 00040.878 00040.838 00040.802 00040.770 00040.741 00040.716 00040.700 00040.683 00040.667 00040.662 00040.660 00040.659 00040.658 00040.657 00040.668 00040.681 00040.694 00040.712 00040.731 00040.752 00040.785 00040.818 00040.856 00040.897
-0001.000 -0001.000 -0001.000 -0001.000 -0001.000 00042.965 00042.795 00042.602 00042.505 00042.413 00042.322 00042.240 00042.161 00042.087 00041.999 00041.876 00041.766 00041.673 00041.602 00041.529 00041.464 00041.408 00041.355 00041.322 00041.300 00041.281 00041.268 00041.260 00041.266 00041.274 00041.284 00041.297 00041.351 00041.214 00041.108 00041.045 00040.989 00040.948 00040.911 00040.877 00040.848 00040.818 00040.800 00040.783 00040.767 00040.754 00040.752 00040.750 00040.748 00040.747 00040.749 00040.762 00040.775 00040.789 00040.808 00040.827 00040.850 00040.883 00040.916 00040.955
-0001.000 -0001.000 -0001.000 -0001.000 -0001.000 -0001.000 -0001.000 00042.751 00042.611 00042.518 00042.426 00042.343 00042.262 00042.191 00042.120 00042.047 00041.947 00041.843 00041.773 00041.700 00041.626 00041.568 00041.516 00041.467 00041.443 00041.420 00041.403 00041.390 00041.384 00041.390 00041.398 00041.410 00041.423 00041.402 00041.275 00041.209 00041.145 00041.085 00041.030 00040.985 00040.954 00040.925 00040.901 00040.884 00040.867 00040.851 00040.844 00040.842 00040.840 00040.839 00040.837 00040.844 00040.857 00040.871 00040.885 00040.905 00040.924 00040.949 00040.982 00041.017
-0001.000 -0001.000 -0001.000 -0001.000 -0001.000 -0001.000 -0001.000 -0001.000 00042.737 00042.625 00042.531 00042.446 00042.365 00042.292 00042.222 00042.155 00042.089 00042.014 00041.944 00041.872 00041.795 00041.732 00041.676 00041.626 00041.589 00041.564 00041.540 00041.526 00041.513 00041.509 00041.515 00041.522 00041.538 00041.554 00041.453 00041.377 00041.308 00041.245 00041.187 00041.135 00041.086 00041.044 00041.003 00040.985 00040.968 00040.952 00040.937 00040.935 00040.933 00040.931 00040.929 00040.927 00040.939 00040.953 00040.966 00040.982 00041.002 00041.026 00041.053 00041.090
