data/trial3/ashley.fml
NCOLS 382
NROWS 266
XLLCORNER 157819.328125
YLLCORNER 384678.625000
CELLSIZE 30.000000
NODATA_VALUE -1
[rows 68 to 101 of 266, columns 154 to 230 of 382]
04.59 04.59 04.47 04.32 04.46 03.86 03.71 03.64 03.98 03.84 03.95 03.39 03.21 02.53 01.63 02.52 02.27 02.23 01.64 01.29 01.10 00.94 00.91 01.10 01.06 01.17 01.26 01.32 01.37 01.50 01.52 02.42 02.44 02.28 02.37 02.45 02.67 03.11 -1.00 -1.00 -1.00 03.09 03.27 03.25 02.83 03.04 03.18 03.43 03.61 03.77 03.75 03.58 03.65 03.53 03.50 03.47 03.34 03.13 -1.00 -1.00 -1.00 -1.00 -1.00 -1.00 -1.00 -1.00 -1.00 -1.00 00.63 03.33 03.96 04.27 04.62 04.72 04.71 04.68 04.72
04.76 04.97 04.90 04.79 04.53 04.52 04.16 03.69 04.15 03.85 03.84 03.26 02.63 02.05 01.69 02.25 02.02 01.76 01.13 01.06 00.96 00.99 01.13 01.26 01.31 01.46 01.47 01.45 01.47 01.54 01.79 02.30 02.48 02.54 02.56 02.70 02.84 -1.00 -1.00 -1.00 -1.00 -1.00 -1.00 -1.00 -1.00 02.64 02.74 03.18 03.23 03.47 03.72 03.92 03.81 04.06 -1.00 -1.00 -1.00 -1.00 -1.00 -1.00 -1.00 -1.00 -1.00 -1.00 -1.00 -1.00 -1.00 -1.00 00.45 02.98 03.17 04.58 04.59 04.71 04.78 04.51 04.39
04.22 04.05 04.32 04.60 04.59 04.44 04.29 03.69 04.37 04.50 04.47 04.55 04.40 02.12 01.73 02.03 01.52 01.08 01.12 00.94 01.38 01.37 01.37 01.36 01.47 01.50 01.49 01.39 01.61 01.96 02.50 02.49 -1.00 -1.00 -1.00 -1.00 -1.00 -1.00 -1.00 -1.00 -1.00 -1.00 -1.00 -1.00 -1.00 -1.00 -1.00 02.68 02.88 03.31 03.74 03.96 04.16 -1.00 -1.00 -1.00 -1.00 -1.00 -1.00 -1.00 -1.00 02.02 02.10 02.20 02.34 -1.00 -1.00 -1.00 00.52 01.48 02.85 04.66 04.65 04.70 04.80 04.63 04.23
04.19 03.98 03.79 03.58 04.35 04.38 04.21 04.02 04.35 04.42 04.53 04.63 03.66 02.13 01.94 02.06 01.77 01.49 01.60 01.18 01.21 01.38 01.32 01.25 01.33 01.40 01.31 01.49 02.08 -1.00 -1.00 -1.00 -1.00 -1.00 -1.00 -1.00 -1.00 -1.00 -1.00 -1.00 -1.00 -1.00 -1.00 -1.00 -1.00 -1.00 -1.00 -1.00 -1.00 -1.00 -1.00 -1.00 -1.00 -1.00 -1.00 -1.00 -1.00 01.73 01.85 02.00 02.08 02.20 02.39 02.58 02.76 02.23 -1.00 -1.00 00.64 00.77 04.88 04.67 04.67 04.86 04.99 04.59 04.35
04.05 04.31 04.38 03.35 03.17 04.24 04.13 03.98 04.38 04.46 04.57 04.62 04.50 02.20 02.10 01.99 02.09 01.84 01.62 01.17 01.18 01.21 01.36 01.30 01.73 01.24 02.11 02.23 01.93 02.39 02.13 -1.00 -1.00 01.90 01.97 02.05 02.10 02.20 02.23 02.24 02.17 02.15 02.12 -1.00 -1.00 -1.00 -1.00 -1.00 -1.00 -1.00 -1.00 -1.00 01.77 01.76 01.74 01.80 01.77 01.86 01.95 02.02 02.04 02.22 02.29 02.41 01.84 01.42 -1.00 -1.00 00.73 00.80 04.22 04.46 04.36 04.68 05.10 04.75 04.39
03.95 04.33 04.33 04.33 03.01 04.05 04.05 04.43 04.48 04.55 04.62 04.62 04.48 02.20 02.13 01.82 02.14 01.89 01.62 01.68 01.19 01.17 01.54 01.33 01.40 02.01 01.57 02.22 02.26 02.36 02.40 01.95 01.94 02.03 02.11 02.15 02.17 02.16 02.17 02.18 02.17 02.15 02.14 02.08 02.08 02.07 02.08 02.19 02.22 02.24 01.95 01.90 01.88 01.89 01.90 01.79 01.74 01.78 01.84 01.91 01.99 02.02 02.11 02.06 02.22 -1.00 -1.00 00.66 00.74 02.42 02.89 03.95 03.90 04.22 04.71 04.70 04.27
03.97 04.39 04.36 04.35 02.86 03.89 04.08 04.32 04.49 04.57 04.63 04.70 03.82 02.20 02.15 02.05 02.08 02.15 01.88 01.61 02.04 01.63 01.16 01.64 01.66 01.95 02.09 02.02 02.34 02.16 02.55 01.82 02.11 02.19 02.18 02.17 02.15 02.16 02.18 02.19 02.13 02.08 02.06 02.05 02.04 02.03 02.04 02.10 02.19 02.10 01.87 01.89 01.91 01.85 01.74 01.68 01.64 01.67 01.73 01.81 01.93 02.05 02.13 01.60 01.55 -1.00 -1.00 00.69 00.73 00.80 02.52 03.47 03.46 03.69 04.11 04.52 04.27
03.97 04.43 04.38 04.17 02.80 03.96 04.19 04.14 03.81 04.43 04.58 04.65 04.23 02.35 03.59 02.79 02.66 02.14 02.28 02.36 02.15 02.66 01.92 01.45 01.89 02.17 02.04 02.06 02.24 02.00 01.71 01.91 02.12 02.13 02.13 02.18 02.24 02.25 02.21 02.07 01.98 01.94 01.91 01.93 01.96 01.95 02.01 02.02 01.99 01.82 01.78 01.78 01.80 01.81 01.63 01.17 01.33 01.36 01.38 01.43 01.83 01.96 02.16 01.83 00.35 -1.00 -1.00 -1.00 00.72 00.72 03.64 04.04 03.35 03.36 03.58 04.15 04.16
03.99 04.44 04.39 04.02 03.21 03.15 03.38 03.40 03.43 03.41 04.19 04.45 04.45 02.59 03.53 03.22 03.01 02.56 02.83 02.76 02.50 02.68 02.57 01.71 01.75 02.24 02.01 01.93 02.00 01.69 01.81 01.99 02.06 02.11 02.22 02.30 02.39 02.46 02.16 02.06 01.95 01.84 01.82 01.84 01.89 01.92 01.92 01.88 01.82 01.70 01.63 01.64 01.57 01.30 01.57 01.71 01.71 01.70 01.82 01.83 01.67 01.56 01.69 01.34 -1.00 -1.00 -1.00 -1.00 00.73 00.71 02.28 04.08 03.41 03.25 03.23 03.67 03.89
03.92 04.37 04.36 04.34 04.24 03.16 03.25 03.86 04.26 03.25 03.29 03.17 04.22 03.08 03.51 03.52 03.01 03.13 03.32 03.13 03.12 02.50 02.49 02.01 01.94 01.94 01.98 01.67 01.81 01.76 01.86 01.94 02.05 02.17 02.29 02.37 02.44 02.21 02.22 02.19 01.93 01.65 01.66 01.72 01.80 01.85 01.81 01.76 01.64 01.11 01.43 01.55 01.59 01.59 01.91 01.91 01.81 01.98 02.12 02.03 02.00 01.77 00.75 00.36 -1.00 -1.00 -1.00 -1.00 00.74 00.73 00.71 02.87 03.62 03.05 03.14 03.14 03.65
03.99 04.44 04.40 04.38 04.34 04.28 04.27 04.21 04.18 04.08 03.19 03.07 03.91 03.55 03.74 03.51 03.01 03.57 03.62 03.33 03.11 02.47 02.37 01.94 01.95 02.01 02.06 01.55 01.58 01.62 01.65 01.82 01.91 02.10 02.18 02.26 02.06 01.94 01.80 02.03 02.14 02.13 02.13 01.98 01.82 01.70 01.55 01.44 01.55 01.67 01.64 01.90 01.91 01.85 02.00 02.16 02.32 02.67 02.07 01.85 01.57 01.31 00.47 00.48 00.56 00.62 00.61 00.62 00.75 00.78 00.72 02.37 03.65 03.37 03.01 02.89 03.26
04.40 04.51 04.50 04.42 04.36 04.27 04.25 04.20 04.06 03.95 03.39 02.79 03.69 03.57 03.56 03.51 03.06 03.07 03.63 03.36 02.87 02.42 02.16 01.94 01.94 02.10 01.55 01.68 01.77 01.85 01.86 01.87 01.88 01.87 01.42 01.93 01.94 01.94 02.00 02.14 02.19 02.24 02.10 02.05 02.01 02.00 01.95 01.59 01.88 01.88 01.88 01.90 01.96 02.94 02.85 04.07 04.91 02.52 01.94 01.10 00.43 00.53 00.60 00.48 00.60 00.67 00.66 00.64 00.69 00.72 00.71 01.66 03.33 03.17 02.86 02.86 02.94
04.41 04.53 04.52 04.44 04.49 04.45 04.36 04.17 03.93 03.75 02.92 02.50 03.75 03.57 03.72 03.58 03.69 02.95 03.26 03.04 02.72 02.34 02.19 01.81 01.66 01.65 01.72 01.77 01.85 01.90 01.94 01.96 01.96 01.97 01.98 02.00 02.04 02.09 02.18 02.27 02.23 02.26 02.15 02.44 02.47 02.29 01.87 01.79 01.85 02.07 02.32 02.59 03.74 04.98 03.90 05.67 04.97 03.10 01.50 00.62 00.53 00.56 00.53 00.55 00.51 00.65 00.73 01.48 00.68 00.65 02.52 01.61 03.06 02.87 02.75 02.91 02.84
04.58 04.61 04.64 04.62 04.64 04.64 04.58 04.28 03.84 03.53 02.55 03.32 03.83 03.59 03.97 03.72 03.43 03.01 03.27 03.10 02.76 02.47 02.14 02.08 02.00 01.99 02.07 02.10 02.16 02.22 02.22 02.19 01.94 01.94 01.98 02.04 02.09 02.19 02.27 02.33 02.38 02.42 02.56 02.62 02.54 02.38 02.06 02.02 02.62 03.06 04.40 04.18 04.52 04.40 05.74 05.98 04.33 02.56 00.95 00.77 00.72 00.61 00.53 00.51 00.51 00.75 04.96 04.95 04.34 00.76 02.37 03.08 02.79 02.67 02.64 02.80 02.75
04.65 04.70 04.73 04.72 04.73 04.69 04.64 04.42 03.79 03.30 02.41 03.59 03.62 03.61 03.89 03.78 03.09 02.96 02.81 03.02 03.26 02.05 02.07 02.08 02.10 02.10 02.12 02.21 02.29 02.26 02.17 02.13 02.10 02.06 02.09 02.11 02.08 02.13 02.14 02.16 02.22 02.30 02.50 02.57 02.41 02.26 01.97 04.01 04.94 04.88 04.45 04.40 04.26 04.66 05.85 06.38 06.56 06.75 05.73 00.87 00.82 00.74 00.69 00.49 00.47 00.50 04.90 03.26 04.39 03.32 02.88 02.99 02.75 02.55 02.63 02.72 02.66
04.67 04.67 04.68 04.67 04.64 04.58 04.53 04.36 03.63 02.86 02.57 03.91 03.53 03.79 04.02 04.24 03.40 02.86 02.52 02.32 02.15 02.16 02.17 02.18 02.20 02.26 02.32 02.31 02.34 02.35 02.31 02.25 02.19 02.18 02.18 02.13 02.15 02.17 02.18 02.16 02.31 02.47 02.62 02.76 02.91 01.95 03.33 04.76 04.66 04.33 04.00 04.20 04.13 05.66 06.29 06.56 06.60 06.68 06.81 02.82 00.91 00.87 00.72 00.64 00.41 00.47 02.57 02.42 03.35 03.90 03.15 02.94 02.80 02.64 02.58 02.69 02.69
04.60 04.59 04.56 04.54 04.52 04.43 04.34 04.10 03.17 02.47 03.54 03.96 04.16 04.27 04.31 04.23 04.13 03.79 02.94 02.90 02.94 02.99 02.97 02.85 02.83 02.81 02.63 02.47 02.30 02.29 02.28 02.27 02.24 02.20 02.17 02.19 02.22 02.23 02.23 02.28 02.33 02.54 02.72 02.78 02.50 02.03 02.90 03.71 04.29 04.07 03.74 03.95 04.33 06.46 06.55 06.49 06.41 06.46 06.68 06.84 06.75 05.69 00.89 00.64 00.50 00.44 00.95 01.57 02.86 03.20 02.94 02.79 02.79 02.70 02.69 02.71 02.72
04.48 04.48 04.43 04.36 04.37 04.33 04.23 03.97 02.75 02.75 04.23 04.15 04.40 04.47 04.49 04.64 04.41 04.08 03.55 03.22 03.15 03.13 03.11 02.68 02.70 02.72 02.65 02.62 02.78 02.94 03.03 03.04 02.97 02.92 03.02 03.10 03.14 03.12 03.03 02.92 02.96 02.62 02.45 02.30 02.20 02.93 03.52 03.49 03.83 03.76 03.57 03.66 06.20 06.34 06.42 06.46 06.46 06.30 06.29 06.48 06.48 06.44 06.60 00.79 00.55 00.37 00.89 03.37 02.62 02.89 02.71 02.67 02.68 02.75 02.75 02.73 02.72
04.36 04.32 04.31 04.29 04.28 04.26 04.06 03.77 02.60 02.99 04.19 04.55 04.86 04.82 04.48 04.34 04.14 03.62 03.67 03.35 03.41 03.10 02.60 02.62 02.73 03.04 03.36 03.18 03.06 03.24 03.42 03.33 03.14 03.27 03.24 03.03 03.00 02.96 02.91 02.86 02.84 02.85 02.83 03.11 03.30 03.35 03.25 03.18 03.23 03.47 03.39 04.50 05.95 06.15 06.32 06.48 06.52 06.41 06.29 06.13 06.07 06.26 06.47 06.10 00.70 00.38 00.43 02.48 02.75 02.50 02.37 02.53 02.61 02.65 02.82 02.68 02.71
04.22 04.23 04.22 04.24 04.25 04.25 03.83 03.46 02.65 03.16 04.72 04.87 04.58 04.53 04.28 04.26 04.30 04.14 04.07 03.90 03.39 03.13 03.80 04.34 04.89 04.74 05.10 04.55 04.82 05.12 04.24 04.33 04.22 04.21 04.11 04.15 03.87 03.12 03.04 03.03 03.08 03.18 03.31 03.42 03.32 03.30 03.17 02.79 03.01 03.25 03.67 05.61 05.92 06.19 06.37 06.56 06.58 06.34 06.22 05.95 05.86 06.06 06.41 06.41 00.75 00.47 00.41 01.81 02.09 01.59 01.80 02.68 02.38 02.72 02.03 02.68 02.53
04.06 04.10 04.14 04.17 04.20 03.99 03.44 03.10 02.96 03.43 04.25 04.51 04.53 04.38 04.44 04.50 04.38 04.34 04.18 03.41 03.82 04.22 04.94 05.17 05.72 06.09 05.66 05.86 05.28 05.59 05.07 05.22 05.36 05.10 05.20 05.06 04.87 04.72 04.67 04.00 03.98 03.88 03.85 03.43 03.44 03.37 03.11 02.70 02.78 03.33 03.50 05.04 05.49 05.95 06.18 06.44 06.71 06.83 06.52 06.10 05.78 05.97 06.32 06.81 00.83 00.50 00.43 01.31 02.08 01.32 01.53 01.38 01.42 01.44 01.38 01.39 01.38
03.79 03.88 03.99 04.06 04.11 04.13 03.89 02.91 03.08 03.36 03.70 03.88 04.19 04.19 04.29 04.57 04.62 04.63 04.16 03.78 04.41 04.88 05.34 05.35 05.79 06.33 06.60 05.95 05.93 05.57 05.25 05.47 05.69 05.74 05.63 05.82 06.05 05.89 05.88 05.65 05.39 04.66 04.15 03.50 03.45 03.45 03.22 02.95 02.74 02.94 03.69 04.49 04.83 05.34 05.98 06.17 06.27 06.55 06.37 06.06 05.76 05.93 06.48 10.86 04.55 00.59 00.44 00.50 01.12 01.63 01.67 01.60 01.66 01.37 01.42 01.42 01.36
02.73 03.11 03.63 03.82 03.96 04.03 04.07 03.81 03.05 03.40 03.82 03.90 03.87 03.94 03.97 04.12 04.34 04.04 04.11 04.44 04.74 05.24 05.05 05.40 05.66 06.19 06.73 06.80 05.92 05.33 05.55 05.78 05.88 05.83 06.18 06.59 10.75 11.48 10.98 12.52 13.54 11.01 04.44 03.48 03.44 03.36 03.17 02.98 02.77 02.86 03.48 04.10 04.58 05.23 05.96 05.94 05.94 06.07 05.95 05.94 05.79 05.91 06.67 04.22 02.51 00.67 00.51 00.46 00.47 01.42 01.64 01.53 01.36 -1.00 -1.00 -1.00 -1.00
02.74 02.70 02.66 02.95 03.54 03.79 03.90 03.78 03.14 03.61 04.08 04.35 04.10 03.76 03.81 03.87 04.17 04.42 04.59 04.76 04.94 05.14 04.98 05.25 05.64 05.95 06.59 05.21 05.69 05.74 05.78 05.87 05.86 06.06 06.55 06.94 11.32 12.26 13.14 13.29 14.10 13.69 04.49 03.86 03.44 03.28 03.15 03.10 02.86 02.93 03.44 03.82 04.36 04.80 05.20 05.80 06.05 05.73 05.76 05.67 05.69 05.90 05.51 03.77 05.15 04.77 00.62 00.50 00.41 00.45 01.46 01.58 01.05 01.41 -1.00 -1.00 -1.00
02.75 02.70 02.66 02.62 02.59 02.81 03.59 03.65 03.21 03.75 04.59 04.90 04.96 05.15 04.02 04.13 04.65 05.06 06.03 05.87 05.34 04.81 04.79 05.08 05.47 05.98 05.67 05.68 05.83 05.81 05.81 05.78 05.78 06.15 06.52 06.88 11.24 12.32 12.86 14.11 15.11 14.70 12.11 04.16 03.57 03.18 03.14 03.14 03.05 03.06 03.93 03.79 04.15 04.35 04.86 05.33 05.81 05.69 05.54 05.60 05.64 05.61 04.74 03.55 05.15 05.21 01.45 00.63 00.47 00.38 01.24 01.11 01.34 01.61 -1.00 -1.00 -1.00
02.77 02.71 02.66 02.61 02.58 02.57 02.51 03.35 03.36 03.94 04.41 05.16 05.61 05.64 05.04 04.33 04.47 04.88 05.13 05.14 05.12 04.70 04.61 04.87 05.40 05.55 05.72 05.99 06.00 05.99 05.86 05.57 05.79 06.10 06.36 06.74 11.04 11.73 12.04 12.91 14.84 14.91 12.20 05.92 04.10 03.16 03.15 03.17 03.15 03.28 04.20 03.97 04.07 04.06 04.33 04.84 05.24 05.52 05.36 05.81 05.51 04.52 03.87 04.62 05.32 05.15 04.95 04.58 00.58 00.41 00.43 00.46 01.60 01.59 -1.00 -1.00 -1.00
02.79 02.74 02.66 02.59 02.55 02.54 02.53 02.46 03.37 03.63 04.32 05.08 05.40 05.60 05.52 04.71 04.45 05.50 04.45 04.88 05.63 04.49 04.55 04.83 05.09 05.27 05.50 05.63 05.71 05.76 05.50 05.56 05.82 06.07 06.31 06.52 06.95 10.93 11.36 12.91 14.66 14.06 12.88 06.08 04.48 03.08 03.16 03.26 03.11 03.85 04.23 04.14 04.02 03.97 03.89 04.35 04.76 05.10 05.57 05.95 04.69 05.02 03.84 04.99 05.42 05.09 05.23 04.64 04.17 00.50 00.38 00.46 01.28 01.49 -1.00 -1.00 -1.00
02.81 02.77 02.69 02.59 02.53 02.51 02.51 02.48 02.25 03.56 04.36 04.60 05.02 05.17 05.34 04.33 04.12 05.11 05.23 05.22 04.42 04.80 04.61 04.82 05.02 05.12 05.25 05.34 05.44 05.36 05.36 05.48 05.69 06.00 06.28 06.52 06.58 06.83 06.95 11.97 13.35 13.28 12.23 05.34 04.26 03.04 03.19 03.17 03.08 04.21 04.29 04.23 04.17 03.96 03.95 03.90 04.45 04.59 05.48 06.04 05.03 04.96 03.98 05.25 05.31 05.00 05.23 05.30 05.11 03.11 00.41 00.44 00.49 00.54 01.55 -1.00 -1.00
02.85 02.79 02.71 02.63 02.53 02.50 02.48 02.47 02.31 03.34 03.92 04.37 04.78 04.93 04.63 03.75 04.43 04.99 05.02 05.05 04.44 05.04 04.74 04.92 04.88 04.85 04.85 04.94 05.04 05.15 05.35 05.47 05.57 05.76 06.21 06.37 06.48 06.53 06.69 06.94 12.12 12.42 10.69 04.81 03.89 03.18 03.18 03.05 04.05 04.40 04.46 04.30 04.20 04.07 03.93 03.74 04.25 04.29 05.07 05.31 05.48 05.15 03.97 05.85 05.20 04.83 05.15 05.48 05.25 05.02 00.48 00.39 00.47 00.51 00.51 -1.00 -1.00
02.88 02.85 02.79 02.69 02.59 02.52 02.46 02.45 02.44 02.50 03.55 04.28 04.56 04.47 03.83 03.74 04.12 04.58 04.54 04.51 04.10 03.44 04.66 04.63 04.59 04.54 04.56 04.63 04.87 05.12 05.35 05.52 05.54 05.64 05.78 06.12 06.19 06.36 06.43 06.95 11.39 11.27 06.04 04.49 05.06 03.13 03.07 03.16 04.21 04.32 04.38 04.44 04.26 04.01 03.88 03.69 03.71 04.10 04.97 05.33 05.57 05.15 04.09 05.93 05.08 04.80 04.99 05.47 05.44 04.90 01.50 00.42 00.43 00.47 00.50 -1.00 -1.00
02.90 02.87 02.82 02.74 02.63 02.54 02.46 02.41 02.39 02.40 02.50 04.18 04.40 03.86 03.42 03.49 03.61 04.09 03.91 03.78 04.02 03.59 03.50 03.42 03.35 03.85 04.09 04.34 04.63 05.00 05.36 05.58 05.62 05.61 05.70 05.69 05.82 06.00 06.07 06.73 06.93 06.57 05.30 06.09 06.52 04.38 02.98 03.48 03.98 04.08 04.28 04.30 04.32 04.25 03.74 03.62 03.50 03.80 04.84 05.32 05.39 05.17 05.10 06.11 04.93 04.74 04.82 05.36 05.56 04.86 04.03 00.50 00.42 00.44 00.46 00.45 -1.00
02.93 02.89 02.85 02.79 02.65 02.54 02.45 02.38 02.33 02.28 02.29 04.09 04.22 03.56 03.67 03.48 03.73 04.12 04.28 04.09 03.63 03.58 03.47 03.35 03.32 03.32 03.36 03.48 03.74 04.12 05.05 05.40 05.54 05.60 05.65 05.59 05.55 05.64 05.71 05.99 06.29 06.09 06.99 05.51 06.18 04.11 03.14 03.52 03.85 03.95 04.13 04.13 04.16 04.12 03.81 03.49 03.37 04.42 04.83 05.22 05.24 05.48 05.32 05.79 04.78 04.61 04.71 04.97 05.66 05.26 03.41 02.00 00.49 00.39 00.44 00.45 -1.00
02.97 02.92 02.87 02.80 02.70 02.58 02.44 02.34 02.29 02.15 02.10 03.85 04.20 03.93 03.43 03.72 03.87 04.01 04.13 03.84 03.62 03.51 03.45 03.41 03.39 03.40 03.46 03.49 03.68 03.88 04.17 04.48 04.92 05.35 05.47 05.52 05.46 05.38 05.27 04.89 06.02 10.75 10.87 06.02 05.80 03.74 03.29 03.60 03.82 03.96 04.10 04.04 04.00 04.00 03.81 03.34 03.32 04.20 04.32 04.54 04.98 03.96 05.13 05.18 04.56 04.49 04.57 04.81 05.44 05.71 03.46 02.82 00.60 00.41 00.42 00.46 -1.00
03.73 03.66 03.57 03.46 03.18 02.81 02.50 02.32 02.18 02.21 02.02 03.78 03.65 03.72 03.41 03.58 03.70 03.82 03.84 03.64 03.42 03.42 03.41 03.49 03.60 03.59 03.56 03.69 04.05 04.45 04.30 04.34 04.12 04.43 05.19 05.35 05.36 05.25 04.81 04.51 05.77 06.67 06.88 06.37 05.52 03.81 03.89 03.67 03.87 04.02 04.19 04.09 03.99 03.85 03.68 03.52 03.42 04.24 04.43 04.61 04.86 04.27 05.10 04.80 04.39 04.25 04.48 04.75 05.37 05.53 03.49 03.23 03.43 00.43 00.41 00.45 -1.00
