data/trial5/ashley.fli
NCOLS 382
NROWS 266
XLLCORNER 157819.328125
YLLCORNER 384678.625000
CELLSIZE 30.000000
NODATA_VALUE -1
[rows 130 to 155 of 266, columns 240 to 299 of 382]
00087.929 00090.153 00096.043 00093.061 00125.710 00070.423 00131.413 00204.430 00260.683 00342.028 00357.293 00345.133 00315.571 00331.381 00363.113 00394.631 00357.562 00334.445 00337.303 00307.224 00267.258 00176.101 00002.099 00002.243 00001.380 00000.864 00001.480 00002.015 00001.987 -0001.000 -0001.000 -0001.000 00000.854 00000.475 00044.195 00099.644 00108.921 00132.758 00133.366 00144.087 00171.664 00160.235 00124.777 00109.526 00158.499 00177.444 00149.995 00087.197 00061.805 00070.324 00082.870 00098.571 00097.199 00102.080 00101.960 00092.470 00059.704 00032.639 00020.481 00016.081
00094.184 00094.318 00100.493 00123.836 00151.069 00095.736 00140.524 00165.147 00189.387 00246.778 00334.492 00359.442 00312.482 00312.188 00334.469 00348.149 00349.325 00346.309 00326.436 00288.668 00252.870 00157.625 00014.084 00002.544 00001.681 00000.814 00001.252 00001.819 00002.026 -0001.000 -0001.000 -0001.000 00000.791 00000.509 00040.596 00106.243 00103.239 00100.212 00112.915 00127.341 00147.743 00150.880 00116.987 00109.135 00161.360 00202.207 00165.485 00069.984 00054.946 00067.490 00086.623 00098.456 00093.697 00103.070 00097.828 00081.678 00043.443 00024.048 00016.329 00012.519
00096.714 00106.159 00116.203 00153.544 00189.720 00126.822 00158.367 00150.689 00157.724 00215.774 00316.734 00323.665 00299.744 00292.861 00299.907 00307.045 00314.394 00321.319 00319.269 00316.521 00220.336 00115.965 00069.285 00001.746 00001.522 00000.664 00001.163 00001.828 00001.942 -0001.000 -0001.000 00000.865 00000.561 00000.618 00031.168 00123.704 00111.990 00095.299 00079.384 00112.439 00131.053 00136.877 00107.723 00106.033 00167.390 00212.156 00160.195 00059.384 00050.965 00062.952 00085.316 00097.535 00094.272 00093.268 00089.340 00064.663 00026.117 00022.280 00017.616 00001.450
00102.558 00112.041 00133.207 00167.862 00158.967 00148.652 00154.962 00147.172 00146.286 00186.909 00277.702 00287.380 00283.722 00275.022 00275.856 00280.213 00286.320 00291.455 00293.600 00285.483 00195.446 00101.018 00034.491 00001.038 00000.776 00000.607 00001.121 00001.830 00001.809 -0001.000 -0001.000 00000.901 00000.524 00001.028 00136.880 00152.159 00138.209 00108.708 00081.116 00089.375 00129.359 00127.425 00100.900 00124.481 00173.355 00181.024 00130.493 00053.730 00050.091 00064.596 00080.332 00096.928 00096.371 00082.217 00071.955 00038.534 00029.467 00028.044 00021.013 00017.121
00116.346 00124.223 00153.005 00183.048 00150.374 00164.128 00166.075 00144.635 00135.807 00172.487 00233.680 00267.856 00271.094 00257.764 00251.697 00247.972 00249.249 00260.019 00270.561 00226.292 00157.735 00088.294 00011.368 00000.634 00000.725 00001.148 00001.283 -0001.000 00001.289 00001.476 00001.257 00000.641 00000.650 00001.424 00154.034 00157.022 00160.222 00118.918 00081.199 00065.987 00119.239 00116.733 00113.301 00134.187 00168.640 00156.354 00092.452 00049.587 00047.280 00062.951 00081.891 00105.552 00082.727 00067.018 00053.586 00034.375 00026.090 00020.193 00033.814 00050.249
00126.572 00146.627 00178.454 00188.270 00157.951 00177.155 00186.262 00151.113 00148.207 00159.049 00207.370 00267.773 00256.778 00239.916 00224.528 00211.148 00218.544 00226.890 00225.515 00220.705 00132.359 00076.585 00000.949 00000.499 00000.956 00001.567 00001.203 00001.368 00001.346 00001.220 00001.069 00000.490 00000.877 00073.674 00169.161 00167.867 00183.737 00119.248 00079.155 00061.055 00092.057 00106.955 00118.404 00141.756 00171.346 00137.109 00078.023 00047.710 00046.177 00066.132 00085.845 00083.321 00064.771 00051.661 00039.539 00025.980 00022.137 00031.564 00039.478 00054.023
00134.127 00162.319 00193.909 00188.237 00165.805 00204.130 00233.015 00158.759 00144.947 00156.439 00179.520 00210.275 00236.021 00224.554 00203.377 00201.894 00207.720 00227.625 00261.336 00193.395 00120.870 00063.332 00001.018 00000.522 00000.979 00001.226 00001.089 00000.984 00000.833 00000.669 00000.658 00000.988 00001.542 00113.216 00192.520 00190.478 00183.879 00140.036 00073.751 00057.688 00065.677 00096.087 00114.582 00150.164 00148.031 00089.893 00053.789 00048.202 00051.078 00075.202 00085.314 00064.206 00044.405 00038.273 00024.061 00023.208 00024.700 00032.996 00044.548 00062.594
00143.455 00199.951 00216.038 00168.887 00189.368 00194.557 00248.687 00174.225 00142.567 00146.371 00168.751 00193.946 00215.517 00194.940 00188.165 00196.692 00209.404 00226.919 00239.090 00184.559 00066.922 00050.258 00000.674 00000.721 00001.345 00000.873 00000.732 00000.879 00000.912 00001.512 00001.371 00001.433 00168.677 00148.306 00199.438 00197.699 00177.545 00133.246 00077.330 00054.513 00049.277 00084.256 00106.106 00116.584 00092.608 00070.163 00050.194 00046.641 00053.519 00072.796 00061.864 00046.829 00034.982 00023.301 00026.692 00023.970 00036.290 00039.599 00047.781 00020.898
00189.349 00232.505 00223.727 00193.101 00122.215 00199.283 00244.657 00180.296 00143.160 00135.846 00139.899 00176.852 00183.287 00180.050 00186.021 00199.754 00218.525 00217.567 00190.804 00151.023 00046.928 00000.845 00000.470 00000.885 00000.639 00000.812 00001.197 00001.406 00001.798 00002.071 00001.901 00067.925 00099.439 00218.462 00207.078 00201.719 00177.953 00142.870 00092.563 00052.362 00045.763 00070.574 00081.388 00088.685 00060.553 00049.799 00042.968 00046.353 00044.666 00050.794 00047.336 00032.923 00022.763 00024.892 00036.722 00039.677 00031.840 00025.463 00021.036 00021.808
00195.292 00227.485 00220.380 00224.795 00148.760 00206.063 00231.884 00204.841 00147.840 00134.261 00136.754 00147.665 00165.584 00184.554 00203.243 00216.352 00214.584 00184.205 00158.377 00111.611 00001.121 00000.688 00000.754 00000.538 00001.019 00006.447 00001.433 00002.550 00002.863 00003.166 00003.913 00023.424 00096.338 00209.219 00234.203 00222.725 00160.852 00137.132 00087.609 00049.003 00042.091 00056.289 00056.443 00048.640 00037.902 00037.511 00039.445 00037.710 00037.803 00037.260 00046.950 00042.917 00041.689 00031.326 00029.666 00028.594 00026.303 00025.990 00028.514 00031.036
00237.733 00224.853 00210.504 00200.936 00167.734 00179.091 00209.030 00191.917 00164.084 00149.645 00140.760 00167.883 00201.756 00221.491 00231.321 00230.957 00202.108 00151.445 00129.513 00095.971 00001.115 00000.769 00001.517 00000.452 00026.428 00007.932 00024.015 00043.084 00130.410 00161.740 00145.084 00030.964 00107.396 00197.474 00226.153 00211.317 00163.980 00108.829 00074.885 00045.765 00041.061 00034.689 00036.085 00029.986 00029.858 00037.904 00044.533 00045.312 00066.040 00042.725 00050.921 00052.975 00025.797 00034.165 00035.096 00035.983 00035.086 00036.208 00026.749 00032.416
00187.280 00210.270 00225.288 00157.458 00109.947 00149.761 00172.521 00162.717 00150.359 00150.364 00168.600 00175.636 00207.822 00252.957 00271.650 00256.366 00171.926 00122.249 00113.491 00074.251 00001.505 00000.993 00001.099 00000.420 00031.587 00014.699 00065.890 00106.068 00152.735 00152.284 00160.384 00165.175 00130.471 00186.038 00211.414 00191.249 00149.454 00078.893 00052.455 00043.882 00033.086 00055.468 00052.512 00049.302 00048.663 00047.118 00046.049 00045.062 00043.654 00036.521 00037.100 00032.455 00029.021 00029.393 00029.946 00030.368 00030.549 00031.242 00034.182 00038.950
00162.913 00194.454 00219.671 00175.123 00095.371 00121.754 00110.296 00118.015 00127.712 00132.206 00138.493 00185.499 00254.098 00296.728 00282.718 00222.820 00132.745 00112.277 00117.142 00002.400 00002.143 00001.452 00001.200 00001.077 00017.675 00049.595 00081.817 00119.483 00150.018 00145.398 00145.786 00145.117 00151.152 00175.631 00179.099 00153.068 00117.263 00064.295 00039.350 00056.686 00059.637 00056.834 00054.412 00054.255 00053.893 00052.839 00051.841 00050.342 00045.868 00042.149 00039.080 00035.578 00037.045 00038.509 00038.787 00038.647 00042.300 00037.759 00042.022 00041.816
00102.098 00140.925 00198.436 00173.376 00079.345 00089.426 00076.843 00073.310 00069.708 00098.061 00127.956 00154.030 00238.772 00268.859 00239.415 00148.171 00123.268 00117.049 00123.478 00002.616 00002.420 00001.878 00001.340 00001.066 00000.947 00050.301 00094.932 00123.834 00144.571 00132.609 00134.454 00132.769 00130.722 00150.553 00142.135 00119.928 00096.539 00078.152 00052.850 00056.644 00054.225 00052.036 00049.143 00045.860 00047.658 00048.311 00044.696 00041.462 00047.808 00047.982 00044.925 00045.654 00044.897 00051.417 00042.507 00042.486 00041.374 00043.138 00047.799 00078.006
00089.985 00088.985 00166.648 00180.938 00074.457 00075.868 00078.885 00107.377 00074.660 00069.460 00100.434 00154.121 00185.981 00234.585 00178.432 00137.029 00121.171 00121.576 00128.353 00050.158 00002.395 00002.003 00001.894 00001.786 00007.204 00094.068 00116.171 00144.563 00134.765 00121.897 00134.777 00124.002 00125.344 00109.315 00109.907 00100.276 00101.280 00079.597 00075.583 00068.982 00069.547 00069.866 00067.471 00065.037 00063.737 00067.292 00070.224 00065.774 00053.287 00053.844 00053.613 00054.067 00056.688 00057.234 00052.832 00058.520 00065.802 00077.681 00092.034 00114.066
00084.502 00083.597 00118.533 00157.425 00059.906 00071.244 00110.266 00114.440 00100.339 00071.070 00071.333 00134.857 00179.877 00182.419 00134.847 00135.183 00117.855 00126.489 00131.069 00108.685 00017.626 00042.667 00043.517 00059.658 00115.983 00161.128 00146.946 00146.237 00164.718 00134.959 00121.746 00152.146 00112.435 00094.874 00094.574 00095.234 00092.718 00078.807 00063.272 00064.918 00065.707 00071.163 00071.468 00071.815 00075.398 00082.246 00083.525 00077.724 00073.587 00078.836 00084.378 00088.258 00091.616 00082.926 00090.216 00104.849 00100.733 00116.477 00152.124 00249.020
00075.151 00077.170 00073.836 00056.512 00056.996 00077.258 00108.729 00121.219 00133.528 00090.192 00067.390 00094.778 00149.928 00136.552 00134.353 00136.346 00113.730 00131.354 00119.878 00110.259 00054.915 00040.562 00041.766 00126.346 00186.073 00212.193 00218.653 00222.751 00168.740 00186.194 00122.076 00136.388 00101.557 00091.635 00097.120 00110.604 00122.758 00099.402 00089.190 00077.106 00107.760 00125.919 00149.145 00160.170 00116.348 00139.860 00097.126 00087.634 00089.600 00094.553 00102.886 00110.118 00100.062 00117.671 00136.609 00133.673 00185.951 00281.941 00341.128 00233.514
00070.687 00058.058 00068.720 00058.847 00066.301 00099.574 00107.600 00119.887 00124.708 00103.846 00063.439 00073.228 00126.686 00131.420 00137.004 00137.555 00111.398 00124.436 00108.933 00112.343 00039.037 00043.075 00109.736 00218.577 00247.447 00235.622 00264.241 00216.982 00175.953 00184.012 00163.162 00136.003 00106.406 00089.226 00097.456 00120.678 00122.896 00084.335 00085.957 00106.249 00134.691 00187.676 00211.968 00192.460 00182.980 00188.056 00177.655 00191.838 00220.766 00246.883 00200.882 00277.551 00337.399 00356.829 00315.617 00450.338 00431.222 00434.803 00315.756 00220.155
00099.980 00089.126 00067.570 00061.804 00092.785 00097.348 00101.366 00110.192 00104.192 00081.905 00059.395 00066.092 00125.986 00129.641 00136.850 00134.565 00115.268 00117.254 00102.000 00039.561 00043.873 00145.989 00178.541 00291.022 00298.527 00257.369 00268.747 00229.113 00194.066 00183.662 00154.503 00122.158 00080.405 00089.294 00100.588 00123.705 00055.692 00077.986 00089.323 00106.079 00180.985 00236.156 00283.502 00257.372 00232.608 00214.983 00234.955 00272.780 00275.639 00213.652 00205.313 00372.588 00354.723 00371.842 00396.324 00494.286 00471.298 00431.987 00309.972 00209.023
00133.981 00073.437 00064.606 00082.141 00132.598 00138.142 00093.584 00096.832 00078.026 00071.553 00054.629 00063.177 00128.982 00136.482 00132.328 00131.403 00119.551 00108.729 00072.840 00049.769 00121.133 00207.040 00262.253 00335.435 00294.566 00282.948 00255.613 00235.389 00188.965 00169.723 00153.338 00153.580 00080.344 00093.490 00108.504 00120.842 00074.365 00082.070 00098.055 00128.253 00160.535 00222.611 00336.192 00376.178 00336.305 00312.950 00329.707 00329.383 00208.386 00179.979 00381.581 00420.942 00421.058 00367.251 00445.900 00478.997 00459.670 00386.190 00263.138 00171.299
00146.171 00080.338 00076.487 00120.060 00130.037 00123.395 00100.141 00082.909 00066.231 00061.203 00049.210 00096.431 00131.431 00147.258 00126.057 00124.639 00126.850 00103.786 00060.507 00116.164 00193.839 00227.585 00272.739 00310.305 00291.074 00273.092 00246.914 00221.750 00189.861 00166.996 00161.776 00070.757 00078.466 00093.806 00117.772 00120.741 00075.514 00086.839 00096.372 00112.883 00132.431 00159.419 00341.243 00446.175 00538.228 00469.531 00354.642 00221.787 00175.021 00188.577 00505.101 00469.737 00438.232 00383.184 00474.766 00462.609 00434.447 00322.188 00216.562 00142.761
00112.272 00081.921 00143.079 00167.201 00120.475 00104.751 00085.992 00068.271 00056.398 00049.956 00052.570 00116.335 00132.697 00141.082 00117.547 00111.133 00126.365 00198.291 00125.563 00169.355 00184.723 00205.279 00232.546 00252.434 00251.966 00242.653 00222.609 00202.618 00174.389 00159.106 00129.714 00069.644 00077.983 00098.936 00116.746 00118.501 00076.991 00064.267 00052.178 00056.448 00060.065 00121.972 00233.706 00451.025 00515.821 00477.374 00290.262 00177.666 00148.044 00388.301 00459.289 00443.310 00429.734 00414.718 00481.512 00446.939 00381.005 00246.346 00181.528 00125.921
00109.527 00132.067 00157.029 00156.750 00119.512 00087.637 00068.102 00052.432 00044.480 00039.634 00047.134 00120.568 00127.480 00094.069 00101.405 00144.261 00187.835 00244.052 00144.600 00152.862 00151.632 00165.449 00184.066 00177.133 00201.367 00176.988 00188.601 00173.772 00152.255 00131.205 00081.653 00071.429 00076.023 00098.719 00108.653 00092.055 00044.136 00049.002 00078.951 00059.586 00057.313 00079.907 00134.447 00333.649 00361.508 00389.806 00215.900 00152.290 00365.447 00380.552 00394.848 00404.600 00425.918 00430.665 00445.126 00426.109 00324.889 00195.024 00148.521 00109.023
00153.531 00132.115 00156.863 00150.582 00109.613 00070.819 00050.636 00037.371 00032.991 00041.415 00093.117 00121.536 00095.741 00082.458 00113.075 00173.480 00209.572 00181.620 00130.324 00108.305 00120.596 00125.202 00132.917 00139.228 00138.663 00139.293 00140.200 00146.215 00133.039 00109.078 00076.905 00073.883 00072.661 00054.450 00088.731 00040.872 00048.212 00064.807 00071.181 00122.102 00053.187 00058.350 00101.090 00157.042 00255.852 00238.360 00152.373 00181.612 00304.019 00333.731 00372.475 00396.061 00432.302 00455.043 00479.199 00457.453 00258.466 00159.855 00123.125 00098.976
00159.885 00159.582 00103.146 00128.844 00094.115 00054.412 00038.661 00026.546 00031.697 00062.024 00072.366 00077.801 00093.924 00113.497 00134.704 00172.443 00161.391 00131.510 00091.927 00085.855 00077.268 00057.696 00061.831 00059.845 00106.723 00126.331 00135.491 00140.950 00119.865 00097.972 00071.429 00040.307 00047.204 00056.806 00060.716 00047.911 00060.429 00078.807 00099.168 00123.215 00067.656 00054.478 00063.185 00119.173 00189.971 00147.693 00128.863 00247.281 00302.675 00336.583 00377.962 00392.262 00439.575 00455.492 00470.994 00372.734 00221.782 00130.113 00100.363 00098.050
00109.838 00088.747 00049.943 00096.768 00078.012 00043.943 00042.019 00077.675 00121.592 00144.760 00148.706 00182.643 00212.883 00131.226 00137.729 00138.258 00134.230 00103.835 00067.573 00045.407 00049.401 00054.549 00057.481 00057.978 00058.997 00059.599 00108.600 00134.208 00144.506 00071.247 00040.866 00036.633 00050.145 00055.716 00050.830 00073.363 00111.207 00126.609 00131.915 00123.286 00099.588 00052.823 00061.040 00066.718 00142.718 00130.000 00233.338 00283.484 00338.030 00362.961 00386.893 00375.584 00402.412 00399.791 00388.746 00295.021 00183.617 00117.554 00083.403 00089.242
