data/trial5/ashley.ros
NCOLS 382
NROWS 266
XLLCORNER 157819.328125
YLLCORNER 384678.625000
CELLSIZE 30.000000
NODATA_VALUE -1
[rows 170 to 203 of 266, columns 154 to 230 of 382]
-1.00 -1.00 -1.00 -1.00 -1.00 07.94 09.72 12.56 13.49 13.64 01.28 15.79 16.02 16.25 16.47 16.85 17.18 17.53 17.88 18.24 22.89 23.13 23.40 23.70 23.99 24.26 24.85 24.47 24.25 24.41 24.61 25.40 26.00 27.50 28.25 25.52 25.15 25.92 26.48 27.24 28.66 30.84 32.80 32.49 83.97 99.51 97.47 98.50 98.35 98.35 98.93 98.16 96.85 96.50 96.07 94.37 91.94 90.76 88.85 86.39 83.33 80.43 75.71 70.04 65.43 61.32 57.46 53.20 48.68 43.83 39.10 34.29 29.46 23.83 19.17 76.09 31.49
-1.00 -1.00 -1.00 -1.00 -1.00 00.79 02.00 08.34 09.80 16.02 08.28 05.15 15.89 16.12 16.34 16.63 16.91 17.24 17.62 18.04 20.45 22.88 23.13 23.39 23.69 24.00 24.44 24.36 24.11 24.34 24.60 24.78 25.31 26.36 27.03 23.74 24.39 24.72 25.50 26.23 27.83 29.65 31.28 32.29 106.85 104.11 100.87 99.73 100.45 102.70 103.42 102.76 102.50 102.93 102.54 101.40 100.39 99.10 97.45 95.59 94.66 92.40 89.36 84.14 79.62 75.27 70.02 63.39 56.46 52.07 47.42 41.53 35.57 29.81 19.47 29.28 11.59
-1.00 -1.00 -1.00 -1.00 -1.00 -1.00 -1.00 -1.00 -1.00 -1.00 -1.00 -1.00 15.77 16.00 16.22 16.45 16.69 16.99 17.34 17.72 18.17 22.63 22.86 23.11 23.37 23.66 24.03 24.21 23.94 24.17 24.45 24.64 24.75 25.33 25.89 22.46 23.19 23.72 24.56 25.42 26.96 28.80 30.57 96.60 110.52 107.85 103.96 101.65 103.36 105.26 104.70 106.29 107.40 108.49 108.37 108.30 107.90 107.24 106.40 105.16 103.77 101.28 97.83 94.10 94.13 94.83 92.84 87.75 80.06 70.75 60.14 52.71 45.15 32.29 21.50 05.36 02.98
-1.00 -1.00 -1.00 -1.00 -1.00 -1.00 -1.00 -1.00 -1.00 -1.00 -1.00 -1.00 15.47 15.80 16.10 16.32 16.47 16.78 17.10 17.45 17.89 22.38 22.60 22.84 23.06 23.32 23.64 23.88 23.66 23.99 24.24 24.49 24.73 24.85 24.79 21.73 21.87 22.76 23.54 24.61 25.91 27.36 29.21 114.57 113.90 112.29 110.07 107.14 105.80 105.73 106.79 109.23 112.61 113.20 113.65 113.84 113.43 113.00 112.47 111.57 110.30 108.10 104.84 103.16 104.11 104.31 103.55 102.09 98.98 93.92 87.23 79.02 68.23 55.99 39.70 15.54 106.77
-1.00 -1.00 -1.00 -1.00 -1.00 -1.00 -1.00 -1.00 -1.00 -1.00 -1.00 -1.00 -1.00 15.43 16.00 16.21 16.30 16.59 16.88 17.20 17.57 21.97 22.26 22.57 22.78 22.95 23.26 23.53 23.26 23.61 24.00 24.29 24.54 24.83 24.75 21.83 20.83 21.84 22.49 23.46 24.85 25.95 43.37 117.20 116.81 115.90 114.13 110.94 107.84 105.54 106.98 108.43 111.60 114.88 117.51 118.06 117.65 117.58 116.98 116.49 115.36 114.02 112.82 112.92 114.05 113.47 112.20 110.61 107.43 102.11 98.14 93.26 87.70 86.91 100.01 105.06 112.64
-1.00 -1.00 -1.00 -1.00 -1.00 -1.00 -1.00 -1.00 -1.00 -1.00 -1.00 -1.00 -1.00 10.93 15.35 16.10 16.14 16.39 16.68 17.00 17.33 21.61 21.82 22.10 22.42 22.58 22.86 23.15 22.87 23.19 23.54 23.93 24.34 24.60 24.67 22.78 20.39 21.22 21.55 22.28 23.55 24.63 116.50 119.48 118.98 118.01 116.31 113.43 109.39 104.71 106.46 107.66 111.95 118.21 121.96 121.87 121.18 120.76 119.92 119.18 118.14 116.92 116.03 116.53 118.10 117.63 117.74 117.21 114.78 111.67 110.07 107.98 105.67 106.49 111.81 118.13 119.86
-1.00 -1.00 -1.00 -1.00 -1.00 -1.00 -1.00 -1.00 -1.00 -1.00 -1.00 -1.00 -1.00 -1.00 01.85 15.98 15.99 16.20 16.47 16.79 17.13 18.39 21.55 21.74 21.92 22.28 22.51 22.76 22.57 22.77 23.09 23.45 23.85 24.30 24.35 23.00 20.51 20.59 20.88 21.25 22.06 23.29 120.90 120.65 120.24 119.49 118.19 115.97 112.45 108.36 108.30 108.06 113.11 122.31 126.22 125.53 124.63 123.74 122.79 121.95 121.02 119.99 119.19 119.13 119.39 119.02 118.77 117.80 115.45 113.32 112.23 112.20 113.79 116.63 119.26 122.81 127.71
-1.00 -1.00 -1.00 -1.00 -1.00 -1.00 -1.00 -1.00 -1.00 -1.00 -1.00 -1.00 -1.00 -1.00 -1.00 12.82 15.98 16.02 16.30 16.57 16.89 17.23 21.31 21.50 21.68 21.86 22.20 22.44 22.42 22.36 22.65 22.97 23.33 23.74 23.99 23.02 20.24 20.19 20.22 20.51 20.94 22.28 121.85 121.65 121.37 120.92 120.09 118.70 116.55 113.98 112.68 111.11 112.56 121.02 124.27 123.89 123.31 122.99 122.53 122.01 121.41 120.78 120.16 119.77 119.56 119.49 119.03 117.95 116.03 114.82 114.29 116.08 120.32 124.81 124.51 125.84 133.50
-1.00 -1.00 -1.00 -1.00 -1.00 -1.00 -1.00 -1.00 -1.00 -1.00 -1.00 -1.00 -1.00 -1.00 -1.00 -1.00 15.68 15.82 16.14 16.32 16.65 17.00 21.06 21.25 21.44 21.63 21.91 22.12 22.23 22.01 22.26 22.53 22.83 23.19 23.58 23.06 19.92 19.97 19.94 19.87 20.14 20.84 122.67 122.51 122.34 122.13 121.68 120.95 119.85 118.23 115.95 113.63 112.71 118.27 121.91 121.74 121.01 121.02 120.97 120.62 120.20 119.70 119.08 118.54 118.39 118.50 117.78 116.49 115.05 114.54 115.74 117.35 119.39 124.38 126.58 126.02 130.27
-1.00 -1.00 -1.00 -1.00 -1.00 -1.00 -1.00 -1.00 -1.00 -1.00 -1.00 -1.00 -1.00 -1.00 -1.00 -1.00 08.18 15.18 15.60 16.04 16.37 16.70 20.74 20.94 21.16 21.39 21.61 21.82 21.99 21.67 21.91 22.16 22.41 22.69 23.00 22.94 19.55 19.60 19.69 19.74 19.66 19.73 122.55 122.41 122.23 122.01 121.59 120.93 120.03 118.73 116.75 114.30 113.16 115.27 119.17 119.61 118.75 118.99 119.51 119.40 119.17 118.87 118.38 117.83 117.60 117.52 116.38 114.47 113.20 112.87 114.89 116.82 118.70 123.61 128.06 127.24 127.68
-1.00 -1.00 -1.00 -1.00 -1.00 -1.00 -1.00 -1.00 -1.00 -1.00 -1.00 -1.00 -1.00 -1.00 -1.00 -1.00 -1.00 00.42 14.49 15.63 16.10 16.42 16.75 20.58 20.65 20.90 21.18 21.49 21.76 21.40 21.52 21.78 22.03 22.29 22.57 22.69 19.18 19.20 19.17 19.37 19.52 19.58 122.39 122.28 122.08 121.89 121.58 121.06 120.42 119.71 118.58 117.04 116.16 116.72 118.95 118.75 117.95 117.83 118.94 119.21 118.97 118.76 118.44 117.92 117.44 116.67 115.00 112.72 111.00 110.75 112.33 114.95 117.53 122.42 128.06 128.01 125.97
-1.00 -1.00 -1.00 -1.00 -1.00 -1.00 -1.00 -1.00 -1.00 -1.00 -1.00 -1.00 -1.00 -1.00 -1.00 -1.00 -1.00 -1.00 -1.00 06.20 15.46 16.01 16.37 20.18 20.30 20.37 20.60 20.86 21.16 21.25 21.06 21.37 21.64 21.88 22.14 22.31 19.87 18.76 18.71 18.85 18.97 19.32 122.18 122.09 121.87 121.73 121.60 121.28 120.89 120.73 120.36 119.73 119.03 118.50 119.71 118.32 117.53 117.09 118.07 118.58 118.71 118.23 118.08 117.80 117.40 116.80 115.59 113.87 112.12 111.19 110.63 112.31 115.17 119.85 124.93 125.91 123.35
-1.00 -1.00 -1.00 -1.00 -1.00 -1.00 -1.00 -1.00 -1.00 -1.00 -1.00 -1.00 -1.00 -1.00 -1.00 -1.00 -1.00 -1.00 -1.00 -1.00 14.47 15.50 15.87 18.99 19.72 19.79 19.97 20.19 20.44 20.69 20.72 20.92 21.26 21.49 21.59 21.81 20.79 18.28 18.34 18.36 18.42 18.60 74.73 121.93 121.73 121.60 121.50 121.25 121.06 120.90 120.65 120.31 119.98 119.65 119.41 118.55 117.40 116.65 117.13 117.65 118.00 117.62 117.56 117.59 117.34 116.89 116.03 114.83 113.42 111.96 110.08 109.48 112.36 117.46 122.12 124.14 120.88
-1.00 -1.00 -1.00 -1.00 -1.00 -1.00 -1.00 -1.00 -1.00 -1.00 -1.00 -1.00 -1.00 -1.00 -1.00 -1.00 -1.00 -1.00 -1.00 -1.00 -1.00 07.72 15.09 15.67 19.12 19.16 19.36 19.50 19.65 19.74 19.91 19.99 20.41 21.00 21.18 21.29 20.87 17.67 17.73 17.89 17.92 17.97 18.11 121.51 121.42 121.17 120.93 120.58 120.28 119.97 119.72 119.53 119.16 118.68 117.96 117.18 116.18 114.91 114.96 115.71 116.10 116.75 116.97 117.29 117.24 116.81 116.10 115.20 114.00 112.37 110.20 107.98 108.25 113.60 118.92 121.72 118.95
-1.00 -1.00 -1.00 -1.00 -1.00 -1.00 -1.00 -1.00 -1.00 -1.00 -1.00 -1.00 -1.00 -1.00 -1.00 -1.00 -1.00 -1.00 -1.00 -1.00 -1.00 -1.00 00.93 14.77 18.64 18.51 18.78 18.84 18.87 18.98 19.05 18.94 19.03 19.86 20.57 20.77 20.87 17.26 17.15 17.46 17.43 17.44 17.46 120.14 120.18 119.81 119.35 118.96 118.51 118.03 117.83 118.11 117.77 117.27 116.46 115.66 114.74 113.66 113.80 114.90 115.00 115.87 116.20 116.26 116.16 115.79 115.22 114.47 113.49 112.12 110.21 107.67 105.33 107.59 114.69 118.37 117.14
-1.00 -1.00 -1.00 -1.00 -1.00 -1.00 -1.00 -1.00 -1.00 -1.00 -1.00 -1.00 -1.00 -1.00 -1.00 -1.00 -1.00 -1.00 -1.00 -1.00 -1.00 -1.00 -1.00 -1.00 02.70 17.96 18.08 18.19 18.14 18.03 18.13 18.03 11.89 10.31 19.41 19.81 20.70 19.59 16.93 16.88 16.95 16.90 16.88 118.92 118.94 118.42 117.89 117.64 117.36 116.92 116.71 117.11 116.90 116.38 115.52 114.40 113.04 112.02 113.64 114.83 114.93 115.23 115.49 115.39 115.18 114.77 114.27 113.64 112.81 111.65 110.11 108.02 105.30 103.25 108.49 113.94 113.04
-1.00 -1.00 -1.00 -1.00 -1.00 -1.00 -1.00 -1.00 -1.00 -1.00 -1.00 -1.00 -1.00 -1.00 -1.00 -1.00 -1.00 -1.00 -1.00 -1.00 -1.00 -1.00 -1.00 -1.00 -1.00 -1.00 17.65 17.64 17.58 17.48 18.33 14.82 04.46 00.68 00.99 17.88 11.59 20.26 16.75 16.57 16.47 16.39 16.26 40.59 116.93 116.47 115.85 116.65 116.98 116.56 116.20 116.25 116.27 115.62 114.68 113.45 111.84 109.19 112.41 115.11 115.08 114.88 114.73 114.56 114.24 113.85 113.46 113.02 112.53 111.93 110.94 109.48 107.49 105.77 104.60 105.36 106.51
-1.00 -1.00 -1.00 -1.00 -1.00 -1.00 -1.00 -1.00 -1.00 -1.00 -1.00 -1.00 -1.00 -1.00 -1.00 -1.00 02.55 00.51 -1.00 -1.00 -1.00 -1.00 -1.00 -1.00 -1.00 -1.00 -1.00 17.32 17.25 17.14 19.04 17.70 09.96 09.70 -1.00 -1.00 -1.00 20.65 18.92 16.88 16.66 16.51 16.26 15.97 116.24 116.19 115.97 116.31 116.50 116.20 115.75 115.58 115.73 115.03 114.07 112.77 111.30 109.21 110.72 113.44 113.89 113.75 113.64 113.49 113.19 112.92 112.56 111.53 110.39 109.11 107.36 104.90 101.39 98.60 96.22 99.05 99.65
-1.00 -1.00 -1.00 -1.00 -1.00 -1.00 -1.00 -1.00 -1.00 -1.00 -1.00 -1.00 -1.00 -1.00 -1.00 -1.00 00.72 00.76 00.08 -1.00 -1.00 -1.00 -1.00 -1.00 -1.00 -1.00 -1.00 -1.00 -1.00 15.04 17.73 18.62 23.58 30.40 -1.00 -1.00 -1.00 20.59 20.01 16.65 16.56 16.48 16.36 16.19 101.51 116.65 116.16 116.02 115.95 115.45 115.00 114.71 114.63 114.22 113.43 112.35 111.22 109.38 109.77 111.88 111.54 111.18 110.22 109.24 108.30 107.29 106.25 105.08 103.74 102.24 100.31 97.59 93.77 89.05 84.73 79.75 77.95
-1.00 -1.00 -1.00 -1.00 -1.00 -1.00 -1.00 -1.00 -1.00 -1.00 -1.00 -1.00 -1.00 -1.00 -1.00 -1.00 01.21 01.38 02.53 09.05 01.24 -1.00 -1.00 -1.00 -1.00 -1.00 -1.00 -1.00 -1.00 -1.00 -1.00 -1.00 -1.00 -1.00 -1.00 -1.00 -1.00 15.31 20.33 16.45 16.27 16.23 16.10 15.95 15.94 115.57 115.17 114.93 114.94 114.55 114.01 113.76 113.41 112.96 112.09 110.99 109.64 107.74 106.18 107.32 107.38 106.69 105.32 103.35 102.25 101.27 100.09 98.85 96.83 93.42 89.56 84.92 79.48 73.54 69.44 65.89 60.28
-1.00 -1.00 -1.00 -1.00 -1.00 -1.00 -1.00 -1.00 -1.00 -1.00 -1.00 -1.00 -1.00 -1.00 -1.00 -1.00 01.52 03.36 07.36 08.03 10.56 03.53 -1.00 -1.00 -1.00 -1.00 -1.00 -1.00 -1.00 -1.00 -1.00 -1.00 -1.00 -1.00 -1.00 -1.00 07.73 20.48 20.09 19.16 16.01 15.96 15.83 15.66 15.70 114.12 113.64 113.18 112.86 112.45 111.83 111.35 111.05 110.61 109.82 108.64 106.94 104.53 102.17 102.19 103.72 102.64 101.08 98.47 95.40 93.00 90.45 87.45 84.15 80.36 76.12 71.99 67.25 61.56 55.67 49.06 42.41
-1.00 -1.00 -1.00 -1.00 -1.00 -1.00 -1.00 -1.00 -1.00 -1.00 -1.00 -1.00 -1.00 -1.00 -1.00 00.89 01.54 06.31 06.84 07.63 09.02 10.16 -1.00 -1.00 -1.00 -1.00 -1.00 -1.00 -1.00 -1.00 -1.00 -1.00 -1.00 -1.00 -1.00 -1.00 22.08 18.67 19.43 19.45 16.15 15.60 15.55 15.35 15.13 15.02 111.31 110.85 110.45 109.62 108.51 107.54 106.52 105.47 103.97 102.39 100.78 98.85 96.67 95.43 95.19 93.13 89.32 85.07 81.36 83.01 80.34 76.96 73.71 70.62 67.31 63.57 59.31 53.33 46.51 40.30 34.59
-1.00 -1.00 -1.00 -1.00 -1.00 -1.00 -1.00 -1.00 -1.00 -1.00 -1.00 -1.00 -1.00 -1.00 -1.00 01.08 01.60 05.98 06.59 07.51 04.73 01.99 -1.00 -1.00 -1.00 -1.00 -1.00 -1.00 -1.00 -1.00 -1.00 -1.00 -1.00 -1.00 -1.00 -1.00 08.49 19.91 19.38 19.39 18.80 15.44 15.23 15.15 14.86 14.63 107.24 106.21 105.20 104.18 103.06 101.92 100.83 99.44 97.81 96.09 94.35 92.45 90.15 87.46 84.95 82.69 80.77 78.84 77.01 75.17 72.91 70.28 66.81 63.59 60.34 55.84 50.51 45.01 40.03 35.28 29.84
-1.00 -1.00 -1.00 -1.00 -1.00 -1.00 -1.00 -1.00 -1.00 -1.00 -1.00 -1.00 -1.00 -1.00 -1.00 01.31 01.66 05.73 06.34 04.56 04.44 01.13 -1.00 19.49 04.72 22.45 23.44 04.26 09.38 26.18 02.82 -1.00 -1.00 -1.00 -1.00 -1.00 17.13 19.23 19.18 19.28 19.10 17.35 15.13 15.10 14.72 14.40 14.19 101.30 100.09 98.92 97.61 96.25 94.80 93.26 91.57 89.83 88.26 86.26 84.15 82.09 80.08 78.18 76.06 72.13 70.73 68.97 66.16 62.63 58.31 54.22 50.77 47.29 43.68 39.92 36.36 31.41 22.68
-1.00 -1.00 -1.00 -1.00 -1.00 -1.00 -1.00 -1.00 -1.00 -1.00 -1.00 -1.00 -1.00 -1.00 -1.00 01.36 03.39 05.47 06.04 03.21 04.45 07.77 16.88 20.37 08.62 19.90 21.08 20.25 15.54 22.36 04.57 11.93 -1.00 -1.00 -1.00 -1.00 -1.00 -1.00 18.85 19.08 19.09 18.69 14.77 14.65 14.33 14.10 13.92 13.59 94.92 93.47 92.04 90.53 89.11 87.37 85.48 83.87 82.17 80.13 78.18 76.64 72.92 67.07 61.76 57.96 31.98 11.67 06.41 07.47 25.59 48.08 45.33 42.87 40.77 36.59 32.16 26.61 25.34
-1.00 -1.00 -1.00 -1.00 -1.00 -1.00 -1.00 -1.00 -1.00 -1.00 -1.00 -1.00 -1.00 -1.00 -1.00 01.44 04.63 05.18 05.61 03.15 04.59 15.65 15.39 17.60 17.24 17.72 18.86 18.27 19.43 22.41 28.76 12.50 23.88 04.83 -1.00 -1.00 -1.00 -1.00 00.88 18.60 18.74 18.74 17.93 14.19 14.04 13.82 13.64 13.32 13.01 88.34 86.80 85.33 83.81 82.35 80.72 78.96 77.13 74.85 71.45 67.21 62.55 57.74 50.42 12.01 04.77 03.47 02.94 07.55 07.42 07.33 16.71 41.37 37.62 33.76 28.82 23.32 37.31
-1.00 -1.00 -1.00 -1.00 -1.00 -1.00 -1.00 -1.00 -1.00 -1.00 -1.00 -1.00 -1.00 01.51 00.49 01.28 01.74 04.91 04.96 02.99 06.69 14.84 14.48 14.65 16.66 16.43 16.87 17.30 17.70 19.76 19.34 21.00 26.26 07.83 33.58 01.22 -1.00 -1.00 07.67 18.20 17.76 09.89 18.04 17.68 08.01 13.81 13.65 13.37 13.13 12.94 12.81 80.89 79.38 77.73 75.96 72.80 69.47 66.04 62.32 57.32 51.18 37.31 26.74 08.51 04.03 04.48 03.48 02.97 02.98 03.97 11.78 18.37 32.11 33.30 27.30 77.95 68.54
-1.00 -1.00 -1.00 -1.00 -1.00 -1.00 -1.00 -1.00 -1.00 -1.00 -1.00 -1.00 00.82 02.26 01.63 01.03 01.63 04.88 04.73 02.83 13.25 13.72 13.89 14.25 15.85 15.77 16.07 16.23 16.56 17.23 17.80 18.88 22.89 15.54 28.63 10.97 17.55 01.77 18.79 16.83 11.18 17.52 10.89 05.43 05.44 05.25 03.50 05.33 13.45 13.06 12.89 12.75 67.05 71.43 68.49 65.41 62.58 59.44 54.77 50.54 44.03 31.99 20.89 12.36 04.19 07.36 07.68 07.19 07.55 04.15 39.55 46.84 77.04 106.56 104.98 102.19 98.15
-1.00 -1.00 -1.00 -1.00 -1.00 -1.00 -1.00 -1.00 -1.00 -1.00 -1.00 -1.00 02.35 02.22 02.28 01.08 08.02 05.94 04.51 02.63 13.00 13.25 13.48 13.89 14.09 15.28 15.46 15.78 16.08 16.24 16.49 16.76 18.12 18.56 19.26 21.29 17.10 08.18 11.02 08.24 15.80 07.27 05.51 05.59 05.63 05.40 05.33 05.21 06.95 13.17 13.08 12.83 12.79 12.73 12.69 46.02 57.46 51.57 44.44 38.20 33.16 15.78 05.97 05.95 07.89 07.79 07.60 07.43 07.31 05.60 95.67 97.68 96.69 108.14 106.20 103.26 98.49
-1.00 -1.00 -1.00 -1.00 -1.00 -1.00 -1.00 -1.00 -1.00 -1.00 -1.00 -1.00 03.42 03.79 02.99 02.61 11.13 08.72 07.32 02.50 02.90 12.98 13.26 13.44 13.81 15.04 15.22 15.36 15.59 15.78 15.38 15.84 15.95 15.95 16.42 19.64 18.73 19.81 13.01 12.93 14.38 07.91 05.43 05.29 05.21 05.34 05.28 05.30 05.26 06.34 13.40 12.98 12.92 12.87 12.85 12.88 12.98 13.16 13.35 13.83 14.08 14.15 11.33 06.51 07.37 07.63 07.41 07.35 12.49 81.63 89.39 96.11 100.10 101.87 102.35 101.24 97.38
-1.00 -1.00 -1.00 -1.00 -1.00 -1.00 00.36 02.82 02.38 00.97 -1.00 01.18 05.34 07.64 05.67 03.07 02.99 11.19 10.66 11.03 02.53 10.49 12.90 13.17 13.58 14.83 15.00 15.20 15.20 15.58 14.51 14.68 14.97 14.61 14.88 17.78 17.76 17.46 16.45 08.54 05.17 05.44 05.59 05.39 05.19 04.93 04.99 05.19 05.32 05.25 12.53 13.58 13.35 13.03 13.02 13.03 13.06 13.10 13.56 14.74 12.41 12.28 20.14 19.12 29.46 85.25 89.27 88.65 87.25 86.24 85.44 84.97 83.85 84.61 88.02 90.10 88.25
-1.00 -1.00 -1.00 -1.00 -1.00 -1.00 02.78 03.01 02.58 02.44 02.33 02.21 06.72 07.73 07.46 04.82 02.86 07.44 09.93 05.65 05.54 02.60 10.56 13.04 13.26 13.51 14.80 15.00 14.97 15.35 14.97 13.84 14.19 14.05 14.10 14.22 16.24 17.45 14.95 09.39 05.60 05.65 05.61 05.43 05.16 04.88 05.01 05.03 05.20 05.31 05.43 05.53 05.28 04.22 06.31 13.19 13.24 13.29 13.53 13.81 21.17 21.45 25.14 33.72 76.16 98.60 97.10 95.49 94.00 92.95 93.33 90.37 88.40 87.37 87.42 87.40 86.06
-1.00 -1.00 -1.00 -1.00 -1.00 -1.00 00.59 03.26 02.89 02.70 02.61 02.37 02.18 07.16 07.56 06.49 00.88 03.77 06.89 07.64 04.83 03.76 04.77 12.80 13.03 13.27 14.61 14.77 14.96 14.70 15.40 14.63 13.43 13.46 13.60 13.70 14.16 14.75 16.04 09.02 06.06 04.58 04.35 04.11 04.04 04.86 04.93 04.92 05.24 05.26 05.44 05.61 05.56 06.27 10.29 12.71 13.63 13.59 13.63 14.58 19.72 17.74 20.97 28.58 108.58 106.87 105.10 103.43 101.53 105.09 104.06 102.60 100.20 97.64 94.90 92.33 91.35
-1.00 -1.00 -1.00 -1.00 -1.00 -1.00 -1.00 03.43 03.15 03.17 02.76 02.44 02.18 07.39 07.41 03.31 01.03 02.96 04.53 10.37 02.68 09.07 11.02 12.59 12.82 13.03 13.21 14.61 14.84 14.90 14.89 15.47 14.38 13.18 13.28 13.42 13.56 14.15 14.85 08.71 05.52 05.08 04.34 04.31 03.61 03.71 04.85 04.83 04.80 04.91 05.06 05.53 05.86 05.45 12.14 18.11 18.84 19.00 18.18 17.27 16.59 15.60 16.14 118.32 117.61 116.75 116.02 115.61 116.67 116.92 117.41 116.61 115.43 113.96 112.78 112.66 109.28
