data/trial5/ashley.hpa
NCOLS 382
NROWS 266
XLLCORNER 157819.328125
YLLCORNER 384678.625000
CELLSIZE 30.000000
NODATA_VALUE -1
[rows 208 to 233 of 266, columns 300 to 359 of 382]
00098.430 00098.695 00098.954 00099.701 00100.108 00100.590 00100.962 00100.934 00100.741 00100.613 00100.504 00100.337 00100.153 00099.308 00099.738 00098.506 00099.076 00098.740 00099.333 00098.972 00099.388 00099.248 00099.147 00098.884 00098.804 00098.733 00098.598 00098.491 00098.418 00098.433 00098.212 00098.197 00097.867 00097.372 00097.207 00097.273 00097.250 00097.055 00096.255 00096.114 00096.920 00097.545 00097.529 00097.139 00096.771 00096.877 00096.104 00095.234 00094.970 00093.913 00093.171 00092.770 00092.380 00092.553 00093.258 00092.223 00091.192 00090.673 00090.548 00090.589
00098.711 00098.997 00099.663 00100.079 00100.509 00100.883 00100.863 00100.737 00100.596 00100.477 00100.312 00100.177 00100.143 00099.619 00099.571 00098.788 00098.944 00097.786 00099.409 00099.175 00098.930 00098.697 00098.799 00098.770 00098.449 00098.380 00098.309 00098.342 00098.409 00097.941 00098.115 00098.012 00097.628 00097.141 00096.724 00097.246 00097.133 00096.609 00096.166 00095.855 00096.148 00096.847 00096.408 00096.405 00096.615 00095.848 00095.070 00094.514 00094.131 00093.517 00092.889 00092.481 00092.006 00092.485 00092.270 00091.437 00090.718 00090.493 00090.445 00233.187
00099.643 00099.453 00100.208 00100.620 00100.737 00100.714 00100.703 00100.574 00100.442 00100.258 00100.145 00100.048 00099.910 00099.563 00099.410 00099.247 00098.148 00098.053 00097.552 00097.388 00098.897 00098.742 00098.240 00098.082 00098.189 00098.235 00098.302 00098.278 00097.980 00097.857 00097.949 00097.859 00097.235 00096.944 00096.610 00097.277 00097.069 00096.364 00095.883 00095.634 00096.067 00096.425 00096.383 00096.348 00095.858 00095.139 00094.511 00093.979 00093.478 00092.975 00092.603 00092.081 00091.890 00091.571 00091.513 00090.793 00090.618 00090.363 00479.787 00478.542
00099.738 00100.064 00100.816 00100.642 00100.568 00100.517 00100.507 00100.377 00100.252 00100.132 00099.947 00099.866 00099.748 00099.540 00099.252 00098.927 00098.563 00098.002 00097.300 00097.703 00097.426 00097.714 00097.896 00097.956 00098.007 00098.135 00098.151 00098.124 00098.016 00097.897 00097.779 00097.319 00096.876 00096.853 00096.767 00096.855 00096.686 00096.099 00095.515 00095.389 00096.146 00096.126 00096.108 00095.824 00095.158 00094.480 00093.861 00093.341 00092.842 00092.507 00091.983 00091.563 00091.312 00091.198 00090.967 00090.693 00090.762 00122.791 00479.725 00478.575
00100.181 00100.235 00100.508 00100.373 00100.378 00100.327 00100.288 00100.160 00099.912 00099.773 00099.612 00099.543 00099.458 00099.328 00099.126 00098.674 00098.075 00097.925 00097.718 00097.996 00097.789 00097.502 00097.743 00097.862 00097.920 00097.959 00097.906 00097.949 00097.833 00097.561 00097.306 00097.115 00096.996 00096.595 00097.087 00096.912 00095.334 00095.265 00095.535 00095.207 00095.722 00095.531 00095.211 00094.922 00094.289 00093.750 00093.050 00097.488 00098.587 00091.760 00091.499 00091.123 00090.980 00090.744 00090.801 00091.098 00090.989 00289.132 00185.825 00479.017
00100.659 00100.177 00099.769 00100.203 00100.219 00100.137 00099.973 00099.764 00099.650 00099.572 00099.488 00099.379 00099.287 00099.185 00099.033 00098.910 00098.875 00098.861 00098.449 00097.710 00097.577 00097.373 00097.576 00097.577 00097.573 00097.869 00097.873 00097.546 00097.072 00097.085 00096.927 00096.810 00096.855 00096.949 00096.024 00095.509 00095.421 00095.690 00095.325 00094.580 00094.633 00094.633 00094.439 00094.058 00093.691 00093.123 00263.422 00118.263 00091.620 00091.308 00091.085 00090.878 00091.099 00091.068 00090.979 00090.924 00090.853 00090.781 00163.361 00167.060
00100.029 00100.257 00100.092 00099.968 00100.070 00099.795 00099.746 00099.729 00099.606 00099.478 00099.363 00099.216 00099.084 00098.946 00098.820 00098.737 00098.680 00098.474 00098.194 00097.973 00097.811 00097.679 00097.837 00097.740 00097.490 00097.665 00097.304 00097.113 00096.799 00096.761 00096.794 00096.749 00096.783 00096.903 00096.672 00096.416 00094.744 00094.837 00095.410 00094.661 00094.027 00093.752 00093.570 00093.113 00092.764 00486.683 00483.052 00260.307 00113.235 00091.234 00091.181 00091.120 00090.980 00090.903 00090.843 00090.798 00090.779 00090.632 00090.579 00090.468
00100.026 00099.849 00099.795 00099.721 00099.808 00099.730 00099.621 00099.504 00099.408 00099.246 00099.119 00098.979 00098.809 00098.686 00098.631 00098.539 00098.464 00098.209 00097.929 00097.660 00097.734 00097.572 00097.410 00097.563 00097.557 00096.878 00095.887 00095.880 00096.150 00096.245 00096.518 00096.606 00096.778 00096.733 00096.334 00096.101 00094.566 00094.881 00094.546 00094.249 00093.665 00092.816 00094.861 00487.066 00483.727 00480.773 00213.166 00233.006 00100.433 00090.970 00091.101 00090.994 00090.782 00090.709 00090.653 00090.622 00090.620 00090.522 00090.427 00090.316
00099.691 00099.558 00099.514 00099.451 00099.549 00099.483 00099.375 00099.267 00099.161 00098.958 00098.857 00098.735 00098.586 00098.486 00098.402 00098.325 00098.180 00097.940 00098.093 00097.941 00097.449 00097.344 00097.321 00097.318 00096.371 00096.180 00096.620 00096.032 00095.784 00096.227 00096.551 00096.444 00096.460 00096.553 00096.453 00095.087 00094.154 00094.190 00093.874 00093.482 00092.751 00486.813 00483.215 00480.489 00481.437 00480.503 00261.626 00090.464 00090.446 00090.515 00090.626 00090.712 00090.610 00090.507 00090.417 00090.358 00090.319 00090.302 00090.195 00090.109
00099.449 00099.313 00099.473 00099.386 00099.215 00099.206 00099.117 00099.015 00098.835 00098.705 00098.596 00098.462 00098.375 00098.295 00098.203 00098.106 00098.011 00097.958 00097.839 00097.660 00097.488 00097.340 00097.048 00096.863 00096.782 00096.499 00096.311 00096.256 00096.092 00095.904 00095.994 00096.140 00096.256 00096.189 00095.250 00094.190 00093.761 00093.039 00092.717 00252.444 00484.238 00482.762 00481.566 00480.153 00461.389 00370.498 00210.143 00121.387 00090.149 00090.233 00090.273 00090.237 00090.272 00090.232 00090.187 00090.133 00090.044 00090.025 00089.951 00089.856
00099.250 00099.210 00099.042 00098.983 00099.014 00098.892 00098.788 00098.749 00098.580 00098.442 00098.355 00098.290 00098.245 00098.131 00098.017 00097.932 00097.808 00097.700 00097.613 00097.523 00097.441 00097.362 00097.190 00096.702 00096.110 00096.284 00096.125 00095.828 00095.844 00095.717 00095.843 00095.757 00095.315 00094.866 00155.316 00093.474 00240.613 00485.845 00485.632 00484.872 00482.322 00480.959 00090.655 00101.366 00290.764 00235.879 00112.950 00101.142 00090.915 00089.725 00089.880 00089.964 00089.947 00089.935 00089.876 00089.804 00089.743 00089.685 00089.636 00089.590
00098.886 00098.837 00098.804 00098.660 00098.562 00098.566 00098.464 00098.480 00098.400 00098.317 00098.229 00098.137 00098.021 00097.912 00097.797 00097.684 00097.585 00097.503 00097.435 00097.329 00097.257 00097.057 00096.209 00095.747 00095.664 00095.893 00095.992 00096.126 00095.798 00095.047 00094.914 00094.818 00162.187 00492.119 00488.728 00485.719 00483.515 00481.218 00480.962 00480.081 00174.416 00101.667 00090.628 00090.566 00104.687 00090.198 00090.030 00089.904 00089.740 00089.707 00089.685 00089.545 00089.509 00089.538 00089.568 00089.541 00089.487 00089.448 00089.399 00089.337
00098.690 00098.625 00098.555 00098.460 00098.343 00098.303 00098.293 00098.130 00098.056 00097.940 00097.834 00097.717 00097.657 00097.645 00097.537 00097.445 00097.370 00097.266 00096.962 00096.866 00096.742 00096.010 00095.697 00095.404 00095.448 00095.596 00095.991 00095.911 00095.467 00094.770 00094.264 00093.168 00490.854 00485.895 00482.472 00481.686 00479.901 00479.635 00478.991 00203.397 00090.198 00090.189 00090.188 00090.090 00090.011 00089.855 00089.782 00089.740 00089.645 00089.554 00089.506 00089.333 00089.306 00089.167 00089.134 00089.113 00089.057 00089.003 00088.937 00088.844
00098.414 00098.299 00098.229 00098.158 00098.260 00098.087 00097.922 00097.754 00097.695 00097.720 00097.525 00097.485 00097.403 00097.228 00097.271 00097.200 00097.112 00096.963 00096.829 00096.546 00096.668 00096.453 00095.876 00095.353 00094.519 -0001.000 00094.690 00094.545 -0001.000 -0001.000 -0001.000 00479.462 00481.723 00483.043 00482.098 00480.865 00478.724 00477.058 00089.729 00100.850 00089.915 00089.874 00089.820 00089.920 00089.744 00089.623 00089.531 00089.451 00089.363 00089.295 00089.308 00089.156 00088.953 00088.740 00088.546 00088.349 00088.389 00088.366 00088.275 00088.212
00098.057 00097.962 00097.985 00097.934 00097.816 00097.691 00097.451 00097.500 00097.511 00097.474 00097.316 00097.116 00096.990 00096.957 00096.788 00096.729 00096.607 00096.413 00096.181 00096.224 00096.145 00095.791 00095.483 00094.976 -0001.000 -0001.000 -0001.000 -0001.000 -0001.000 -0001.000 -0001.000 -0001.000 -0001.000 00476.061 00478.473 00479.881 00089.868 -0001.000 00089.134 00089.353 00089.617 00089.639 00089.537 00089.479 00089.484 00089.383 00089.296 00089.206 00089.062 00088.991 00088.887 00088.838 00088.653 00088.405 00088.180 00087.997 00087.793 00087.716 00087.669 00087.571
00097.745 00097.756 00097.706 00097.658 00097.477 00097.359 00097.273 00097.186 00097.158 00096.924 00096.743 00096.769 00096.677 00096.553 00096.458 00096.280 00096.174 00095.942 00095.798 00095.851 00095.541 00094.927 00094.468 00093.082 -0001.000 -0001.000 -0001.000 -0001.000 -0001.000 -0001.000 -0001.000 -0001.000 -0001.000 -0001.000 -0001.000 -0001.000 -0001.000 -0001.000 -0001.000 -0001.000 -0001.000 -0001.000 00088.502 00088.604 00088.663 00088.993 00088.852 00088.698 00088.596 00088.503 00088.378 00088.220 00088.096 00087.856 00087.655 00087.440 00087.220 00087.035 00086.924 00086.901
00097.398 00097.407 00097.357 00097.158 00097.032 00096.980 00096.932 00096.827 00096.767 00096.797 00096.664 00096.426 00096.252 00096.238 00096.134 00095.924 00095.710 00095.606 00095.409 00094.964 00094.547 00093.925 00093.389 -0001.000 -0001.000 -0001.000 -0001.000 -0001.000 -0001.000 -0001.000 -0001.000 -0001.000 -0001.000 -0001.000 -0001.000 -0001.000 -0001.000 -0001.000 -0001.000 -0001.000 -0001.000 -0001.000 -0001.000 -0001.000 00087.874 00088.132 00088.341 00088.180 00088.086 00088.013 00088.002 00087.858 00087.613 00087.354 00087.108 00086.916 00086.689 00086.492 00086.262 00086.013
00097.095 00097.001 00096.917 00096.814 00096.754 00096.633 00096.515 00096.495 00096.427 00096.415 00096.424 00096.302 00095.984 00095.693 00095.579 00095.481 00095.205 00094.870 00094.413 00094.004 00093.721 00093.301 00092.728 -0001.000 -0001.000 -0001.000 -0001.000 -0001.000 -0001.000 -0001.000 -0001.000 -0001.000 -0001.000 -0001.000 -0001.000 -0001.000 -0001.000 -0001.000 -0001.000 -0001.000 -0001.000 -0001.000 -0001.000 -0001.000 -0001.000 00086.190 00087.380 00087.453 00087.317 00087.262 00087.321 00087.237 00087.016 00086.827 00086.622 00086.337 00086.047 00085.813 00085.594 00085.354
00096.746 00096.667 00096.633 00096.653 00096.596 00096.423 00096.205 00096.052 00096.062 00096.112 00095.911 00095.969 00095.987 00095.417 00094.716 00094.517 00094.227 00093.954 00093.665 00093.447 00093.114 00092.774 -0001.000 -0001.000 -0001.000 -0001.000 -0001.000 -0001.000 -0001.000 -0001.000 -0001.000 -0001.000 -0001.000 -0001.000 -0001.000 -0001.000 -0001.000 -0001.000 -0001.000 -0001.000 -0001.000 -0001.000 -0001.000 -0001.000 -0001.000 -0001.000 00085.784 00086.484 00086.564 00086.458 00086.446 00086.453 00086.313 00085.965 00085.729 00085.587 00085.418 00085.182 00084.942 00084.553
00096.492 00096.329 00096.201 00096.160 00096.078 00096.002 00095.808 00095.757 00095.768 00095.587 00095.284 00095.091 00094.814 00094.516 00094.083 00093.736 00093.423 00093.213 00093.080 00092.875 00092.687 00091.877 -0001.000 -0001.000 -0001.000 -0001.000 -0001.000 -0001.000 -0001.000 -0001.000 -0001.000 -0001.000 -0001.000 -0001.000 -0001.000 -0001.000 -0001.000 -0001.000 -0001.000 -0001.000 -0001.000 -0001.000 -0001.000 -0001.000 -0001.000 -0001.000 -0001.000 00085.243 00085.630 00085.637 00085.621 00085.585 00085.332 -0001.000 00082.641 00083.833 00083.675 00083.514 00082.774 00081.961
00096.158 00096.004 00095.964 00095.977 00095.870 00095.684 00095.273 00094.854 00094.632 00094.374 00094.202 00094.004 00093.836 00093.643 00093.433 00093.113 00092.800 00092.579 00092.480 00092.246 00092.062 00091.847 00091.463 -0001.000 -0001.000 -0001.000 -0001.000 -0001.000 -0001.000 -0001.000 -0001.000 -0001.000 -0001.000 -0001.000 -0001.000 -0001.000 -0001.000 -0001.000 -0001.000 -0001.000 -0001.000 -0001.000 -0001.000 -0001.000 -0001.000 -0001.000 -0001.000 -0001.000 -0001.000 -0001.000 -0001.000 -0001.000 -0001.000 -0001.000 00074.860 00079.453 00080.076 00079.923 00079.912 00187.793
00096.063 00095.908 00095.774 00095.399 00095.013 00094.590 00094.280 00094.024 00093.735 00093.528 00093.274 00093.091 00092.910 00092.710 00092.628 00092.567 00092.354 00092.205 00092.060 00091.925 00091.701 00091.480 00091.367 00091.136 -0001.000 -0001.000 -0001.000 -0001.000 -0001.000 -0001.000 -0001.000 -0001.000 -0001.000 -0001.000 -0001.000 -0001.000 -0001.000 -0001.000 -0001.000 -0001.000 -0001.000 -0001.000 -0001.000 -0001.000 -0001.000 -0001.000 -0001.000 -0001.000 -0001.000 -0001.000 -0001.000 -0001.000 -0001.000 -0001.000 00066.145 00074.214 00075.992 00075.939 00075.685 00121.467
00095.456 00095.167 00094.916 00094.475 00094.064 00093.666 00093.371 00093.141 00092.917 00092.810 00092.538 00092.356 00092.192 00092.053 00091.963 00091.927 00091.853 00091.667 00091.561 00091.484 00091.416 00091.335 00091.248 00091.140 00090.974 -0001.000 -0001.000 -0001.000 -0001.000 -0001.000 -0001.000 -0001.000 -0001.000 -0001.000 -0001.000 -0001.000 -0001.000 -0001.000 -0001.000 -0001.000 -0001.000 -0001.000 -0001.000 -0001.000 -0001.000 -0001.000 -0001.000 -0001.000 -0001.000 -0001.000 -0001.000 -0001.000 -0001.000 -0001.000 00060.344 00067.020 00067.360 00067.656 00129.344 00429.510
00094.661 00094.288 00094.001 00093.681 00093.347 00092.987 00092.754 00092.515 00092.414 00092.227 00092.128 00091.988 00091.682 00091.557 00091.523 00091.511 00091.435 00091.384 00091.366 00091.328 00091.287 00091.244 00091.152 00090.965 00090.778 -0001.000 -0001.000 -0001.000 -0001.000 -0001.000 -0001.000 -0001.000 -0001.000 -0001.000 -0001.000 -0001.000 -0001.000 -0001.000 -0001.000 -0001.000 -0001.000 -0001.000 -0001.000 -0001.000 -0001.000 -0001.000 -0001.000 -0001.000 -0001.000 -0001.000 -0001.000 -0001.000 -0001.000 -0001.000 00047.535 00054.578 00056.134 00191.869 00420.361 00404.273
00093.836 00093.569 00093.236 00092.906 00092.727 00092.520 00092.289 00092.085 00091.996 00091.842 00091.626 00091.520 00091.444 00091.431 00091.331 00091.306 00091.175 00091.083 00091.083 00091.084 00091.077 00090.979 00090.879 00090.754 -0001.000 -0001.000 -0001.000 -0001.000 -0001.000 -0001.000 -0001.000 -0001.000 -0001.000 -0001.000 -0001.000 -0001.000 -0001.000 -0001.000 -0001.000 -0001.000 -0001.000 -0001.000 -0001.000 -0001.000 -0001.000 -0001.000 -0001.000 -0001.000 -0001.000 -0001.000 -0001.000 -0001.000 -0001.000 -0001.000 00086.023 00035.985 00043.044 00103.560 00080.934 00105.632
00093.001 00092.802 00092.618 00092.398 00092.225 00092.030 00091.933 00091.777 00091.614 00091.580 00091.449 00091.430 00091.356 00091.255 00091.301 00091.231 00091.033 00091.017 00090.878 00090.874 00090.828 00090.800 00090.678 00090.511 -0001.000 -0001.000 -0001.000 -0001.000 -0001.000 -0001.000 -0001.000 -0001.000 -0001.000 -0001.000 -0001.000 -0001.000 -0001.000 -0001.000 -0001.000 -0001.000 -0001.000 -0001.000 -0001.000 -0001.000 -0001.000 -0001.000 -0001.000 -0001.000 -0001.000 -0001.000 -0001.000 -0001.000 -0001.000 00091.939 00089.210 00085.935 00084.461 00082.509 00085.288 00088.532
