data/trial5/ashley.toa
NCOLS 382
NROWS 266
XLLCORNER 157819.328125
YLLCORNER 384678.625000
CELLSIZE 30.000000
NODATA_VALUE -1
[rows 234 to 259 of 266, columns 240 to 299 of 382]
00016.709 00016.654 00016.603 00016.553 00016.509 00016.473 00016.438 00016.404 00016.374 00016.348 00016.330 00016.325 00016.322 00016.321 00016.330 00016.354 00016.378 00016.407 00016.444 00016.483 00016.527 00016.571 00016.616 00016.683 00016.756 00016.829 00016.902 00016.975 00017.039 00017.081 00017.117 00017.152 00017.161 00017.176 00017.220 00017.317 00017.339 00017.073 00016.553 00016.210 00016.129 00016.135 00016.145 00016.162 00016.190 00016.224 00016.263 00016.307 00016.353 00016.400 00016.476 00016.513 00016.521 00016.535 00016.551 00016.586 00016.621 00016.656 00016.693 00016.730
00016.943 00016.886 00016.834 00016.783 00016.737 00016.701 00016.663 00016.628 00016.596 00016.570 00016.547 00016.542 00016.536 00016.536 00016.536 00016.555 00016.579 00016.604 00016.636 00016.673 00016.712 00016.758 00016.804 00016.851 00016.905 00016.978 00017.037 00017.079 00017.115 00017.149 00017.184 00017.218 00017.252 00017.288 00017.326 00017.365 00017.413 00017.090 00016.729 00016.419 00016.361 00016.356 00016.350 00016.364 00016.381 00016.414 00016.449 00016.488 00016.533 00016.580 00016.632 00016.684 00016.741 00016.751 00016.764 00016.785 00016.821 00016.858 00016.895 00016.933
00017.140 00017.097 00017.058 00017.015 00016.967 00016.930 00016.893 00016.855 00016.823 00016.796 00016.772 00016.762 00016.756 00016.754 00016.754 00016.759 00016.783 00016.808 00016.833 00016.868 00016.906 00016.946 00016.992 00017.031 00017.064 00017.094 00017.123 00017.151 00017.185 00017.219 00017.252 00017.286 00017.320 00017.353 00017.388 00017.433 00017.404 00017.106 00016.824 00016.637 00016.604 00016.576 00016.569 00016.570 00016.587 00016.606 00016.642 00016.678 00016.717 00016.762 00016.809 00016.865 00016.922 00016.976 00016.986 00017.000 00017.021 00017.048 00017.073 00017.101
00017.307 00017.261 00017.225 00017.189 00017.152 00017.124 00017.097 00017.071 00017.047 00017.023 00017.002 00016.986 00016.980 00016.975 00016.976 00016.976 00016.991 00017.013 00017.034 00017.053 00017.074 00017.098 00017.120 00017.144 00017.169 00017.194 00017.221 00017.248 00017.275 00017.303 00017.330 00017.359 00017.389 00017.423 00017.458 00017.499 00017.393 00017.125 00017.009 00016.916 00016.850 00016.808 00016.791 00016.784 00016.797 00016.815 00016.838 00016.874 00016.911 00016.951 00016.996 00017.035 00017.069 00017.102 00017.134 00017.151 00017.161 00017.171 00017.209 00017.273
00017.475 00017.428 00017.388 00017.351 00017.315 00017.282 00017.256 00017.231 00017.208 00017.187 00017.169 00017.155 00017.147 00017.143 00017.141 00017.142 00017.142 00017.150 00017.164 00017.179 00017.194 00017.210 00017.230 00017.251 00017.273 00017.295 00017.320 00017.345 00017.370 00017.397 00017.424 00017.452 00017.480 00017.510 00017.541 00017.574 00017.448 00017.312 00017.212 00017.135 00017.068 00017.038 00017.014 00017.008 00017.008 00017.023 00017.038 00017.055 00017.079 00017.101 00017.123 00017.148 00017.174 00017.199 00017.224 00017.254 00017.288 00017.310 00017.333 00017.368
00017.644 00017.597 00017.552 00017.515 00017.479 00017.442 00017.414 00017.388 00017.364 00017.341 00017.321 00017.305 00017.291 00017.285 00017.281 00017.279 00017.280 00017.281 00017.286 00017.299 00017.313 00017.328 00017.344 00017.359 00017.381 00017.402 00017.424 00017.445 00017.471 00017.496 00017.521 00017.547 00017.575 00017.604 00017.632 00017.670 00017.641 00017.504 00017.396 00017.306 00017.244 00017.204 00017.178 00017.166 00017.163 00017.161 00017.173 00017.185 00017.198 00017.217 00017.239 00017.262 00017.287 00017.311 00017.334 00017.356 00017.376 00017.401 00017.437 00017.472
00017.815 00017.767 00017.719 00017.681 00017.644 00017.607 00017.574 00017.547 00017.522 00017.497 00017.476 00017.457 00017.442 00017.427 00017.423 00017.420 00017.417 00017.418 00017.420 00017.422 00017.436 00017.449 00017.463 00017.479 00017.494 00017.512 00017.533 00017.555 00017.577 00017.599 00017.623 00017.649 00017.675 00017.701 00017.729 00017.764 00017.804 00017.673 00017.570 00017.478 00017.417 00017.364 00017.337 00017.311 00017.304 00017.301 00017.298 00017.310 00017.323 00017.336 00017.349 00017.374 00017.401 00017.428 00017.450 00017.470 00017.489 00017.510 00017.532 00017.555
00017.988 00017.940 00017.891 00017.849 00017.811 00017.774 00017.737 00017.708 00017.682 00017.657 00017.633 00017.612 00017.595 00017.580 00017.567 00017.563 00017.559 00017.557 00017.558 00017.560 00017.562 00017.573 00017.586 00017.600 00017.615 00017.631 00017.647 00017.666 00017.687 00017.709 00017.731 00017.754 00017.778 00017.805 00017.831 00017.859 00017.890 00017.850 00017.747 00017.651 00017.591 00017.530 00017.498 00017.470 00017.447 00017.444 00017.440 00017.438 00017.446 00017.456 00017.469 00017.485 00017.503 00017.532 00017.560 00017.588 00017.605 00017.623 00017.644 00017.666
00018.192 00018.135 00018.077 00018.022 00017.981 00017.943 00017.906 00017.872 00017.844 00017.818 00017.793 00017.771 00017.750 00017.734 00017.719 00017.708 00017.704 00017.700 00017.698 00017.699 00017.701 00017.704 00017.711 00017.725 00017.738 00017.752 00017.768 00017.784 00017.801 00017.821 00017.843 00017.865 00017.888 00017.911 00017.935 00017.962 00017.988 00018.040 00017.926 00017.826 00017.766 00017.705 00017.661 00017.630 00017.603 00017.586 00017.581 00017.577 00017.572 00017.578 00017.588 00017.600 00017.620 00017.641 00017.663 00017.689 00017.716 00017.744 00017.760 00017.784
00018.402 00018.344 00018.285 00018.227 00018.180 00018.135 00018.090 00018.046 00018.011 00017.981 00017.956 00017.931 00017.910 00017.889 00017.874 00017.860 00017.850 00017.846 00017.842 00017.840 00017.841 00017.843 00017.846 00017.851 00017.865 00017.878 00017.892 00017.907 00017.923 00017.940 00017.956 00017.978 00018.001 00018.030 00018.060 00018.090 00018.123 00018.170 00018.128 00018.005 00017.942 00017.882 00017.827 00017.795 00017.765 00017.738 00017.726 00017.719 00017.713 00017.708 00017.713 00017.725 00017.737 00017.754 00017.775 00017.797 00017.818 00017.844 00017.872 00017.899
00018.617 00018.557 00018.497 00018.438 00018.387 00018.341 00018.295 00018.250 00018.210 00018.177 00018.144 00018.114 00018.086 00018.060 00018.038 00018.020 00018.002 00017.994 00017.990 00017.986 00017.984 00017.985 00017.987 00017.990 00017.993 00018.007 00018.024 00018.042 00018.059 00018.081 00018.102 00018.124 00018.150 00018.179 00018.208 00018.238 00018.269 00018.302 00018.355 00018.215 00018.141 00018.069 00017.999 00017.962 00017.930 00017.902 00017.876 00017.868 00017.859 00017.854 00017.849 00017.853 00017.865 00017.877 00017.889 00017.910 00017.932 00017.954 00017.977 00018.000
00018.836 00018.774 00018.714 00018.654 00018.598 00018.551 00018.504 00018.458 00018.413 00018.379 00018.345 00018.313 00018.283 00018.257 00018.231 00018.212 00018.194 00018.176 00018.171 00018.165 00018.161 00018.159 00018.160 00018.163 00018.167 00018.172 00018.188 00018.205 00018.223 00018.240 00018.262 00018.284 00018.305 00018.328 00018.358 00018.388 00018.418 00018.452 00018.487 00018.429 00018.353 00018.279 00018.209 00018.156 00018.117 00018.081 00018.049 00018.025 00018.014 00018.003 00017.998 00017.993 00017.995 00018.008 00018.023 00018.040 00018.060 00018.089 00018.118 00018.145
00019.097 00018.997 00018.935 00018.873 00018.813 00018.765 00018.717 00018.670 00018.623 00018.585 00018.550 00018.517 00018.485 00018.457 00018.430 00018.407 00018.389 00018.370 00018.357 00018.352 00018.346 00018.341 00018.341 00018.343 00018.346 00018.350 00018.355 00018.372 00018.389 00018.407 00018.425 00018.446 00018.469 00018.491 00018.513 00018.541 00018.571 00018.601 00018.634 00018.650 00018.569 00018.492 00018.421 00018.361 00018.319 00018.279 00018.247 00018.216 00018.202 00018.191 00018.181 00018.175 00018.170 00018.175 00018.190 00018.205 00018.222 00018.240 00018.269 00018.298
00019.472 00019.365 00019.260 00019.158 00019.057 00018.984 00018.934 00018.886 00018.838 00018.795 00018.760 00018.724 00018.692 00018.661 00018.634 00018.607 00018.587 00018.568 00018.550 00018.541 00018.535 00018.530 00018.525 00018.527 00018.528 00018.532 00018.536 00018.542 00018.559 00018.576 00018.595 00018.613 00018.634 00018.657 00018.679 00018.701 00018.727 00018.758 00018.789 00018.821 00018.792 00018.710 00018.638 00018.569 00018.527 00018.485 00018.449 00018.417 00018.390 00018.379 00018.368 00018.361 00018.357 00018.352 00018.361 00018.375 00018.390 00018.409 00018.429 00018.456
00019.873 00019.759 00019.646 00019.537 00019.430 00019.340 00019.257 00019.175 00019.095 00019.017 00018.974 00018.938 00018.903 00018.871 00018.842 00018.814 00018.790 00018.770 00018.751 00018.734 00018.728 00018.722 00018.717 00018.714 00018.715 00018.716 00018.721 00018.726 00018.732 00018.750 00018.768 00018.787 00018.806 00018.826 00018.848 00018.870 00018.893 00018.916 00018.949 00018.983 00019.031 00018.933 00018.860 00018.787 00018.739 00018.696 00018.656 00018.622 00018.588 00018.571 00018.560 00018.548 00018.544 00018.541 00018.539 00018.551 00018.565 00018.581 00018.603 00018.625
00020.252 00020.153 00020.054 00019.944 00019.828 00019.731 00019.641 00019.554 00019.469 00019.386 00019.320 00019.258 00019.198 00019.142 00019.089 00019.042 00018.997 00018.977 00018.957 00018.938 00018.925 00018.919 00018.913 00018.908 00018.906 00018.907 00018.909 00018.915 00018.920 00018.927 00018.945 00018.964 00018.982 00019.002 00019.037 00019.076 00019.116 00019.158 00019.200 00019.266 00019.334 00019.255 00019.137 00019.020 00018.957 00018.912 00018.868 00018.832 00018.797 00018.768 00018.756 00018.745 00018.736 00018.733 00018.733 00018.736 00018.751 00018.766 00018.782 00018.801
00020.635 00020.522 00020.414 00020.312 00020.213 00020.130 00020.049 00019.960 00019.868 00019.779 00019.705 00019.639 00019.573 00019.514 00019.456 00019.406 00019.357 00019.316 00019.281 00019.248 00019.216 00019.205 00019.193 00019.184 00019.176 00019.176 00019.178 00019.186 00019.197 00019.206 00019.223 00019.256 00019.289 00019.324 00019.360 00019.398 00019.441 00019.484 00019.528 00019.576 00019.650 00019.644 00019.516 00019.391 00019.293 00019.215 00019.145 00019.080 00019.021 00018.978 00018.958 00018.944 00018.934 00018.929 00018.931 00018.936 00018.942 00018.955 00018.968 00018.982
00021.104 00020.954 00020.825 00020.705 00020.591 00020.500 00020.413 00020.329 00020.249 00020.171 00020.105 00020.043 00019.977 00019.912 00019.848 00019.794 00019.742 00019.694 00019.656 00019.621 00019.586 00019.566 00019.554 00019.542 00019.533 00019.529 00019.532 00019.535 00019.548 00019.558 00019.566 00019.594 00019.629 00019.665 00019.704 00019.745 00019.790 00019.837 00019.885 00019.934 00019.992 00020.058 00019.925 00019.788 00019.679 00019.594 00019.525 00019.460 00019.399 00019.340 00019.296 00019.274 00019.255 00019.239 00019.242 00019.246 00019.250 00019.259 00019.284 00019.308
00021.813 00021.559 00021.371 00021.198 00021.049 00020.935 00020.829 00020.730 00020.638 00020.548 00020.476 00020.410 00020.346 00020.290 00020.234 00020.183 00020.135 00020.090 00020.054 00020.018 00019.983 00019.952 00019.939 00019.925 00019.915 00019.906 00019.908 00019.912 00019.920 00019.933 00019.943 00019.954 00019.992 00020.028 00020.066 00020.110 00020.154 00020.199 00020.245 00020.291 00020.339 00020.417 00020.294 00020.177 00020.085 00020.003 00019.931 00019.866 00019.803 00019.754 00019.709 00019.682 00019.656 00019.634 00019.623 00019.620 00019.620 00019.623 00019.641 00019.666
00032.631 00032.415 00032.172 00021.965 00021.715 00021.523 00021.374 00021.233 00021.113 00020.993 00020.909 00020.829 00020.754 00020.691 00020.630 00020.573 00020.518 00020.465 00020.424 00020.385 00020.351 00020.320 00020.307 00020.295 00020.285 00020.276 00020.275 00020.278 00020.283 00020.295 00020.306 00020.317 00020.348 00020.387 00020.427 00020.476 00020.529 00020.580 00020.628 00020.680 00020.736 00020.793 00020.683 00020.548 00020.457 00020.373 00020.323 00020.276 00020.222 00020.181 00020.153 00020.114 00020.077 00020.043 00020.015 00020.014 00020.013 00020.014 00020.018 00020.043
00033.159 00033.072 00032.960 00032.755 00032.549 00032.365 00032.166 00022.041 00021.811 00021.616 00021.478 00021.364 00021.253 00021.181 00021.109 00021.039 00020.971 00020.908 00020.851 00020.801 00020.760 00020.722 00020.707 00020.692 00020.680 00020.670 00020.666 00020.669 00020.673 00020.686 00020.701 00020.716 00020.744 00020.792 00020.842 00020.900 00020.971 00021.038 00021.089 00021.145 00021.208 00021.274 00021.178 00021.006 00020.915 00020.819 00020.782 00020.746 00020.678 00020.625 00020.586 00020.531 00020.475 00020.432 00020.392 00020.393 00020.395 00020.393 00020.391 00020.413
00033.407 00033.337 00033.268 00033.199 00033.126 00033.048 00032.950 00032.783 00032.612 00032.443 00032.286 00032.121 00022.105 00021.887 00021.772 00021.659 00021.554 00021.473 00021.395 00021.318 00021.261 00021.214 00021.191 00021.173 00021.158 00021.145 00021.136 00021.139 00021.143 00021.155 00021.172 00021.193 00021.214 00021.267 00021.333 00021.399 00021.483 00021.572 00021.665 00021.745 00021.844 00021.950 00021.969 00021.636 00021.515 00021.416 00021.370 00021.352 00021.237 00021.150 00021.081 00021.007 00020.935 00020.881 00020.831 00020.826 00020.824 00020.821 00020.818 00020.835
00033.652 00033.573 00033.506 00033.440 00033.377 00033.312 00033.259 00033.205 00033.148 00033.073 00033.004 00032.876 00032.743 00032.644 00032.577 00032.497 00032.391 00032.289 00032.169 00032.048 00022.060 00021.930 00021.874 00021.846 00021.818 00021.797 00021.777 00021.777 00021.782 00021.793 00021.819 00021.792 00021.750 00021.773 00021.874 00022.127 00032.220 00032.337 00032.432 00032.503 00032.582 00032.701 00032.836 00032.577 00032.415 00032.311 00032.208 00032.114 00022.093 00021.844 00021.729 00021.610 00021.508 00021.435 00021.371 00021.345 00021.340 00021.335 00021.330 00021.336
00033.907 00033.818 00033.741 00033.672 00033.614 00033.554 00033.497 00033.443 00033.389 00033.330 00033.272 00033.225 00033.181 00033.139 00033.122 00033.104 00033.065 00033.022 00032.953 00032.856 00032.766 00032.687 00032.613 00032.589 00032.566 00032.550 00032.541 00032.539 00032.552 00032.566 00032.622 00032.240 00023.312 00022.485 00023.147 00032.077 00032.551 00033.005 00033.055 00033.077 00033.108 00033.149 00033.188 00033.186 00033.095 00033.041 00032.978 00032.890 00032.771 00032.612 00032.519 00032.421 00032.312 00032.205 00032.115 00032.045 00032.036 00032.026 00032.019 00032.012
00034.365 00034.170 00034.025 00033.933 00033.851 00033.795 00033.737 00033.680 00033.623 00033.567 00033.512 00033.457 00033.411 00033.369 00033.346 00033.338 00033.325 00033.288 00033.253 00033.218 00033.185 00033.159 00033.131 00033.120 00033.123 00033.127 00033.126 00033.126 00033.132 00033.139 00033.156 00032.995 00032.289 00024.444 00023.854 00032.366 00032.812 00033.076 00033.199 00033.305 00033.314 00033.337 00033.369 00033.407 00033.339 00033.299 00033.259 00033.225 00033.196 00033.142 00033.094 00033.057 00033.013 00032.933 00032.869 00032.804 00032.800 00032.801 00032.792 00032.781
00034.929 00034.731 00034.575 00034.428 00034.283 00034.133 00033.992 00033.945 00033.898 00033.841 00033.782 00033.723 00033.645 00033.597 00033.558 00033.552 00033.546 00033.522 00033.484 00033.447 00033.412 00033.385 00033.376 00033.364 00033.382 00033.400 00033.413 00033.411 00033.410 00033.416 00033.422 00033.366 00033.067 00032.834 00032.487 00032.681 00033.053 00033.197 00033.309 00033.404 00033.486 00033.523 00033.544 00033.578 00033.618 00033.523 00033.484 00033.447 00033.417 00033.377 00033.330 00033.300 00033.270 00033.237 00033.212 00033.192 00033.181 00033.185 00033.191 00033.308
