data/trial5/ashley.fml
NCOLS 382
NROWS 266
XLLCORNER 157819.328125
YLLCORNER 384678.625000
CELLSIZE 30.000000
NODATA_VALUE -1
[rows 102 to 135 of 266, columns 154 to 230 of 382]
01.39 01.38 01.51 01.70 01.78 01.83 01.88 01.98 01.68 01.55 01.53 00.77 01.58 01.98 02.01 02.02 01.83 02.41 02.57 02.52 02.58 02.37 02.50 02.63 02.74 02.54 02.53 02.75 02.99 03.05 03.05 03.02 03.10 03.30 02.85 02.62 02.91 03.01 03.09 03.27 03.82 02.47 03.13 03.85 04.88 04.59 03.87 03.86 03.66 03.63 03.53 03.78 03.74 03.71 03.66 03.61 03.60 03.74 04.25 04.51 03.13 03.45 04.51 04.67 04.65 04.84 05.08 05.34 05.41 04.45 03.34 02.99 02.92 00.41 00.42 00.46 -1.00
01.37 01.51 01.63 01.72 01.81 01.84 01.90 01.97 01.79 01.84 01.38 01.01 01.58 02.07 02.07 02.10 02.16 02.23 02.49 02.51 02.27 02.42 02.66 02.81 02.95 02.60 02.57 02.65 02.91 03.29 02.96 03.07 03.30 02.94 02.97 03.21 02.93 03.01 03.03 03.37 03.45 02.45 03.10 03.71 04.58 04.35 03.94 03.88 03.69 03.48 03.41 03.33 03.58 03.58 03.60 03.52 03.56 03.89 04.13 04.06 03.23 03.80 05.11 04.67 04.56 04.67 04.90 05.12 04.68 04.18 03.39 02.96 02.82 00.42 00.41 00.47 00.41
01.48 01.56 01.65 01.74 01.80 01.88 01.92 01.78 01.58 01.61 01.16 01.00 01.58 02.47 02.83 03.06 02.98 02.37 02.43 02.19 02.27 02.53 03.05 03.19 03.03 03.05 03.07 03.01 03.19 03.40 03.04 03.23 03.51 03.14 03.04 03.25 02.93 03.03 02.99 03.26 03.54 02.61 03.01 03.56 04.27 04.11 03.90 03.74 03.57 03.42 03.37 03.25 03.15 03.48 03.52 03.48 03.57 03.70 03.79 03.49 03.26 04.60 05.47 04.75 04.73 04.48 04.88 04.60 04.30 03.74 03.26 03.29 03.11 00.42 00.38 00.47 -1.00
01.50 01.54 01.63 01.72 01.80 01.81 01.79 01.67 01.28 01.27 00.96 01.21 01.50 02.58 02.91 03.22 02.99 02.59 02.03 02.18 02.37 02.81 03.13 03.32 03.01 03.04 03.08 03.14 03.26 03.43 03.05 03.25 03.76 03.21 02.93 02.93 03.00 02.97 03.23 03.26 03.23 03.35 02.85 03.54 04.24 04.18 03.82 03.70 03.52 03.35 03.37 03.29 03.13 03.34 03.49 03.58 03.63 03.65 03.78 04.02 03.70 05.43 05.58 05.17 04.46 04.24 04.37 04.13 03.90 03.43 03.52 02.99 03.11 00.41 00.40 00.44 -1.00
01.49 01.56 01.51 01.59 01.66 01.67 01.73 01.79 01.30 00.87 00.61 01.27 01.62 02.42 02.71 03.05 03.03 03.01 01.95 02.18 02.54 02.93 03.43 03.16 03.06 03.05 03.11 03.11 03.07 03.03 03.09 03.52 03.70 03.00 03.09 02.84 02.95 03.05 03.42 03.40 03.18 03.20 02.82 03.24 04.26 04.98 04.37 04.28 03.63 03.31 03.38 03.37 03.17 03.06 03.60 03.76 03.78 03.77 03.73 03.53 04.18 05.08 04.73 04.82 04.20 04.04 03.85 03.75 03.51 03.54 03.26 02.77 02.93 00.35 00.41 00.41 -1.00
01.49 01.47 01.51 01.56 01.61 01.65 01.68 01.53 01.33 00.84 01.00 01.36 01.98 02.12 02.39 02.66 02.71 02.78 01.86 02.23 02.46 02.96 03.09 03.08 03.03 03.00 03.01 02.91 02.99 03.05 03.27 03.62 03.34 03.03 02.96 02.88 02.94 03.08 03.61 03.75 03.57 03.42 02.83 03.73 04.54 05.10 04.78 04.49 04.14 03.74 03.32 03.41 03.18 03.09 03.45 03.64 03.64 03.66 03.70 03.45 03.69 03.86 04.02 03.96 03.85 03.55 03.50 03.49 03.20 02.95 02.97 02.67 00.39 00.39 00.46 -1.00 -1.00
01.43 01.44 01.42 01.51 01.61 01.61 01.60 01.61 01.62 00.81 00.94 01.28 01.80 01.61 01.88 01.59 01.81 01.92 01.89 02.17 02.16 02.71 02.90 02.95 03.05 03.17 03.28 03.24 03.20 03.10 03.24 03.60 04.10 02.94 02.91 02.89 02.91 03.21 03.56 03.74 04.02 03.90 03.13 03.59 04.57 05.72 05.37 04.92 04.56 03.99 03.63 03.29 03.11 03.17 03.33 03.26 03.22 03.30 03.23 03.11 03.03 03.00 02.95 03.23 03.29 03.51 03.41 03.31 03.22 02.93 02.82 02.68 00.39 00.42 00.47 00.49 -1.00
01.40 01.38 01.06 01.03 01.04 01.04 01.07 01.09 01.13 00.83 00.93 02.02 01.72 01.42 01.65 01.51 01.69 01.83 02.03 01.93 02.08 02.18 02.81 02.74 02.85 03.09 03.20 03.32 03.25 03.24 03.48 03.72 02.95 02.97 03.09 03.11 03.07 03.33 03.45 04.08 04.56 03.91 03.36 04.04 04.96 04.96 05.00 05.02 04.89 04.17 03.82 03.24 03.11 03.25 03.29 03.25 03.19 03.15 02.86 02.92 02.92 02.89 02.78 02.72 02.90 03.26 03.27 03.19 03.20 02.84 02.74 02.63 00.74 00.35 00.42 00.48 -1.00
01.38 01.33 00.92 00.78 00.69 00.61 00.55 00.46 00.89 00.78 01.19 02.08 02.20 01.27 01.48 01.31 01.59 01.70 01.94 01.89 02.01 02.13 02.19 02.54 02.77 03.02 03.37 03.46 03.41 03.42 03.58 03.65 02.93 03.16 03.25 03.31 03.36 03.34 03.70 04.22 04.63 03.88 03.58 04.11 04.82 04.88 04.91 05.04 05.01 04.42 03.91 03.70 03.22 03.25 03.23 03.17 03.13 03.00 02.81 02.86 02.87 02.84 02.78 02.71 02.62 03.14 03.17 03.14 03.09 02.74 02.66 02.60 01.27 01.57 00.33 00.43 00.44
01.37 00.92 00.54 02.33 02.37 02.60 02.79 01.65 00.95 01.29 01.83 02.20 02.70 02.88 01.48 01.33 01.44 01.76 01.85 01.80 01.95 02.08 02.13 02.24 02.50 02.42 03.39 03.77 03.56 03.61 03.69 03.35 02.98 03.26 03.46 03.14 03.28 03.27 03.68 04.80 04.74 04.43 03.59 04.17 04.52 04.57 04.57 04.66 04.69 04.29 03.94 03.73 03.70 03.18 03.09 03.07 03.05 02.86 02.74 02.84 03.36 03.19 02.79 02.71 02.58 02.51 03.05 03.01 02.97 03.02 02.63 02.58 02.15 01.80 00.36 00.46 -1.00
01.31 00.84 01.70 02.23 02.32 02.70 02.78 02.27 01.66 01.14 01.88 02.31 02.72 02.80 02.90 01.56 01.51 01.70 01.72 01.73 01.87 01.99 02.09 02.13 02.25 02.41 02.99 03.67 04.14 04.06 04.11 03.34 03.12 03.30 03.75 03.48 03.43 03.15 03.56 04.83 04.44 04.32 03.73 03.99 04.46 04.43 05.22 04.94 04.45 04.34 03.80 03.69 03.62 03.58 03.56 03.54 03.50 03.18 03.18 03.29 03.31 03.34 03.37 02.97 02.56 02.45 02.81 02.88 02.95 03.07 02.61 02.53 01.56 00.33 00.40 00.48 -1.00
00.95 00.43 01.78 02.10 02.19 02.79 02.93 02.60 01.73 02.09 02.27 02.60 02.41 02.67 02.79 02.78 02.71 01.42 01.77 01.66 01.77 01.94 02.03 02.10 02.26 02.21 02.87 03.04 04.03 04.12 04.30 03.56 03.43 03.38 03.74 03.40 03.47 03.62 03.93 04.96 04.74 04.54 03.84 04.02 04.39 04.75 05.51 05.83 05.55 05.33 04.64 03.62 03.55 03.47 03.49 03.53 03.44 03.04 03.08 03.20 03.60 04.37 03.19 03.23 02.56 02.36 02.28 02.89 03.02 03.08 01.85 02.44 00.34 00.34 00.47 00.49 -1.00
00.89 00.58 01.72 01.92 02.14 02.80 02.84 02.56 01.55 02.15 02.57 02.68 02.79 02.81 02.83 02.70 02.80 01.55 01.81 01.64 01.68 01.86 01.99 02.09 02.20 02.25 02.55 02.83 03.07 03.14 03.88 03.68 03.50 03.25 03.28 03.40 03.65 03.71 03.63 04.62 04.42 04.52 03.88 04.16 04.32 05.13 05.54 05.45 04.47 05.19 05.29 05.33 05.33 05.32 05.33 05.19 05.03 03.81 04.18 06.20 04.04 04.71 03.87 03.15 02.96 02.27 02.25 02.93 02.96 02.93 00.99 00.34 00.34 00.44 00.53 -1.00 -1.00
00.88 00.96 01.69 01.90 02.11 02.86 02.91 02.65 02.28 02.45 02.61 02.71 02.72 02.24 02.27 02.37 02.45 02.21 01.78 01.62 01.63 01.78 01.91 02.07 02.16 02.41 02.43 02.66 02.83 02.81 02.78 02.99 03.14 02.84 03.14 03.45 03.46 03.34 03.42 03.49 03.43 04.05 03.85 04.12 04.63 05.25 05.50 06.18 06.51 05.35 05.16 05.30 05.40 05.04 04.99 04.82 03.96 03.65 05.83 05.33 04.46 04.00 03.44 02.95 02.69 02.21 02.25 02.96 02.68 02.33 00.33 00.37 00.46 00.54 00.55 -1.00 -1.00
00.87 00.89 01.67 01.88 02.15 02.78 02.88 02.73 02.50 02.49 02.33 02.15 02.28 02.33 02.36 02.51 02.60 02.61 02.64 01.78 01.68 01.79 01.84 02.02 02.11 02.41 02.43 02.55 02.62 02.67 02.73 02.84 02.73 02.64 03.10 03.27 03.21 03.14 03.22 03.42 03.45 03.43 03.66 04.16 04.64 05.24 05.88 06.65 06.24 05.91 05.27 05.15 04.92 04.44 04.23 04.69 04.13 05.53 05.71 04.27 03.67 03.21 02.89 02.48 02.41 02.15 02.32 01.33 00.35 00.33 00.42 00.49 00.55 00.58 -1.00 -1.00 -1.00
00.44 01.76 01.69 01.85 02.12 02.55 02.78 02.87 02.72 02.43 02.02 02.17 02.29 02.46 02.80 03.09 03.10 03.07 03.15 02.77 01.79 01.79 01.94 01.96 02.07 02.34 02.44 02.51 02.57 02.63 02.71 02.80 02.81 02.59 02.95 03.12 03.11 03.10 03.14 03.18 03.25 03.39 03.72 04.18 04.74 05.38 06.19 06.34 05.92 05.52 05.11 04.66 04.18 04.14 03.87 04.41 04.92 05.66 04.35 03.46 02.85 02.67 02.63 02.32 02.20 02.10 01.32 00.35 00.38 00.45 00.52 00.61 00.58 -1.00 -1.00 -1.00 -1.00
01.03 01.81 01.81 01.82 01.98 02.32 02.59 02.59 02.75 01.90 01.78 02.08 02.39 02.45 02.71 02.78 03.07 03.04 03.20 03.36 03.39 01.79 01.96 01.92 02.04 02.25 02.42 02.48 02.55 02.64 02.70 02.77 02.89 02.63 02.86 02.91 02.94 03.04 03.10 03.17 03.27 03.37 03.76 04.20 04.68 05.68 06.36 05.93 05.52 05.08 04.43 04.02 03.87 03.68 03.76 04.39 05.23 04.54 03.45 03.19 02.86 02.53 02.32 01.91 01.93 01.89 00.43 00.36 00.45 00.58 00.59 00.58 -1.00 -1.00 -1.00 -1.00 -1.00
01.81 01.86 01.92 01.79 01.93 02.22 02.42 01.64 01.87 01.66 01.74 02.18 02.29 02.30 02.52 02.60 02.70 02.98 03.37 03.48 03.38 02.72 01.81 01.98 02.00 02.17 02.35 02.45 02.54 02.65 02.69 02.78 02.88 02.97 02.81 02.86 02.91 02.99 03.05 03.19 03.30 03.45 03.82 04.27 05.00 06.08 05.91 05.49 05.07 04.45 03.87 03.67 03.54 03.38 03.82 04.52 04.86 03.90 03.17 03.35 02.97 02.83 03.03 02.06 00.48 00.34 00.39 00.44 00.58 00.59 -1.00 -1.00 -1.00 -1.00 -1.00 -1.00 -1.00
01.83 01.91 02.17 01.81 01.90 02.12 02.07 01.57 01.61 01.66 01.94 02.12 02.19 02.24 02.37 02.49 02.73 02.94 03.11 03.49 03.47 03.47 01.83 01.95 02.00 02.06 02.29 02.40 02.53 02.63 02.69 02.79 02.96 03.55 02.76 02.82 02.87 02.96 03.06 03.18 03.26 03.43 03.83 04.23 05.32 05.59 05.42 05.02 04.32 03.74 03.50 03.39 03.25 03.28 03.87 04.73 05.87 03.83 03.54 03.11 04.03 03.31 03.11 02.57 00.57 00.36 00.45 00.58 00.61 00.58 -1.00 -1.00 -1.00 -1.00 -1.00 -1.00 -1.00
01.84 01.98 02.17 01.82 01.85 02.02 01.42 01.53 01.59 01.67 02.03 02.09 02.15 02.18 02.28 02.45 02.60 02.92 03.16 03.45 03.54 03.52 03.00 01.81 01.99 01.98 02.19 02.35 02.47 02.58 02.70 02.80 03.43 03.51 02.71 02.78 02.84 02.94 03.03 03.15 03.22 03.38 03.78 04.24 04.99 04.82 04.86 04.05 03.58 03.27 03.19 03.10 02.70 03.27 04.00 05.21 05.52 03.77 03.94 04.22 04.23 04.05 03.58 03.27 00.62 00.40 00.41 00.52 00.51 -1.00 -1.00 -1.00 -1.00 -1.00 -1.00 -1.00 -1.00
01.84 02.01 02.16 02.23 01.78 01.92 01.41 01.51 01.60 01.77 02.03 02.08 02.12 02.17 02.29 02.43 02.63 02.80 03.06 03.66 03.62 03.55 03.50 03.24 01.96 01.97 02.07 02.26 02.39 02.53 02.71 02.83 03.44 03.51 02.70 02.76 02.82 02.89 02.98 03.10 03.19 03.32 03.75 04.41 04.61 03.94 04.01 03.35 03.23 02.96 02.91 02.86 02.71 03.34 04.19 05.20 04.85 03.95 04.19 04.15 04.15 04.17 04.14 03.37 00.65 00.45 00.41 00.47 00.54 -1.00 -1.00 -1.00 -1.00 -1.00 -1.00 -1.00 00.38
01.86 02.03 02.17 02.38 02.29 01.86 01.39 01.49 01.61 01.96 02.03 02.08 02.11 02.17 02.28 02.39 02.57 02.73 03.30 03.57 03.95 04.00 03.57 03.54 01.95 02.00 01.97 02.11 02.32 02.48 02.68 03.25 03.43 03.50 03.65 02.79 02.79 02.84 02.92 03.05 03.16 03.39 03.77 04.16 04.46 03.95 03.26 03.45 02.73 02.60 02.55 05.61 02.72 03.29 04.33 04.58 04.34 04.14 04.11 04.11 04.07 04.16 04.30 04.24 00.64 00.48 00.39 00.46 00.57 -1.00 -1.00 -1.00 00.35 00.38 00.37 01.14 01.75
01.87 02.03 02.20 02.39 02.33 01.81 01.37 01.47 01.59 01.93 02.01 02.06 02.11 02.16 02.25 02.39 02.51 02.66 02.96 03.21 03.87 04.17 04.16 03.61 01.95 01.99 01.90 02.00 02.19 02.45 02.63 03.22 03.41 03.59 03.43 02.91 02.76 02.81 02.88 03.01 03.12 03.35 03.76 04.24 04.77 04.25 03.51 03.16 04.33 04.62 05.42 04.13 02.87 03.47 03.88 03.99 04.38 04.38 04.12 04.07 04.03 04.04 04.38 04.28 00.59 00.51 00.44 00.47 00.52 00.56 00.34 00.37 00.32 00.67 01.20 01.65 01.75
01.88 02.04 02.20 02.39 02.38 02.16 01.35 01.45 01.55 01.90 01.97 02.03 02.10 02.15 02.24 02.41 02.49 02.68 02.88 03.31 04.17 04.30 04.33 04.08 03.51 01.95 01.86 01.89 02.07 02.29 02.90 03.25 03.39 03.56 03.40 03.02 02.73 02.78 02.82 02.98 03.09 03.30 03.61 04.15 04.67 04.25 04.31 04.02 04.10 04.23 04.35 02.94 02.97 03.42 04.03 04.25 04.47 04.54 04.59 04.14 03.94 04.02 04.34 03.49 00.66 00.54 00.46 00.49 00.54 00.50 00.31 01.50 01.70 01.78 01.86 01.82 01.71
01.89 02.05 02.21 02.39 02.43 02.31 01.32 01.41 01.50 01.84 01.94 02.01 02.09 02.13 02.28 02.38 02.49 02.65 02.97 03.72 04.27 04.31 04.34 04.12 04.09 01.82 02.00 01.87 01.93 02.07 03.06 03.23 03.39 03.55 03.41 03.18 02.71 02.75 02.78 02.91 03.04 03.20 03.48 03.68 04.43 04.24 04.04 04.09 04.00 04.01 03.65 03.14 03.32 03.68 04.17 04.57 04.75 04.55 04.52 04.21 03.85 03.96 04.25 02.26 00.74 00.60 00.45 00.43 00.32 01.08 01.67 01.71 01.95 01.77 01.78 01.78 01.79
01.88 02.05 02.21 02.39 02.47 02.50 01.36 01.38 01.46 01.78 01.88 01.99 02.05 02.11 02.27 02.36 02.48 02.68 02.99 03.43 04.01 04.24 04.31 04.30 04.17 04.13 02.08 02.06 01.91 02.20 03.02 03.20 03.36 03.58 03.44 03.56 02.69 02.72 02.74 02.84 02.98 03.12 03.39 03.71 04.21 04.54 04.51 04.00 04.00 03.91 03.62 03.22 03.33 03.99 04.39 04.66 04.81 04.88 04.14 04.21 03.77 03.88 04.21 00.71 00.76 00.56 01.20 01.56 01.81 01.89 01.88 01.96 01.97 01.97 01.97 02.28 02.33
01.90 02.04 02.21 02.36 02.45 01.72 01.62 01.32 01.41 01.70 01.80 01.92 02.00 02.12 02.26 02.35 02.48 02.61 02.92 03.18 03.70 04.23 04.27 04.35 04.19 03.73 02.18 02.30 02.29 02.25 02.97 03.15 03.35 03.59 03.52 03.76 02.69 02.68 02.70 02.81 02.91 03.09 03.19 03.70 03.96 04.21 04.80 04.09 04.00 03.98 03.14 03.32 03.48 04.57 05.99 06.09 04.91 04.64 04.05 03.89 03.68 03.74 04.47 00.75 00.81 02.58 02.10 02.32 02.00 02.12 02.35 02.44 02.55 02.40 02.44 02.47 02.00
01.91 02.02 02.18 02.30 01.94 01.72 01.81 02.20 01.39 01.65 01.72 01.83 01.96 02.08 02.20 02.35 02.46 02.69 02.86 03.14 03.76 04.24 04.34 04.17 03.82 03.23 02.26 02.25 02.39 02.61 02.94 03.11 03.39 03.61 03.52 03.75 03.87 02.65 02.65 02.76 02.86 03.01 03.10 03.45 03.89 04.34 04.75 04.67 04.21 03.94 03.05 03.68 04.73 05.66 06.39 07.06 06.57 04.37 04.16 03.64 03.68 04.09 03.25 00.78 00.89 03.88 02.52 02.20 02.21 02.50 02.95 02.97 02.98 03.01 02.89 02.65 02.51
01.92 02.02 02.14 02.19 01.58 01.74 01.95 02.39 02.52 01.51 01.74 01.81 01.88 02.02 02.17 02.35 02.44 02.58 02.78 03.16 04.00 04.31 04.30 02.99 03.33 03.10 02.19 02.23 02.34 02.76 02.89 03.11 03.38 03.61 03.50 03.76 03.74 02.61 02.60 02.69 02.80 02.92 03.00 03.33 03.73 04.17 04.57 04.54 04.23 04.09 03.03 04.16 05.19 06.05 06.79 06.76 06.25 04.00 03.60 03.79 03.97 03.95 04.20 00.75 00.83 03.82 02.21 02.06 02.40 02.77 03.04 03.41 03.41 03.19 03.14 02.90 02.90
01.94 02.05 02.12 01.90 01.59 01.72 02.10 02.36 02.46 02.33 01.56 01.82 01.79 01.87 02.17 02.32 02.40 02.53 02.88 03.53 04.45 04.26 04.18 03.23 03.47 03.75 02.22 02.21 02.39 02.72 02.90 03.12 03.38 03.60 03.46 03.75 03.87 03.03 02.55 02.62 02.75 02.84 02.92 03.25 03.69 04.39 04.65 04.71 04.31 04.02 03.27 04.60 05.59 06.46 06.77 06.20 05.69 03.99 04.13 03.88 03.86 03.85 04.17 00.71 00.76 03.19 02.27 02.35 02.47 02.96 03.21 03.50 03.73 03.67 03.13 02.96 02.90
01.94 02.10 02.10 01.45 01.59 01.73 02.08 02.30 02.43 02.34 02.23 01.95 01.83 01.84 02.21 02.29 02.38 02.51 02.70 03.61 04.11 04.25 03.23 03.36 03.52 03.64 02.08 02.19 02.45 02.71 02.89 03.10 03.39 03.59 03.40 03.73 03.79 03.33 02.49 02.52 02.64 02.77 02.87 03.20 03.55 04.06 05.76 04.64 04.40 02.86 03.71 04.97 06.02 06.73 06.17 05.59 04.78 04.42 04.11 03.77 03.77 03.73 03.91 00.67 00.67 00.53 02.17 02.26 02.26 02.96 03.19 03.55 03.84 04.01 04.24 04.00 03.29
01.94 02.08 02.07 01.46 01.57 01.69 02.02 02.58 02.74 02.37 02.61 02.60 02.61 02.12 02.20 02.26 02.37 02.46 02.98 03.39 03.71 03.45 03.10 03.30 03.49 03.61 03.70 02.17 02.61 02.70 02.86 03.06 03.38 03.58 03.31 03.64 03.62 04.04 03.30 02.41 02.51 02.68 02.85 03.10 03.55 04.66 05.00 04.55 04.55 03.20 04.19 05.44 06.39 06.09 05.62 05.77 06.56 05.50 03.93 03.83 03.58 03.50 02.77 00.63 00.54 00.44 01.91 01.59 01.92 02.96 03.18 03.56 03.83 04.23 04.58 04.33 03.79
01.93 02.06 01.99 01.46 01.55 01.66 02.13 02.39 02.58 02.69 02.56 02.57 02.36 02.24 02.21 02.26 02.33 02.43 02.77 02.79 02.97 03.11 03.16 03.41 03.61 03.65 03.16 02.16 02.58 02.69 02.83 03.04 03.37 03.57 03.40 03.81 03.78 03.93 03.31 02.30 02.38 02.58 02.76 02.98 03.40 03.99 04.32 04.63 04.61 03.61 04.74 05.87 05.89 05.54 05.66 06.14 06.36 05.83 03.82 03.41 03.34 03.40 03.94 00.61 00.52 00.42 00.32 00.95 02.65 02.85 03.44 03.62 04.20 04.75 05.00 05.03 04.06
01.90 02.03 01.72 01.46 01.56 01.69 02.04 02.25 02.34 02.32 02.36 02.49 02.43 02.16 02.21 02.24 02.28 02.60 02.65 02.75 02.72 02.80 02.91 03.09 03.49 03.60 03.68 02.16 02.52 02.66 02.79 03.06 03.37 03.58 03.47 04.50 03.81 03.75 03.08 05.00 02.46 02.59 02.66 02.91 03.36 03.65 03.85 04.15 04.12 04.23 04.67 05.18 05.04 05.68 05.61 06.06 05.31 04.77 03.58 03.42 03.62 03.75 04.03 00.63 00.52 00.42 00.47 00.32 02.59 03.09 03.67 03.83 04.26 04.66 04.86 05.12 03.84
