data/trial5/ashley.toa
NCOLS 382
NROWS 266
XLLCORNER 157819.328125
YLLCORNER 384678.625000
CELLSIZE 30.000000
NODATA_VALUE -1
[rows 156 to 181 of 266, columns 300 to 359 of 382]
00015.581 00015.747 00016.606 00017.233 00017.790 00018.159 00018.500 00018.823 00019.158 00019.524 00020.058 00020.733 00021.420 00022.104 00023.153 00024.370 00032.944 00034.295 00035.369 00036.519 00037.492 00038.382 00039.279 00040.446 00041.650 -0001.000 00042.555 00037.567 00033.735 00021.584 00019.468 00018.497 00017.734 00016.972 00017.029 00017.187 00017.271 00017.668 00018.199 00018.692 00019.208 00019.942 00020.718 00021.646 00022.831 00032.630 00035.836 00040.317 -0001.000 -0001.000 -0001.000 -0001.000 -0001.000 -0001.000 -0001.000 -0001.000 -0001.000 -0001.000 -0001.000 -0001.000
00015.778 00016.884 00017.873 00018.691 00019.223 00019.631 00020.101 00020.641 00021.177 00021.583 00021.968 00022.552 00023.257 00024.050 00032.008 00033.655 00035.031 00036.181 00037.258 00038.276 00039.276 00040.161 00041.000 00041.981 -0001.000 00041.450 00037.288 00023.535 00020.172 00017.659 00017.046 00017.012 00016.878 00016.874 00016.926 00016.971 00017.033 00017.488 00017.965 00018.412 00018.948 00019.641 00020.398 00021.342 00022.412 00032.320 00036.437 00040.408 -0001.000 -0001.000 -0001.000 -0001.000 -0001.000 -0001.000 -0001.000 -0001.000 -0001.000 -0001.000 -0001.000 -0001.000
00017.178 00017.984 00018.856 00019.787 00020.983 00021.730 00022.249 00022.854 00023.511 00024.281 00024.740 00032.268 00033.218 00034.141 00035.102 00036.061 00037.124 00038.177 00039.172 00040.177 00041.133 00042.051 -0001.000 -0001.000 00040.253 00035.790 00024.096 00019.011 00017.053 00016.252 00016.449 00016.518 00016.732 00016.809 00016.855 00016.900 00016.984 00017.334 00017.754 00018.195 00018.755 00019.402 00020.175 00021.073 00022.554 00032.403 00037.350 00041.769 -0001.000 -0001.000 -0001.000 -0001.000 -0001.000 -0001.000 -0001.000 -0001.000 -0001.000 -0001.000 -0001.000 -0001.000
00021.134 00020.285 00020.170 00021.419 00022.599 00023.901 00024.913 00032.915 00033.930 00034.607 00035.070 00035.522 00036.001 00036.671 00037.535 00038.398 00039.251 00040.022 00040.905 00041.928 -0001.000 -0001.000 00042.809 00039.772 00034.663 00021.643 00019.384 00016.632 00016.147 00016.233 00016.375 00016.535 00016.710 00016.752 00016.795 00016.848 00016.939 00017.148 00017.555 00018.027 00018.590 00019.205 00020.049 00021.274 00023.484 00034.842 00039.242 -0001.000 -0001.000 -0001.000 -0001.000 -0001.000 -0001.000 -0001.000 -0001.000 -0001.000 -0001.000 -0001.000 -0001.000 -0001.000
00024.930 00024.130 00023.490 00023.182 00024.575 00033.180 00035.395 00035.908 00036.692 00036.705 00036.737 00037.329 00038.451 00038.609 00039.754 00040.803 00041.365 00042.101 00041.643 00041.038 00040.348 00039.655 00037.703 00034.125 00020.983 00018.007 00016.814 00015.939 00016.039 00016.216 00016.384 00016.550 00016.651 00016.694 00016.738 00016.804 00016.894 00016.993 00017.393 00017.873 00018.432 00019.084 00019.951 00021.669 00032.117 00038.663 00039.874 00041.214 00042.202 -0001.000 -0001.000 -0001.000 -0001.000 -0001.000 -0001.000 -0001.000 -0001.000 -0001.000 -0001.000 -0001.000
00033.798 00032.410 00023.191 00022.502 00021.702 00021.441 00021.724 00022.127 00022.634 00023.073 00023.626 00024.253 00033.054 00035.001 00036.618 00037.947 00038.601 00037.698 00036.849 00036.219 00035.917 00035.048 00024.638 00020.792 00017.826 00016.057 00015.806 00015.883 00016.045 00016.228 00016.407 00016.547 00016.591 00016.634 00016.683 00016.760 00016.846 00016.946 00017.244 00017.721 00018.282 00018.955 00019.850 00022.316 00035.761 00037.252 00038.508 00039.759 00040.767 00041.615 00042.647 -0001.000 -0001.000 -0001.000 -0001.000 -0001.000 -0001.000 -0001.000 -0001.000 -0001.000
00020.027 00019.648 00018.893 00018.307 00017.913 00017.741 00017.547 00017.955 00018.379 00018.593 00018.819 00019.787 00021.021 00022.900 00024.658 00033.048 00024.969 00024.012 00023.159 00023.444 00023.426 00022.582 00019.930 00017.693 00015.935 00015.481 00015.715 00015.872 00016.056 00016.254 00016.410 00016.486 00016.530 00016.573 00016.634 00016.710 00016.796 00016.906 00017.096 00017.576 00018.136 00018.827 00020.289 00033.731 00034.242 00035.821 00037.212 00038.635 00039.693 00040.605 00041.561 00042.611 -0001.000 -0001.000 -0001.000 -0001.000 -0001.000 -0001.000 -0001.000 -0001.000
00016.671 00016.629 00016.304 00016.051 00015.710 00015.353 00015.472 00015.797 00015.956 00016.139 00016.763 00017.480 00018.202 00019.004 00019.789 00019.975 00019.352 00018.880 00018.905 00019.153 00019.610 00018.775 00017.045 00015.704 00015.285 00015.455 00015.676 00015.884 00016.078 00016.252 00016.395 00016.430 00016.473 00016.521 00016.584 00016.659 00016.743 00016.866 00016.987 00017.456 00017.992 00018.845 00022.134 00023.298 00032.727 00034.477 00036.319 00037.733 00038.803 00039.713 00040.668 00041.866 -0001.000 -0001.000 -0001.000 -0001.000 -0001.000 -0001.000 -0001.000 -0001.000
00015.033 00014.872 00014.896 00014.629 00014.276 00014.131 00014.261 00014.389 00014.525 00014.978 00015.495 00015.820 00016.139 00016.517 00016.770 00016.662 00016.479 00016.437 00016.632 00016.860 00017.084 00016.082 00015.012 00014.999 00015.200 00015.448 00015.678 00015.903 00016.069 00016.249 00016.323 00016.380 00016.426 00016.480 00016.541 00016.611 00016.713 00016.828 00016.968 00017.341 00017.706 00018.756 00020.844 00021.286 00023.820 00033.247 00035.596 00036.993 00038.050 00039.098 00040.149 00041.328 00042.689 -0001.000 -0001.000 -0001.000 -0001.000 -0001.000 -0001.000 -0001.000
00013.613 00013.804 00013.824 00013.588 00013.576 00013.651 00013.706 00013.730 00013.794 00014.122 00014.333 00014.504 00014.664 00014.754 00014.830 00014.837 00014.834 00014.972 00015.108 00015.110 00014.915 00014.863 00014.850 00015.012 00015.223 00015.444 00015.681 00015.887 00016.059 00016.210 00016.271 00016.331 00016.385 00016.441 00016.502 00016.579 00016.689 00016.808 00016.952 00017.191 00017.351 00018.054 00019.284 00019.994 00022.134 00032.390 00034.871 00036.413 00037.470 00038.642 00039.701 00040.819 00042.255 -0001.000 -0001.000 -0001.000 -0001.000 -0001.000 -0001.000 -0001.000
00013.509 00013.497 00013.492 00013.492 00013.538 00013.591 00013.644 00013.690 00013.737 00013.792 00013.841 00013.897 00014.025 00014.068 00014.184 00014.255 00014.311 00014.421 00014.465 00014.505 00014.642 00014.715 00014.852 00015.026 00015.227 00015.436 00015.704 00015.864 00016.049 00016.142 00016.215 00016.283 00016.345 00016.401 00016.461 00016.559 00016.670 00016.798 00016.938 00017.113 00017.244 00017.508 00018.038 00018.892 00020.879 00024.374 00034.059 00035.635 00036.860 00038.103 00039.275 00040.399 00041.896 -0001.000 -0001.000 -0001.000 -0001.000 -0001.000 -0001.000 -0001.000
00013.437 00013.424 00013.415 00013.445 00013.499 00013.553 00013.602 00013.651 00013.699 00013.751 00013.810 00013.880 00013.961 00014.093 00014.152 00014.216 00014.287 00014.355 00014.417 00014.501 00014.588 00014.717 00014.872 00015.031 00015.210 00015.444 00015.629 00015.835 00015.997 00016.078 00016.155 00016.233 00016.302 00016.361 00016.440 00016.538 00016.660 00016.789 00016.947 00017.100 00017.260 00017.443 00017.663 00018.032 00020.541 00023.431 00033.081 00034.713 00036.153 00037.511 00038.807 00040.002 00041.519 -0001.000 -0001.000 -0001.000 -0001.000 -0001.000 -0001.000 -0001.000
00013.353 00013.338 00013.352 00013.408 00013.461 00013.512 00013.559 00013.609 00013.667 00013.726 00013.789 00013.875 00014.002 00014.065 00014.125 00014.199 00014.266 00014.336 00014.418 00014.497 00014.615 00014.753 00014.886 00015.019 00015.205 00015.425 00015.585 00015.802 00015.930 00016.013 00016.093 00016.180 00016.258 00016.331 00016.426 00016.535 00016.649 00016.799 00016.960 00017.117 00017.285 00017.491 00017.706 00017.981 00020.296 00022.725 00024.878 00034.011 00035.566 00037.148 00038.598 00039.837 00041.303 -0001.000 -0001.000 -0001.000 -0001.000 -0001.000 -0001.000 -0001.000
00013.247 00013.252 00013.314 00013.371 00013.425 00013.475 00013.530 00013.583 00013.638 00013.698 00013.792 00013.900 00013.964 00014.033 00014.112 00014.184 00014.259 00014.341 00014.427 00014.535 00014.660 00014.777 00014.896 00015.022 00015.218 00015.354 00015.543 00015.737 00015.861 00015.952 00016.035 00016.127 00016.212 00016.325 00016.426 00016.532 00016.666 00016.814 00016.982 00017.149 00017.337 00017.541 00017.777 00018.288 00020.198 00022.386 00024.364 00033.678 00035.310 00036.928 00038.423 00039.680 00041.109 -0001.000 -0001.000 -0001.000 -0001.000 -0001.000 -0001.000 -0001.000
00013.132 00013.210 00013.275 00013.335 00013.394 00013.454 00013.510 00013.561 00013.630 00013.715 00013.793 00013.860 00013.925 00014.020 00014.101 00014.181 00014.265 00014.357 00014.461 00014.577 00014.687 00014.796 00014.910 00015.056 00015.196 00015.294 00015.500 00015.680 00015.797 00015.896 00015.983 00016.073 00016.194 00016.318 00016.430 00016.560 00016.691 00016.837 00017.025 00017.198 00017.398 00017.625 00017.858 00018.685 00020.601 00022.254 00023.904 00033.300 00035.037 00036.757 00037.243 00038.448 00039.820 00041.906 -0001.000 -0001.000 -0001.000 -0001.000 -0001.000 -0001.000
00013.080 00013.166 00013.236 00013.307 00013.373 00013.434 00013.503 00013.574 00013.646 00013.695 00013.754 00013.818 00013.902 00014.011 00014.101 00014.188 00014.283 00014.387 00014.498 00014.605 00014.709 00014.823 00014.951 00015.082 00015.140 00015.256 00015.443 00015.614 00015.739 00015.845 00015.937 00016.032 00016.181 00016.315 00016.454 00016.589 00016.725 00016.891 00017.074 00017.270 00017.488 00017.719 00017.938 00018.962 00020.813 00022.170 00023.528 00023.420 00024.170 00033.634 00035.190 00036.558 00037.900 00040.487 -0001.000 -0001.000 -0001.000 -0001.000 -0001.000 -0001.000
00013.012 00013.122 00013.207 00013.284 00013.360 00013.444 00013.521 00013.601 00013.620 00013.664 00013.715 00013.777 00013.896 00014.010 00014.108 00014.206 00014.311 00014.419 00014.527 00014.630 00014.742 00014.868 00014.990 00015.047 00015.094 00015.223 00015.387 00015.547 00015.680 00015.794 00015.893 00016.020 00016.172 00016.334 00016.482 00016.627 00016.776 00016.957 00017.155 00017.359 00017.543 00017.689 00018.459 00019.708 00020.354 00020.188 00020.020 00020.821 00022.014 00023.610 00032.882 00034.796 00035.654 00038.024 -0001.000 -0001.000 -0001.000 -0001.000 -0001.000 -0001.000
00012.905 00013.077 00013.176 00013.276 00013.374 00013.467 00013.553 00013.572 00013.589 00013.632 00013.679 00013.774 00013.894 00014.015 00014.124 00014.232 00014.341 00014.449 00014.553 00014.670 00014.793 00014.901 00014.970 00015.002 00015.060 00015.191 00015.346 00015.482 00015.618 00015.737 00015.871 00016.012 00016.186 00016.356 00016.521 00016.679 00016.852 00017.052 00017.248 00017.467 00017.412 00017.552 00017.948 00017.827 00017.678 00017.997 00018.582 00019.272 00020.207 00021.551 00022.866 00024.092 00033.480 00036.122 -0001.000 -0001.000 -0001.000 -0001.000 -0001.000 -0001.000
00012.770 00013.020 00013.162 00013.279 00013.393 00013.501 00013.533 00013.510 00013.556 00013.600 00013.662 00013.774 00013.898 00014.030 00014.149 00014.260 00014.369 00014.476 00014.602 00014.740 00014.823 00014.899 00014.930 00014.962 00015.030 00015.143 00015.299 00015.424 00015.558 00015.687 00015.861 00016.014 00016.201 00016.387 00016.570 00016.752 00016.944 00017.156 00017.370 00017.407 00017.232 00016.880 00016.748 00016.611 00016.616 00016.948 00017.449 00017.974 00018.698 00019.173 00020.391 00021.886 00023.830 00023.994 00032.638 -0001.000 -0001.000 -0001.000 -0001.000 -0001.000
00012.559 00012.937 00013.146 00013.284 00013.418 00013.502 00013.418 00013.472 00013.522 00013.570 00013.666 00013.779 00013.916 00014.057 00014.177 00014.289 00014.407 00014.534 00014.660 00014.743 00014.827 00014.861 00014.892 00014.928 00014.999 00015.107 00015.241 00015.367 00015.500 00015.675 00015.852 00016.021 00016.220 00016.428 00016.631 00016.843 00017.070 00017.277 00017.472 00017.249 00016.925 00016.634 00016.495 00016.364 00016.233 00016.227 00016.390 00016.687 00017.064 00017.832 00018.933 00020.503 00019.437 00019.275 00019.192 -0001.000 -0001.000 -0001.000 -0001.000 -0001.000
00012.304 00012.777 00013.124 00013.293 00013.451 00013.356 00013.365 00013.428 00013.484 00013.571 00013.669 00013.805 00013.950 00014.089 00014.206 00014.336 00014.466 00014.572 00014.661 00014.745 00014.783 00014.820 00014.854 00014.903 00014.962 00015.070 00015.182 00015.307 00015.463 00015.663 00015.848 00016.032 00016.243 00016.483 00016.719 00016.966 00017.179 00017.382 00017.446 00017.028 00016.670 00016.392 00016.246 00016.120 00016.034 00015.998 00015.974 00015.950 00016.162 00016.943 00017.892 00017.572 00017.285 00016.888 00016.880 -0001.000 -0001.000 -0001.000 -0001.000 -0001.000
00011.965 00012.604 00013.096 00013.314 00013.278 00013.210 00013.297 00013.374 00013.462 00013.572 00013.695 00013.846 00013.992 00014.128 00014.263 00014.394 00014.485 00014.571 00014.666 00014.700 00014.738 00014.777 00014.820 00014.877 00014.932 00015.024 00015.127 00015.242 00015.453 00015.657 00015.854 00016.052 00016.308 00016.558 00016.827 00017.073 00017.282 00017.473 00017.238 00016.787 00016.416 00016.158 00016.016 00015.896 00015.875 00015.854 00015.817 00015.772 00015.812 00016.189 00016.098 00015.991 00016.065 00015.982 00016.028 00016.136 00016.306 -0001.000 -0001.000 -0001.000
00011.767 00012.383 00013.031 00013.142 00013.050 00013.090 00013.208 00013.315 00013.443 00013.583 00013.738 00013.890 00014.052 00014.189 00014.315 00014.396 00014.482 00014.569 00014.616 00014.653 00014.691 00014.732 00014.789 00014.839 00014.904 00014.980 00015.074 00015.248 00015.454 00015.659 00015.875 00016.120 00016.392 00016.672 00016.947 00017.171 00017.384 00017.556 00017.098 00016.529 00016.160 00015.932 00015.804 00015.744 00015.730 00015.725 00015.643 00015.692 00015.770 00015.794 00015.818 00015.853 00015.904 00015.953 00016.003 00016.116 00016.260 00016.418 00016.509 00016.605
00011.573 00012.157 00012.814 00012.770 00012.791 00012.860 00013.072 00013.248 00013.411 00013.604 00013.783 00013.968 00014.138 00014.220 00014.305 00014.390 00014.480 00014.553 00014.567 00014.602 00014.641 00014.691 00014.746 00014.797 00014.865 00014.939 00015.060 00015.267 00015.468 00015.694 00015.921 00016.201 00016.509 00016.856 00017.195 00017.506 00017.640 00017.769 00017.093 00016.289 00015.905 00015.714 00015.619 00015.605 00015.624 00015.526 00015.575 00015.672 00015.734 00015.767 00015.805 00015.848 00015.897 00015.947 00016.004 00016.111 00016.262 00016.393 00016.496 00016.585
00011.396 00012.005 00012.355 00012.509 00012.592 00012.731 00012.874 00013.145 00013.359 00013.610 00013.842 00014.010 00014.109 00014.202 00014.291 00014.383 00014.498 00014.479 00014.512 00014.548 00014.587 00014.645 00014.684 00014.739 00014.811 00014.897 00015.088 00015.303 00015.534 00015.745 00016.042 00016.438 00016.831 00018.068 00018.207 00017.996 00017.956 00017.851 00017.214 00016.059 00015.625 00015.493 00015.476 00015.474 00015.450 00015.473 00015.576 00015.693 00015.722 00015.757 00015.797 00015.843 00015.890 00015.942 00016.003 00016.107 00016.263 00016.379 00016.485 00016.586
00011.507 00011.957 00012.081 00012.284 00012.465 00012.584 00012.723 00013.082 00013.351 00013.614 00013.759 00013.941 00014.067 00014.172 00014.276 00014.421 00014.386 00014.409 00014.446 00014.485 00014.532 00014.565 00014.608 00014.670 00014.743 00014.908 00015.126 00015.381 00015.658 00015.951 00016.325 00017.803 00021.707 00020.779 00019.342 00018.752 00018.361 00018.628 00019.011 00015.529 00015.372 00015.352 00015.352 00015.388 00015.365 00015.491 00015.654 00015.678 00015.712 00015.750 00015.791 00015.838 00015.887 00015.939 00015.998 00016.118 00016.262 00016.385 00016.491 00016.603
