data/trial5/ashley.ros
NCOLS 382
NROWS 266
XLLCORNER 157819.328125
YLLCORNER 384678.625000
CELLSIZE 30.000000
NODATA_VALUE -1
[rows 102 to 135 of 266, columns 154 to 230 of 382]
07.32 07.34 08.91 11.61 12.91 13.74 14.50 16.30 10.47 02.84 02.03 01.02 02.67 03.81 03.89 03.92 03.22 05.62 06.12 05.92 06.24 05.03 05.57 06.22 06.83 05.77 05.71 06.80 08.11 08.41 08.30 08.09 08.56 09.82 07.10 05.85 07.34 07.86 08.41 09.52 13.17 05.09 08.28 13.13 21.88 19.52 13.67 13.60 12.15 11.93 11.25 13.07 12.80 12.57 12.24 11.87 11.83 12.91 16.97 19.23 08.57 10.50 18.90 20.62 20.60 22.51 24.91 27.66 28.29 18.65 10.14 08.04 07.68 00.30 00.31 00.34 -1.00
07.19 08.93 10.70 11.98 13.49 13.92 14.97 16.14 09.44 02.78 01.76 01.33 02.49 04.01 04.00 04.09 04.33 04.56 05.59 05.74 04.57 05.18 06.28 07.06 07.86 05.96 05.80 06.18 07.57 09.85 07.77 08.32 09.79 07.61 07.71 09.10 07.43 07.85 08.03 10.14 10.63 05.03 08.11 11.95 19.00 17.28 14.19 13.77 12.36 10.90 10.39 09.90 11.57 11.61 11.74 11.25 11.52 14.02 15.86 15.28 09.21 12.95 25.03 20.74 19.74 20.73 23.02 25.15 20.74 16.31 10.48 07.87 07.09 00.32 00.29 00.36 00.28
08.61 09.62 11.05 12.33 13.31 14.63 15.30 13.12 05.44 02.13 01.36 01.21 02.34 05.77 07.67 09.05 08.57 05.13 05.27 04.14 04.46 05.55 08.34 09.19 08.20 08.33 08.48 08.14 09.21 10.50 08.18 09.27 11.07 08.71 08.11 09.35 07.35 07.95 07.78 09.37 11.28 05.77 07.65 10.87 16.26 15.44 13.84 12.67 11.42 10.48 10.13 09.37 08.76 10.93 11.18 10.95 11.56 12.51 13.19 10.97 09.34 19.86 29.11 21.53 21.31 18.93 22.80 20.06 17.36 12.92 09.69 09.91 08.82 00.31 00.26 00.36 -1.00
08.93 09.44 10.71 12.10 13.40 13.54 13.20 11.45 06.51 06.47 01.13 01.50 02.02 06.26 08.03 10.00 08.53 06.19 03.52 04.03 04.76 06.94 08.79 10.00 08.07 08.22 08.47 08.83 09.57 10.72 08.23 09.37 12.76 09.05 07.44 07.42 07.73 07.63 09.14 09.34 09.18 09.98 06.98 10.72 15.91 15.66 13.21 12.32 11.09 09.96 10.11 09.61 08.63 09.95 10.97 11.62 12.01 12.11 13.07 14.96 12.34 28.33 30.23 25.72 18.77 16.85 17.96 15.92 14.10 10.70 11.42 08.06 08.79 00.30 00.28 00.31 -1.00
08.78 09.76 09.17 10.22 11.27 11.56 12.42 13.36 06.83 03.29 00.73 01.58 02.33 07.45 16.95 08.75 08.61 08.51 03.17 03.96 05.51 07.56 10.63 08.92 08.27 08.21 08.56 08.60 08.35 08.15 08.38 11.13 12.32 07.81 08.31 06.91 07.50 08.07 10.30 10.25 08.84 08.99 06.85 09.19 16.19 22.68 17.54 16.74 11.85 09.68 10.13 10.09 08.85 08.18 11.69 12.88 13.05 12.95 12.71 11.24 16.11 24.77 21.24 22.19 16.44 15.12 13.60 12.95 11.23 11.43 09.63 06.85 07.74 00.22 00.28 00.28 -1.00
08.80 08.58 09.27 09.90 10.63 11.37 11.78 09.64 07.14 03.06 01.30 01.87 04.50 09.46 13.97 06.39 06.68 07.04 02.84 04.15 17.74 12.97 08.39 08.39 08.05 07.87 07.96 07.42 07.88 08.23 09.47 11.74 09.85 07.93 07.53 07.08 07.40 08.21 11.63 12.57 11.33 10.39 06.90 12.24 18.59 24.01 21.24 18.53 15.72 12.60 09.77 10.31 08.88 08.35 10.66 11.96 11.95 12.13 12.43 10.67 12.37 13.65 14.90 14.43 13.65 11.39 11.09 11.06 09.17 07.71 07.90 06.30 00.27 00.26 00.34 -1.00 -1.00
08.11 08.28 08.16 09.42 10.94 10.88 10.91 11.10 11.20 02.83 01.27 02.00 13.53 13.18 16.19 10.50 06.79 03.90 02.91 04.97 20.14 08.71 11.40 07.49 08.10 08.83 09.51 09.28 09.10 08.45 09.27 11.61 15.28 07.35 07.18 07.07 07.21 08.94 11.25 12.50 14.62 13.75 08.52 11.47 18.98 30.42 26.64 22.54 19.38 14.51 11.78 09.50 08.41 08.80 09.86 09.41 09.12 09.63 09.22 08.51 08.05 07.86 07.56 09.24 09.63 11.10 10.51 09.84 09.33 07.59 07.06 06.35 00.27 00.32 00.37 00.41 -1.00
07.76 07.67 04.44 04.50 04.66 04.82 05.11 05.43 05.77 02.91 01.71 28.56 19.90 11.50 14.59 10.77 06.45 04.37 03.38 15.78 18.45 20.35 08.75 11.19 06.98 08.32 09.01 09.77 09.36 09.29 10.78 12.46 07.46 07.49 08.12 08.20 08.06 09.63 10.47 15.06 19.19 13.80 09.93 14.86 22.86 23.13 23.59 23.87 22.54 15.96 13.20 09.16 08.44 09.30 09.52 09.29 08.91 08.70 07.04 07.38 07.37 07.18 06.63 06.35 07.30 09.43 09.54 09.07 09.14 07.08 06.61 06.14 00.60 00.22 00.30 00.37 -1.00
07.58 07.20 03.79 02.88 02.39 02.01 01.68 01.33 04.00 03.01 09.15 29.86 25.86 09.19 11.64 08.16 08.16 05.29 04.62 14.95 17.04 19.28 20.11 09.69 13.05 16.87 10.06 10.65 10.35 10.38 11.46 11.93 07.30 08.56 09.05 09.42 09.72 09.80 12.21 16.18 19.82 13.55 11.38 15.41 21.85 22.44 22.63 23.96 23.66 18.04 13.84 12.23 09.02 09.25 09.10 08.75 08.51 07.79 06.73 07.04 07.08 06.92 06.58 06.26 05.85 08.68 08.91 08.74 08.49 06.58 06.23 05.98 01.40 02.20 00.20 00.31 00.34
07.45 03.42 02.14 17.52 06.21 06.44 07.46 02.50 01.96 01.51 23.18 31.49 49.32 35.28 05.54 08.33 08.79 09.55 07.04 13.54 15.97 18.23 19.25 21.23 17.73 25.51 10.85 12.83 11.35 11.66 12.25 09.91 07.67 09.17 10.42 08.38 09.24 30.79 12.02 21.38 20.82 17.97 11.40 15.93 19.03 19.32 19.36 20.21 20.46 16.89 13.99 12.46 12.21 08.76 08.27 08.12 08.04 07.00 06.37 06.89 09.93 08.85 06.63 06.21 05.64 05.34 08.16 08.00 07.82 08.11 06.02 05.82 03.99 02.82 00.23 00.35 -1.00
06.89 03.01 20.06 17.84 32.92 15.16 07.35 04.78 02.56 01.79 24.07 30.61 44.90 26.42 10.71 04.26 03.19 08.82 10.39 12.42 14.45 16.57 18.56 19.30 21.56 21.45 21.18 12.02 15.57 14.93 15.42 09.77 08.41 09.47 12.40 10.46 10.11 26.32 43.93 21.40 17.95 17.00 12.44 14.46 18.44 18.06 122.15 73.11 18.05 17.15 12.89 12.14 11.62 11.37 11.25 11.08 10.85 08.77 08.81 09.45 09.60 09.81 09.99 07.59 05.54 05.05 06.82 07.25 07.68 08.35 05.92 05.59 02.03 00.19 00.27 00.39 -1.00
03.50 01.69 21.63 19.05 31.24 39.97 56.55 06.34 02.68 14.61 10.27 20.10 36.77 15.40 07.26 07.19 06.77 04.52 06.46 11.36 12.83 15.77 17.33 18.58 21.89 20.68 18.97 26.93 14.54 18.90 16.86 11.15 10.30 09.90 12.28 09.95 19.11 11.46 49.28 22.38 20.25 18.42 12.91 14.35 17.61 68.81 149.29 165.64 148.79 25.78 19.44 11.61 11.14 10.62 10.78 11.04 10.43 07.88 08.20 08.90 20.48 69.03 08.82 09.11 05.49 04.66 04.34 07.27 08.02 08.34 02.92 05.13 00.20 00.21 00.37 00.41 -1.00
03.19 02.36 19.78 23.89 28.78 50.15 52.19 06.07 02.11 11.59 06.15 06.64 07.21 07.30 07.34 06.62 07.11 01.93 02.64 11.01 11.53 14.41 16.72 18.59 20.71 21.37 25.14 24.84 24.72 35.52 13.40 11.83 10.71 12.21 15.32 09.99 15.28 18.66 47.92 19.18 17.38 18.25 13.11 77.68 21.48 128.70 149.45 129.06 92.34 79.47 25.44 25.86 25.88 25.70 25.72 24.25 22.82 55.22 79.76 187.93 51.24 103.83 61.41 25.35 07.57 04.25 04.18 07.46 07.67 07.49 00.92 00.20 00.21 00.32 00.49 -1.00 -1.00
03.10 05.93 18.85 22.77 27.47 51.60 38.67 23.13 05.14 05.50 06.19 06.69 06.69 04.34 04.47 04.86 05.21 04.18 02.55 10.68 10.72 13.06 15.28 18.05 19.81 24.82 25.27 30.36 25.87 33.73 06.45 16.66 11.26 32.53 15.11 27.05 21.18 35.21 49.95 43.03 46.85 14.41 12.91 57.60 101.28 134.15 147.91 187.57 207.08 118.52 28.66 69.26 94.73 57.53 35.54 20.83 13.46 59.31 143.86 135.48 91.81 72.86 50.56 27.67 06.12 04.03 04.16 07.63 06.21 04.62 00.19 00.25 00.37 00.49 00.54 -1.00 -1.00
03.12 04.98 18.07 21.85 28.13 47.16 23.55 11.59 05.81 05.63 04.78 03.96 04.48 04.68 04.76 05.44 05.86 05.91 06.04 03.28 07.00 09.66 13.28 17.08 18.90 24.62 25.17 27.75 29.21 30.41 31.68 34.20 31.44 28.67 19.12 23.97 29.37 41.89 43.05 31.45 31.75 50.78 58.60 78.61 100.89 130.72 166.05 211.57 186.85 164.67 84.35 106.22 69.61 89.39 46.04 19.40 31.87 116.11 149.36 82.90 60.15 45.14 36.23 14.04 04.81 03.80 04.46 01.58 00.21 00.19 00.32 00.42 00.52 00.59 -1.00 -1.00 -1.00
01.71 21.18 18.49 20.93 26.94 37.76 17.07 07.67 06.85 05.25 03.44 08.66 04.45 06.72 06.86 08.45 08.54 08.33 08.77 06.65 02.55 04.95 06.24 16.05 17.86 23.03 25.24 26.60 27.93 29.32 31.09 33.28 33.26 27.56 36.39 29.50 32.06 40.94 40.93 42.42 44.65 47.61 60.34 78.67 103.19 133.96 182.63 191.20 164.80 141.64 116.25 99.18 78.08 76.84 60.78 26.30 63.00 144.31 69.73 37.86 34.86 30.30 29.64 11.95 07.66 03.60 01.55 00.21 00.27 00.36 00.46 00.64 00.58 -1.00 -1.00 -1.00 -1.00
06.82 22.22 21.24 19.87 22.81 30.74 13.72 22.80 06.89 03.03 14.33 11.20 15.49 13.07 13.19 06.67 08.28 08.07 09.04 10.07 10.25 02.55 03.08 14.23 17.24 21.22 24.74 25.90 27.37 29.33 30.77 32.52 35.37 28.41 34.18 35.42 36.75 39.17 40.27 42.70 45.60 48.57 61.20 77.88 98.21 151.21 193.87 166.08 141.57 118.28 88.31 71.59 66.25 59.18 57.12 86.49 124.36 54.36 18.45 38.20 16.34 13.73 19.04 06.65 02.98 02.90 00.31 00.23 00.36 00.57 00.60 00.62 -1.00 -1.00 -1.00 -1.00 -1.00
22.63 23.20 23.67 19.12 21.40 27.71 14.61 11.90 02.92 12.42 13.30 21.38 14.19 23.68 14.73 14.16 06.23 07.69 10.08 10.78 10.18 06.38 02.60 03.14 09.70 19.58 23.05 25.14 27.19 29.52 30.47 32.52 34.91 36.93 32.82 34.09 35.84 37.91 39.26 43.00 46.15 51.40 63.22 80.95 114.39 174.74 165.56 140.68 118.08 88.68 65.83 58.89 54.52 49.09 60.47 91.33 88.16 13.04 16.40 19.82 07.36 06.75 07.81 03.40 00.39 00.21 00.27 00.35 00.59 00.60 -1.00 -1.00 -1.00 -1.00 -1.00 -1.00 -1.00
22.72 24.17 30.25 19.41 20.46 24.92 22.74 11.61 11.85 12.25 16.68 20.08 21.31 20.95 24.90 22.79 33.36 15.19 08.40 10.85 10.74 10.72 02.70 03.06 04.35 12.48 21.82 24.09 26.83 28.98 30.27 32.43 36.88 54.64 31.53 33.05 34.84 36.94 39.61 42.85 45.29 50.57 64.19 79.51 130.84 145.38 136.98 115.73 83.41 61.00 52.98 49.46 45.21 46.01 65.88 101.58 161.92 12.62 13.85 08.05 14.22 09.30 08.19 05.58 00.57 00.23 00.35 00.57 00.63 00.59 -1.00 -1.00 -1.00 -1.00 -1.00 -1.00 -1.00
22.70 25.35 29.59 19.77 19.15 22.34 09.67 10.92 11.40 12.21 18.40 19.32 20.34 21.00 22.91 26.57 25.51 38.37 14.12 10.55 11.14 11.02 07.84 02.62 03.15 08.00 19.88 22.98 25.38 27.78 30.31 32.59 50.86 53.45 30.17 32.15 34.09 36.53 38.83 42.01 44.36 49.09 62.21 79.85 105.14 105.55 108.09 72.86 55.72 45.90 43.59 41.00 30.13 45.65 70.62 124.86 127.05 12.23 13.46 15.68 15.72 14.36 11.00 09.06 00.67 00.29 00.31 00.45 00.47 -1.00 -1.00 -1.00 -1.00 -1.00 -1.00 -1.00 -1.00
22.50 25.76 29.06 30.09 17.53 19.74 09.37 10.37 11.34 13.74 18.30 19.13 19.78 20.65 22.97 25.87 30.38 22.65 35.15 26.56 11.63 11.18 10.81 09.26 03.08 03.52 17.63 21.01 23.65 26.59 30.47 33.42 51.10 53.41 30.12 31.63 33.41 35.32 37.56 40.86 43.40 47.28 61.29 87.06 71.62 57.99 39.02 48.28 44.49 37.09 35.58 34.25 30.45 47.67 78.14 124.63 72.57 13.56 15.37 15.11 15.09 15.28 14.96 09.52 00.73 00.37 00.32 00.38 00.49 -1.00 -1.00 -1.00 -1.00 -1.00 -1.00 -1.00 00.23
22.42 25.67 28.87 33.89 30.49 18.52 09.05 10.10 11.31 17.04 18.27 18.97 19.53 20.56 22.83 24.87 29.00 32.86 49.53 21.78 14.04 14.46 11.32 11.17 03.07 03.19 13.47 18.20 22.03 25.41 29.75 45.14 50.63 53.17 57.83 32.19 32.67 34.11 36.36 39.63 42.78 49.40 62.01 76.73 89.18 41.96 36.14 23.86 29.31 27.99 26.60 148.70 22.51 46.35 83.84 73.64 35.71 14.98 14.80 14.72 14.53 15.12 16.14 15.66 00.72 00.42 00.29 00.38 00.54 -1.00 -1.00 -1.00 00.20 00.23 00.22 00.50 01.03
22.29 25.41 29.02 33.63 31.14 17.30 08.70 09.76 10.99 16.50 17.82 18.63 19.35 20.24 22.16 25.03 27.46 31.14 21.01 20.48 13.36 15.76 15.73 11.58 03.08 03.15 05.97 16.11 19.56 24.67 28.71 44.46 50.15 55.83 50.45 35.31 31.85 33.30 35.29 39.05 42.03 48.23 61.48 61.98 48.57 27.45 11.02 08.32 16.50 98.04 138.70 76.70 11.72 32.55 61.38 33.48 16.71 16.77 14.80 14.44 14.08 14.26 16.78 15.95 00.61 00.47 00.36 00.40 00.46 00.54 00.18 00.22 00.18 00.26 00.57 00.99 01.06
22.17 25.26 28.77 33.33 32.29 25.71 08.38 09.33 10.35 15.79 16.89 18.06 19.14 20.15 21.84 25.36 27.24 31.76 36.93 45.16 25.67 16.84 17.17 15.11 10.95 03.05 02.69 14.30 17.23 21.03 35.61 44.94 49.37 54.80 49.53 38.24 31.02 32.45 34.17 38.27 41.08 46.81 56.44 76.59 40.46 15.74 16.29 14.16 14.76 39.88 58.81 07.17 07.29 24.97 13.90 15.63 17.45 18.05 18.43 14.89 13.44 14.07 16.44 10.46 00.78 00.54 00.40 00.45 00.52 00.43 00.17 00.78 00.98 01.09 01.19 01.14 01.01
22.02 25.09 28.50 32.93 33.50 29.50 08.09 08.87 09.69 14.79 16.45 17.59 19.02 19.58 22.66 24.87 27.27 30.91 39.36 64.36 39.87 16.92 17.24 15.42 15.19 02.62 03.19 02.73 14.88 17.09 39.62 44.41 49.17 54.41 49.90 42.80 30.31 31.48 33.01 36.64 39.84 44.57 52.87 59.70 17.18 15.73 14.32 14.70 14.02 14.04 18.60 08.31 09.31 11.57 14.98 18.22 19.90 18.06 17.83 15.34 12.80 13.58 15.68 04.37 00.99 00.68 00.38 00.35 00.18 00.46 00.93 00.96 01.27 01.03 01.06 01.05 01.07
21.73 24.74 28.20 32.50 34.26 34.52 08.70 08.53 09.07 13.71 15.26 17.07 18.13 19.16 22.34 24.24 26.89 31.64 25.08 30.22 15.06 16.31 16.90 16.85 15.80 15.46 03.51 03.41 03.06 07.11 38.33 43.45 48.51 55.30 50.52 54.74 29.72 30.60 31.85 34.72 38.41 42.51 49.99 41.24 45.59 19.68 17.94 14.03 14.04 13.41 11.37 08.73 09.45 13.65 16.67 19.00 20.41 21.10 14.86 15.32 12.21 12.90 15.36 00.85 01.07 00.60 00.74 00.89 01.09 01.19 01.16 01.24 01.26 01.27 01.28 01.77 01.87
21.84 24.33 27.81 31.40 33.24 14.82 12.49 07.74 08.48 12.47 13.92 15.86 17.19 19.42 22.20 23.99 26.99 29.81 36.18 13.73 12.13 16.19 16.59 17.26 15.93 12.39 03.83 04.28 06.69 04.02 37.01 42.14 48.23 55.65 53.38 61.41 29.55 29.79 30.67 33.85 36.75 41.44 44.46 60.77 27.84 15.50 20.63 14.70 14.03 13.90 08.33 09.40 10.36 61.41 173.37 148.43 21.25 18.92 14.16 12.98 11.59 11.93 17.50 00.96 01.23 02.73 01.66 01.82 01.30 01.46 01.78 01.93 02.12 01.88 01.97 02.05 01.31
21.72 23.49 26.79 29.27 19.50 14.27 15.59 23.30 06.97 10.65 12.22 14.26 16.37 18.62 20.85 24.03 26.36 31.95 22.17 34.97 12.48 16.25 17.15 15.73 13.00 09.02 04.12 04.05 04.56 13.57 36.17 41.01 49.24 56.28 53.06 61.17 65.18 28.96 29.64 32.48 35.18 39.29 41.74 52.77 68.25 19.24 20.10 19.49 15.68 13.65 07.80 47.65 103.58 152.92 199.43 247.23 192.73 16.65 15.07 11.28 11.58 14.59 09.09 01.06 01.50 05.65 02.54 01.83 01.57 02.02 06.90 04.24 02.95 03.02 02.80 02.33 02.08
21.75 23.35 25.38 26.04 11.98 14.38 18.24 25.34 18.02 02.81 06.27 07.98 14.91 17.46 20.16 23.89 25.96 29.30 34.33 44.76 21.81 16.79 16.74 07.65 09.64 08.23 03.85 03.93 11.15 31.72 34.80 40.83 48.93 56.24 52.61 61.16 60.50 28.02 28.58 30.93 33.68 36.69 38.93 48.71 62.19 49.09 18.61 18.41 15.89 14.72 24.47 78.43 126.48 176.47 227.45 224.67 189.67 13.85 11.01 12.36 13.66 13.50 15.31 00.97 01.27 11.58 03.06 01.78 03.61 06.52 06.92 10.15 07.64 03.39 03.31 02.81 02.79
21.98 23.84 24.69 18.68 11.99 13.92 20.84 17.80 10.38 04.74 01.92 03.10 13.43 14.68 20.16 23.21 25.02 27.98 36.70 24.52 72.92 16.42 15.75 09.01 10.46 12.40 03.94 03.83 22.72 30.70 35.10 41.12 48.83 55.97 51.19 61.08 65.05 38.80 26.94 29.20 32.25 34.62 36.76 46.37 60.81 84.85 45.13 19.80 16.48 14.10 37.20 97.37 148.75 203.59 225.81 186.61 154.92 13.82 14.84 13.02 12.86 12.75 15.04 00.86 01.06 09.39 03.93 04.59 05.11 07.51 08.93 10.72 12.32 10.38 04.68 03.42 05.34
21.71 24.69 24.02 10.02 11.74 13.76 20.09 11.64 05.48 04.74 04.23 03.12 07.14 10.50 19.36 22.68 24.44 27.35 31.97 39.49 27.48 16.33 08.96 09.72 10.75 11.59 03.44 03.75 23.72 30.16 34.54 40.57 49.06 55.71 49.35 60.12 62.18 47.01 25.27 26.81 29.54 32.68 35.38 44.68 55.93 63.00 160.11 19.15 17.13 06.71 43.47 113.85 174.66 222.81 184.31 148.58 73.38 29.64 14.70 12.17 12.17 11.91 13.10 00.76 00.81 00.51 03.90 04.20 04.21 07.50 08.79 11.03 13.07 14.36 16.14 14.27 08.24
21.56 24.19 22.97 09.97 11.29 12.81 18.47 11.23 06.53 04.79 05.88 05.80 05.86 04.85 20.87 22.05 24.23 26.20 37.89 42.20 50.77 10.36 08.16 09.34 10.52 11.32 11.95 03.67 27.35 29.67 33.59 39.43 48.71 55.14 46.49 57.13 56.43 71.55 46.41 24.03 26.62 30.58 34.81 41.65 55.82 100.99 85.41 18.41 18.37 08.55 73.32 140.38 198.89 179.23 150.75 159.67 210.58 108.99 13.38 12.59 10.93 10.42 06.41 00.68 00.52 00.36 02.99 02.03 03.02 07.43 08.70 11.07 12.95 16.06 19.05 16.93 12.76
21.11 23.42 21.05 09.93 10.88 12.20 20.58 09.99 15.58 06.24 05.63 05.63 04.68 04.13 20.96 21.87 23.34 25.55 24.32 08.15 07.44 08.19 08.44 09.95 11.27 11.51 08.44 03.64 26.49 28.93 32.38 38.72 48.40 54.90 49.18 63.05 61.93 67.55 47.17 21.50 23.70 28.17 32.45 38.29 50.89 63.34 34.40 64.13 18.91 18.75 86.56 157.06 166.63 146.01 152.83 182.70 190.04 160.42 12.58 09.79 09.36 09.74 13.27 00.63 00.48 00.32 00.17 00.75 05.89 06.82 10.27 11.46 15.76 20.60 23.05 23.42 14.78
20.24 22.59 15.13 09.83 10.84 12.67 18.69 22.82 11.18 04.52 04.80 08.30 04.94 19.91 20.96 21.57 22.27 29.50 22.24 32.95 11.95 18.09 20.89 23.72 10.43 11.15 11.67 03.64 25.32 28.23 31.23 38.58 48.23 55.13 51.13 90.39 62.85 60.73 39.51 104.63 15.19 23.85 29.89 36.20 49.44 30.97 12.98 15.30 14.99 27.94 75.37 104.74 118.87 153.94 149.87 171.97 96.99 77.09 10.91 09.88 11.18 12.05 14.00 00.67 00.48 00.32 00.40 00.18 05.58 08.10 11.80 12.92 16.26 19.81 21.70 24.36 13.05
