data/trial5/ashley.hpa
NCOLS 382
NROWS 266
XLLCORNER 157819.328125
YLLCORNER 384678.625000
CELLSIZE 30.000000
NODATA_VALUE -1
[rows 182 to 207 of 266, columns 180 to 239 of 382]
00096.080 00096.378 00096.686 00097.022 00097.342 00097.668 00098.020 00098.370 00098.741 00099.128 00099.535 00099.107 00098.600 00098.429 00097.867 00097.262 00096.435 00096.719 00096.593 00096.480 00096.592 00096.466 00096.362 00096.372 00096.394 00096.298 00096.268 00096.272 00096.386 00096.165 00096.043 00095.972 00096.481 00096.295 00095.752 00095.513 00095.522 00095.603 00095.649 00095.691 00095.630 00095.712 00095.713 00096.654 00096.618 00096.432 00096.137 00095.197 00094.563 00094.167 00094.176 00094.364 00094.173 00093.899 00094.196 00094.543 00094.472 00094.326 00094.292 00094.307
00095.962 00096.251 00096.548 00096.876 00097.208 00097.547 00097.900 00098.263 00098.640 00099.021 00099.420 00099.270 00098.680 00098.544 00098.022 00097.431 00096.815 00096.787 00096.770 00096.641 00096.630 00096.536 00096.411 00096.339 00096.294 00096.308 00096.266 00096.259 00095.991 00095.793 00095.813 00095.725 00095.820 00095.819 00095.471 00095.317 00095.362 00095.528 00095.643 00095.711 00095.616 00095.567 00095.501 00096.021 00096.439 00096.329 00096.259 00095.833 00094.944 00094.323 00094.294 00094.282 00094.192 00093.934 00093.874 00094.271 00094.482 00094.383 00094.309 00094.287
00095.831 00096.102 00096.399 00096.708 00097.050 00097.393 00097.743 00098.113 00098.486 00098.870 00099.272 00099.530 00098.851 00098.744 00098.152 00097.567 00096.990 00096.569 00096.722 00096.609 00096.375 00096.482 00096.372 00096.014 00095.959 00096.256 00096.241 00096.252 00095.876 00095.451 00095.552 00095.561 00095.617 00095.547 00095.479 00095.395 00095.448 00095.585 00095.661 00095.684 00095.614 00095.519 00095.448 00095.417 00095.877 00095.800 00096.230 00096.346 00095.867 00094.850 00094.540 00094.528 00094.133 00093.936 00093.888 00093.854 00094.449 00094.409 00094.349 00094.292
00095.645 00095.932 00096.212 00096.510 00096.835 00097.217 00097.517 00097.853 00098.322 00098.715 00099.112 00099.532 00099.339 00098.951 00098.371 00097.772 00097.142 00096.411 00096.651 00096.563 00096.327 00096.348 00096.394 00096.002 00095.801 00096.180 00096.232 00096.220 00095.973 00095.482 00095.557 00095.517 00095.627 00095.641 00095.602 00095.537 00095.598 00095.716 00095.753 00095.693 00095.626 00095.504 00095.394 00095.355 00095.290 00095.212 00095.807 00095.913 00096.669 00095.287 00094.697 00094.501 00094.306 00093.942 00093.912 00093.861 00093.972 00094.320 00094.377 00094.358
00095.470 00095.749 00096.006 00096.258 00096.542 00096.901 00096.749 00096.165 00097.818 00098.541 00098.929 00099.400 00099.666 00099.092 00098.512 00098.028 00097.414 00096.338 00096.631 00096.608 00096.190 00096.649 00096.438 00096.228 00095.829 00095.971 00096.293 00096.195 00095.933 00095.558 00095.646 00095.381 00095.658 00095.685 00095.716 00095.673 00095.728 00095.818 00095.806 00095.711 00095.627 00095.494 00095.343 00095.407 00095.348 00095.238 00095.200 00095.214 00095.593 00095.602 00094.964 00094.493 00094.218 00093.990 00093.925 00093.886 00093.832 00093.877 00094.404 00094.377
-0001.000 00095.503 00095.745 00095.986 00096.188 00096.519 00096.291 00096.021 -0001.000 -0001.000 -0001.000 00099.221 00100.157 00099.418 00098.631 00098.281 00097.673 00096.632 00096.555 00096.552 00096.238 00096.382 00096.461 00096.350 00095.934 00095.792 00096.358 00096.212 00096.055 00095.536 00095.649 00095.647 00095.665 00095.752 00095.835 00095.802 00095.820 00095.874 00095.771 00095.677 00095.607 00095.508 00095.368 00095.401 00095.401 00095.280 00095.158 00095.174 00095.155 00095.388 00095.071 00094.842 00099.986 00113.634 00093.948 00093.917 00093.871 00093.816 00093.896 00094.094
-0001.000 -0001.000 -0001.000 00095.699 00095.835 00095.956 00096.149 00096.003 -0001.000 -0001.000 -0001.000 00099.338 00100.040 00099.508 00098.961 00098.488 00097.867 00096.885 00096.724 00096.636 00096.167 00096.165 00096.448 00096.328 00096.029 00095.816 00096.047 00096.164 00096.054 00095.636 00095.807 00095.844 00095.828 00095.871 00095.879 00095.914 00095.888 00095.894 00095.812 00095.711 00095.658 00095.607 00095.486 00095.424 00095.471 00095.337 00095.191 00095.125 00095.077 00095.155 00095.137 00094.847 00094.204 00132.572 00274.607 00093.941 00093.913 00093.862 00093.807 00093.754
-0001.000 -0001.000 -0001.000 -0001.000 -0001.000 -0001.000 -0001.000 -0001.000 -0001.000 -0001.000 -0001.000 00098.854 00099.850 00100.020 00098.853 00098.591 00098.046 00097.158 00096.601 00096.524 00096.262 00096.123 00096.411 00096.400 00095.929 00095.840 00095.869 00096.111 00096.018 00095.821 00095.854 00095.946 00095.902 00095.932 00095.906 00095.964 00095.924 00095.880 00095.836 00095.758 00095.690 00095.663 00095.596 00095.510 00095.464 00095.416 00095.174 00094.589 00094.574 00094.561 00094.401 00096.522 00099.963 00282.651 00490.203 00219.301 00093.937 00093.907 00093.856 00093.801
-0001.000 -0001.000 -0001.000 -0001.000 -0001.000 -0001.000 -0001.000 -0001.000 -0001.000 -0001.000 00098.016 00098.867 00099.609 00100.134 00099.209 00098.894 00098.308 00097.548 00096.918 00096.446 00096.342 00096.181 00096.246 00096.333 00096.055 00095.878 00095.972 00096.121 00096.083 00095.756 00095.979 00096.058 00095.975 00095.975 00095.999 00095.974 00095.994 00095.925 00095.857 00095.807 00095.766 00095.714 00095.702 00095.660 00095.515 00095.421 00095.402 00095.378 00095.277 00095.095 00094.822 00097.959 00100.135 00492.525 00490.763 00489.403 00093.985 00093.935 00093.906 00093.855
-0001.000 -0001.000 -0001.000 -0001.000 -0001.000 -0001.000 -0001.000 -0001.000 -0001.000 -0001.000 00098.103 00098.997 00099.335 00099.604 00099.978 00098.821 00098.726 00098.114 00097.340 00096.659 00096.417 00096.283 00096.247 00096.310 00096.040 00095.970 00095.921 00096.123 00095.992 00095.824 00095.888 00096.080 00096.063 00096.038 00096.058 00096.064 00096.048 00095.996 00095.935 00095.916 00095.874 00095.818 00095.767 00095.725 00095.678 00095.615 00095.540 00095.505 00095.467 00095.454 00095.453 00095.104 00203.482 00492.342 00490.892 00461.387 00110.616 00093.989 00093.937 00093.908
-0001.000 -0001.000 -0001.000 -0001.000 -0001.000 -0001.000 -0001.000 -0001.000 -0001.000 -0001.000 00098.193 00098.628 00099.166 00099.549 00099.905 00099.522 00098.655 00098.527 00097.846 00097.057 00096.504 00096.329 00096.203 00096.176 00096.129 00096.006 00096.119 00096.060 00095.960 00095.870 00095.866 00096.082 00096.103 00096.102 00096.140 00096.135 00096.124 00096.113 00096.062 00096.017 00095.972 00095.883 00095.818 00095.773 00095.754 00095.693 00095.637 00095.597 00095.521 00095.460 00095.367 00226.369 00493.922 00492.501 00491.130 00489.762 00094.096 00094.049 00093.992 00093.939
00090.451 00090.693 00091.140 00091.540 00091.486 -0001.000 -0001.000 -0001.000 -0001.000 -0001.000 00098.030 00098.340 00098.838 00099.378 00099.743 00099.698 00098.981 00098.915 00098.244 00097.611 00096.915 00096.456 00096.210 00096.129 00096.083 00096.085 00096.099 00096.070 00095.951 00095.879 00096.269 00096.315 00096.235 00096.151 00096.139 00096.134 00096.084 00096.029 00095.966 00095.518 00095.476 00095.979 00095.802 00095.690 00095.624 00095.525 00095.438 00095.489 00095.520 00095.546 00104.753 00095.435 00494.660 00493.218 00491.824 00490.464 00097.688 00094.099 00094.056 00094.008
00090.515 00090.889 00091.385 00091.948 00091.916 00092.216 -0001.000 -0001.000 -0001.000 -0001.000 -0001.000 -0001.000 00098.251 00099.205 00099.556 00099.406 00099.566 00099.220 00098.628 00097.557 00097.372 00096.732 00096.412 00096.223 00096.206 00096.121 00096.348 00096.344 00095.945 00095.846 00095.945 00096.260 00096.276 00096.122 00096.019 00095.960 00095.804 00095.545 00132.118 00267.908 00489.336 00489.234 00157.205 00095.489 00095.279 00095.287 00095.612 00095.455 00095.346 00095.648 00095.640 00095.429 00103.010 00493.927 00492.490 00491.089 00212.067 00094.158 00094.115 00094.072
00090.565 00090.945 00091.405 00091.928 00092.109 00092.618 00093.407 00093.430 -0001.000 -0001.000 -0001.000 -0001.000 00097.984 00098.805 00099.225 00099.713 00099.918 00099.668 00098.882 00098.437 00097.773 00097.499 00096.689 00096.338 00096.225 00096.306 00096.141 00096.234 00096.203 00096.008 00095.873 00095.991 00096.337 00096.227 00096.050 00095.870 00095.698 00241.381 00491.063 00493.458 00494.159 00491.160 00490.347 00490.072 00207.306 00095.565 00095.552 00095.637 00095.773 00095.740 00163.610 00254.575 00298.003 00494.633 00493.137 00491.687 00490.255 00094.211 00094.173 00094.133
00090.601 00090.986 00091.387 00091.919 00092.148 00092.772 00093.607 00094.015 00095.433 00095.392 -0001.000 -0001.000 00097.854 00098.301 00098.667 00244.047 00103.178 00099.926 00203.829 00098.985 00098.441 00097.897 00097.517 00096.889 00096.400 00096.309 00096.317 00096.233 00096.070 00096.026 00095.983 00095.941 00095.918 00096.113 00096.120 00107.111 00101.862 00259.083 00496.331 00499.652 00502.156 00496.508 00496.403 00493.424 00366.880 00200.481 00109.711 00095.841 00096.012 00095.657 00095.601 00208.805 00223.772 00494.423 00492.909 00491.447 00197.199 00120.781 00094.232 00094.189
00090.490 00090.910 00091.351 00091.908 00092.243 00092.776 00093.520 00094.423 00095.341 00095.541 00095.817 00095.890 00097.726 00097.875 00207.600 00098.570 00155.373 00512.872 00513.584 00514.405 00513.238 00317.295 00097.978 00097.517 00097.037 00096.625 00096.337 00096.316 00096.253 00096.164 00096.107 00096.092 00096.208 00096.344 00096.461 00096.416 00118.711 00150.737 00497.950 00500.154 00498.773 00497.591 00496.533 00492.118 00129.574 00095.839 00096.172 00096.213 00095.645 00095.573 00095.500 00095.423 00095.328 00493.784 00492.312 00097.195 00094.397 00094.346 00094.301 00094.258
00090.371 00090.789 00091.221 00091.774 00092.172 00092.767 00093.521 00094.293 00095.242 00095.506 00096.175 00096.570 00097.069 00097.186 00120.373 00360.918 00510.608 00511.033 00511.533 00512.478 00513.000 00513.775 00233.886 00098.167 00097.699 00097.235 00096.956 00096.723 00096.464 00096.282 00096.249 00096.219 00096.185 00096.270 00096.807 00097.021 00301.091 00403.309 00497.028 00496.538 00496.389 00495.927 00494.798 00493.239 00096.045 00096.020 00096.051 00096.151 00095.645 00095.574 00095.501 00095.423 00095.328 00493.775 00492.262 00180.372 00097.048 00094.416 00094.370 00094.328
00090.236 00090.673 00091.081 00091.667 00092.080 00092.681 00093.283 00093.997 00094.955 00095.405 00095.860 00096.220 00159.532 00151.686 00137.257 00324.199 00508.527 00508.799 00509.091 00510.103 00511.135 00512.858 00514.482 00265.163 00098.307 00097.942 00097.678 00097.427 00097.193 00096.995 00096.856 00096.737 00096.600 00096.936 00097.287 00101.805 00274.031 00495.987 00494.911 00494.511 00494.018 00493.118 00347.167 00095.960 00096.079 00096.044 00096.037 00095.885 00095.648 00095.568 00095.493 00095.419 00095.327 00493.777 00492.152 00094.586 00094.537 00094.490 00094.445 00094.401
00090.046 00090.505 00090.971 00091.508 00091.927 00092.390 00093.169 00093.749 00094.581 00095.265 00095.498 00095.825 00098.774 00264.002 00505.190 00505.602 00506.001 00506.277 00506.581 00507.668 00509.132 00511.027 00513.183 00515.696 00108.196 00098.673 00098.384 00098.110 00097.908 00097.735 00097.583 00097.470 00097.351 00097.507 00097.982 00098.150 00136.009 00171.847 00127.612 00096.828 00097.191 00095.983 00095.922 00096.017 00096.000 00095.976 00095.816 00095.770 00095.586 00095.491 00095.427 00095.357 00186.145 00493.522 00178.641 00149.335 00094.610 00094.575 00094.556 00094.480
00089.865 00090.351 00090.829 00091.323 00091.776 00092.037 00092.715 00093.196 00093.806 00094.551 00095.251 00095.459 00125.392 00259.711 00503.907 00503.728 00503.377 00503.197 00503.757 00505.056 00507.333 00509.345 00509.944 00513.703 00513.743 00512.949 00512.715 00513.427 00263.621 00098.468 00098.333 00098.223 00098.128 00098.033 00098.310 00098.128 00097.670 00097.230 00099.224 00096.860 00096.081 00095.924 00095.944 00095.969 00096.061 00096.066 00095.882 00095.528 00095.472 00095.418 00095.362 00095.312 00095.239 00493.256 00094.791 00094.737 00094.689 00094.645 00094.760 00095.403
00089.648 00090.112 00090.688 00091.071 00091.428 00091.699 00092.066 00092.609 00093.135 00093.794 00094.380 00095.038 00120.190 00213.403 00359.009 00497.630 00495.986 00494.350 00495.931 00503.046 00505.630 00507.516 00509.489 00509.226 00511.035 00511.678 00511.794 00416.162 00233.133 00114.652 00099.151 00099.010 00099.435 00098.544 00098.490 00098.047 00097.811 00097.278 00097.043 00096.562 00096.167 00096.112 00095.921 00095.946 00095.878 00096.316 00095.988 00095.734 00095.401 00095.339 00095.586 00095.801 00182.977 00175.624 00148.679 00094.819 00094.805 00094.773 00094.893 00095.208
00089.398 00089.867 00090.328 00090.765 00091.114 00091.427 00091.632 00092.066 00092.596 00093.004 00093.478 00093.947 00099.132 00243.607 00494.276 00490.772 00486.909 00486.832 00489.448 00495.172 00503.203 00505.573 00507.637 00507.878 00507.467 00507.839 00510.701 00512.266 00183.952 00103.447 00099.136 00099.209 00099.457 00098.795 00098.206 00098.251 00097.967 00097.146 00097.017 00096.804 00096.599 00096.168 00095.900 00095.735 00096.526 00096.478 00096.261 00095.410 00095.345 00095.742 00096.135 00098.819 00096.104 00096.000 00095.425 00094.903 00095.063 00095.620 00095.654 00095.113
00088.942 00089.556 00089.920 00090.438 00090.817 00091.147 00091.352 00091.607 00092.000 00092.334 00092.723 00174.140 00093.459 00493.026 00489.303 00485.457 00483.145 00482.647 00483.861 00488.552 00494.600 00503.476 00505.143 00505.963 00506.794 00506.522 00508.539 00511.443 00159.832 00099.289 00098.810 00099.020 00099.687 00098.986 00098.534 00098.307 00097.643 00096.941 00096.844 00096.818 00096.854 00096.431 00096.159 00096.034 00096.338 00096.595 00096.489 00095.762 00095.381 00095.465 00095.768 00095.781 00096.167 00096.069 00095.944 00095.860 00095.375 00095.304 00095.528 00095.757
00088.309 00089.053 00089.607 00090.028 00090.522 00090.817 00091.091 00091.248 00091.455 00091.866 00092.675 00138.596 00244.724 00474.385 00484.937 00483.470 00482.155 00480.076 00478.594 00482.617 00487.419 00494.066 00498.387 00503.428 00503.671 00505.974 00506.535 00509.430 00098.859 00098.976 00098.791 00098.879 00099.383 00099.207 00098.508 00098.493 00097.848 00097.218 00096.381 00096.254 00096.671 00096.809 00096.608 00096.523 00096.484 00096.604 00096.525 00096.496 00095.910 00095.708 00095.800 00095.499 00095.272 00095.715 00095.999 00095.879 00095.907 00095.768 00095.784 00095.810
00087.603 00088.421 00089.131 00089.638 00090.106 00090.476 00090.774 00091.033 00091.102 00091.286 00091.487 00091.499 00091.490 00125.925 00483.730 00481.841 00480.038 00479.354 00478.380 00479.235 00482.032 00484.100 00488.315 00498.812 00504.423 00506.024 00505.824 00461.739 00097.723 00098.768 00099.156 00098.771 00099.094 00099.748 00099.113 00098.951 00098.341 00097.634 00096.880 00096.874 00096.928 00096.969 00096.877 00096.841 00096.762 00096.694 00096.643 00096.579 00096.552 00096.472 00096.297 00096.105 00096.103 00095.954 00095.815 00095.803 00095.888 00095.900 00095.932 00095.922
00086.857 00087.726 00088.519 00089.163 00089.624 00090.071 00090.421 00090.685 00090.884 00090.961 00091.099 00091.200 00091.232 00092.563 00227.666 00263.611 00480.288 00479.141 00478.410 00477.402 00478.247 00481.740 00487.677 00496.572 00504.290 00506.514 00161.229 00195.232 00195.866 00098.037 00098.674 00099.134 00098.808 00099.181 00100.136 00099.413 00098.759 00098.315 00097.695 00097.188 00097.124 00097.056 00096.961 00096.882 00096.832 00096.750 00096.698 00096.662 00096.600 00096.582 00096.515 00096.441 00096.357 00096.229 00096.266 00096.264 00096.167 00096.079 00096.049 00096.020
