data/trial5/ashley.fli
NCOLS 382
NROWS 266
XLLCORNER 157819.328125
YLLCORNER 384678.625000
CELLSIZE 30.000000
NODATA_VALUE -1
[rows 234 to 259 of 266, columns 180 to 239 of 382]
00036.732 00034.057 00036.251 00037.122 00038.885 00038.394 00032.691 00023.506 00014.523 00016.447 00014.952 00010.615 00010.479 00010.417 00014.545 00014.420 00014.284 00013.949 00006.931 00004.297 00002.211 00005.496 00007.592 00009.233 00010.749 00011.173 00009.453 00010.073 00010.809 00011.578 00018.000 00018.504 00019.073 00019.395 00019.659 00020.128 00020.892 00021.196 00021.723 00025.106 00025.392 00025.906 00026.551 00027.213 00027.769 00028.698 00029.174 00029.793 00030.363 00031.249 00032.320 00033.317 00026.359 00026.066 00026.364 00025.230 00020.262 00020.457 00020.678 00020.915
00034.622 00039.425 00037.322 00039.559 00041.776 00043.918 00028.551 00023.500 00014.862 00015.325 00015.147 00014.945 00010.871 00010.639 00010.484 00014.814 00014.745 00014.593 00014.401 00008.646 00004.469 00001.930 00004.473 00007.091 00008.526 00009.887 00011.172 00008.963 00009.784 00010.538 00011.275 00015.853 00018.273 00018.747 00019.060 00019.656 00020.351 00020.651 00021.034 00021.268 00021.578 00025.446 00026.057 00026.679 00027.190 00027.692 00028.269 00029.060 00029.690 00030.132 00030.893 00029.283 00027.066 00025.718 00026.261 00026.906 00027.455 00027.456 00026.201 00021.500
00034.642 00037.104 00044.885 00040.274 00042.375 00044.548 00022.892 00022.058 00018.445 00015.321 00015.322 00015.219 00015.117 00010.948 00010.725 00010.663 00015.171 00014.947 00014.747 00014.249 00010.829 00004.605 00001.540 00003.474 00006.317 00007.669 00009.103 00010.516 00010.938 00009.532 00010.103 00010.651 00011.191 00016.652 00017.562 00018.704 00019.042 00020.168 00020.604 00020.692 00021.055 00021.479 00021.828 00023.208 00026.353 00027.181 00027.655 00028.314 00029.039 00029.486 00030.157 00031.072 00026.513 00025.381 00025.877 00026.391 00027.149 00027.864 00028.276 00028.670
00033.372 00036.895 00038.914 00032.028 00016.021 00020.001 00019.643 00018.365 00019.260 00018.853 00015.686 00015.512 00015.427 00015.423 00011.052 00010.859 00010.741 00014.034 00015.073 00014.791 00014.606 00013.505 00004.788 00002.778 00002.608 00004.941 00006.900 00008.434 00009.894 00010.987 00008.877 00009.795 00010.002 00010.527 00011.093 00017.646 00018.341 00018.785 00019.245 00020.052 00020.447 00021.043 00021.272 00021.650 00022.065 00022.503 00023.092 00027.873 00028.360 00028.895 00029.361 00030.429 00025.696 00024.915 00025.448 00025.967 00026.635 00027.364 00027.899 00028.424
00033.711 00031.890 00029.013 00025.074 00015.564 00017.356 00016.937 00016.856 00017.928 00019.344 00018.722 00015.830 00015.834 00015.781 00015.831 00011.192 00010.979 00010.767 00012.799 00015.187 00014.986 00014.992 00014.227 00005.373 00004.472 00001.758 00003.589 00006.283 00007.523 00008.945 00010.142 00010.938 00008.898 00009.507 00009.904 00010.752 00011.408 00017.071 00018.505 00018.842 00019.470 00019.726 00020.720 00021.079 00021.438 00021.885 00022.452 00023.003 00023.366 00023.721 00024.096 00024.916 00028.154 00024.515 00025.004 00025.501 00026.130 00026.846 00027.382 00027.882
00033.623 00030.791 00028.329 00019.493 00015.969 00017.110 00018.286 00017.478 00018.307 00019.720 00019.683 00018.274 00016.133 00016.157 00016.147 00016.169 00012.145 00011.106 00010.768 00011.986 00015.492 00015.445 00015.352 00014.930 00011.805 00004.832 00002.574 00002.732 00004.754 00006.635 00007.961 00008.924 00009.900 00010.677 00008.678 00009.504 00010.076 00010.890 00011.430 00014.132 00018.532 00018.965 00019.579 00020.203 00020.797 00021.216 00021.743 00022.315 00022.672 00023.043 00023.434 00023.810 00023.751 00020.774 00021.438 00025.071 00025.640 00026.261 00026.949 00027.546
-0001.000 00032.493 00018.365 00010.685 00017.286 00018.224 00019.499 00019.761 00019.083 00020.038 00019.965 00019.965 00018.746 00016.351 00016.236 00016.390 00016.361 00012.946 00010.882 00010.887 00010.784 00016.051 00015.878 00015.584 00015.264 00014.468 00005.390 00004.690 00001.677 00003.369 00005.318 00006.474 00007.377 00008.574 00009.800 00010.569 00008.876 00009.733 00010.183 00010.473 00010.989 00011.504 00018.662 00019.670 00020.010 00020.408 00020.911 00021.477 00021.895 00022.234 00022.622 00023.042 00022.422 00021.376 00020.800 00021.351 00021.848 00026.003 00026.529 00027.080
-0001.000 -0001.000 -0001.000 00002.904 00018.501 00019.323 00020.574 00021.541 00020.826 00020.156 00020.214 00020.327 00020.572 00019.219 00016.429 00016.532 00016.659 00016.194 00013.554 00010.853 00010.985 00010.994 00016.487 00016.190 00015.876 00015.731 00015.575 00011.763 00004.793 00004.162 00002.095 00003.341 00004.748 00006.361 00007.607 00008.640 00009.664 00010.475 00009.332 00009.328 00009.830 00010.302 00010.838 00011.323 00015.456 00019.630 00019.920 00020.609 00021.098 00021.458 00021.844 00022.421 00022.585 00020.836 00020.215 00020.818 00021.392 00021.895 00022.293 00022.603
-0001.000 -0001.000 00038.744 -0001.000 00014.408 00020.393 00021.314 00022.158 00023.131 00021.056 00020.384 00020.576 00020.906 00020.936 00019.712 00016.761 00016.936 00016.504 00016.370 00014.827 00011.040 00011.100 00011.039 00012.815 00016.364 00016.237 00016.470 00016.490 00015.239 00009.737 00004.880 00004.504 00001.735 00003.321 00005.014 00006.336 00007.351 00008.430 00009.530 00010.425 00010.430 00009.065 00009.663 00010.094 00010.646 00011.248 00011.817 00013.242 00020.339 00020.702 00021.070 00021.570 00022.172 00020.262 00019.795 00020.337 00020.905 00021.266 00021.673 00022.005
-0001.000 -0001.000 -0001.000 -0001.000 -0001.000 00019.368 00022.484 00022.750 00023.657 00023.642 00020.801 00020.802 00021.037 00021.189 00021.233 00020.668 00017.144 00017.009 00016.780 00016.744 00016.690 00011.237 00011.173 00010.948 00010.943 00016.656 00017.068 00017.216 00016.471 00015.690 00015.124 00009.971 00005.159 00004.414 00001.948 00003.314 00004.812 00006.079 00006.908 00008.076 00009.224 00009.949 00010.430 00009.211 00009.493 00010.102 00010.626 00011.084 00011.597 00011.926 00012.263 00012.652 00017.492 00018.695 00019.104 00019.683 00020.199 00020.537 00020.856 00021.371
-0001.000 -0001.000 -0001.000 -0001.000 -0001.000 -0001.000 -0001.000 00024.670 00018.650 00024.143 00023.974 00021.319 00021.247 00021.445 00021.451 00021.306 00021.124 00017.201 00017.110 00017.148 00017.321 00017.244 00013.665 00010.987 00011.111 00011.172 00015.054 00017.872 00017.094 00016.330 00015.969 00016.039 00015.866 00009.803 00005.043 00004.639 00001.785 00003.056 00004.335 00005.685 00006.608 00007.746 00008.666 00009.470 00010.314 00010.708 00009.253 00009.906 00010.384 00010.712 00011.007 00011.393 00011.700 00011.301 00011.653 00017.085 00019.438 00019.815 00020.174 00020.634
-0001.000 -0001.000 -0001.000 -0001.000 -0001.000 -0001.000 -0001.000 -0001.000 -0001.000 00001.223 00020.256 00024.508 00021.885 00021.680 00021.747 00021.534 00021.364 00021.128 00017.896 00017.376 00017.749 00017.928 00017.568 00017.190 00010.827 00011.168 00011.213 00011.087 00016.776 00017.233 00016.546 00016.490 00016.531 00016.174 00015.628 00009.491 00005.358 00004.957 00001.082 00002.614 00003.857 00005.067 00006.303 00007.227 00008.109 00008.890 00009.651 00010.308 00010.764 00010.718 00009.588 00010.065 00010.514 00010.840 00010.354 00011.139 00011.549 00011.998 00019.472 00019.872
-0001.000 -0001.000 -0001.000 -0001.000 -0001.000 -0001.000 -0001.000 -0001.000 -0001.000 -0001.000 -0001.000 -0001.000 00021.668 00022.514 00021.939 00021.813 00021.591 00021.479 00021.477 00018.938 00017.909 00018.340 00018.095 00017.784 00016.594 00012.782 00011.676 00011.384 00011.424 00011.283 00016.353 00017.159 00017.002 00016.709 00016.453 00016.758 00016.698 00012.688 00005.503 00005.108 00003.773 00002.031 00003.242 00004.452 00005.654 00006.480 00007.166 00007.977 00008.606 00009.136 00009.671 00010.144 00010.549 00010.797 00009.149 00009.957 00010.419 00010.861 00011.319 00011.786
-0001.000 -0001.000 -0001.000 -0001.000 -0001.000 -0001.000 -0001.000 -0001.000 -0001.000 -0001.000 -0001.000 -0001.000 -0001.000 -0001.000 00023.064 00021.972 00021.831 00021.769 00021.743 00021.826 00020.440 00018.806 00018.492 00018.241 00016.820 00017.328 00016.352 00011.769 00011.844 00011.688 00010.938 00010.869 00016.815 00017.288 00016.894 00017.265 00017.226 00017.471 00017.380 00016.239 00007.263 00005.102 00004.628 00000.420 00002.557 00003.666 00004.675 00005.527 00006.179 00006.618 00007.130 00007.712 00008.155 00008.843 00009.818 00010.556 00009.772 00009.655 00010.144 00010.528
-0001.000 -0001.000 -0001.000 -0001.000 -0001.000 -0001.000 -0001.000 -0001.000 -0001.000 -0001.000 -0001.000 -0001.000 -0001.000 -0001.000 -0001.000 00023.584 00021.963 00022.020 00022.013 00022.177 00022.601 00022.561 00019.492 00018.584 00017.044 00017.842 00018.439 00019.020 00017.479 00013.560 00011.149 00011.187 00011.310 00010.983 00017.335 00017.721 00017.739 00017.681 00017.986 00017.937 00017.485 00016.531 00012.684 00005.262 00005.000 00004.388 00000.256 00002.495 00003.360 00004.148 00004.873 00005.284 00005.693 00006.574 00007.647 00008.364 00009.401 00010.282 00010.819 00009.503
-0001.000 -0001.000 -0001.000 -0001.000 -0001.000 -0001.000 -0001.000 -0001.000 -0001.000 -0001.000 -0001.000 -0001.000 -0001.000 -0001.000 -0001.000 -0001.000 00024.303 00011.413 00021.925 00022.498 00022.910 00023.631 00023.365 00021.765 00017.590 00018.202 00018.902 00019.510 00019.409 00019.109 00017.060 00011.755 00011.378 00011.368 00011.025 00011.045 00018.253 00018.161 00018.040 00018.217 00018.286 00017.590 00017.029 00016.870 00016.399 00010.447 00005.429 00005.334 00005.091 00003.902 00000.010 00002.338 00002.786 00003.723 00005.094 00006.205 00006.855 00007.762 00008.606 00009.588
-0001.000 -0001.000 -0001.000 -0001.000 -0001.000 -0001.000 -0001.000 -0001.000 -0001.000 -0001.000 -0001.000 -0001.000 -0001.000 -0001.000 -0001.000 -0001.000 00026.264 -0001.000 -0001.000 -0001.000 00023.794 00022.959 00023.754 00023.638 00021.825 00018.571 00019.185 00019.858 00019.937 00019.594 00018.643 00018.320 00016.874 00011.414 00011.264 00011.328 00011.320 00011.291 00017.160 00018.573 00018.540 00018.352 00017.375 00017.547 00017.507 00017.850 00017.829 00017.255 00011.568 00006.599 00005.876 00006.128 00005.644 00005.015 00002.004 00003.111 00004.224 00005.425 00006.285 00007.070
-0001.000 -0001.000 -0001.000 -0001.000 -0001.000 -0001.000 -0001.000 -0001.000 -0001.000 -0001.000 -0001.000 -0001.000 -0001.000 -0001.000 -0001.000 -0001.000 -0001.000 -0001.000 -0001.000 -0001.000 -0001.000 -0001.000 -0001.000 -0001.000 -0001.000 00023.079 00021.225 00020.016 00020.338 00020.216 00019.159 00018.685 00018.804 00018.524 00016.233 00011.410 00011.518 00011.545 00011.407 00011.248 00013.671 00018.900 00017.979 00017.762 00018.244 00018.572 00018.657 00018.989 00019.133 00018.995 00018.980 00018.631 00014.967 00008.279 00005.847 00005.340 00001.938 00002.273 00003.384 00004.552
-0001.000 -0001.000 -0001.000 -0001.000 -0001.000 -0001.000 -0001.000 -0001.000 -0001.000 -0001.000 -0001.000 -0001.000 -0001.000 -0001.000 -0001.000 -0001.000 -0001.000 -0001.000 -0001.000 -0001.000 -0001.000 -0001.000 -0001.000 -0001.000 -0001.000 -0001.000 00024.142 00024.632 00022.318 00020.568 00019.750 00019.130 00019.134 00018.834 00018.778 00018.656 00016.356 00011.788 00011.722 00011.494 00011.600 00011.723 00011.117 00012.348 00017.449 00018.415 00018.753 00019.135 00019.557 00019.982 00020.065 00020.370 00020.346 00018.662 00017.060 00011.147 00005.770 00005.192 00004.798 00000.834
-0001.000 -0001.000 -0001.000 -0001.000 -0001.000 -0001.000 -0001.000 -0001.000 -0001.000 -0001.000 -0001.000 -0001.000 -0001.000 -0001.000 -0001.000 -0001.000 -0001.000 -0001.000 -0001.000 -0001.000 -0001.000 -0001.000 -0001.000 -0001.000 -0001.000 -0001.000 -0001.000 -0001.000 00023.612 00018.222 00016.483 00019.228 00019.452 00019.552 00019.056 00018.853 00018.746 00018.814 00018.668 00014.082 00011.862 00011.919 00011.774 00011.253 00010.686 00010.497 00016.126 00023.706 00038.434 00027.895 00036.748 00040.428 00049.213 00026.600 00018.476 00017.868 00018.346 00017.082 00011.445 00005.686
-0001.000 -0001.000 -0001.000 -0001.000 -0001.000 -0001.000 -0001.000 -0001.000 -0001.000 -0001.000 -0001.000 -0001.000 -0001.000 -0001.000 -0001.000 -0001.000 -0001.000 -0001.000 -0001.000 -0001.000 -0001.000 -0001.000 -0001.000 -0001.000 -0001.000 -0001.000 -0001.000 -0001.000 -0001.000 -0001.000 -0001.000 -0001.000 -0001.000 00019.634 00019.545 00019.742 00019.467 00019.574 00019.193 00019.052 00019.174 00017.452 00014.005 00011.578 00011.152 00012.542 00010.697 00011.687 00020.144 00034.307 00055.593 00057.536 00056.594 00044.039 00018.942 00018.479 00019.099 00018.817 00018.379 00018.107
-0001.000 -0001.000 -0001.000 -0001.000 -0001.000 -0001.000 -0001.000 -0001.000 -0001.000 -0001.000 -0001.000 -0001.000 -0001.000 -0001.000 -0001.000 -0001.000 -0001.000 -0001.000 -0001.000 -0001.000 -0001.000 -0001.000 -0001.000 -0001.000 -0001.000 -0001.000 -0001.000 -0001.000 -0001.000 -0001.000 -0001.000 -0001.000 -0001.000 -0001.000 -0001.000 00019.981 00020.207 00016.464 00020.498 00019.993 00019.688 00019.785 00019.903 00019.460 00018.290 00019.481 00024.401 00031.663 00032.303 00032.263 00031.833 00032.484 00032.585 00031.049 00018.172 00018.612 00019.246 00019.635 00018.987 00019.066
-0001.000 -0001.000 -0001.000 -0001.000 -0001.000 -0001.000 -0001.000 -0001.000 -0001.000 -0001.000 -0001.000 -0001.000 -0001.000 -0001.000 -0001.000 -0001.000 -0001.000 -0001.000 -0001.000 -0001.000 -0001.000 -0001.000 -0001.000 -0001.000 -0001.000 -0001.000 -0001.000 -0001.000 -0001.000 -0001.000 -0001.000 -0001.000 -0001.000 -0001.000 -0001.000 -0001.000 -0001.000 -0001.000 -0001.000 -0001.000 -0001.000 00020.989 00021.124 00021.046 00020.572 00017.886 00005.653 00000.539 00048.273 00051.754 00042.052 00033.744 00032.631 00030.005 00027.201 00015.145 00032.151 00038.813 00019.512 00019.486
-0001.000 -0001.000 -0001.000 -0001.000 -0001.000 -0001.000 -0001.000 -0001.000 -0001.000 -0001.000 -0001.000 -0001.000 -0001.000 -0001.000 -0001.000 -0001.000 -0001.000 -0001.000 -0001.000 -0001.000 -0001.000 -0001.000 -0001.000 -0001.000 -0001.000 -0001.000 -0001.000 -0001.000 -0001.000 -0001.000 -0001.000 -0001.000 -0001.000 -0001.000 -0001.000 -0001.000 -0001.000 -0001.000 -0001.000 -0001.000 -0001.000 -0001.000 -0001.000 00022.525 00020.173 -0001.000 -0001.000 -0001.000 -0001.000 -0001.000 00049.182 00058.801 00057.545 00050.275 00030.458 00029.113 00029.670 00029.976 00029.469 00019.354
-0001.000 -0001.000 -0001.000 -0001.000 -0001.000 -0001.000 -0001.000 -0001.000 -0001.000 -0001.000 -0001.000 -0001.000 -0001.000 -0001.000 -0001.000 -0001.000 -0001.000 -0001.000 -0001.000 -0001.000 -0001.000 -0001.000 -0001.000 -0001.000 -0001.000 -0001.000 -0001.000 -0001.000 -0001.000 -0001.000 -0001.000 -0001.000 -0001.000 -0001.000 -0001.000 -0001.000 -0001.000 -0001.000 -0001.000 -0001.000 -0001.000 -0001.000 -0001.000 -0001.000 -0001.000 -0001.000 -0001.000 -0001.000 -0001.000 -0001.000 -0001.000 -0001.000 -0001.000 -0001.000 00046.251 00049.740 00037.765 00031.525 00030.204 00029.601
-0001.000 -0001.000 -0001.000 -0001.000 -0001.000 -0001.000 -0001.000 -0001.000 -0001.000 -0001.000 -0001.000 -0001.000 -0001.000 -0001.000 -0001.000 -0001.000 -0001.000 -0001.000 -0001.000 -0001.000 -0001.000 -0001.000 -0001.000 -0001.000 -0001.000 -0001.000 -0001.000 -0001.000 -0001.000 -0001.000 -0001.000 -0001.000 -0001.000 -0001.000 -0001.000 -0001.000 -0001.000 -0001.000 -0001.000 -0001.000 -0001.000 -0001.000 -0001.000 -0001.000 -0001.000 -0001.000 -0001.000 -0001.000 -0001.000 -0001.000 -0001.000 -0001.000 -0001.000 -0001.000 -0001.000 00053.860 00052.367 00054.130 00052.324 00040.499
