data/trial5/ashley.ros
NCOLS 382
NROWS 266
XLLCORNER 157819.328125
YLLCORNER 384678.625000
CELLSIZE 30.000000
NODATA_VALUE -1
[rows 170 to 203 of 266, columns 231 to 307 of 382]
26.58 03.32 78.30 101.41 123.21 116.44 105.63 93.75 79.01 38.17 13.43 06.74 08.93 161.07 174.75 179.11 179.78 175.20 165.65 160.89 159.83 149.04 123.40 98.92 145.69 141.44 137.85 135.17 133.95 133.44 133.01 124.65 114.50 103.76 94.46 91.00 87.60 85.15 82.14 78.08 73.12 68.09 63.35 58.75 54.51 49.81 45.67 45.24 44.95 45.07 19.50 08.93 30.47 50.29 44.38 49.98 50.61 45.68 36.93 28.49 23.84 15.30 16.03 08.85 08.86 08.65 16.25 17.16 21.66 25.32 31.19 35.58 38.77 41.47 42.32 45.18 45.61
04.86 89.94 109.48 155.35 156.95 153.34 150.03 147.61 137.54 138.97 124.78 101.33 43.75 175.87 177.01 179.95 182.57 179.80 174.09 168.73 164.73 163.31 163.89 150.20 122.99 97.27 129.58 143.42 143.93 142.42 142.50 141.19 138.22 133.29 127.05 121.01 114.00 105.57 96.63 89.70 84.68 79.27 74.61 70.16 65.22 59.37 54.26 48.95 45.82 44.95 46.47 47.22 48.19 37.50 43.84 44.05 43.48 41.59 33.16 24.24 20.30 08.80 06.56 06.20 19.65 13.05 12.74 12.87 12.91 20.69 28.81 34.41 35.49 37.20 38.59 40.52 36.27
59.68 105.69 163.04 184.92 184.49 182.14 191.93 189.39 195.15 194.63 189.91 184.18 173.40 170.56 170.11 174.97 185.50 183.00 177.75 173.36 169.62 167.25 167.14 168.61 168.59 153.70 129.65 117.98 133.30 151.83 154.80 153.05 149.19 144.92 142.78 140.40 135.57 130.65 122.84 113.18 102.11 92.43 88.13 83.30 78.05 72.72 68.24 63.33 53.17 47.13 43.65 48.37 46.63 43.99 39.93 37.25 36.86 36.50 32.66 24.17 15.79 04.98 04.57 08.70 08.97 07.87 08.64 09.70 10.59 12.78 26.32 29.71 31.41 32.64 32.89 31.21 27.66
111.53 141.52 194.34 201.54 205.10 210.19 214.96 215.52 213.22 206.48 197.30 187.78 179.04 171.99 167.78 177.37 187.82 185.85 181.46 177.72 173.88 171.24 169.63 169.32 169.19 170.98 172.23 160.27 158.78 154.78 156.80 156.31 155.33 157.08 161.25 158.83 155.78 153.00 148.57 142.74 136.38 124.60 112.71 97.12 92.71 88.31 84.33 80.75 71.34 61.83 53.22 45.02 47.08 43.27 38.11 34.46 32.22 32.64 32.42 25.49 06.96 03.23 05.26 05.50 05.76 06.11 06.57 06.73 07.91 09.39 19.30 25.65 26.29 26.65 27.04 23.70 47.63
116.54 173.30 211.29 215.94 217.46 218.18 215.56 211.19 207.27 202.94 196.35 188.94 182.34 174.72 169.55 186.37 192.71 188.97 185.42 181.50 178.17 175.88 172.95 170.03 169.30 169.82 172.94 180.70 190.92 172.65 158.44 154.05 150.63 151.68 158.73 162.58 166.39 170.54 172.52 170.91 167.66 164.09 157.10 147.85 131.04 119.38 113.66 102.73 93.04 83.57 71.99 60.99 50.65 44.04 39.38 33.51 31.43 29.69 29.71 26.83 03.71 03.84 03.61 03.75 03.90 04.65 05.16 05.72 06.06 07.05 12.23 20.79 21.39 22.24 23.31 30.75 43.07
135.78 193.18 218.34 219.41 216.64 211.57 208.40 204.53 201.82 198.42 193.58 188.30 184.24 179.39 179.81 190.30 194.24 192.48 189.29 185.75 183.20 181.13 178.57 176.43 172.77 168.87 173.92 177.58 186.49 190.27 180.30 166.81 163.39 172.53 168.22 167.42 170.62 173.97 177.39 182.34 184.68 185.32 179.53 170.53 162.50 156.01 147.15 132.34 116.72 100.20 88.51 77.80 67.17 55.28 44.27 37.95 31.65 30.04 27.80 22.64 07.60 05.79 05.69 05.63 05.50 05.67 05.35 05.03 04.08 04.77 06.62 16.26 17.21 17.41 28.32 35.12 36.70
150.42 203.03 215.91 211.71 208.81 205.23 202.50 199.52 197.21 195.11 192.39 189.77 188.07 185.88 187.08 191.45 193.30 192.32 190.26 188.45 186.92 186.09 184.59 183.96 179.82 176.08 176.34 173.55 177.01 180.47 184.46 188.92 186.11 183.31 179.81 182.88 189.24 187.84 187.66 186.82 184.97 184.36 183.74 181.60 176.74 166.92 158.99 152.09 143.24 124.83 106.02 87.78 76.31 65.95 55.79 42.37 38.27 31.07 29.39 20.06 07.14 05.39 05.62 05.53 05.52 05.53 05.15 04.98 04.25 03.71 05.00 12.33 13.99 25.67 21.27 26.53 31.41
154.60 198.87 206.54 203.42 201.31 199.69 198.31 196.79 195.47 194.08 192.29 191.28 191.16 190.79 190.18 190.92 193.26 192.59 191.80 190.82 189.33 188.64 187.39 187.00 185.19 182.87 180.26 176.97 173.69 170.57 174.38 179.54 188.23 202.15 202.88 205.22 204.59 200.21 196.71 194.32 191.12 186.60 182.46 178.72 172.87 164.95 157.08 148.61 138.96 130.29 121.69 108.49 93.46 78.38 67.64 57.09 46.08 34.14 26.65 24.35 08.84 06.23 05.43 04.72 04.62 04.72 05.08 12.09 04.38 04.08 03.94 09.64 11.55 13.06 19.37 21.90 25.11
146.88 191.59 199.54 196.85 195.06 194.77 194.57 194.38 193.99 193.39 192.61 192.23 191.92 191.43 190.87 190.89 191.51 191.65 192.35 191.70 190.81 190.22 189.05 187.66 186.23 184.82 183.04 180.17 177.24 174.25 171.45 169.99 178.85 195.70 216.25 222.54 216.65 210.28 204.43 199.04 192.54 184.88 176.26 169.36 163.90 158.61 152.26 143.58 133.21 128.40 122.78 117.52 111.43 105.40 92.52 77.84 62.45 42.42 17.95 27.92 06.36 05.45 04.81 05.39 12.20 05.83 11.37 12.81 04.00 03.94 03.23 05.61 08.31 08.93 11.40 15.12 18.84
134.76 181.53 195.83 194.47 193.49 193.26 193.10 192.91 192.68 192.39 192.10 191.97 191.71 191.36 190.93 190.35 189.95 190.97 192.40 191.78 190.93 190.04 189.27 188.48 187.44 186.33 184.86 182.80 180.89 178.48 176.15 176.03 177.25 182.09 206.75 216.19 219.31 215.25 206.93 199.58 192.06 183.59 174.05 165.66 157.78 149.04 142.81 137.17 135.42 133.92 131.74 126.63 121.20 114.98 108.15 101.24 85.66 64.78 28.90 07.26 04.94 04.70 04.94 05.67 09.13 13.80 12.22 11.01 08.01 03.78 03.18 03.32 04.87 12.30 20.61 09.97 12.95
124.80 170.56 191.77 191.79 191.78 191.73 191.66 191.52 191.35 191.20 190.99 190.78 190.55 190.25 189.94 189.47 189.00 189.30 190.30 189.90 189.29 188.65 188.28 187.97 187.48 186.85 186.08 185.17 184.58 182.93 181.07 182.43 182.30 184.33 197.86 203.19 205.39 204.60 202.17 198.67 191.85 184.54 179.32 175.17 169.81 162.80 155.82 149.42 142.40 135.25 134.87 138.70 131.74 123.02 113.19 103.61 94.50 84.77 46.88 04.92 04.70 04.32 04.84 08.56 13.00 12.73 11.28 08.92 07.87 03.54 08.06 04.03 11.91 23.84 21.28 12.05 09.63
120.96 159.32 187.50 188.26 188.59 188.46 188.43 188.44 188.43 188.41 188.34 188.22 188.12 187.98 187.85 187.63 187.27 187.32 187.77 187.49 187.01 186.58 186.25 185.84 185.35 184.76 184.07 183.25 182.52 181.65 180.98 183.12 183.66 185.05 189.74 190.46 191.37 190.88 190.23 190.65 188.59 184.46 183.49 183.15 182.54 181.43 179.77 175.36 169.19 163.33 159.29 152.90 144.97 134.74 121.18 103.80 79.58 28.47 06.04 05.13 04.83 03.96 18.61 18.89 14.08 11.84 10.49 06.98 06.64 03.60 18.41 18.28 07.29 18.56 19.72 18.80 08.16
117.73 147.13 183.14 184.30 185.36 185.23 185.09 185.13 185.17 185.14 185.04 184.92 184.79 184.67 184.54 184.37 184.10 184.02 184.28 184.09 183.77 183.49 183.30 183.13 183.00 182.67 182.04 181.31 180.49 179.80 179.31 179.95 180.42 180.94 182.94 183.69 183.56 182.41 181.79 182.73 183.63 181.24 180.07 179.66 179.08 178.13 176.65 174.62 172.07 168.53 164.81 160.47 153.75 142.57 122.40 72.20 13.14 09.55 07.31 06.80 04.62 14.46 13.13 11.29 15.19 11.06 10.26 05.98 05.28 03.63 27.42 21.65 18.07 15.15 16.07 14.28 08.54
116.01 124.24 171.90 178.25 179.55 180.19 180.04 179.98 179.98 179.98 179.89 179.79 179.71 179.61 179.52 179.43 179.35 179.47 179.70 179.67 179.53 179.37 179.26 179.18 179.21 179.21 178.74 178.22 177.54 176.99 176.81 176.78 176.83 176.92 177.05 177.20 177.22 177.17 177.35 177.70 177.90 177.25 176.67 176.19 175.56 174.67 173.40 171.57 169.53 166.97 163.50 159.07 152.46 142.53 126.90 91.74 12.48 12.01 07.81 07.88 09.29 11.62 04.27 02.59 15.21 09.09 10.87 05.56 05.93 03.84 20.67 19.93 17.18 14.39 10.95 06.46 15.32
114.05 111.39 149.01 173.24 173.30 175.07 174.96 174.78 174.64 174.53 174.38 174.22 174.10 173.93 173.75 173.60 173.53 173.73 174.21 174.32 174.25 174.11 173.90 173.64 173.40 173.02 172.41 171.75 171.02 170.09 169.82 169.63 169.52 169.49 169.47 169.45 169.39 169.38 169.46 169.57 169.54 169.20 168.77 168.21 167.44 166.34 164.82 162.75 160.97 159.08 156.51 152.90 147.39 139.08 126.05 103.69 26.57 11.32 09.06 09.20 10.91 08.70 15.75 01.67 08.30 08.53 12.17 08.37 09.02 05.81 15.70 18.89 12.18 07.90 06.58 09.39 14.27
110.74 109.43 123.95 167.34 167.54 167.92 169.00 169.26 169.08 168.87 168.66 168.41 168.19 167.96 167.72 167.47 167.23 167.03 167.01 166.76 166.14 165.36 164.50 164.09 163.65 163.15 162.56 161.95 161.32 162.21 162.91 162.61 162.35 162.16 162.02 161.85 161.62 161.45 161.51 161.29 161.00 160.56 159.95 159.19 158.17 156.71 154.62 151.80 149.07 147.33 145.04 141.95 137.74 131.68 122.30 106.09 61.30 10.03 09.58 08.12 09.81 07.92 13.01 06.01 06.57 08.82 14.61 08.62 08.32 11.66 13.54 12.34 07.19 08.82 10.12 12.71 09.45
105.16 105.97 106.03 141.99 161.88 161.72 161.85 163.69 163.52 163.28 162.97 162.65 162.34 162.03 161.71 161.41 161.05 160.64 160.00 159.14 158.02 156.63 155.09 154.29 153.75 153.19 152.64 152.13 151.64 151.10 154.65 154.14 153.57 153.05 152.55 152.04 151.48 150.86 150.30 149.72 148.89 147.93 146.83 145.54 144.04 142.24 140.16 137.87 136.45 135.85 133.73 131.00 127.37 122.51 115.75 105.65 89.14 47.59 08.57 08.14 06.77 09.13 08.58 06.99 09.40 12.06 10.98 07.73 09.56 12.42 13.62 15.57 04.05 04.94 08.38 09.68 07.00
98.53 89.75 77.52 111.19 147.44 154.12 153.75 153.83 154.30 153.90 154.19 153.97 153.42 152.86 152.25 151.60 150.85 150.00 149.06 148.01 146.88 145.72 144.64 146.49 146.31 145.67 145.15 144.67 144.11 143.53 143.01 143.75 142.95 142.12 141.28 140.40 139.48 138.53 137.53 136.40 135.21 134.06 132.81 131.46 129.98 128.40 126.78 125.23 123.88 123.43 122.76 120.22 117.05 112.92 107.66 101.00 92.41 80.79 59.15 08.00 07.28 06.67 08.33 11.23 11.39 12.31 11.12 10.94 11.60 12.90 14.11 16.31 08.31 14.00 07.61 08.47 06.20
73.88 66.44 45.99 24.72 112.68 145.39 145.40 144.87 144.60 144.39 144.14 145.47 145.37 144.87 144.33 143.69 142.90 142.07 141.32 140.58 139.84 139.13 138.51 137.98 139.02 138.29 137.58 137.15 136.74 136.09 135.31 134.38 133.52 132.63 131.72 130.77 129.79 128.79 127.73 126.60 125.39 124.10 122.74 121.31 119.83 118.34 117.06 115.76 114.43 112.99 111.65 109.78 106.93 103.56 99.59 95.68 91.47 86.26 79.15 67.52 36.16 07.24 08.26 09.86 13.93 15.26 15.41 18.32 16.52 10.59 14.82 15.89 16.68 18.82 11.28 09.07 06.98
48.79 37.13 17.07 11.38 31.62 112.89 140.76 140.34 139.94 139.57 139.20 138.83 138.88 139.52 138.87 138.19 137.34 136.30 135.50 134.93 134.40 133.84 133.29 132.78 132.27 132.37 131.70 131.00 130.31 129.46 128.34 126.96 125.42 124.42 123.40 122.30 121.14 120.13 119.09 117.95 116.77 115.56 114.31 113.02 111.70 110.34 108.94 107.51 106.03 104.64 103.08 101.33 99.33 97.05 94.58 91.94 89.70 86.90 83.20 77.98 70.17 57.58 27.45 09.77 11.37 13.56 15.79 16.10 12.06 13.62 15.22 15.56 16.19 17.08 17.61 09.19 08.73
34.95 23.09 09.88 13.79 13.89 93.78 111.55 136.32 135.92 135.54 135.15 134.77 134.38 134.07 134.39 133.69 132.84 131.70 130.78 130.27 129.68 129.09 128.50 127.90 127.30 126.70 126.06 125.24 123.99 122.52 120.86 119.06 117.21 117.06 116.25 115.20 114.12 113.00 111.82 110.62 109.35 108.03 106.78 105.74 104.66 103.52 102.33 101.09 99.73 98.24 96.65 95.40 94.17 92.85 91.42 89.89 87.29 83.96 80.22 76.01 71.19 65.37 58.07 48.58 34.85 17.62 17.93 20.89 18.47 17.23 16.87 15.73 15.19 15.48 16.79 11.87 12.10
27.62 17.68 14.93 14.75 15.02 74.00 91.76 107.03 131.49 130.77 130.03 129.25 128.45 127.65 127.46 126.90 125.91 124.85 123.85 123.86 124.26 123.26 122.21 121.13 119.99 118.77 117.44 116.02 114.52 113.25 112.17 111.12 110.17 109.32 109.01 108.61 107.55 106.60 105.66 104.69 103.63 102.62 101.54 100.41 99.22 98.01 96.81 95.61 94.45 93.26 92.07 90.86 89.31 87.46 85.15 82.24 79.20 76.19 72.35 68.15 63.70 58.96 53.84 48.32 41.79 35.26 30.28 26.13 22.30 18.21 16.56 14.83 14.87 13.55 14.69 14.86 16.33
10.93 14.71 14.77 14.63 13.99 91.07 89.15 88.39 100.87 124.25 123.50 122.78 122.06 121.38 120.71 120.44 119.76 119.18 118.30 117.36 116.48 115.65 114.78 114.07 113.32 112.47 111.50 110.32 109.38 108.40 107.49 106.65 105.83 105.01 104.20 103.38 102.71 101.82 100.82 99.80 98.70 97.60 96.49 95.34 94.16 92.94 91.70 90.43 89.13 87.81 86.48 85.02 83.41 81.59 78.31 74.12 69.57 65.83 62.85 60.02 56.96 53.52 48.69 43.62 38.76 36.43 34.02 29.37 23.91 17.09 15.08 13.85 13.35 13.87 15.66 16.46 17.71
37.18 14.36 14.55 14.43 13.98 83.50 86.57 85.94 85.30 90.06 111.21 117.83 117.04 116.27 115.56 115.12 114.54 113.95 113.46 112.97 112.25 111.52 110.79 110.05 109.32 108.48 107.52 106.46 105.33 104.33 103.49 102.63 101.77 100.91 100.06 99.10 98.06 96.96 95.82 94.64 93.42 92.37 91.53 90.91 89.97 88.62 86.78 85.30 83.95 82.58 80.79 77.96 74.89 71.57 68.16 65.11 61.95 59.08 56.87 54.60 51.25 47.30 43.26 39.27 34.11 33.15 31.45 28.01 18.90 17.01 12.78 12.77 13.90 16.05 15.75 16.05 15.53
83.20 55.24 14.50 14.51 14.24 32.01 84.68 83.92 83.25 82.58 82.08 98.70 113.43 112.88 112.37 111.79 111.19 110.55 109.87 109.15 108.47 107.82 107.18 106.54 105.62 104.42 102.93 101.53 100.19 98.96 99.07 98.52 97.55 96.55 95.52 94.50 93.45 92.29 91.39 90.76 90.29 89.88 88.96 86.72 84.42 81.87 79.23 77.26 75.96 74.75 72.16 69.42 67.02 64.52 61.86 59.41 57.22 55.00 53.09 51.56 48.43 44.44 39.76 35.40 33.71 32.23 30.81 22.13 18.78 14.32 12.34 13.87 15.93 18.65 16.97 18.39 16.84
27.22 25.87 15.01 14.96 14.75 13.31 83.07 82.19 81.71 81.25 80.79 80.34 86.97 104.61 109.04 108.41 107.73 107.00 106.19 105.33 104.61 103.82 103.00 102.09 101.01 99.64 98.22 96.89 96.42 95.65 94.91 94.13 93.38 92.38 91.59 90.77 89.96 89.41 88.45 87.12 85.80 84.27 82.44 79.95 76.97 75.13 73.72 71.84 69.90 68.06 66.10 63.86 61.48 59.48 57.52 55.50 53.67 52.55 50.77 47.42 44.16 40.24 36.86 35.44 34.14 32.29 26.26 21.43 17.47 15.10 12.51 14.14 17.31 19.27 18.47 18.66 22.05
38.89 34.60 15.08 14.99 14.76 36.30 61.10 81.29 80.44 79.85 79.21 78.54 77.83 77.11 89.58 104.13 103.32 102.38 101.45 100.76 100.29 99.41 98.57 97.50 96.29 95.37 94.50 93.66 92.97 92.35 91.84 91.12 90.37 89.55 88.46 87.20 85.95 84.66 83.49 82.19 80.01 77.67 75.16 72.99 71.17 69.30 67.84 66.54 65.17 63.74 61.92 59.39 56.77 54.94 53.16 52.45 51.84 49.32 46.52 43.66 40.63 37.82 36.35 34.83 32.16 27.39 24.43 20.09 17.94 15.28 13.98 14.04 17.96 18.93 18.85 21.18 23.33
89.29 57.98 14.92 14.84 92.59 87.80 82.23 79.55 78.78 78.15 77.50 76.85 76.20 75.63 75.27 74.84 88.17 98.70 97.98 97.09 96.30 95.62 94.93 94.22 93.45 92.72 92.00 91.27 90.58 89.90 88.91 87.75 86.57 85.38 84.16 82.88 81.22 79.32 77.33 75.30 73.73 72.42 70.96 69.45 67.95 66.43 64.62 62.81 60.99 59.16 56.99 55.33 53.69 52.53 51.45 50.51 49.61 46.01 42.31 38.01 37.52 36.65 34.54 31.05 28.92 26.46 22.84 20.20 18.10 15.95 14.87 14.95 18.64 19.03 19.61 21.99 22.33
88.89 57.92 14.97 14.56 41.55 84.09 80.31 77.87 77.21 76.60 75.97 75.31 74.65 74.10 73.59 73.10 72.48 72.07 84.32 94.30 93.42 92.66 92.20 91.73 91.12 90.51 89.48 88.35 87.21 86.09 84.96 83.80 82.50 80.90 79.25 77.54 75.76 74.28 72.97 71.65 70.32 69.01 67.71 66.16 64.35 62.50 60.66 58.87 57.21 55.85 54.31 52.83 51.40 50.46 50.67 49.16 46.63 43.40 38.50 37.36 37.08 35.78 32.71 30.43 27.82 25.55 22.61 20.13 18.16 16.87 15.54 15.41 15.87 20.13 24.55 24.91 29.17
87.68 57.75 15.02 14.26 85.25 80.38 77.94 76.70 75.83 75.17 74.48 73.78 73.19 72.77 72.17 71.53 70.81 70.07 69.67 69.72 78.35 88.64 89.36 88.42 87.81 86.95 85.91 84.78 83.57 82.15 80.70 79.20 77.65 76.05 74.75 73.57 72.35 71.09 69.86 68.60 67.29 65.51 63.70 61.92 60.48 59.00 57.52 56.17 54.82 53.49 52.14 50.79 51.00 50.41 47.95 45.48 42.55 39.46 37.72 37.23 36.59 33.55 31.19 28.97 27.01 25.04 22.03 20.13 18.81 17.41 16.14 16.02 16.20 26.48 29.33 29.35 29.04
78.01 37.78 14.89 42.08 47.85 78.57 75.86 75.08 74.33 73.63 72.94 72.35 71.99 71.66 71.22 70.64 70.05 69.59 69.18 68.67 68.07 67.76 71.23 78.90 81.86 80.96 81.49 80.74 79.36 77.89 76.40 75.17 73.97 72.78 71.62 70.51 69.36 68.17 66.74 65.16 63.53 61.99 60.62 59.22 57.82 56.54 55.38 54.17 52.90 51.61 51.06 50.87 48.81 46.70 44.58 42.17 39.60 37.99 37.32 36.76 34.35 32.12 30.03 28.09 26.66 23.64 21.75 20.42 19.19 17.73 16.55 16.47 19.80 27.11 27.89 27.59 27.86
79.27 53.03 14.60 87.16 80.67 76.73 74.86 73.98 73.45 72.81 72.40 71.89 71.21 70.60 70.47 70.08 69.58 68.91 68.26 67.66 66.73 65.75 64.73 63.39 61.98 65.62 72.23 76.41 75.55 74.42 73.25 72.09 71.00 69.90 68.69 67.45 66.06 64.64 63.09 61.81 60.63 59.42 58.16 56.87 55.56 54.33 53.33 52.32 51.44 50.85 50.37 49.67 46.22 42.82 39.53 37.84 37.08 36.84 36.65 34.85 33.12 30.97 28.30 26.61 24.94 23.66 22.01 20.68 19.35 17.65 17.02 17.04 23.72 26.16 26.26 26.04 25.97
78.46 44.79 43.83 48.64 77.98 74.44 73.53 73.07 72.82 72.42 71.70 71.29 70.72 70.09 69.60 69.18 68.60 67.84 66.85 65.86 64.87 63.66 62.46 61.38 60.61 60.09 59.75 59.34 60.03 64.59 68.04 69.45 68.26 67.08 65.83 64.54 63.20 61.94 60.67 59.40 58.20 57.12 56.02 54.92 54.00 53.07 52.13 51.13 50.41 50.51 48.69 46.07 43.19 40.17 38.56 37.75 37.38 36.60 35.02 32.88 29.85 28.56 27.96 27.20 25.76 23.88 21.82 20.69 19.25 17.90 17.55 21.37 24.63 24.44 24.59 24.75 24.64
102.35 97.24 87.97 80.48 75.86 73.81 72.95 72.12 71.28 70.74 70.07 69.37 68.76 68.28 67.44 66.59 66.10 64.98 64.01 63.47 62.39 61.64 61.17 60.62 59.78 59.06 58.47 58.04 57.60 56.92 56.20 55.54 54.84 56.29 58.47 58.89 59.33 59.33 58.60 57.56 56.48 55.34 53.88 52.96 52.44 51.66 50.85 50.56 49.81 47.77 45.73 42.83 40.04 39.05 38.14 36.37 34.07 32.87 31.58 29.62 28.98 28.51 28.35 27.13 25.79 23.34 21.86 20.88 19.19 18.25 18.80 23.69 24.09 24.11 24.15 23.91 24.35
