data/trial5/ashley.rci
NCOLS 382
NROWS 266
XLLCORNER 157819.328125
YLLCORNER 384678.625000
CELLSIZE 30.000000
NODATA_VALUE -1
[rows 182 to 207 of 266, columns 180 to 239 of 382]
00165.761 00166.276 00166.811 00167.393 00167.930 00168.494 00169.104 00169.710 00170.320 00170.896 00171.733 00170.973 00170.101 00169.103 00168.017 00167.875 00166.769 00166.963 00166.783 00166.716 00166.830 00166.598 00166.471 00166.437 00167.323 00167.030 00166.769 00166.466 00166.276 00166.024 00169.673 00169.510 00169.184 00168.761 00168.383 00167.983 00166.032 00166.015 00165.979 00165.892 00165.710 00165.596 00165.398 00166.473 00166.209 00165.835 00165.525 00164.349 00163.494 00162.743 00162.596 00162.832 00168.025 00167.174 00166.158 00164.213 00162.979 00162.731 00162.672 00162.707
00165.631 00166.052 00166.564 00167.131 00167.704 00168.297 00168.907 00169.536 00170.192 00170.810 00171.492 00171.255 00170.239 00169.726 00168.639 00167.526 00167.015 00166.797 00166.673 00166.649 00166.697 00166.705 00166.469 00166.074 00168.650 00168.806 00168.548 00167.984 00167.310 00167.151 00167.032 00166.732 00166.461 00166.001 00165.527 00165.056 00164.673 00164.855 00167.918 00167.628 00167.486 00167.328 00167.240 00165.779 00164.105 00163.993 00164.510 00165.437 00166.441 00166.271 00166.004 00166.487 00165.433 00164.969 00164.113 00163.877 00163.172 00163.088 00162.936 00162.871
00165.800 00165.801 00166.313 00166.846 00167.439 00168.030 00168.626 00169.263 00169.842 00170.422 00171.126 00171.724 00170.702 00170.346 00169.219 00168.420 00167.318 00166.656 00166.705 00166.610 00166.249 00166.499 00166.331 00165.585 00166.212 00166.644 00166.414 00166.207 00169.179 00169.560 00169.414 00169.191 00168.931 00168.531 00168.122 00167.826 00167.566 00167.254 00166.927 00166.624 00166.393 00166.115 00166.021 00165.725 00164.382 00164.249 00165.253 00165.959 00165.991 00164.746 00164.122 00164.016 00162.995 00162.402 00162.137 00162.034 00162.952 00162.887 00162.789 00162.686
00165.270 00165.771 00165.983 00166.495 00167.062 00167.716 00109.456 00093.449 00169.634 00170.310 00170.922 00171.716 00171.381 00170.204 00169.145 00168.762 00167.576 00166.336 00166.738 00166.631 00166.686 00166.778 00166.633 00166.295 00166.112 00169.201 00168.978 00168.704 00167.488 00167.596 00167.785 00167.256 00167.275 00167.036 00166.704 00166.416 00166.304 00166.180 00165.939 00165.620 00165.349 00165.036 00164.738 00164.555 00165.588 00163.956 00163.658 00164.071 00164.789 00166.892 00166.853 00166.415 00166.805 00166.040 00165.480 00164.471 00163.744 00162.975 00163.095 00162.991
00164.951 00165.216 00165.634 00166.066 00166.555 00142.718 00041.663 00004.702 00009.037 00165.847 00097.304 00171.333 00171.460 00170.949 00169.873 00168.976 00167.857 00166.522 00166.731 00166.662 00165.962 00166.848 00166.524 00166.281 00165.764 00167.348 00167.643 00167.251 00166.470 00165.837 00166.062 00165.311 00165.587 00165.391 00165.239 00168.936 00168.513 00168.023 00167.495 00167.055 00166.666 00166.312 00165.895 00165.901 00165.284 00164.309 00164.055 00164.091 00164.866 00165.046 00165.383 00164.563 00164.127 00163.621 00163.109 00162.671 00162.456 00161.994 00162.917 00162.859
-0001.000 00165.210 00165.434 00165.592 00165.947 00157.250 00075.582 00050.768 -0001.000 -0001.000 -0001.000 00170.993 00171.920 00171.484 00170.000 00169.228 00168.696 00167.188 00166.849 00166.567 00166.246 00166.416 00166.490 00166.270 00165.577 00165.306 00166.261 00169.913 00169.505 00168.334 00168.611 00168.464 00168.059 00167.638 00167.244 00166.795 00166.476 00166.168 00165.658 00165.248 00167.867 00167.579 00167.331 00167.200 00166.831 00164.941 00163.959 00163.886 00164.178 00164.231 00164.164 00167.587 00218.544 00317.389 00166.568 00165.828 00164.642 00164.172 00162.679 00162.559
-0001.000 -0001.000 -0001.000 00146.922 00165.596 00165.884 00162.721 00150.318 -0001.000 -0001.000 -0001.000 00171.267 00172.014 00171.208 00170.442 00169.244 00168.164 00167.645 00166.896 00166.724 00166.534 00166.520 00166.718 00166.489 00166.070 00165.849 00167.678 00167.526 00167.112 00166.093 00166.202 00165.931 00165.516 00169.591 00169.201 00168.735 00168.324 00167.950 00167.523 00167.072 00166.712 00166.355 00166.028 00165.707 00165.471 00164.810 00164.216 00163.564 00163.385 00164.014 00164.308 00164.072 00162.633 00342.068 00604.540 00163.031 00162.377 00162.053 00165.208 00163.317
-0001.000 -0001.000 -0001.000 -0001.000 -0001.000 -0001.000 -0001.000 -0001.000 -0001.000 -0001.000 -0001.000 00170.483 00172.230 00172.416 00170.473 00169.929 00168.895 00167.864 00166.952 00166.516 00166.231 00166.036 00166.420 00166.361 00165.517 00166.328 00169.523 00169.498 00168.907 00168.155 00167.652 00167.475 00167.015 00168.177 00167.852 00167.490 00167.074 00166.691 00166.289 00165.906 00165.519 00165.210 00167.639 00167.154 00166.573 00166.045 00164.919 00163.179 00163.741 00162.923 00162.844 00175.836 00177.924 00554.516 00240.300 00167.526 00165.124 00164.216 00163.405 00162.723
-0001.000 -0001.000 -0001.000 -0001.000 -0001.000 -0001.000 -0001.000 -0001.000 -0001.000 -0001.000 00169.106 00170.591 00171.045 00171.848 00171.176 00169.878 00169.041 00168.469 00167.615 00166.799 00166.627 00166.464 00166.487 00166.429 00166.051 00165.795 00165.847 00166.619 00166.112 00170.043 00168.923 00168.613 00168.550 00166.756 00166.481 00166.124 00165.838 00168.965 00168.518 00167.976 00167.371 00166.781 00166.248 00165.679 00164.914 00167.212 00166.481 00165.755 00164.580 00166.176 00164.542 00185.240 00186.479 00398.215 00576.432 00640.359 00168.113 00166.766 00165.561 00164.380
-0001.000 -0001.000 -0001.000 -0001.000 -0001.000 -0001.000 -0001.000 -0001.000 -0001.000 -0001.000 00169.269 00170.716 00170.368 00171.204 00172.052 00170.534 00170.099 00169.056 00168.088 00166.876 00166.428 00166.173 00166.057 00166.754 00166.627 00166.508 00166.192 00166.074 00167.875 00167.094 00166.888 00166.310 00165.845 00169.418 00168.611 00167.942 00167.163 00166.213 00168.901 00167.890 00166.147 00165.545 00168.036 00167.273 00166.537 00165.788 00165.034 00166.740 00165.173 00166.571 00164.905 00165.130 00389.616 00407.382 00435.849 00468.905 00164.502 00162.757 00167.813 00166.602
-0001.000 -0001.000 -0001.000 -0001.000 -0001.000 -0001.000 -0001.000 -0001.000 -0001.000 -0001.000 00169.080 00169.880 00170.815 00171.569 00172.343 00171.228 00170.241 00169.254 00168.070 00167.800 00166.837 00166.487 00166.308 00166.197 00166.108 00165.970 00166.040 00165.781 00169.877 00169.679 00169.024 00168.332 00167.219 00166.790 00166.232 00169.300 00168.412 00167.447 00166.379 00168.898 00167.623 00166.318 00168.549 00166.127 00165.441 00167.530 00166.232 00164.963 00166.709 00165.206 00166.866 00538.960 00176.018 00213.014 00252.154 00293.223 00165.736 00165.168 00164.320 00163.154
00155.951 00156.447 00157.255 00157.940 00157.944 -0001.000 -0001.000 -0001.000 -0001.000 -0001.000 00151.237 00169.170 00169.937 00170.849 00171.625 00171.780 00170.732 00170.635 00168.661 00168.546 00167.347 00166.496 00166.032 00165.843 00166.690 00166.747 00166.528 00166.091 00165.782 00166.767 00167.034 00166.386 00169.540 00168.216 00167.412 00166.705 00169.800 00168.448 00167.145 00165.202 00168.827 00167.490 00165.961 00168.480 00167.097 00165.694 00168.623 00167.161 00165.695 00167.729 00228.810 00169.258 00431.413 00481.653 00529.020 00579.529 00162.820 00167.277 00166.828 00166.525
00156.089 00156.786 00157.652 00158.612 00158.756 00159.246 -0001.000 -0001.000 -0001.000 -0001.000 -0001.000 -0001.000 00169.368 00171.082 00170.520 00171.392 00171.827 00170.702 00169.816 00168.247 00167.788 00167.060 00166.599 00166.445 00166.346 00166.153 00166.516 00166.351 00166.636 00166.212 00166.252 00168.119 00167.262 00166.177 00169.314 00167.607 00166.443 00165.174 00408.237 00544.706 00342.945 00173.787 00167.424 00168.820 00165.619 00168.099 00165.137 00166.821 00169.234 00166.634 00167.379 00164.981 00204.852 00246.307 00295.057 00336.271 00163.951 00164.710 00164.028 00163.224
00156.206 00156.895 00157.747 00158.563 00158.948 00159.892 00161.166 00161.269 -0001.000 -0001.000 -0001.000 -0001.000 00168.491 00169.855 00170.895 00171.355 00172.362 00171.949 00170.212 00169.387 00168.712 00168.286 00167.436 00166.229 00166.040 00166.624 00166.475 00166.379 00166.158 00165.860 00165.543 00166.332 00166.219 00166.936 00167.424 00166.224 00169.559 00600.409 00280.947 00549.364 00183.120 00537.588 00318.349 00581.152 00167.904 00169.414 00167.213 00165.208 00167.905 00166.976 00398.047 00538.669 00608.542 00568.519 00585.124 00599.199 00624.068 00164.682 00165.877 00165.701
00156.225 00156.987 00157.674 00158.567 00159.270 00160.241 00161.663 00162.199 00164.643 00164.826 -0001.000 -0001.000 00168.475 00169.594 00169.773 00520.478 00185.253 00171.569 00477.943 00170.660 00169.780 00168.659 00168.274 00167.759 00166.822 00166.508 00166.363 00166.109 00166.686 00166.524 00166.146 00165.714 00166.556 00166.138 00165.811 00273.016 00206.021 00579.741 00583.293 00685.442 00689.190 00400.260 00576.026 00247.109 00166.640 00168.331 00166.012 00167.391 00166.212 00165.869 00166.134 00168.803 00168.481 00375.401 00371.153 00370.776 00163.622 00163.256 00162.984 00162.617
00156.077 00156.832 00157.784 00158.587 00159.224 00160.153 00161.427 00162.896 00164.569 00165.052 00165.565 00165.854 00168.058 00168.456 00459.536 00169.941 00313.292 00507.513 00232.687 00592.397 00343.280 00602.122 00168.890 00168.120 00167.727 00166.800 00166.775 00166.494 00166.223 00165.945 00166.435 00166.080 00166.767 00166.495 00166.756 00166.635 00302.709 00379.146 00683.279 00686.353 00685.749 00683.372 00639.956 00505.081 00165.914 00166.649 00166.759 00166.454 00166.139 00169.499 00169.840 00169.943 00169.272 00672.968 00655.143 00163.141 00164.203 00163.436 00163.235 00163.202
00155.826 00156.618 00157.411 00158.377 00159.042 00160.157 00161.355 00162.680 00164.800 00165.194 00165.836 00166.258 00167.263 00167.688 00251.107 00612.768 00308.622 00514.981 00227.386 00659.368 00456.139 00210.343 00295.083 00169.283 00168.489 00168.465 00167.542 00167.134 00167.180 00166.417 00166.798 00166.473 00166.134 00166.709 00166.880 00167.288 00577.812 00635.747 00663.317 00575.190 00503.284 00587.789 00255.471 00210.053 00166.103 00166.116 00166.071 00166.063 00165.489 00166.959 00167.126 00167.201 00166.853 00420.236 00414.818 00165.901 00164.987 00163.175 00163.793 00163.365
00155.656 00156.424 00157.338 00157.952 00158.770 00159.958 00160.868 00162.167 00163.989 00164.738 00165.409 00165.746 00373.752 00347.613 00304.910 00591.425 00263.796 00481.291 00694.076 00210.940 00589.144 00487.882 00210.105 00170.635 00169.578 00169.062 00168.577 00168.101 00168.751 00167.602 00167.254 00167.288 00166.706 00167.780 00167.856 00188.065 00168.239 00437.529 00562.692 00214.470 00397.994 00584.055 00166.822 00165.613 00166.111 00166.360 00166.295 00166.189 00166.140 00169.566 00169.824 00169.908 00169.321 00675.354 00168.020 00167.168 00166.547 00165.630 00164.232 00163.119
00155.341 00156.099 00156.941 00157.820 00158.549 00159.400 00160.735 00161.735 00163.187 00164.760 00165.227 00165.449 00176.657 00518.929 00255.987 00472.358 00681.956 00412.207 00665.543 00342.744 00469.835 00320.396 00376.285 00545.878 00213.567 00170.377 00169.912 00169.294 00169.025 00168.639 00168.429 00168.277 00167.987 00168.270 00169.143 00168.447 00168.350 00167.817 00167.584 00166.971 00166.671 00165.724 00165.790 00165.972 00166.240 00166.399 00166.312 00165.269 00165.818 00166.278 00166.725 00166.719 00167.640 00421.188 00166.360 00165.430 00164.000 00167.600 00166.793 00165.526
00155.028 00155.783 00156.691 00157.580 00158.079 00158.813 00159.780 00160.706 00161.838 00163.121 00164.328 00164.842 00267.501 00519.743 00175.633 00374.438 00575.072 00307.815 00624.054 00213.806 00429.371 00614.330 00496.014 00665.575 00330.797 00560.318 00332.859 00675.288 00170.584 00169.912 00169.776 00169.451 00169.351 00169.123 00169.575 00169.057 00168.459 00167.950 00167.518 00167.093 00166.138 00166.076 00166.418 00166.388 00166.494 00166.331 00165.956 00166.273 00167.033 00167.840 00167.933 00169.034 00169.722 00675.670 00167.805 00166.929 00165.943 00164.893 00164.116 00167.370
00154.758 00155.436 00156.149 00156.921 00157.636 00158.087 00158.836 00159.867 00160.710 00161.808 00162.834 00164.136 00252.407 00468.589 00614.450 00212.837 00436.345 00677.385 00311.358 00481.799 00170.578 00317.291 00511.394 00257.310 00575.522 00553.859 00361.289 00170.419 00171.110 00171.459 00171.191 00170.821 00171.602 00170.087 00169.322 00168.899 00168.920 00167.449 00167.036 00166.885 00166.786 00166.795 00166.716 00165.569 00165.767 00168.582 00168.897 00168.758 00168.408 00168.440 00169.529 00168.113 00168.364 00167.668 00166.020 00164.351 00168.051 00166.829 00165.880 00165.318
00154.240 00155.030 00155.719 00156.514 00156.963 00157.704 00158.193 00158.851 00159.752 00160.491 00161.297 00162.084 00182.235 00495.793 00663.569 00371.695 00235.003 00511.332 00450.423 00237.286 00324.704 00470.370 00657.550 00340.707 00586.406 00229.921 00693.099 00580.338 00171.145 00170.882 00171.067 00171.157 00171.357 00170.441 00169.276 00168.859 00167.575 00167.444 00167.314 00167.223 00166.905 00166.202 00165.722 00165.249 00166.575 00167.071 00166.707 00165.295 00165.144 00165.768 00166.139 00166.105 00169.428 00168.757 00167.799 00166.467 00165.541 00165.303 00167.742 00166.859
00153.155 00154.605 00155.125 00155.734 00156.550 00157.082 00157.582 00158.061 00158.749 00159.331 00159.967 00392.288 00161.255 00291.653 00429.833 00515.624 00549.653 00609.734 00262.621 00494.741 00206.222 00589.306 00267.049 00389.417 00590.556 00212.143 00297.049 00358.922 00170.556 00170.275 00170.303 00170.889 00171.978 00170.638 00169.981 00168.745 00167.432 00166.686 00166.532 00166.501 00166.825 00166.902 00166.807 00166.626 00166.482 00168.690 00168.508 00167.560 00166.416 00166.115 00167.575 00167.035 00167.477 00166.820 00165.935 00168.814 00167.963 00167.139 00166.323 00165.611
00152.243 00153.556 00154.780 00155.309 00156.154 00156.461 00157.049 00157.639 00157.829 00158.493 00161.266 00305.580 00364.068 00659.776 00236.632 00232.231 00295.084 00392.879 00201.293 00180.177 00409.857 00675.577 00380.177 00647.137 00178.240 00525.699 00528.753 00578.132 00169.446 00170.577 00170.505 00170.602 00171.340 00171.096 00169.915 00169.777 00168.769 00167.507 00166.202 00166.733 00166.761 00167.024 00166.992 00166.893 00166.752 00166.662 00166.580 00169.744 00169.042 00167.684 00166.790 00164.992 00169.483 00168.655 00167.869 00166.978 00166.257 00165.235 00168.019 00166.889
00151.095 00152.269 00153.656 00154.670 00155.299 00155.867 00156.537 00156.858 00157.231 00157.654 00157.837 00157.927 00157.861 00267.780 00362.485 00385.282 00294.293 00591.938 00490.318 00291.214 00509.669 00424.238 00228.039 00260.174 00584.052 00357.365 00308.310 00167.602 00168.415 00170.154 00171.057 00170.459 00170.919 00172.215 00171.172 00169.950 00169.013 00168.104 00167.406 00167.350 00167.346 00167.274 00166.859 00166.841 00166.749 00166.589 00166.584 00167.460 00166.751 00169.718 00168.834 00167.845 00167.483 00166.975 00165.778 00169.132 00167.965 00166.727 00165.515 00168.378
00149.610 00151.209 00152.632 00153.794 00154.680 00155.212 00155.963 00156.227 00156.731 00156.879 00157.227 00157.506 00157.450 00161.842 00445.317 00502.689 00368.274 00312.085 00231.002 00632.403 00592.966 00169.269 00523.316 00484.944 00356.383 00694.051 00167.425 00167.343 00168.753 00169.199 00169.528 00170.433 00170.438 00171.100 00172.042 00171.679 00170.165 00169.531 00167.673 00167.107 00167.054 00167.022 00167.025 00167.055 00167.016 00166.696 00166.579 00166.562 00167.263 00169.950 00167.573 00166.887 00169.534 00168.064 00167.520 00166.651 00169.415 00168.344 00167.379 00166.343
