data/trial5/ashley.rci
NCOLS 382
NROWS 266
XLLCORNER 157819.328125
YLLCORNER 384678.625000
CELLSIZE 30.000000
NODATA_VALUE -1
[rows 234 to 259 of 266, columns 240 to 299 of 382]
00159.611 00159.961 00160.213 00160.434 00160.744 00160.892 00161.189 00161.778 00162.486 00161.759 00161.897 00161.895 00161.951 00161.922 00161.907 00161.741 00161.547 00161.489 00161.138 00160.930 00160.629 00160.305 00160.009 00159.858 00159.390 00158.985 00158.694 00158.510 00158.192 00157.850 00157.716 00157.753 00157.651 00157.506 00166.071 00606.156 00625.176 00163.679 00160.486 00162.796 00163.725 00163.474 00163.599 00163.129 00162.983 00162.675 00162.507 00162.388 00162.033 00162.085 00161.390 00160.916 00160.708 00160.666 00160.521 00160.535 00160.550 00160.069 00159.946 00159.683
00158.591 00158.772 00158.938 00159.493 00159.566 00159.834 00160.165 00160.214 00160.704 00160.331 00160.530 00160.519 00160.610 00160.564 00160.519 00160.459 00160.265 00160.092 00160.048 00159.852 00159.695 00159.394 00159.161 00158.876 00158.726 00158.536 00158.103 00157.883 00157.739 00157.597 00157.690 00157.545 00157.392 00157.244 00157.108 00156.861 00248.321 00157.850 00159.548 00161.279 00161.732 00161.719 00161.717 00161.696 00161.500 00161.408 00161.089 00161.018 00160.572 00160.422 00160.303 00159.719 00159.584 00159.508 00159.540 00159.328 00159.200 00159.110 00158.781 00158.688
00157.680 00157.881 00157.966 00158.533 00158.601 00158.813 00158.821 00158.931 00159.316 00159.190 00159.257 00159.368 00159.350 00159.424 00159.378 00159.413 00159.217 00159.129 00158.950 00158.839 00158.687 00158.621 00158.484 00158.238 00158.017 00157.852 00157.740 00157.591 00157.671 00157.526 00157.383 00157.155 00157.226 00156.896 00156.774 00402.541 00156.799 00157.995 00159.003 00160.064 00160.143 00160.246 00160.331 00160.365 00160.219 00160.197 00160.002 00159.814 00159.781 00159.745 00159.153 00158.900 00158.733 00158.596 00158.613 00158.675 00158.377 00158.318 00158.293 00146.517
00157.212 00157.432 00157.636 00157.719 00157.928 00157.810 00157.894 00157.911 00158.079 00158.295 00158.439 00158.517 00158.512 00158.550 00158.531 00158.512 00158.498 00158.319 00158.172 00158.006 00157.985 00157.846 00157.746 00157.822 00157.646 00157.477 00157.553 00157.411 00157.172 00157.226 00157.052 00156.879 00156.752 00156.611 00156.551 00165.657 00156.950 00158.028 00158.404 00158.673 00158.922 00159.081 00159.191 00159.140 00159.213 00159.106 00158.979 00158.818 00158.714 00158.644 00158.594 00158.048 00158.051 00157.932 00157.806 00157.880 00157.922 00157.958 00096.117 00057.866
00156.481 00156.892 00156.907 00157.239 00157.125 00157.320 00157.276 00157.440 00157.595 00157.527 00157.693 00157.625 00157.781 00157.692 00157.843 00157.752 00157.663 00157.781 00157.628 00157.711 00157.554 00157.403 00157.490 00157.351 00157.217 00157.304 00157.151 00156.948 00156.842 00156.739 00156.647 00156.553 00156.388 00156.229 00156.238 00156.292 00156.567 00157.307 00157.675 00157.828 00158.039 00157.957 00158.373 00158.404 00158.428 00158.271 00158.127 00158.094 00157.877 00157.751 00157.616 00157.842 00157.805 00157.758 00157.395 00157.552 00157.577 00157.160 00157.072 00156.800
00155.983 00156.177 00156.121 00156.431 00156.455 00156.585 00156.680 00156.772 00156.862 00156.998 00157.028 00157.191 00157.136 00157.281 00157.206 00157.347 00157.271 00157.196 00157.322 00157.197 00157.070 00157.139 00156.957 00156.875 00156.801 00156.719 00156.649 00156.576 00156.482 00156.395 00156.296 00156.105 00155.920 00155.764 00155.906 00155.765 00155.812 00156.433 00156.925 00157.234 00157.323 00157.468 00157.290 00157.715 00157.633 00157.779 00157.618 00157.605 00157.343 00157.476 00157.211 00157.457 00157.421 00157.281 00157.224 00157.167 00157.214 00156.753 00156.489 00156.214
00155.296 00155.473 00155.927 00155.664 00155.765 00155.965 00156.048 00156.193 00156.257 00156.400 00156.469 00156.524 00156.582 00156.640 00156.647 00156.663 00156.665 00156.668 00156.659 00156.647 00156.602 00156.558 00156.503 00156.457 00156.405 00156.302 00156.230 00156.099 00156.068 00156.028 00155.785 00155.618 00155.449 00155.314 00155.497 00155.497 00155.227 00155.760 00156.335 00156.420 00156.448 00156.847 00156.952 00156.945 00157.115 00156.933 00156.749 00157.013 00157.215 00156.873 00156.607 00156.969 00157.040 00156.687 00156.824 00156.402 00156.117 00156.279 00156.072 00155.919
00154.691 00154.903 00154.932 00155.067 00155.199 00155.341 00155.490 00155.568 00155.725 00155.779 00155.822 00155.961 00155.973 00156.073 00156.061 00156.109 00156.156 00156.108 00156.164 00156.113 00156.156 00156.059 00156.041 00156.022 00155.892 00155.868 00155.848 00155.694 00155.656 00155.523 00155.263 00154.994 00155.321 00155.216 00155.123 00155.032 00154.934 00155.120 00155.703 00155.739 00155.847 00155.959 00156.329 00156.372 00156.557 00156.577 00156.489 00156.308 00156.470 00156.331 00156.528 00156.585 00156.360 00156.352 00156.403 00156.418 00155.746 00155.752 00155.532 00155.650
00153.226 00153.801 00154.215 00154.579 00154.683 00154.878 00154.909 00154.984 00155.091 00155.167 00155.275 00155.355 00155.440 00155.458 00155.553 00155.550 00155.626 00155.604 00155.567 00155.632 00155.570 00155.612 00155.537 00155.506 00155.473 00155.352 00155.364 00155.307 00155.246 00155.160 00154.941 00155.000 00154.930 00154.886 00154.922 00154.757 00154.622 00154.524 00155.202 00155.139 00155.374 00155.614 00155.608 00155.576 00155.909 00155.955 00155.912 00155.987 00155.942 00156.049 00156.106 00155.957 00156.051 00156.071 00156.078 00155.536 00155.399 00155.107 00154.952 00155.170
00151.921 00152.418 00152.620 00153.248 00153.334 00153.802 00154.159 00154.276 00154.593 00154.619 00154.764 00154.938 00154.910 00154.927 00154.981 00155.041 00155.063 00155.090 00155.096 00155.096 00155.104 00155.086 00155.085 00155.055 00155.019 00154.961 00154.931 00154.958 00154.903 00154.774 00154.849 00154.513 00154.187 00154.526 00154.314 00154.092 00153.869 00153.481 00154.066 00154.696 00154.767 00154.955 00155.137 00155.263 00155.372 00155.483 00155.356 00155.241 00155.510 00155.513 00155.617 00155.718 00155.816 00155.361 00155.342 00155.256 00155.178 00154.979 00154.704 00154.433
00150.264 00150.893 00151.186 00151.808 00152.038 00152.430 00152.504 00153.027 00153.062 00153.466 00153.537 00153.948 00154.208 00154.243 00154.454 00154.502 00154.560 00154.682 00154.582 00154.663 00154.747 00154.644 00154.742 00154.657 00154.573 00154.602 00154.387 00154.375 00154.381 00153.999 00154.014 00153.391 00153.438 00153.385 00153.350 00152.868 00152.807 00152.695 00152.424 00152.988 00153.700 00154.302 00154.572 00154.756 00154.776 00154.925 00154.960 00154.925 00154.890 00155.051 00155.077 00155.106 00155.180 00155.034 00154.940 00154.790 00154.370 00154.642 00154.266 00154.689
00148.221 00148.993 00149.448 00150.122 00150.436 00150.918 00151.102 00151.603 00151.800 00152.150 00152.468 00152.496 00152.517 00152.894 00153.257 00153.243 00153.230 00153.196 00153.456 00153.302 00153.583 00153.402 00153.606 00153.352 00153.488 00153.624 00153.301 00153.388 00153.066 00153.178 00152.663 00152.474 00152.201 00152.261 00152.229 00152.144 00151.762 00151.821 00151.858 00151.797 00152.686 00152.629 00153.472 00153.331 00153.720 00154.143 00153.952 00154.542 00154.538 00154.533 00154.677 00154.613 00154.725 00154.554 00154.481 00153.980 00154.327 00153.943 00153.971 00153.344
00145.895 00146.962 00147.684 00148.049 00148.424 00149.064 00149.680 00149.932 00150.432 00150.599 00150.963 00151.044 00151.452 00151.537 00151.864 00151.909 00152.214 00152.235 00152.186 00152.366 00152.260 00152.464 00152.313 00152.457 00152.255 00152.343 00152.135 00152.177 00152.182 00151.926 00151.936 00151.376 00150.950 00151.300 00151.257 00151.025 00151.143 00151.203 00150.328 00150.070 00151.186 00151.217 00152.064 00152.115 00152.359 00152.527 00152.790 00153.050 00153.164 00153.397 00153.195 00153.383 00153.571 00153.157 00153.022 00152.986 00152.845 00152.768 00152.514 00152.233
00139.703 00141.484 00143.422 00144.840 00146.372 00147.039 00147.625 00147.846 00148.437 00148.649 00149.146 00149.323 00149.807 00149.902 00150.241 00150.605 00150.665 00150.696 00150.992 00150.910 00151.090 00150.995 00150.905 00151.029 00151.154 00150.948 00151.020 00150.786 00150.529 00150.277 00150.360 00150.094 00149.978 00149.623 00149.983 00150.249 00149.425 00149.407 00149.363 00149.308 00149.140 00149.469 00150.210 00150.629 00151.011 00151.464 00151.624 00152.041 00151.958 00152.093 00152.222 00152.016 00151.892 00151.775 00151.994 00151.786 00151.925 00151.703 00151.463 00151.382
00132.780 00134.959 00136.736 00138.321 00140.444 00141.863 00143.410 00144.502 00145.776 00146.915 00147.147 00147.612 00147.722 00148.206 00148.270 00148.675 00148.743 00149.142 00149.196 00149.235 00149.444 00149.348 00149.567 00149.455 00149.584 00149.396 00149.373 00149.327 00149.233 00148.976 00148.726 00148.611 00148.270 00148.363 00148.351 00148.072 00148.326 00147.501 00147.437 00147.490 00147.338 00148.311 00148.154 00148.992 00149.356 00150.011 00149.998 00150.574 00151.179 00150.485 00150.395 00150.305 00150.525 00150.753 00150.647 00150.667 00150.500 00150.524 00150.249 00149.994
00119.582 00122.333 00126.091 00130.858 00133.773 00135.426 00136.788 00137.961 00139.716 00141.258 00142.224 00143.398 00144.181 00145.159 00145.707 00146.436 00147.138 00147.171 00147.197 00147.561 00147.498 00147.721 00147.588 00147.826 00147.659 00147.809 00147.560 00147.526 00147.426 00147.406 00147.297 00147.243 00146.982 00146.973 00146.457 00146.586 00145.468 00145.338 00145.254 00143.366 00142.403 00143.198 00145.144 00146.810 00147.375 00148.149 00148.809 00148.367 00148.833 00148.783 00148.526 00148.893 00149.143 00148.957 00149.156 00149.017 00149.002 00148.794 00148.730 00148.471
00105.892 00109.747 00113.900 00117.523 00120.572 00123.074 00126.464 00130.434 00132.921 00134.618 00135.859 00136.820 00137.645 00138.817 00139.879 00140.769 00141.732 00142.286 00143.063 00143.461 00143.843 00144.174 00144.490 00144.456 00144.759 00144.560 00144.679 00144.135 00144.135 00144.201 00143.773 00143.339 00142.897 00142.130 00141.661 00141.020 00140.705 00139.532 00138.843 00137.613 00136.657 00136.720 00138.773 00141.128 00142.927 00143.859 00145.593 00145.772 00146.497 00147.025 00146.972 00147.245 00147.093 00147.335 00147.239 00147.269 00147.149 00147.129 00146.979 00146.830
00090.772 00094.236 00098.012 00102.746 00107.008 00110.642 00113.783 00117.016 00119.582 00121.737 00123.948 00126.791 00129.932 00131.645 00133.208 00134.345 00135.257 00136.041 00136.591 00137.035 00137.511 00137.756 00137.988 00138.196 00138.414 00138.370 00138.062 00138.325 00137.711 00137.872 00137.769 00137.378 00136.903 00136.409 00135.967 00135.377 00134.567 00133.961 00132.578 00131.345 00129.542 00126.016 00131.347 00134.473 00136.395 00137.812 00138.437 00139.748 00140.636 00141.700 00142.477 00142.747 00143.137 00143.311 00143.378 00143.338 00143.202 00143.123 00142.690 00142.254
00062.873 00073.327 00082.174 00088.484 00092.127 00094.855 00097.698 00101.784 00105.721 00108.668 00111.552 00113.905 00116.478 00118.385 00120.202 00121.567 00122.939 00124.579 00126.162 00128.283 00129.784 00130.649 00130.997 00131.348 00131.634 00131.895 00131.721 00131.499 00131.509 00131.153 00130.840 00130.585 00129.569 00127.742 00125.584 00123.796 00122.411 00121.124 00119.823 00118.283 00116.648 00113.825 00118.258 00121.768 00124.768 00129.201 00131.185 00132.975 00134.034 00134.953 00135.757 00136.099 00136.517 00136.662 00136.939 00136.871 00136.945 00136.806 00136.710 00136.314
00145.105 00139.877 00088.945 00056.413 00066.689 00075.091 00081.815 00087.828 00090.493 00093.156 00095.670 00097.951 00100.863 00103.501 00106.110 00107.904 00110.035 00112.028 00113.429 00114.972 00116.165 00117.351 00117.686 00118.021 00118.468 00118.658 00118.852 00118.729 00118.572 00118.056 00117.825 00117.435 00116.427 00114.943 00113.455 00111.632 00109.607 00107.631 00106.067 00104.006 00101.593 00099.082 00103.898 00108.929 00112.332 00115.463 00117.256 00118.814 00120.528 00121.633 00122.454 00123.649 00125.062 00126.871 00128.478 00128.527 00128.550 00128.487 00128.275 00126.861
00153.063 00151.637 00150.508 00145.177 00141.371 00140.351 00083.152 00051.971 00062.848 00070.836 00077.317 00082.539 00087.425 00089.089 00090.767 00092.322 00093.909 00095.669 00097.074 00098.771 00100.402 00102.184 00102.687 00103.220 00103.947 00104.315 00104.684 00104.500 00104.384 00103.693 00103.077 00102.435 00101.291 00099.171 00097.518 00095.890 00094.017 00092.402 00091.159 00089.905 00088.410 00086.588 00089.126 00093.157 00095.517 00098.251 00099.626 00101.191 00104.139 00106.230 00107.392 00109.575 00111.650 00113.246 00114.731 00114.682 00114.644 00114.713 00114.783 00113.956
00153.902 00154.423 00153.798 00153.179 00152.134 00152.254 00148.179 00147.168 00145.612 00143.326 00140.332 00063.033 00047.107 00059.873 00064.698 00069.302 00073.630 00077.287 00081.012 00084.349 00087.233 00088.293 00088.826 00089.180 00089.610 00089.831 00090.125 00090.023 00089.921 00089.649 00089.297 00088.813 00088.328 00086.949 00083.936 00080.902 00077.057 00072.957 00069.100 00065.727 00061.581 00057.187 00056.400 00070.240 00075.598 00080.156 00082.273 00083.094 00087.785 00089.799 00091.387 00093.121 00094.968 00096.364 00097.849 00098.027 00098.068 00098.158 00098.232 00097.736
00155.861 00155.728 00155.357 00154.961 00154.136 00154.381 00153.379 00152.083 00153.237 00153.029 00152.505 00148.198 00147.454 00144.314 00140.093 00144.379 00139.023 00132.752 00086.476 00024.030 00050.541 00058.067 00060.426 00061.585 00062.746 00063.621 00064.453 00064.452 00064.207 00063.786 00062.666 00115.732 00209.765 00064.672 00060.412 00045.315 00114.385 00137.752 00143.383 00144.530 00145.490 00146.066 00146.860 00144.740 00142.751 00139.878 00107.345 00058.388 00048.029 00061.689 00066.471 00071.423 00075.907 00079.265 00082.185 00083.391 00083.612 00083.848 00084.063 00083.842
00156.852 00156.860 00156.337 00156.017 00155.658 00154.971 00155.296 00154.635 00154.847 00154.521 00154.336 00153.776 00153.337 00152.979 00151.728 00150.459 00152.073 00150.885 00150.123 00146.841 00146.896 00145.831 00145.837 00145.959 00146.100 00145.076 00144.530 00144.990 00144.486 00144.019 00358.165 00283.175 00105.428 00020.191 00000.000 00041.269 00142.865 00151.071 00152.458 00152.776 00152.722 00153.103 00153.305 00153.411 00152.779 00152.244 00151.371 00147.541 00146.908 00145.184 00144.592 00143.080 00140.271 00105.951 00058.796 00023.385 00018.324 00013.691 00010.041 00006.382
00464.642 00152.527 00357.916 00401.556 00156.955 00156.411 00160.396 00156.065 00155.753 00155.652 00155.254 00155.130 00154.726 00154.513 00154.386 00153.838 00154.484 00154.044 00153.495 00153.632 00153.115 00153.031 00152.590 00283.664 00478.997 00160.521 00388.394 00616.562 00290.410 00470.257 00164.837 00381.159 00168.967 00135.391 00000.000 00139.901 00144.432 00152.144 00153.632 00154.254 00154.386 00154.407 00154.707 00154.760 00154.574 00154.148 00153.696 00153.695 00153.582 00152.832 00152.815 00152.751 00152.316 00149.206 00147.510 00146.586 00146.761 00146.199 00147.020 00146.597
00446.816 00642.631 00323.894 00523.267 00099.790 00364.686 00157.082 00333.482 00545.539 00238.146 00441.097 00624.309 00155.917 00155.693 00155.223 00155.423 00155.164 00155.420 00155.085 00155.097 00154.775 00227.281 00447.882 00631.877 00332.667 00521.560 00225.797 00457.800 00183.425 00360.273 00535.033 00373.005 00247.672 00364.251 00552.653 00145.600 00152.415 00153.513 00154.308 00154.756 00155.069 00155.417 00155.413 00155.698 00155.769 00155.386 00155.043 00155.106 00154.793 00154.706 00154.527 00154.228 00154.093 00153.636 00153.614 00153.268 00153.347 00153.132 00149.028 00053.418
