data/trial5/ashley.fli
NCOLS 382
NROWS 266
XLLCORNER 157819.328125
YLLCORNER 384678.625000
CELLSIZE 30.000000
NODATA_VALUE -1
[rows 78 to 103 of 266, columns 180 to 239 of 382]
-0001.000 -0001.000 -0001.000 -0001.000 -0001.000 -0001.000 -0001.000 -0001.000 -0001.000 -0001.000 -0001.000 -0001.000 -0001.000 -0001.000 00022.343 00026.514 00027.856 00024.739 00024.425 00021.146 00018.250 00017.408 00016.438 00012.401 00010.005 00013.180 00016.604 00018.431 00024.347 00028.908 00029.414 00029.420 00011.107 00006.056 00007.934 00005.029 00001.137 00001.111 00001.815 00001.756 00001.711 00001.570 00003.282 00003.350 00002.931 00091.699 00072.307 00075.735 00064.774 00058.593 00064.367 00071.652 00085.823 00081.898 00071.441 00072.314 00050.011 00050.501 00050.918 00063.416
-0001.000 -0001.000 -0001.000 -0001.000 -0001.000 -0001.000 -0001.000 -0001.000 -0001.000 -0001.000 -0001.000 -0001.000 -0001.000 00022.465 00025.678 00028.148 00030.165 00027.063 00023.426 00017.704 00016.176 00010.471 00012.397 00017.149 00016.888 00020.500 00023.286 00093.158 00123.255 00135.593 00134.972 00035.521 00006.224 00000.711 00001.427 00001.801 00001.786 00001.481 00002.288 00002.690 00002.239 00001.801 00001.798 00003.283 00032.782 00080.645 00071.636 00068.245 00063.792 00056.562 00060.532 00064.531 00070.161 00067.761 00074.962 00085.745 00070.615 00045.751 00048.931 00058.012
-0001.000 -0001.000 -0001.000 -0001.000 -0001.000 -0001.000 -0001.000 -0001.000 -0001.000 -0001.000 -0001.000 -0001.000 00019.459 00023.344 00024.974 00027.429 00029.021 00027.284 00016.806 00015.727 00011.059 00017.138 00017.321 00024.269 00021.828 00051.959 00098.571 00121.159 00138.507 00159.008 00177.973 00105.867 00002.536 00001.957 00001.610 00001.696 00001.684 00001.583 00002.513 00002.828 00200.530 00049.567 00001.567 00002.264 00016.097 00042.187 00066.825 00059.794 00058.289 00051.465 00055.943 00053.980 00054.952 00069.810 00083.601 00089.976 00058.711 00055.340 00059.131 00051.989
00025.278 00027.072 00028.879 00030.447 00030.577 00026.911 00023.909 00024.430 00026.437 00028.023 00026.130 00024.434 00020.770 00021.404 00022.109 00024.460 00024.430 00024.043 00017.193 00014.285 00016.765 00024.903 00026.213 00091.448 00165.263 00150.197 00136.192 00147.959 00170.122 00187.147 00200.961 00218.164 00135.936 00002.878 00002.278 00001.734 00001.643 00001.452 00001.426 00002.927 00184.804 00140.379 00075.200 00052.885 00013.769 00052.146 00054.373 00052.282 00050.035 00046.651 00051.312 00049.961 00055.099 00070.962 00080.247 00075.602 00059.271 00069.720 00059.093 00057.515
00025.170 00027.066 00029.417 00030.399 00028.988 00026.562 00025.394 00026.374 00028.077 00030.229 00030.003 00019.812 00019.075 00019.275 00019.728 00019.703 00018.244 00016.270 00017.326 00017.756 00026.285 00042.337 00133.472 00125.445 00198.696 00214.133 00208.750 00187.138 00183.559 00209.623 00222.984 00243.337 00232.184 00177.910 00003.020 00002.234 00001.675 00001.458 00001.257 00003.412 00202.474 00158.995 00073.267 00065.324 00037.374 00061.110 00058.939 00044.483 00043.452 00045.550 00051.443 00047.848 00050.120 00056.870 00071.729 00060.633 00064.568 00058.745 00054.021 00057.560
00024.227 00025.729 00026.221 00027.207 00025.449 00024.429 00024.613 00025.733 00026.362 00027.573 00028.881 00017.028 00016.676 00015.687 00013.421 00017.874 00018.773 00020.070 00017.712 00024.151 00031.669 00150.888 00154.424 00152.024 00192.267 00223.502 00233.210 00238.239 00232.975 00223.023 00215.182 00226.871 00234.074 00243.936 00116.798 00003.001 00001.991 00001.286 00001.127 00003.069 00147.494 00111.161 00069.073 00062.612 00060.480 00059.060 00057.401 00045.663 00045.162 00047.609 00051.513 00046.476 00045.039 00054.419 00058.379 00059.327 00054.799 00050.687 00052.880 00054.146
00026.292 00023.665 00023.400 00022.861 00022.345 00021.762 00022.396 00022.040 00021.846 00021.529 00020.389 00012.669 00007.383 00002.690 00016.060 00019.435 00021.562 00016.379 00025.066 00024.605 00095.489 00141.264 00152.514 00156.383 00224.865 00227.133 00232.714 00239.465 00234.986 00230.820 00215.310 00214.257 00217.661 00220.791 00233.501 00249.034 00003.310 00001.754 00000.802 00001.112 00040.314 00065.062 00058.374 00056.524 00055.647 00054.800 00053.632 00049.756 00047.035 00050.004 00050.725 00047.160 00045.765 00052.974 00054.919 00051.467 00049.986 00053.015 00051.784 00058.583
00016.653 00016.399 00019.605 00023.797 00026.160 00012.597 00008.764 00006.098 00009.764 00009.429 00010.355 00003.849 00008.567 00012.755 00021.517 00026.118 00027.332 00019.852 00029.155 00048.334 00085.137 00106.504 00126.041 00153.468 00206.806 00217.192 00220.274 00224.283 00227.023 00238.800 00234.753 00226.491 00217.175 00210.355 00212.193 00224.762 00235.758 00003.030 00001.238 00000.950 00005.583 00045.082 00050.636 00048.380 00049.341 00050.279 00052.533 00049.188 00047.881 00049.988 00048.424 00048.475 00046.139 00046.676 00048.496 00047.741 00050.786 00053.159 00054.731 00056.833
00012.954 00020.764 00014.816 00013.732 00022.360 00010.574 00012.852 00007.819 00007.068 00009.400 00010.610 00016.944 00018.500 00020.080 00024.509 00023.826 00022.409 00020.880 00040.985 00072.096 00082.388 00097.043 00099.271 00139.572 00176.859 00201.004 00213.987 00220.609 00227.803 00258.230 00263.720 00254.588 00231.322 00210.451 00200.641 00214.458 00233.893 00223.627 00001.866 00000.649 00001.876 00055.003 00039.226 00036.147 00043.424 00049.073 00049.521 00047.615 00051.590 00045.300 00041.675 00048.210 00047.645 00045.130 00041.047 00041.987 00045.589 00044.837 00048.610 00073.709
00049.000 00048.607 00035.290 00007.962 00002.903 00025.857 00000.536 00013.834 00014.556 00020.091 00023.792 00019.906 00020.711 00020.535 00024.170 00021.346 00023.753 00033.336 00076.198 00072.366 00068.134 00072.981 00085.342 00128.119 00156.311 00183.361 00211.088 00224.607 00234.629 00261.088 00283.340 00289.491 00263.507 00226.876 00194.766 00207.780 00229.018 00125.568 00002.500 00000.972 00001.130 00034.646 00014.753 00021.155 00036.798 00024.045 00033.181 00045.107 00048.320 00019.894 00048.297 00030.159 00047.257 00022.274 00030.565 00037.371 00025.928 00024.678 -0001.000 -0001.000
00111.932 00040.457 00031.318 00018.840 00019.348 00011.860 00021.164 00017.729 00023.087 00027.952 00037.064 00035.597 00026.664 00028.557 00038.037 00032.042 00042.929 00069.971 00089.674 00095.687 00062.559 00059.764 00066.498 00113.362 00135.123 00158.505 00186.192 00216.223 00229.940 00246.224 00285.333 00299.707 00284.815 00272.885 00223.023 00208.356 00217.191 00074.247 00009.759 00001.192 00000.795 00015.980 00022.793 00011.639 00012.814 00018.606 00014.789 00012.094 00011.065 00010.913 00010.579 00010.677 00011.751 00015.553 -0001.000 -0001.000 -0001.000 -0001.000 -0001.000 -0001.000
00103.576 00020.976 00000.813 00022.386 00016.059 00026.732 00027.318 00025.957 00029.255 00030.138 00036.210 00037.588 00040.348 00042.187 00042.094 00052.237 00056.773 00068.356 00092.176 00100.235 00084.707 00062.293 00066.110 00092.754 00111.789 00133.750 00171.580 00202.319 00222.258 00241.496 00271.972 00288.492 00288.021 00273.764 00242.491 00213.789 00194.308 00075.040 00127.712 00002.172 00000.818 00000.961 00020.444 00024.159 00016.962 00011.731 00010.946 00012.030 00012.513 -0001.000 -0001.000 -0001.000 -0001.000 -0001.000 -0001.000 -0001.000 -0001.000 -0001.000 -0001.000 -0001.000
00074.939 00004.302 00021.582 00029.898 00032.596 00031.852 00032.188 00026.972 00031.642 00039.457 00043.426 00043.491 00049.540 00043.379 00048.393 00056.714 00056.395 00070.999 00103.229 00108.942 00089.178 00073.929 00068.616 00085.282 00092.509 00109.420 00136.263 00192.586 00238.744 00258.222 00274.019 00245.973 00245.989 00250.943 00220.450 00215.179 00222.520 00082.726 00073.921 00069.057 00000.960 00000.937 00001.424 00023.910 00020.513 00016.150 00011.154 -0001.000 -0001.000 -0001.000 -0001.000 -0001.000 -0001.000 -0001.000 -0001.000 -0001.000 -0001.000 -0001.000 -0001.000 -0001.000
00055.191 00018.452 00029.681 00037.231 00034.171 00035.659 00037.172 00027.580 00033.844 00042.836 00058.705 00050.284 00049.430 00047.150 00051.361 00058.026 00060.232 00071.265 00104.664 00107.598 00088.093 00078.445 00080.645 00090.162 00086.435 00093.367 00118.254 00145.667 00212.202 00264.943 00274.342 00251.099 00224.617 00227.645 00190.968 00207.082 00059.083 00084.007 00127.031 00194.953 00001.644 00000.804 00001.182 00001.273 00015.776 00016.700 00015.887 00014.279 -0001.000 -0001.000 -0001.000 -0001.000 -0001.000 -0001.000 -0001.000 -0001.000 -0001.000 -0001.000 -0001.000 -0001.000
00004.969 00023.961 00035.013 00039.410 00034.733 00038.507 00046.599 00047.242 00039.486 00046.387 00060.170 00051.057 00048.538 00049.725 00053.563 00055.239 00060.739 00078.822 00116.849 00102.966 00092.710 00092.487 00104.098 00105.194 00095.941 00088.582 00102.716 00128.175 00167.092 00232.520 00255.101 00251.508 00241.854 00228.425 00217.759 00194.298 00059.734 00089.979 00131.523 00198.611 00149.318 00001.174 00000.951 00001.068 00001.070 00007.008 00019.727 00022.579 -0001.000 -0001.000 -0001.000 -0001.000 -0001.000 -0001.000 -0001.000 -0001.000 -0001.000 -0001.000 -0001.000 -0001.000
00023.908 00026.989 00035.751 00040.630 00035.841 00041.159 00055.325 00046.632 00032.679 00046.847 00059.138 00053.337 00046.873 00047.853 00051.723 00052.749 00060.423 00091.831 00124.352 00114.918 00088.466 00099.031 00116.675 00128.100 00115.794 00099.584 00094.738 00112.546 00123.824 00182.155 00209.584 00237.315 00248.720 00239.436 00235.646 00154.302 00059.126 00087.175 00163.858 00226.644 00190.812 00144.964 00001.309 00000.884 00001.000 00001.157 00008.828 00017.239 -0001.000 -0001.000 -0001.000 -0001.000 -0001.000 -0001.000 -0001.000 -0001.000 -0001.000 -0001.000 -0001.000 -0001.000
00033.303 00031.344 00034.772 00040.248 00042.327 00043.619 00050.604 00049.059 00044.201 00046.366 00058.595 00062.530 00046.528 00046.291 00049.997 00050.740 00059.965 00087.584 00146.923 00125.078 00089.241 00102.963 00124.077 00132.864 00124.149 00122.555 00097.280 00101.039 00112.649 00136.670 00173.523 00216.103 00248.165 00251.358 00228.049 00063.020 00064.374 00116.714 00187.771 00228.016 00215.973 00191.076 00113.456 00001.170 00000.757 00000.981 00013.862 00009.754 -0001.000 -0001.000 -0001.000 -0001.000 -0001.000 -0001.000 -0001.000 -0001.000 -0001.000 -0001.000 -0001.000 -0001.000
00031.293 00021.734 00031.935 00042.059 00051.050 00045.699 00056.709 00062.015 00048.341 00048.344 00060.905 00063.886 00046.922 00046.631 00049.224 00048.934 00060.078 00092.185 00231.746 00121.994 00080.450 00146.437 00126.780 00131.834 00125.698 00122.638 00120.109 00103.674 00107.154 00108.315 00161.940 00192.174 00241.579 00262.156 00259.780 00068.525 00076.206 00132.622 00209.258 00225.026 00236.363 00224.812 00160.799 00093.692 00000.889 00000.881 00007.867 00001.826 -0001.000 -0001.000 -0001.000 -0001.000 -0001.000 -0001.000 -0001.000 -0001.000 -0001.000 -0001.000 -0001.000 -0001.000
00027.839 00018.123 00035.285 00046.332 00051.402 00049.948 00059.449 00057.353 00051.258 00051.144 00062.456 00068.585 00063.089 00048.742 00046.555 00048.211 00059.364 00106.711 00221.669 00086.709 00070.483 00151.998 00141.092 00132.826 00126.122 00123.263 00123.140 00124.137 00112.569 00106.957 00121.535 00171.702 00223.658 00278.905 00287.792 00066.571 00088.166 00154.689 00215.680 00212.250 00232.036 00248.965 00183.984 00118.515 00078.362 00000.646 00001.043 00001.228 -0001.000 -0001.000 -0001.000 -0001.000 -0001.000 -0001.000 -0001.000 -0001.000 -0001.000 -0001.000 -0001.000 -0001.000
00032.069 00030.434 00041.340 00050.392 00050.588 00053.753 00050.954 00055.396 00047.832 00053.347 00059.356 00071.835 00067.653 00050.927 00042.887 00047.892 00057.168 00142.919 00199.557 00104.527 00101.934 00136.719 00132.638 00125.140 00123.459 00119.007 00122.194 00123.661 00125.484 00104.026 00102.571 00153.646 00197.151 00277.445 00060.054 00067.668 00099.391 00172.526 00209.217 00206.811 00234.802 00261.624 00229.044 00140.805 00079.872 00000.801 00000.958 00001.131 00001.236 -0001.000 -0001.000 -0001.000 -0001.000 -0001.000 -0001.000 -0001.000 -0001.000 -0001.000 -0001.000 -0001.000
00047.495 00039.059 00046.256 00052.723 00051.603 00049.771 00052.200 00057.207 00051.548 00056.522 00053.908 00073.569 00070.512 00058.452 00041.735 00047.477 00053.808 00121.974 00163.864 00095.563 00097.210 00119.229 00117.608 00112.092 00112.812 00112.925 00113.417 00119.504 00123.426 00117.761 00098.465 00112.896 00164.881 00238.101 00224.258 00070.438 00111.090 00232.856 00224.489 00205.789 00234.350 00268.573 00303.060 00171.719 00075.374 00001.005 00000.715 00001.032 00001.216 -0001.000 -0001.000 -0001.000 -0001.000 -0001.000 -0001.000 -0001.000 -0001.000 -0001.000 -0001.000 -0001.000
00049.203 00046.220 00051.994 00051.990 00042.441 00048.381 00056.871 00059.517 00055.131 00058.780 00055.390 00070.467 00071.156 00082.100 00041.056 00046.417 00053.844 00111.605 00119.689 00128.299 00088.953 00106.844 00105.768 00103.963 00102.947 00107.345 00106.487 00109.162 00115.782 00109.905 00097.070 00100.818 00120.691 00177.274 00140.264 00070.876 00132.580 00241.754 00215.060 00206.050 00215.526 00250.545 00272.760 00238.404 00087.324 00060.519 00000.908 00000.960 00001.094 00001.033 -0001.000 -0001.000 -0001.000 -0001.000 -0001.000 -0001.000 -0001.000 -0001.000 -0001.000 -0001.000
00056.316 00052.352 00037.890 00045.064 00045.211 00046.941 00058.789 00059.808 00061.287 00060.418 00056.907 00066.805 00068.086 00073.213 00042.103 00046.260 00074.791 00103.980 00203.205 00162.662 00081.842 00092.567 00099.752 00100.445 00103.056 00104.314 00104.827 00104.555 00104.059 00101.678 00101.717 00095.420 00111.556 00127.190 00120.612 00065.691 00182.146 00228.662 00200.031 00200.761 00203.729 00234.327 00260.154 00203.484 00081.605 00061.020 00001.166 00000.786 00000.992 00001.025 -0001.000 -0001.000 -0001.000 -0001.000 -0001.000 -0001.000 -0001.000 -0001.000 -0001.000 -0001.000
00040.847 00042.826 00051.576 00051.843 00043.951 00054.138 00061.707 00064.154 00057.765 00059.993 00056.264 00063.548 00066.426 00069.884 00047.682 00044.702 00069.685 00116.432 00198.549 00157.312 00098.533 00093.824 00094.387 00096.517 00104.334 00106.477 00102.635 00102.830 00097.924 00096.564 00098.042 00094.919 00121.714 00119.688 00065.564 00069.220 00165.622 00193.696 00182.771 00187.238 00200.616 00224.993 00263.103 00178.206 00072.254 00061.319 00059.475 00000.852 00000.891 00001.025 -0001.000 -0001.000 -0001.000 -0001.000 -0001.000 -0001.000 -0001.000 -0001.000 -0001.000 -0001.000
00042.787 00051.273 00061.330 00064.107 00063.912 00062.529 00066.437 00076.191 00055.355 00046.034 00057.964 00062.213 00066.031 00074.740 00104.588 00040.632 00067.596 00106.501 00177.531 00155.917 00107.450 00106.809 00095.293 00093.481 00088.077 00102.179 00100.006 00098.065 00095.252 00092.293 00091.723 00100.021 00131.658 00149.694 00067.550 00083.942 00149.536 00161.375 00160.503 00175.082 00194.415 00216.602 00222.853 00145.768 00078.062 00061.537 00058.377 00000.812 00000.839 00001.028 -0001.000 -0001.000 -0001.000 -0001.000 -0001.000 -0001.000 -0001.000 -0001.000 -0001.000 -0001.000
00044.226 00047.007 00057.666 00075.546 00060.089 00064.728 00076.208 00059.190 00060.374 00071.663 00058.797 00062.212 00063.039 00079.640 00083.528 00039.659 00066.561 00098.090 00155.219 00138.338 00111.857 00108.336 00097.118 00085.501 00081.411 00077.616 00090.513 00090.657 00091.554 00087.588 00089.546 00108.844 00123.623 00119.306 00072.709 00103.470 00196.930 00161.959 00153.766 00161.809 00179.189 00197.167 00162.669 00126.836 00080.451 00060.177 00053.826 00000.866 00000.795 00001.101 00000.810 -0001.000 -0001.000 -0001.000 -0001.000 -0001.000 -0001.000 -0001.000 -0001.000 -0001.000
