data/trial5/ashley.fml
NCOLS 382
NROWS 266
XLLCORNER 157819.328125
YLLCORNER 384678.625000
CELLSIZE 30.000000
NODATA_VALUE -1
[rows 68 to 101 of 266, columns 154 to 230 of 382]
-1.00 -1.00 -1.00 -1.00 -1.00 -1.00 -1.00 -1.00 -1.00 -1.00 -1.00 -1.00 -1.00 -1.00 -1.00 -1.00 -1.00 -1.00 -1.00 -1.00 -1.00 -1.00 -1.00 -1.00 -1.00 -1.00 -1.00 -1.00 -1.00 -1.00 -1.00 -1.00 -1.00 -1.00 -1.00 -1.00 -1.00 -1.00 -1.00 -1.00 -1.00 -1.00 -1.00 -1.00 -1.00 -1.00 -1.00 -1.00 -1.00 -1.00 -1.00 -1.00 -1.00 -1.00 -1.00 -1.00 -1.00 -1.00 -1.00 -1.00 -1.00 -1.00 -1.00 -1.00 -1.00 -1.00 -1.00 -1.00 -1.00 02.65 04.03 04.24 04.50 04.78 04.83 04.78 04.57
-1.00 -1.00 -1.00 -1.00 -1.00 -1.00 -1.00 -1.00 -1.00 -1.00 -1.00 -1.00 -1.00 -1.00 -1.00 -1.00 -1.00 -1.00 -1.00 -1.00 -1.00 -1.00 -1.00 -1.00 -1.00 -1.00 -1.00 -1.00 -1.00 -1.00 -1.00 -1.00 -1.00 -1.00 -1.00 -1.00 -1.00 -1.00 -1.00 -1.00 -1.00 -1.00 -1.00 -1.00 -1.00 -1.00 -1.00 -1.00 -1.00 -1.00 -1.00 -1.00 -1.00 -1.00 -1.00 -1.00 -1.00 -1.00 -1.00 -1.00 -1.00 -1.00 -1.00 -1.00 -1.00 -1.00 -1.00 -1.00 -1.00 01.66 03.89 04.52 04.61 04.76 04.80 04.74 04.43
-1.00 -1.00 -1.00 -1.00 -1.00 -1.00 -1.00 -1.00 -1.00 -1.00 -1.00 -1.00 -1.00 -1.00 -1.00 -1.00 -1.00 -1.00 -1.00 -1.00 -1.00 -1.00 -1.00 -1.00 -1.00 -1.00 -1.00 -1.00 -1.00 -1.00 -1.00 -1.00 -1.00 -1.00 -1.00 -1.00 -1.00 -1.00 -1.00 -1.00 -1.00 -1.00 -1.00 -1.00 -1.00 -1.00 -1.00 -1.00 -1.00 -1.00 -1.00 -1.00 -1.00 -1.00 -1.00 -1.00 -1.00 -1.00 -1.00 -1.00 -1.00 -1.00 -1.00 -1.00 -1.00 -1.00 -1.00 -1.00 00.54 00.64 03.83 04.65 04.71 04.73 04.66 04.59 04.34
-1.00 -1.00 -1.00 -1.00 -1.00 -1.00 -1.00 -1.00 -1.00 -1.00 -1.00 -1.00 -1.00 -1.00 -1.00 -1.00 -1.00 -1.00 -1.00 -1.00 -1.00 -1.00 -1.00 -1.00 -1.00 -1.00 -1.00 -1.00 -1.00 -1.00 -1.00 -1.00 -1.00 -1.00 -1.00 -1.00 -1.00 -1.00 -1.00 -1.00 -1.00 -1.00 -1.00 -1.00 -1.00 -1.00 -1.00 -1.00 -1.00 -1.00 -1.00 -1.00 -1.00 -1.00 -1.00 -1.00 -1.00 -1.00 -1.00 -1.00 -1.00 -1.00 -1.00 -1.00 -1.00 -1.00 -1.00 -1.00 00.64 01.82 03.22 04.41 04.58 04.68 04.67 04.61 04.47
-1.00 -1.00 -1.00 -1.00 -1.00 -1.00 -1.00 -1.00 -1.00 -1.00 -1.00 -1.00 -1.00 -1.00 -1.00 -1.00 -1.00 -1.00 -1.00 -1.00 -1.00 -1.00 -1.00 -1.00 -1.00 -1.00 -1.00 -1.00 -1.00 -1.00 -1.00 -1.00 -1.00 -1.00 -1.00 -1.00 -1.00 -1.00 -1.00 -1.00 -1.00 -1.00 -1.00 -1.00 -1.00 -1.00 -1.00 -1.00 -1.00 -1.00 -1.00 -1.00 -1.00 -1.00 -1.00 -1.00 -1.00 01.74 01.84 01.97 02.13 02.24 02.30 01.86 -1.00 -1.00 -1.00 -1.00 00.69 04.91 04.56 03.91 04.18 04.45 04.67 04.73 04.54
-1.00 -1.00 01.88 -1.00 -1.00 -1.00 -1.00 -1.00 -1.00 -1.00 -1.00 -1.00 -1.00 -1.00 -1.00 -1.00 -1.00 -1.00 -1.00 -1.00 -1.00 -1.00 -1.00 -1.00 -1.00 -1.00 -1.00 -1.00 -1.00 -1.00 -1.00 -1.00 -1.00 -1.00 -1.00 -1.00 -1.00 -1.00 -1.00 -1.00 -1.00 -1.00 -1.00 -1.00 -1.00 -1.00 -1.00 -1.00 -1.00 -1.00 -1.00 -1.00 -1.00 -1.00 01.80 01.81 01.80 01.84 01.91 02.00 02.09 02.18 02.37 02.18 02.22 -1.00 -1.00 00.67 00.73 03.83 04.45 04.18 03.92 04.02 04.40 04.63 04.61
01.63 01.75 01.94 02.12 02.24 -1.00 -1.00 -1.00 -1.00 -1.00 -1.00 -1.00 -1.00 -1.00 -1.00 -1.00 -1.00 -1.00 -1.00 -1.00 -1.00 -1.00 -1.00 -1.00 -1.00 -1.00 -1.00 -1.00 -1.00 -1.00 -1.00 -1.00 -1.00 -1.00 -1.00 -1.00 -1.00 -1.00 -1.00 -1.00 -1.00 -1.00 -1.00 -1.00 -1.00 -1.00 -1.00 -1.00 -1.00 -1.00 01.79 01.94 01.92 01.83 01.81 01.77 01.75 01.79 01.87 01.97 02.07 02.18 02.23 01.61 01.43 -1.00 -1.00 -1.00 00.72 02.72 04.15 04.12 03.74 03.57 03.86 04.35 04.44
01.73 01.79 01.91 01.95 02.01 02.17 -1.00 -1.00 02.24 -1.00 -1.00 -1.00 -1.00 -1.00 -1.00 -1.00 -1.00 -1.00 -1.00 -1.00 -1.00 -1.00 -1.00 -1.00 -1.00 -1.00 -1.00 -1.00 -1.00 -1.00 -1.00 -1.00 -1.00 -1.00 -1.00 -1.00 -1.00 -1.00 -1.00 -1.00 -1.00 -1.00 -1.00 -1.00 -1.00 -1.00 -1.00 -1.00 01.79 01.87 01.87 01.90 01.87 01.80 01.72 01.67 01.70 01.73 01.76 01.89 02.02 02.15 02.20 01.95 -1.00 -1.00 -1.00 -1.00 00.71 00.75 03.63 03.11 03.65 03.32 03.34 03.75 04.08
01.76 01.85 01.90 01.92 01.98 02.05 02.11 02.17 02.23 02.20 02.17 02.23 -1.00 -1.00 -1.00 -1.00 -1.00 -1.00 -1.00 -1.00 -1.00 -1.00 -1.00 -1.00 -1.00 -1.00 -1.00 -1.00 -1.00 -1.00 -1.00 -1.00 -1.00 -1.00 -1.00 -1.00 -1.00 -1.00 -1.00 -1.00 -1.00 -1.00 -1.00 -1.00 01.81 -1.00 01.79 01.80 01.83 01.80 01.77 01.77 01.73 01.62 01.56 01.31 00.32 00.52 01.51 01.71 01.96 01.91 01.38 01.35 -1.00 -1.00 -1.00 -1.00 00.72 00.73 02.08 02.23 03.31 03.39 03.21 03.35 03.71
01.81 01.89 01.96 02.05 02.09 02.08 02.23 02.29 02.49 02.18 02.11 02.27 02.40 02.38 -1.00 -1.00 -1.00 -1.00 -1.00 -1.00 -1.00 -1.00 -1.00 -1.00 -1.00 -1.00 -1.00 -1.00 -1.00 -1.00 -1.00 -1.00 -1.00 -1.00 -1.00 -1.00 -1.00 -1.00 -1.00 -1.00 -1.00 01.82 01.93 01.98 01.99 01.92 01.81 01.78 01.74 01.70 01.65 01.62 01.36 01.38 01.65 01.71 01.73 01.83 01.92 01.70 01.56 01.98 01.75 00.35 -1.00 -1.00 -1.00 -1.00 00.73 00.74 00.74 01.70 03.32 03.25 03.14 03.09 03.40
01.90 01.97 02.01 02.04 02.05 02.10 02.15 02.28 02.49 02.53 02.62 02.78 02.76 02.50 -1.00 -1.00 -1.00 -1.00 -1.00 -1.00 -1.00 -1.00 -1.00 -1.00 -1.00 -1.00 -1.00 -1.00 -1.00 -1.00 -1.00 -1.00 -1.00 -1.00 -1.00 -1.00 -1.00 -1.00 -1.00 -1.00 01.88 02.03 02.08 01.97 01.96 01.83 01.71 01.68 01.63 01.43 01.30 01.47 01.64 01.72 01.95 02.12 02.13 02.13 01.36 01.03 01.17 00.95 00.48 00.47 00.59 00.58 00.58 00.55 00.78 00.78 00.74 03.60 03.23 03.29 03.07 02.93 03.06
01.97 02.01 02.05 02.06 02.07 02.11 02.16 02.23 02.39 02.60 02.81 02.89 02.79 02.64 -1.00 -1.00 -1.00 -1.00 -1.00 -1.00 -1.00 -1.00 -1.00 -1.00 -1.00 -1.00 -1.00 -1.00 -1.00 -1.00 -1.00 -1.00 -1.00 -1.00 -1.00 -1.00 -1.00 -1.00 -1.00 01.88 02.00 02.09 02.16 02.05 01.92 01.69 01.62 01.33 01.43 01.66 01.65 01.81 01.92 03.62 04.12 04.31 04.30 02.33 01.04 00.38 00.53 00.59 00.59 00.54 00.66 00.71 00.65 00.59 00.59 00.78 02.24 03.39 03.21 03.14 03.04 02.88 02.97
02.08 02.07 02.07 02.08 02.11 02.15 02.22 02.33 02.41 02.51 02.66 02.93 02.86 02.71 -1.00 -1.00 -1.00 -1.00 -1.00 -1.00 -1.00 -1.00 -1.00 -1.00 -1.00 -1.00 -1.00 -1.00 -1.00 -1.00 -1.00 -1.00 -1.00 -1.00 -1.00 -1.00 -1.00 -1.00 01.76 01.92 01.98 02.06 02.12 02.06 01.65 01.60 01.36 01.66 01.67 01.95 01.86 02.77 03.72 04.09 04.35 04.63 04.88 03.84 00.69 00.61 00.56 00.57 00.57 00.56 00.69 00.73 05.16 02.71 00.55 00.66 01.62 02.52 03.11 02.96 02.92 02.76 02.87
02.09 02.10 02.11 02.15 02.18 02.23 02.27 02.30 02.42 02.48 02.54 02.96 02.20 02.27 02.34 02.10 -1.00 -1.00 -1.00 -1.00 -1.00 01.75 01.76 01.78 01.84 01.94 01.99 02.05 02.11 02.17 02.17 02.05 01.94 01.96 02.03 02.09 02.02 01.96 01.82 01.84 01.87 01.96 01.96 01.94 01.67 01.53 01.65 01.98 02.02 03.59 04.72 04.51 04.32 04.48 04.78 04.99 05.16 05.36 04.31 00.73 00.66 00.58 00.57 00.53 00.53 00.74 04.97 04.38 03.28 02.79 01.50 02.77 02.83 02.78 02.72 02.64 02.75
02.11 02.13 02.14 02.16 02.03 01.90 01.92 01.98 02.02 02.06 02.66 01.90 02.00 01.99 02.01 02.13 02.06 01.97 01.91 01.88 01.84 01.84 01.85 01.87 01.90 01.92 01.98 02.05 02.13 02.16 02.12 02.03 01.99 02.03 02.09 02.16 02.15 01.78 01.75 01.76 01.77 01.77 01.71 01.62 01.67 01.69 02.02 02.52 04.28 04.16 05.13 05.31 05.25 04.99 04.95 05.26 05.41 05.64 05.52 04.88 00.75 00.65 00.57 00.54 00.50 00.79 05.18 04.63 03.24 03.08 02.38 02.98 02.94 02.58 02.55 02.61 02.76
02.10 01.98 01.81 01.84 01.88 01.95 02.00 02.02 02.06 02.07 01.79 01.88 01.92 01.91 02.02 02.08 01.96 01.91 01.86 01.83 01.80 01.80 01.81 01.82 01.84 01.89 01.95 02.01 02.02 02.06 01.99 01.96 01.96 02.01 02.03 02.07 02.11 01.66 01.64 01.60 01.49 01.70 01.73 01.79 01.69 01.95 02.21 04.52 04.57 04.54 05.06 05.42 05.53 05.58 05.52 05.41 05.33 05.46 05.54 05.64 04.02 00.75 00.62 00.51 00.48 00.75 04.48 03.93 03.16 03.02 02.97 02.94 02.90 02.61 02.60 02.66 02.76
01.78 01.80 01.82 01.86 01.90 01.93 02.06 02.23 02.37 02.45 01.94 01.99 02.08 02.10 02.16 02.19 02.17 02.17 01.95 01.98 01.99 02.01 02.01 02.04 02.01 02.02 02.03 01.93 01.92 01.90 01.88 01.86 01.88 01.87 01.86 01.85 01.80 01.45 01.13 00.71 01.61 01.76 01.85 01.63 01.98 01.96 03.67 04.39 04.55 04.60 05.44 05.46 05.52 05.59 05.55 05.50 05.33 05.32 05.35 05.39 05.53 05.70 00.78 00.58 00.41 00.47 02.47 03.07 02.92 02.88 02.86 02.84 02.81 02.72 02.65 02.72 02.74
01.79 01.81 01.85 01.87 01.90 01.96 02.03 02.09 02.23 01.90 01.98 02.15 02.21 02.23 02.18 02.22 02.20 02.17 01.89 01.95 01.94 01.90 01.83 01.66 01.65 01.64 01.64 01.63 01.77 01.93 02.02 01.44 01.22 01.03 01.28 01.26 01.32 00.84 01.21 01.45 01.85 02.02 02.06 01.78 02.12 02.68 03.48 03.85 04.16 04.56 05.23 05.35 05.38 05.43 05.46 05.59 05.54 05.45 05.35 05.27 05.29 05.43 05.55 00.75 00.50 00.44 00.99 02.60 02.74 02.68 02.71 02.73 02.78 02.70 02.67 02.72 02.68
01.78 01.82 01.84 01.86 01.89 01.90 01.92 01.96 02.04 01.87 02.10 02.16 02.24 02.27 02.22 02.25 02.19 01.97 01.90 01.84 01.67 01.50 01.54 01.39 01.27 01.23 01.46 01.82 01.56 01.50 01.88 01.33 01.46 01.16 01.11 01.26 01.33 01.65 01.72 01.79 01.96 01.94 01.88 01.82 02.48 03.22 03.42 03.69 03.73 04.36 04.87 05.16 05.31 05.39 05.47 05.79 05.85 05.75 05.51 05.27 05.16 05.32 05.53 05.42 00.60 00.37 00.60 02.84 02.43 02.34 02.55 02.70 02.71 02.66 02.76 02.60 02.50
01.80 01.81 01.79 01.78 01.81 01.83 01.94 01.99 01.78 01.92 02.06 02.24 02.29 02.30 02.23 02.28 02.22 01.94 01.84 01.59 01.41 01.13 01.86 02.40 03.69 04.07 02.70 02.69 02.32 01.17 00.73 02.01 00.34 01.51 01.54 01.79 01.93 01.78 01.81 01.81 01.95 01.84 01.93 02.26 03.30 03.23 03.14 03.24 03.48 04.20 04.60 04.95 05.28 05.43 05.54 05.82 06.04 06.10 05.85 05.46 05.09 05.24 05.48 04.16 00.69 00.44 00.48 02.30 01.55 01.83 02.36 01.94 02.25 02.60 02.68 01.78 02.68
01.74 01.75 01.77 01.79 01.81 01.84 01.89 01.91 01.78 01.93 02.08 02.24 02.29 02.31 02.23 02.30 02.26 01.87 01.60 01.21 01.83 02.11 03.40 03.75 04.75 04.60 03.94 02.47 02.19 01.74 01.76 01.40 01.83 01.69 01.91 02.08 02.37 02.33 02.04 02.10 02.40 02.22 02.54 03.18 03.56 03.67 03.02 02.95 03.10 03.97 04.30 04.63 04.98 05.34 05.49 05.67 06.06 06.20 06.06 05.94 05.41 05.25 05.35 03.26 01.28 00.49 00.41 01.61 01.90 01.39 01.45 01.73 01.55 01.42 01.36 01.35 01.33
01.73 01.75 01.77 01.80 01.80 01.81 01.82 01.80 01.83 01.90 02.16 02.21 02.20 02.19 02.16 02.14 02.16 01.68 01.14 01.76 01.85 02.82 03.83 04.13 04.47 04.24 03.80 01.83 00.41 01.88 01.61 02.04 02.06 02.01 02.13 02.16 02.35 02.39 02.47 02.52 02.51 02.78 02.89 03.14 03.61 03.75 03.47 03.01 03.09 03.62 03.94 04.28 04.80 05.18 05.41 05.62 05.93 06.10 06.09 05.95 05.63 05.31 05.08 03.28 04.19 00.64 00.41 00.44 01.80 01.95 01.66 01.40 01.35 01.41 01.44 -1.00 -1.00
01.74 01.76 01.78 01.79 01.76 01.75 01.75 01.70 01.80 01.93 02.11 02.17 02.15 02.02 01.90 01.90 01.70 01.34 01.38 02.13 02.58 03.22 03.55 04.15 04.05 03.88 03.28 00.88 01.85 02.15 02.24 02.21 02.22 02.05 02.21 02.44 02.55 02.55 02.71 02.55 02.68 02.88 02.88 03.20 03.80 03.89 03.55 03.26 03.15 03.48 03.61 03.90 04.32 05.06 05.59 05.79 05.95 05.66 05.66 05.72 05.39 05.33 05.41 03.43 03.26 03.16 00.44 00.44 00.53 01.94 01.81 01.62 01.37 -1.00 -1.00 -1.00 -1.00
01.74 01.73 01.73 01.74 01.74 01.75 01.79 01.82 01.77 02.04 02.13 02.20 01.98 01.94 01.55 01.64 01.47 01.50 01.69 02.80 03.15 03.23 03.56 03.82 03.73 03.39 02.85 01.72 02.14 02.38 02.28 02.33 02.37 02.07 02.27 02.53 02.93 02.73 02.71 02.65 02.76 02.91 02.97 03.20 03.82 03.87 03.53 03.35 03.39 03.57 03.50 03.63 04.04 04.45 05.29 05.86 05.96 05.72 05.43 05.47 05.04 05.23 02.94 03.46 04.18 05.09 00.57 00.41 00.49 00.50 01.60 01.64 01.61 01.53 -1.00 -1.00 -1.00
01.71 01.72 01.74 01.75 01.76 01.81 01.83 02.04 01.75 02.01 02.25 02.23 02.23 02.01 02.25 01.89 01.58 01.48 03.00 03.45 03.32 02.91 03.12 03.32 02.89 02.24 00.94 01.94 02.31 02.44 02.30 02.41 02.64 02.65 02.44 02.63 02.96 02.75 02.68 02.71 02.81 02.85 02.98 03.36 04.02 03.79 03.62 03.61 03.81 03.83 03.67 03.54 03.79 04.20 04.74 05.52 05.76 05.72 05.62 05.47 05.36 05.08 02.95 03.57 04.25 05.13 04.50 00.48 00.44 00.46 00.46 01.10 01.77 01.89 -1.00 -1.00 -1.00
01.72 01.73 01.74 01.76 01.79 01.78 01.75 01.95 01.75 01.95 02.17 02.32 02.22 02.20 02.24 01.90 01.50 02.57 03.50 03.61 03.28 02.71 02.80 01.61 01.11 00.94 01.94 02.05 02.33 02.47 02.34 02.49 02.85 02.64 02.24 02.64 02.94 02.80 02.64 02.67 02.76 02.79 02.97 03.60 04.14 03.99 03.54 03.73 04.02 04.20 04.01 03.74 03.65 03.95 04.13 04.93 05.26 05.57 05.69 05.59 05.55 04.57 02.94 03.51 04.70 05.45 05.04 04.44 00.51 00.43 00.45 00.48 01.23 01.67 -1.00 -1.00 -1.00
01.72 01.73 01.74 01.58 01.50 01.50 01.65 02.04 01.79 01.95 02.15 02.28 02.27 02.23 02.14 01.73 01.63 03.01 02.96 03.09 03.02 02.30 01.85 00.79 01.39 01.84 02.26 02.20 02.30 02.46 02.52 02.56 02.74 02.70 02.57 02.63 02.93 03.02 02.63 02.63 02.72 02.74 02.96 03.52 04.47 04.15 03.55 03.79 04.13 04.27 04.14 04.11 03.70 03.76 03.95 04.32 04.82 05.34 05.69 05.72 05.47 03.03 03.06 04.02 05.00 05.47 05.34 05.04 03.97 00.48 00.40 00.45 01.51 01.28 -1.00 -1.00 -1.00
01.64 01.52 01.51 01.49 01.46 01.45 01.44 01.44 01.75 01.95 02.05 02.23 02.16 02.11 01.93 01.75 02.22 02.91 01.41 01.30 01.16 00.95 00.88 01.52 01.81 02.01 02.19 01.86 02.21 02.51 02.75 02.61 02.88 03.01 02.68 02.68 02.98 03.05 02.64 02.64 02.70 02.69 02.96 03.61 05.51 04.10 03.39 04.46 04.18 04.25 04.16 04.11 04.07 03.81 03.86 03.88 04.67 05.06 05.62 05.83 05.81 03.15 03.30 04.26 05.26 05.44 05.56 05.43 04.66 03.63 00.43 00.42 01.16 00.59 -1.00 -1.00 -1.00
01.52 01.50 01.47 01.45 01.43 01.47 01.46 01.43 01.74 01.56 02.00 02.10 02.08 02.03 02.69 01.91 02.31 01.52 01.48 01.65 01.59 01.53 01.59 01.77 01.89 01.98 02.08 01.71 02.32 02.63 02.76 02.72 02.95 02.90 02.75 02.75 03.02 03.15 03.03 02.69 02.63 02.68 02.95 03.86 05.40 03.51 03.19 04.54 04.39 04.27 04.17 04.12 04.12 04.14 03.95 03.86 04.10 04.80 05.42 06.00 06.09 03.10 03.53 04.58 05.33 05.29 05.51 05.70 04.96 04.05 03.35 00.37 00.46 00.49 -1.00 -1.00 -1.00
01.49 01.48 01.45 01.45 01.46 01.46 01.44 01.40 01.58 01.30 01.82 01.94 01.82 02.00 01.82 02.01 02.02 01.09 01.73 01.79 01.71 01.64 01.66 02.03 02.45 02.34 02.22 02.17 02.49 02.73 02.74 02.81 02.75 02.85 02.67 02.80 02.95 03.22 03.13 02.74 02.54 02.67 02.89 04.41 05.14 03.82 03.78 04.32 04.26 04.15 04.13 04.06 04.11 04.13 04.16 03.81 03.79 04.56 05.12 05.99 02.96 03.13 03.73 04.81 05.26 05.23 05.54 05.83 05.48 04.38 03.38 00.41 00.44 00.48 00.50 -1.00 -1.00
01.47 01.44 01.43 01.44 01.45 01.45 01.46 01.50 01.28 01.64 01.71 01.84 01.67 01.41 01.49 01.62 00.52 01.54 01.70 01.73 01.77 01.99 02.61 02.69 02.70 02.68 02.66 02.43 02.63 02.79 02.76 02.72 02.78 02.90 02.76 02.88 02.82 03.25 03.19 02.92 02.50 02.66 02.82 04.10 04.70 03.67 03.70 04.06 04.03 03.95 03.96 03.96 03.97 04.06 04.12 04.04 03.72 03.96 04.71 05.58 05.43 03.19 03.93 05.52 05.43 05.22 05.54 05.90 06.23 04.80 03.29 00.45 00.39 00.46 00.49 -1.00 -1.00
01.45 01.42 01.40 01.44 01.47 01.46 01.47 01.48 01.40 01.30 01.86 01.64 01.04 01.51 01.32 01.06 01.63 01.60 01.75 01.79 02.51 02.57 02.66 02.77 02.75 02.74 02.70 02.63 02.77 02.77 02.52 02.68 02.89 02.95 02.85 02.93 02.85 03.19 03.20 03.42 02.49 02.63 02.82 03.94 04.07 04.20 03.55 03.86 03.84 03.81 03.79 03.87 03.85 03.90 04.01 03.91 03.69 03.76 04.08 04.87 04.37 03.20 04.26 05.62 05.32 05.22 05.33 05.71 05.94 05.58 03.52 02.97 00.43 00.44 00.47 00.46 -1.00
01.43 01.40 01.41 01.43 01.43 01.45 01.47 01.48 01.54 01.34 01.79 01.45 01.00 01.77 01.92 01.96 01.67 01.69 02.43 02.57 02.53 02.59 02.73 02.88 02.91 02.93 02.87 02.78 02.40 02.59 02.60 02.64 02.93 02.96 02.99 02.97 02.89 03.11 03.14 03.24 02.51 02.63 03.28 03.81 05.19 04.68 03.41 03.61 03.74 03.75 03.80 03.82 03.83 03.82 03.81 03.77 03.77 03.66 03.94 04.18 04.08 03.09 04.93 05.48 05.15 05.16 05.19 05.54 05.81 05.19 03.41 02.98 00.48 00.40 00.45 00.46 -1.00
01.40 01.39 01.39 01.41 01.46 01.74 01.87 01.91 01.94 01.25 01.65 00.05 01.37 01.98 02.01 02.02 01.72 01.86 02.57 02.55 02.54 02.63 02.62 02.51 02.60 02.69 02.48 02.53 02.76 02.77 02.57 02.82 03.00 03.05 02.91 02.96 02.87 03.04 03.10 03.18 02.66 02.59 03.17 04.02 05.13 04.61 03.72 03.64 03.65 03.68 03.82 03.85 03.79 03.79 03.71 03.68 03.71 03.66 04.10 04.07 03.08 03.16 04.72 05.07 04.94 05.00 05.16 05.44 05.84 04.88 03.22 02.99 02.95 00.42 00.43 00.46 -1.00
