data/trial5/ashley.hpa
NCOLS 382
NROWS 266
XLLCORNER 157819.328125
YLLCORNER 384678.625000
CELLSIZE 30.000000
NODATA_VALUE -1
[rows 104 to 129 of 266, columns 180 to 239 of 382]
00461.419 00459.435 00460.329 00462.894 00465.861 00468.168 00471.084 00471.664 00471.410 00472.366 00477.318 00475.665 00472.177 00472.460 00472.304 00472.511 00486.095 00495.582 00492.318 00474.653 00473.689 00472.999 00472.312 00471.583 00471.334 00470.962 00470.638 00469.259 00468.771 00468.207 00466.852 00467.029 00467.282 00468.118 00475.635 00473.598 00470.557 00468.527 00468.286 00467.759 00467.656 00468.959 00468.144 00463.494 00460.001 00457.015 00455.452 00163.764 00159.943 00180.112 -0001.000 -0001.000 -0001.000 -0001.000 -0001.000 -0001.000 -0001.000 -0001.000 -0001.000 -0001.000
00464.452 00463.591 00463.327 00464.082 00468.171 00470.922 00473.654 00473.700 00473.830 00474.199 00478.288 00475.429 00477.571 00475.174 00473.792 00473.036 00475.167 00495.436 00494.362 00486.007 00474.939 00473.963 00473.196 00472.589 00472.278 00472.021 00471.580 00470.333 00469.787 00468.718 00468.515 00468.266 00468.445 00468.452 00472.933 00476.059 00472.674 00469.652 00468.548 00466.848 00467.731 00467.090 00466.110 00463.138 00460.252 00456.540 00455.814 00163.293 00165.132 00184.159 -0001.000 -0001.000 -0001.000 -0001.000 -0001.000 -0001.000 -0001.000 -0001.000 -0001.000 -0001.000
00467.891 00467.093 00466.210 00466.209 00470.385 00472.804 00474.293 00475.532 00477.287 00476.124 00477.953 00476.887 00476.936 00475.948 00474.948 00473.770 00474.910 00477.386 00490.295 00491.625 00478.211 00480.345 00474.396 00473.524 00473.416 00473.058 00472.736 00471.924 00470.621 00469.916 00469.728 00469.612 00469.171 00468.920 00473.330 00469.753 00468.900 00467.459 00468.888 00467.038 00467.573 00465.302 00465.350 00463.827 00459.825 00455.787 00455.128 00156.909 00178.351 00171.883 -0001.000 -0001.000 -0001.000 -0001.000 -0001.000 -0001.000 -0001.000 -0001.000 -0001.000 -0001.000
00470.807 00467.684 00467.627 00468.690 00470.845 00474.818 00476.546 00479.232 00479.229 00479.146 00479.387 00478.323 00477.896 00478.263 00477.237 00475.455 00475.053 00486.977 00490.290 00490.342 00480.440 00480.922 00474.889 00474.592 00474.589 00474.318 00473.752 00473.003 00471.650 00471.171 00470.900 00470.644 00470.404 00470.137 00470.188 00470.088 00469.548 00469.039 00468.146 00467.933 00467.397 00465.633 00464.538 00462.236 00459.568 00455.248 00165.830 00163.655 00185.446 -0001.000 -0001.000 -0001.000 -0001.000 -0001.000 -0001.000 -0001.000 -0001.000 -0001.000 -0001.000 -0001.000
00473.689 00470.926 00469.317 00469.384 00472.076 00475.758 00478.746 00481.638 00481.633 00483.780 00482.286 00480.506 00478.806 00478.678 00479.217 00477.482 00476.013 00476.767 00488.111 00496.342 00494.244 00482.654 00475.665 00475.128 00475.498 00475.761 00475.221 00474.058 00473.079 00472.972 00472.825 00472.342 00471.764 00471.925 00471.717 00471.420 00471.192 00470.058 00469.669 00468.356 00467.234 00466.217 00464.817 00463.599 00459.499 00455.451 00161.082 00162.040 00179.281 00177.702 -0001.000 -0001.000 -0001.000 -0001.000 -0001.000 -0001.000 -0001.000 -0001.000 -0001.000 -0001.000
00472.566 00472.130 00470.987 00471.975 00473.859 00475.477 00479.184 00483.460 00485.960 00487.747 00485.187 00482.380 00478.419 00479.505 00480.732 00478.496 00477.084 00475.606 00483.363 00477.674 00477.621 00476.533 00475.938 00474.729 00475.788 00477.103 00476.635 00475.051 00474.831 00474.681 00474.459 00474.065 00473.937 00474.095 00474.367 00474.221 00473.832 00473.255 00471.309 00470.033 00468.135 00467.241 00465.632 00463.836 00459.580 00454.955 00293.279 00156.983 00165.306 00183.561 -0001.000 -0001.000 -0001.000 -0001.000 -0001.000 -0001.000 -0001.000 -0001.000 -0001.000 -0001.000
00474.392 00473.642 00473.492 00473.785 00474.487 00474.645 00480.726 00484.224 00486.663 00488.245 00486.945 00477.976 00479.443 00481.081 00481.201 00479.352 00478.556 00475.895 00475.687 00476.643 00478.204 00477.206 00476.734 00476.888 00476.759 00477.265 00478.014 00476.888 00476.921 00476.653 00476.420 00475.002 00476.187 00476.413 00476.683 00476.553 00476.054 00475.503 00473.080 00471.086 00469.106 00467.486 00465.636 00463.639 00459.802 00456.024 00407.037 00412.662 00155.547 00177.937 00170.324 -0001.000 -0001.000 -0001.000 -0001.000 -0001.000 -0001.000 -0001.000 -0001.000 -0001.000
00446.129 00474.957 00475.067 00475.380 00475.732 00475.654 00477.158 00484.911 00484.753 00488.627 00486.387 00144.829 00480.442 00481.515 00481.456 00480.623 00479.282 00476.151 00475.676 00478.743 00478.192 00478.041 00477.991 00478.137 00478.258 00478.380 00479.016 00479.108 00478.937 00478.733 00478.467 00476.205 00477.830 00478.244 00478.716 00478.566 00478.326 00477.073 00474.526 00472.782 00469.222 00467.456 00465.479 00464.586 00461.164 00457.389 00450.166 00434.798 00159.663 00182.156 -0001.000 -0001.000 -0001.000 -0001.000 -0001.000 -0001.000 -0001.000 -0001.000 -0001.000 -0001.000
00174.268 00477.938 00479.122 00478.761 00477.671 00477.873 00478.593 00482.408 00486.083 00489.369 00491.709 00156.229 00122.463 00486.978 00483.562 00480.966 00479.162 00476.297 00476.935 00479.284 00101.273 00149.715 00483.926 00483.182 00479.552 00479.342 00479.536 00479.521 00479.326 00479.014 00478.724 00478.715 00478.767 00478.774 00478.755 00478.644 00478.541 00478.334 00475.794 00472.677 00469.534 00467.414 00466.184 00467.467 00462.838 00459.106 00439.284 00159.084 00169.216 00178.106 -0001.000 -0001.000 -0001.000 -0001.000 -0001.000 -0001.000 -0001.000 -0001.000 -0001.000 -0001.000
00177.039 00141.569 00483.554 00391.113 00479.895 00481.464 00482.154 00484.013 00487.846 00488.424 00265.590 00485.063 00135.377 00494.266 00494.309 00494.906 00492.387 00488.043 00480.713 00146.145 00092.995 00094.903 00094.957 00501.215 00491.220 00479.864 00479.386 00478.834 00478.773 00478.785 00478.749 00483.593 00478.817 00478.831 00269.833 00121.453 00478.641 00478.239 00476.994 00473.514 00470.439 00469.003 00467.854 00470.005 00442.723 00462.726 00163.721 00159.517 00179.679 00172.459 -0001.000 -0001.000 -0001.000 -0001.000 -0001.000 -0001.000 -0001.000 -0001.000 -0001.000 -0001.000
00103.700 00131.194 00157.774 00115.330 00484.910 00487.908 00484.074 00360.096 00292.877 00486.887 00370.844 00314.867 00116.912 00494.494 00494.777 00495.059 00495.087 00097.066 00381.014 00092.564 00094.017 00104.961 00095.564 00153.844 00500.628 00500.901 00500.158 00500.991 00503.625 00502.718 00499.683 00112.686 00095.433 00095.457 00138.168 00095.293 00105.195 00162.789 00477.328 00474.232 00472.425 00470.950 00470.098 00471.959 00359.874 00165.326 00157.362 00173.699 00179.373 -0001.000 -0001.000 -0001.000 -0001.000 -0001.000 -0001.000 -0001.000 -0001.000 -0001.000 -0001.000 -0001.000
00093.135 00093.679 00126.620 00095.547 00487.783 00220.467 00364.583 00101.504 00270.084 00185.527 00239.022 00132.542 00098.691 00119.840 00105.898 00494.965 00494.974 00128.032 00094.066 00093.247 00093.654 00095.149 00096.375 00110.121 00420.845 00184.331 00140.496 00199.180 00315.920 00499.855 00504.645 00096.001 00109.186 00095.447 00095.400 00095.264 00098.410 00129.473 00477.639 00474.488 00474.444 00472.860 00468.763 00464.473 00163.544 00158.204 00171.448 00182.701 00172.541 -0001.000 -0001.000 -0001.000 -0001.000 -0001.000 -0001.000 -0001.000 -0001.000 -0001.000 -0001.000 -0001.000
00093.482 00093.827 00094.220 00094.911 00095.510 00095.940 00096.400 00097.710 00208.335 00186.738 00145.869 00097.509 00100.397 00156.730 00157.934 00097.690 00097.346 00095.955 00094.747 00095.376 00096.349 00098.881 00097.645 00098.227 00149.701 00112.974 00156.343 00097.140 00169.497 00505.074 00232.455 00120.436 00100.551 00096.494 00095.322 00095.159 00094.178 00173.859 00477.726 00474.771 00473.692 00398.264 00168.792 00157.144 00160.876 00171.048 00181.920 00176.291 -0001.000 -0001.000 -0001.000 -0001.000 -0001.000 -0001.000 -0001.000 -0001.000 -0001.000 -0001.000 -0001.000 -0001.000
00093.851 00094.309 00094.778 00095.275 00095.845 00096.206 00096.685 00097.896 00097.876 00136.519 00124.723 00097.454 00099.888 00099.192 00098.684 00101.341 00098.090 00096.721 00096.907 00098.355 00098.011 00098.622 00098.641 00098.511 00101.709 00097.273 00097.613 00097.118 00106.244 00325.338 00172.169 00102.161 00119.017 00133.579 00095.194 00095.237 00093.667 00177.754 00247.414 00475.978 00401.578 00164.495 00157.803 00168.890 00179.230 00182.582 00177.733 -0001.000 -0001.000 -0001.000 -0001.000 -0001.000 -0001.000 -0001.000 -0001.000 -0001.000 -0001.000 -0001.000 -0001.000 -0001.000
00094.124 00094.529 00095.031 00095.512 00096.084 00095.950 00096.269 00097.700 00098.040 00097.662 00096.669 00097.324 00099.073 00098.000 00097.832 00098.102 00099.099 00099.084 00099.127 00098.294 00097.818 00098.212 00098.395 00098.484 00098.041 00097.609 00097.492 00097.545 00105.755 00098.090 00099.945 00167.558 00272.069 00111.167 00204.169 00186.270 00111.845 00210.141 00479.137 00469.053 00173.805 00156.812 00169.354 00181.458 00178.613 00171.910 -0001.000 -0001.000 -0001.000 -0001.000 -0001.000 -0001.000 -0001.000 -0001.000 -0001.000 -0001.000 -0001.000 -0001.000 -0001.000 -0001.000
00094.259 00094.685 00095.265 00095.858 00096.105 00096.668 00097.270 00097.905 00098.178 00097.825 00096.689 00097.085 00098.196 00098.469 00098.571 00097.901 00098.877 00098.829 00098.489 00098.512 00097.935 00098.137 00098.055 00098.269 00097.728 00097.586 00097.342 00097.548 00103.848 00099.031 00120.270 00501.741 00254.989 00237.896 00492.903 00484.975 00483.488 00479.350 00175.654 00156.994 00159.239 00161.380 00178.439 00180.259 -0001.000 -0001.000 -0001.000 -0001.000 -0001.000 -0001.000 -0001.000 -0001.000 -0001.000 -0001.000 -0001.000 -0001.000 -0001.000 -0001.000 -0001.000 -0001.000
00094.353 00094.799 00095.410 00096.092 00096.408 00097.334 00097.687 00097.633 00098.197 00097.679 00096.746 00097.109 00097.446 00098.162 00098.205 00098.015 00098.346 00098.620 00098.615 00098.565 00098.033 00098.124 00098.004 00097.918 00097.634 00097.455 00097.538 00097.668 00097.829 00098.384 00098.508 00500.096 00382.736 00497.730 00496.422 00492.124 00488.324 00474.741 00178.601 00158.797 00168.068 00179.223 00182.780 00174.562 -0001.000 -0001.000 -0001.000 -0001.000 -0001.000 -0001.000 -0001.000 -0001.000 -0001.000 -0001.000 -0001.000 -0001.000 -0001.000 -0001.000 -0001.000 -0001.000
00094.297 00094.901 00095.581 00096.271 00096.859 00097.619 00097.756 00097.443 00098.215 00097.578 00096.815 00096.783 00097.373 00097.852 00097.749 00097.935 00098.343 00098.368 00106.344 00098.454 00098.093 00097.908 00097.685 00097.621 00097.469 00097.356 00097.505 00097.827 00098.135 00098.379 00109.921 00498.385 00497.353 00496.284 00497.625 00495.411 00496.320 00493.634 00180.773 00160.684 00159.684 00180.176 00170.954 -0001.000 -0001.000 -0001.000 -0001.000 -0001.000 -0001.000 -0001.000 -0001.000 -0001.000 -0001.000 -0001.000 00176.487 00179.459 00181.702 00182.822 00182.513 00182.071
00094.155 00094.935 00095.781 00096.472 00097.166 00097.575 00097.702 00097.663 00098.217 00097.748 00096.965 00096.730 00097.129 00097.220 00097.618 00097.782 00098.241 00098.477 00131.518 00115.323 00178.255 00097.621 00097.568 00097.381 00097.196 00097.208 00097.537 00097.895 00098.318 00098.364 00145.206 00498.136 00497.404 00496.796 00498.107 00497.304 00498.358 00499.793 00181.113 00162.131 00156.351 00173.535 00179.855 -0001.000 -0001.000 -0001.000 -0001.000 -0001.000 -0001.000 -0001.000 00178.796 00799.842 01166.807 01186.722 00986.262 01130.444 01030.904 00592.048 00156.505 00163.869
00109.777 00094.872 00095.939 00096.677 00097.341 00097.429 00097.692 00097.727 00098.006 00098.113 00097.131 00096.657 00096.359 00096.637 00096.726 00097.635 00098.248 00098.322 00098.318 00161.012 00122.936 00210.061 00103.024 00097.020 00097.984 00097.061 00133.544 00097.945 00098.204 00126.399 00231.176 00498.316 00497.925 00498.550 00496.345 00499.706 00500.999 00501.931 00179.754 00164.820 00154.958 00167.751 00183.580 -0001.000 -0001.000 -0001.000 00172.198 00182.100 00176.173 00907.474 01120.784 01139.887 01115.143 01126.672 01085.042 01019.874 01064.210 01062.989 00790.661 00239.541
00230.758 00094.830 00095.919 00096.933 00096.983 00097.356 00097.863 00097.855 00098.194 00098.296 00097.447 00096.649 00095.782 00095.855 00096.186 00097.497 00098.289 00126.552 00209.140 00288.560 00472.094 00500.070 00498.368 00096.641 00096.877 00096.944 00286.849 00156.580 00105.391 00205.806 00505.086 00503.934 00499.159 00497.848 00499.737 00497.532 00503.223 00502.763 00179.324 00166.176 00156.063 00161.993 00180.145 00176.994 00172.613 00180.151 00161.338 00560.544 00901.813 01026.931 01075.392 01097.875 01130.519 01072.081 01071.334 01095.723 01122.629 01134.847 01143.038 01006.447
00485.463 00094.767 00095.897 00097.662 00096.858 00097.948 00097.980 00098.047 00098.370 00098.413 00097.723 00096.600 00094.931 00095.288 00095.916 00097.264 00098.365 00098.156 00239.218 00502.776 00501.177 00493.855 00496.242 00196.484 00141.537 00496.397 00497.166 00197.656 00505.469 00505.837 00506.156 00506.316 00506.610 00501.112 00499.020 00498.576 00504.350 00492.763 00178.955 00167.155 00156.871 00158.762 00174.015 00179.317 00158.444 01057.318 01095.131 01094.787 01094.142 01087.536 01074.050 01044.004 01053.318 01094.807 01127.651 01147.464 01165.362 01185.021 01197.386 01196.618
00480.062 00486.922 00095.406 00096.906 00097.557 00098.037 00098.086 00097.969 00098.420 00098.198 00097.890 00097.209 00094.868 00094.594 00095.694 00095.837 00096.783 00096.596 00504.589 00499.582 00494.827 00495.585 00493.601 00495.295 00306.032 00494.024 00497.410 00500.411 00506.386 00506.956 00506.827 00506.690 00506.227 00504.082 00499.273 00500.277 00504.299 00458.477 00177.048 00165.276 00156.857 00158.391 00156.465 00887.560 01118.514 01131.669 01137.819 01136.188 01133.105 01129.138 01117.112 01095.321 01122.615 01140.596 01163.449 01204.237 01228.935 01240.301 01234.896 01230.541
00478.481 00482.572 00455.495 00265.737 00097.904 00098.070 00097.931 00098.350 00098.486 00098.319 00098.392 00097.699 00095.664 00094.690 00095.076 00095.148 00097.017 00142.766 00169.947 00464.098 00500.188 00493.511 00492.955 00492.539 00491.843 00494.335 00492.313 00503.527 00507.873 00507.212 00507.414 00507.005 00503.094 00506.516 00499.265 00504.033 00503.906 00187.588 00175.379 00163.190 00682.657 01010.963 01137.583 01144.117 01157.149 01179.360 01174.323 01168.983 01164.468 01151.419 01143.045 01143.087 01152.257 01175.660 01211.198 01244.874 00483.775 00501.769 00482.052 00481.302
00482.893 00486.484 00306.899 00495.755 00097.925 00098.030 00097.901 00098.422 00098.532 00098.644 00098.792 00097.648 00096.197 00094.955 00094.734 00095.325 00095.388 00096.445 00243.826 00500.072 00499.910 00494.889 00493.135 00492.297 00492.079 00492.434 00492.655 00150.997 00096.296 00116.606 00508.553 00505.436 00502.769 00503.046 00499.186 00501.836 00503.760 00187.697 00176.561 00978.887 01023.989 01159.996 01175.969 01193.163 01222.787 01228.802 01223.527 01215.121 01200.453 01188.359 01169.615 01178.782 01195.453 01219.249 01242.144 00482.358 00485.713 00487.444 00488.987 00485.881
00486.506 00490.208 00493.928 00201.773 00097.869 00097.614 00098.329 00098.473 00098.594 00098.692 00098.802 00097.359 00095.667 00094.962 00094.814 00095.309 00095.261 00095.347 00095.772 00429.266 00499.962 00498.091 00493.838 00492.334 00492.410 00121.510 00096.293 00096.317 00096.323 00096.328 00105.839 00503.711 00500.855 00499.288 00498.991 00499.231 00486.610 00187.702 00177.069 01147.248 01000.834 01028.335 01220.790 01233.367 00518.609 00851.786 01240.317 01230.684 01220.124 01211.597 01204.655 01216.436 01228.040 01243.940 00481.794 00485.298 00488.386 00489.646 00489.002 00485.959
