data/trial5/ashley.fml
NCOLS 382
NROWS 266
XLLCORNER 157819.328125
YLLCORNER 384678.625000
CELLSIZE 30.000000
NODATA_VALUE -1
[rows 204 to 237 of 266, columns 231 to 307 of 382]
04.56 04.43 04.28 04.12 04.04 04.00 03.98 03.97 03.95 03.94 03.92 03.90 03.88 03.84 03.81 03.79 03.77 03.75 03.72 03.70 03.69 03.69 03.67 03.64 03.62 03.60 03.57 03.55 03.52 03.50 03.50 03.49 03.47 03.44 03.39 03.36 03.33 03.33 03.32 03.31 03.28 03.24 03.24 03.24 03.23 03.23 03.23 03.19 03.15 03.08 02.98 02.92 02.90 02.87 02.85 02.82 02.80 02.75 02.68 02.64 02.61 02.60 02.59 02.54 02.45 02.38 02.32 02.25 02.20 02.15 02.37 02.40 02.43 02.41 02.43 02.46 02.46
04.25 04.15 04.11 04.07 04.02 03.99 03.96 03.94 03.93 03.91 03.89 03.87 03.84 03.81 03.79 03.77 03.75 03.73 03.72 03.70 03.68 03.66 03.63 03.61 03.59 03.56 03.54 03.52 03.50 03.49 03.48 03.44 03.40 03.38 03.36 03.34 03.33 03.32 03.31 03.27 03.25 03.23 03.22 03.20 03.19 03.17 03.13 03.09 03.05 02.99 02.92 02.90 02.88 02.87 02.84 02.80 02.76 02.69 02.63 02.58 02.57 02.60 02.56 02.50 02.44 02.36 02.32 02.26 02.21 02.32 02.37 02.39 02.39 02.40 02.41 02.41 02.41
04.16 04.11 04.06 04.01 03.97 03.95 03.93 03.91 03.89 03.88 03.86 03.84 03.81 03.79 03.76 03.75 03.73 03.71 03.69 03.67 03.65 03.63 03.61 03.58 03.56 03.54 03.52 03.51 03.50 03.47 03.43 03.40 03.38 03.37 03.35 03.33 03.31 03.29 03.27 03.25 03.23 03.22 03.20 03.19 03.17 03.13 03.08 03.03 02.97 02.93 02.90 02.88 02.87 02.85 02.82 02.78 02.73 02.68 02.62 02.60 02.59 02.57 02.54 02.47 02.42 02.37 02.33 02.27 02.28 02.31 02.33 02.34 02.35 02.38 02.38 02.38 02.38
04.08 04.04 04.00 03.97 03.94 03.91 03.89 03.87 03.85 03.83 03.82 03.80 03.78 03.76 03.75 03.73 03.71 03.69 03.66 03.64 03.62 03.61 03.59 03.57 03.55 03.53 03.51 03.50 03.47 03.43 03.40 03.38 03.36 03.35 03.34 03.33 03.30 03.27 03.25 03.23 03.22 03.21 03.19 03.16 03.12 03.08 03.04 02.98 02.94 02.92 02.90 02.87 02.85 02.83 02.81 02.77 02.72 02.67 02.62 02.61 02.61 02.60 02.56 02.49 02.42 02.38 02.33 02.22 02.24 02.26 02.28 02.31 02.34 02.35 02.35 02.36 02.98
04.02 03.98 03.95 03.92 03.89 03.86 03.83 03.82 03.81 03.81 03.79 03.78 03.76 03.74 03.73 03.71 03.68 03.64 03.62 03.61 03.60 03.59 03.58 03.57 03.54 03.51 03.48 03.45 03.42 03.40 03.38 03.38 03.36 03.33 03.31 03.29 03.27 03.25 03.24 03.22 03.21 03.19 03.18 03.16 03.10 03.04 02.98 02.96 02.94 02.92 02.89 02.87 02.85 02.81 02.79 02.75 02.71 02.65 02.63 02.63 02.62 02.61 02.55 02.50 02.43 02.39 02.15 02.18 02.22 02.24 02.26 02.28 02.30 02.31 02.33 02.96 03.36
03.96 03.94 03.91 03.89 03.86 03.83 03.81 03.79 03.78 03.77 03.77 03.75 03.74 03.72 03.69 03.66 03.64 03.62 03.61 03.60 03.59 03.59 03.57 03.53 03.50 03.47 03.44 03.42 03.40 03.39 03.39 03.36 03.33 03.31 03.29 03.27 03.26 03.25 03.23 03.21 03.19 03.19 03.16 03.11 03.05 02.98 02.97 02.95 02.91 02.89 02.89 02.86 02.84 02.81 02.77 02.73 02.68 02.64 02.64 02.63 02.63 02.60 02.55 02.49 02.24 02.11 02.13 02.18 02.19 02.21 02.23 02.25 02.27 02.31 02.92 03.26 03.33
03.92 03.90 03.87 03.86 03.84 03.81 03.79 03.77 03.76 03.75 03.74 03.72 03.70 03.68 03.65 03.64 03.63 03.61 03.60 03.59 03.57 03.55 03.52 03.49 03.45 03.42 03.42 03.41 03.40 03.38 03.36 03.34 03.32 03.29 03.28 03.26 03.25 03.23 03.22 03.20 03.20 03.16 03.11 03.05 03.00 02.98 02.95 02.92 02.91 02.89 02.87 02.86 02.83 02.79 02.75 02.71 02.67 02.65 02.64 02.64 02.64 02.59 02.54 02.06 02.08 02.10 02.12 02.15 02.18 02.21 02.20 02.22 02.25 02.94 03.14 03.19 03.23
03.86 03.86 03.85 03.83 03.82 03.80 03.77 03.75 03.72 03.69 03.67 03.67 03.65 03.64 03.64 03.62 03.61 03.61 03.59 03.56 03.53 03.50 03.47 03.44 03.42 03.41 03.40 03.40 03.38 03.36 03.34 03.32 03.30 03.28 03.26 03.25 03.24 03.22 03.21 03.21 03.16 03.12 03.06 03.01 02.98 02.96 02.94 02.92 02.90 02.88 02.86 02.84 02.81 02.78 02.74 02.70 02.66 02.66 02.65 02.65 02.47 02.01 02.03 02.05 02.04 02.07 02.10 02.12 02.14 02.16 02.17 02.53 02.95 03.07 03.12 03.14 03.13
03.85 03.84 03.83 03.82 03.80 03.78 03.75 03.72 03.68 03.65 03.63 03.62 03.62 03.62 03.61 03.61 03.61 03.58 03.55 03.52 03.49 03.46 03.43 03.42 03.40 03.40 03.40 03.38 03.36 03.34 03.32 03.31 03.29 03.27 03.25 03.24 03.22 03.22 03.20 03.16 03.12 03.07 03.01 02.99 02.97 02.95 02.93 02.92 02.90 02.88 02.86 02.83 02.80 02.76 02.71 02.68 02.67 02.66 01.98 01.99 02.00 02.01 02.02 02.03 02.05 02.07 02.09 02.11 02.14 02.16 02.82 02.99 03.06 03.07 03.07 03.07 03.09
01.80 03.83 03.81 03.79 03.77 03.75 03.72 03.70 03.67 03.64 03.61 03.60 03.60 03.61 03.62 03.59 03.57 03.54 03.51 03.48 03.45 03.43 03.42 03.42 03.41 03.38 03.35 03.35 03.34 03.32 03.31 03.30 03.27 03.25 03.24 03.23 03.22 03.20 03.16 03.12 03.07 03.02 03.00 02.98 02.96 02.94 02.93 02.91 02.89 02.87 02.85 02.81 02.77 02.74 02.70 02.51 01.99 01.98 01.99 02.00 02.01 02.02 02.03 02.04 02.05 02.07 02.09 02.13 02.61 02.86 02.96 02.99 03.01 03.02 03.04 03.04 03.04
01.82 01.81 01.80 01.81 03.56 03.71 03.69 03.66 03.63 03.62 03.61 03.59 03.59 03.54 03.46 03.40 02.91 02.54 03.08 03.33 03.31 03.40 03.39 03.38 03.36 03.34 03.32 03.31 03.29 03.29 03.28 03.27 03.25 03.25 03.24 03.23 03.20 03.15 03.11 03.07 03.03 03.01 02.99 02.97 02.96 02.94 02.93 02.91 02.89 02.85 02.82 02.80 02.76 01.96 01.97 01.97 01.98 01.99 01.99 02.00 02.02 02.03 02.04 02.05 02.06 02.06 02.52 02.74 02.84 02.89 02.92 02.94 02.95 02.98 03.00 02.94 02.96
01.83 01.82 01.82 01.82 01.81 01.81 01.81 01.81 02.81 03.60 03.58 03.53 03.42 03.30 03.17 02.99 02.82 02.17 02.12 02.41 03.58 03.34 03.38 03.35 03.34 03.32 03.31 03.28 03.26 03.26 03.26 03.26 03.25 03.24 03.23 03.20 03.16 03.12 03.09 03.06 03.03 03.00 02.98 02.95 02.94 02.93 02.92 02.90 02.87 01.91 01.93 01.93 01.94 01.96 01.97 01.98 02.00 02.01 02.02 02.03 02.04 02.05 02.07 02.11 02.61 02.74 02.80 02.82 02.83 02.84 02.85 02.84 02.84 02.84 02.86 02.89 02.87
02.05 02.05 02.04 02.03 01.95 01.83 01.82 01.82 01.82 01.82 01.81 01.81 01.82 01.85 01.88 01.91 01.95 02.01 02.12 02.52 02.15 03.60 03.47 03.40 03.34 03.31 03.29 03.27 03.25 03.24 03.24 03.23 03.22 03.21 03.18 03.15 03.13 03.11 03.10 03.05 03.02 02.99 02.97 02.96 02.13 01.89 01.90 01.91 01.92 01.94 01.96 01.96 01.96 01.97 01.98 01.99 02.02 02.03 02.04 02.05 02.06 02.45 02.64 02.73 02.77 02.79 02.80 02.82 02.81 02.83 02.84 02.82 02.82 02.81 02.82 02.82 02.83
02.60 02.62 02.55 02.49 01.94 01.84 01.84 01.84 01.84 01.83 01.83 01.83 01.84 01.86 01.88 01.91 01.95 02.03 01.82 02.18 02.29 02.11 02.09 02.09 02.92 03.29 03.27 03.26 03.25 03.24 03.23 03.21 03.19 03.16 03.13 03.11 03.06 02.59 01.85 01.83 01.83 01.82 01.83 01.85 01.88 01.90 01.91 01.92 01.93 01.94 01.96 01.98 01.98 01.98 01.99 02.00 02.01 02.01 02.21 02.52 02.63 02.69 02.72 02.73 02.73 02.74 02.74 02.74 02.76 02.76 02.77 02.77 02.78 02.78 02.79 02.80 02.81
02.38 02.55 02.54 02.49 02.48 01.97 01.86 01.86 01.85 01.85 01.85 01.85 01.86 01.87 01.89 01.92 01.96 01.99 02.05 02.14 02.93 02.60 02.13 02.12 02.12 02.12 02.12 02.12 02.13 02.12 02.10 01.98 01.84 01.85 01.86 01.86 01.87 01.89 01.90 01.88 01.87 01.86 01.84 01.83 01.86 01.90 01.92 01.93 01.94 01.95 01.96 01.97 01.98 01.99 02.00 02.25 02.47 02.55 02.61 02.63 02.64 02.64 02.65 02.65 02.65 02.66 02.65 02.67 02.69 02.70 02.71 02.73 02.75 02.74 02.74 02.75 02.75
03.02 02.60 02.42 02.56 02.41 02.39 02.25 02.09 01.91 01.87 01.87 01.87 01.87 01.88 01.90 01.92 01.96 02.00 02.09 02.84 02.87 03.52 03.56 02.66 02.66 02.58 02.39 02.26 02.18 02.42 02.09 01.97 01.84 01.85 01.87 01.88 01.88 01.90 01.91 01.91 01.93 01.92 01.88 01.85 01.85 01.89 01.92 01.94 01.95 01.96 01.97 02.08 02.34 02.46 02.55 02.60 02.62 02.63 02.63 02.63 02.64 02.64 02.65 02.64 02.63 02.62 02.63 02.64 02.65 02.66 02.66 02.67 02.68 02.69 02.71 02.72 02.73
03.22 03.18 02.33 02.56 02.20 02.08 02.22 02.19 02.23 02.23 02.22 02.20 02.17 02.12 02.00 02.12 02.29 02.46 02.66 02.75 03.31 03.67 03.30 02.04 02.50 02.54 02.71 02.74 02.59 02.44 02.38 01.93 01.85 01.87 01.89 01.89 01.90 01.91 01.92 01.94 01.95 01.96 01.95 01.91 02.00 02.11 02.19 02.26 02.37 02.45 02.50 02.52 02.53 02.55 02.58 02.60 02.60 02.60 02.60 02.61 02.62 02.62 02.63 02.63 02.63 02.62 02.60 02.57 02.57 02.59 02.61 02.61 02.62 02.63 02.65 02.66 02.54
03.12 02.36 02.29 02.48 02.44 02.14 02.15 02.18 02.21 02.24 02.25 02.26 02.27 02.29 02.32 02.37 02.43 02.49 02.54 02.67 02.85 02.90 02.94 03.15 03.26 02.97 03.57 02.21 02.65 02.23 02.33 01.87 01.87 01.88 01.90 01.91 01.92 01.92 01.94 01.95 02.19 02.37 02.47 02.52 02.46 02.36 02.35 02.38 02.42 02.47 02.51 02.52 02.52 02.53 02.54 02.55 02.56 02.57 02.58 02.58 02.59 02.59 02.60 02.60 02.61 02.61 02.61 02.59 02.57 02.55 02.55 02.56 02.57 02.48 02.48 02.49 02.50
02.74 02.73 02.23 02.16 02.09 02.24 02.14 02.17 02.20 02.22 02.24 02.25 02.26 02.28 02.30 02.34 02.38 02.45 02.51 02.57 02.65 02.78 03.03 02.32 02.57 02.54 02.73 02.22 02.49 02.21 02.17 02.18 02.22 02.27 02.29 02.32 02.35 02.37 02.39 02.43 02.46 02.50 02.54 02.57 02.60 02.49 02.36 02.33 02.37 02.40 02.44 02.48 02.50 02.50 02.52 02.53 02.54 02.53 02.55 02.56 02.56 02.57 02.54 02.55 02.54 02.55 02.56 02.57 02.58 02.51 02.45 02.40 02.41 02.43 02.44 02.45 02.47
02.39 02.07 02.17 02.14 02.12 02.11 02.14 02.17 02.19 02.21 02.22 02.23 02.25 02.26 02.28 02.31 02.34 02.39 02.44 02.51 02.74 02.83 03.00 02.87 02.67 02.60 02.49 02.13 02.24 02.14 02.16 02.19 02.22 02.25 02.29 02.33 02.36 02.39 02.40 02.42 02.44 02.46 02.48 02.52 02.56 02.59 02.63 02.67 02.24 02.31 02.36 02.41 02.45 02.47 02.49 02.50 02.50 02.50 02.51 02.51 02.51 02.51 02.52 02.52 02.52 02.53 02.48 02.41 02.41 02.42 02.44 02.44 02.42 02.39 02.41 02.42 02.42
02.24 02.15 02.10 02.10 02.10 02.10 02.13 02.16 02.18 02.20 02.21 02.22 02.23 02.25 02.26 02.29 02.32 02.35 02.27 02.36 02.53 03.03 03.26 04.15 04.59 02.41 02.10 02.11 02.13 02.15 02.15 02.17 02.20 02.24 02.27 02.31 02.33 02.36 02.38 02.39 02.41 02.43 02.45 02.47 02.52 02.57 02.61 02.54 02.40 02.33 02.29 02.33 02.42 02.45 02.46 02.48 02.50 02.50 02.52 02.51 02.51 02.52 02.53 02.43 02.41 02.40 02.39 02.40 02.39 02.39 02.39 02.40 02.40 02.41 02.35 02.35 02.36
02.14 02.07 02.09 02.08 02.07 02.09 02.10 02.11 02.15 02.19 02.21 02.23 02.24 02.25 02.27 02.29 02.29 02.32 02.41 02.63 02.86 03.09 03.25 03.56 04.21 03.28 02.44 02.09 02.13 02.12 02.13 02.16 02.19 02.22 02.25 02.28 02.31 02.33 02.35 02.37 02.39 02.40 02.41 02.43 02.47 02.50 02.53 02.57 02.58 02.49 02.27 02.27 02.34 02.40 02.43 02.46 02.48 02.49 02.50 02.50 02.43 02.43 02.43 02.41 02.40 02.39 02.39 02.38 02.37 02.37 02.37 02.36 02.37 02.36 02.36 02.37 02.33
02.19 02.06 02.06 02.06 02.07 02.08 02.09 02.11 02.12 02.12 02.14 02.17 02.17 02.21 02.23 02.26 02.30 02.33 02.43 02.56 02.67 02.85 02.95 02.82 03.09 03.36 03.26 02.40 02.40 02.41 02.44 02.15 02.18 02.21 02.23 02.26 02.29 02.31 02.33 02.35 02.36 02.38 02.39 02.40 02.43 02.47 02.50 02.54 02.59 02.64 02.47 02.33 02.26 02.31 02.33 02.32 02.34 02.37 02.40 02.42 02.42 02.43 02.43 02.42 02.41 02.40 02.39 02.39 02.38 02.36 02.36 02.35 02.33 02.32 02.33 02.32 02.32
02.10 02.05 02.06 02.06 02.07 02.08 02.09 02.09 02.11 02.13 02.13 02.14 02.15 02.17 02.18 02.18 02.19 02.22 02.26 02.32 02.38 02.48 02.57 02.67 02.85 03.15 03.43 03.32 03.23 02.45 02.40 02.41 02.42 02.22 02.21 02.24 02.26 02.29 02.31 02.33 02.34 02.36 02.37 02.38 02.39 02.42 02.47 02.51 02.51 02.47 02.46 02.40 02.13 02.17 02.22 02.25 02.27 02.29 02.31 02.34 02.37 02.38 02.39 02.42 02.43 02.42 02.41 02.41 02.40 02.38 02.37 02.35 02.34 02.34 02.33 02.30 02.30
01.92 01.87 02.05 02.04 02.05 02.08 02.09 02.09 02.10 02.11 02.12 02.13 02.14 02.15 02.16 02.18 02.19 02.22 02.24 02.28 02.34 02.38 02.43 02.52 02.64 02.77 03.01 02.89 03.13 02.77 03.14 02.39 02.40 02.42 02.44 02.44 02.44 02.29 02.22 02.24 02.26 02.27 02.28 02.29 02.30 02.31 02.34 02.38 02.42 02.42 02.41 02.41 02.42 02.19 02.15 02.19 02.22 02.26 02.29 02.32 02.34 02.35 02.37 02.40 02.42 02.43 02.43 02.43 02.42 02.43 02.41 02.39 02.36 02.34 02.07 02.04 02.02
01.93 01.84 01.86 01.87 02.05 02.07 02.08 02.08 02.09 02.10 02.11 02.12 02.13 02.14 02.15 02.16 02.18 02.21 02.23 02.25 02.28 02.32 02.37 02.45 02.51 02.60 02.66 02.72 02.87 03.12 02.85 02.99 02.25 02.41 02.43 02.43 02.43 02.44 02.45 02.45 02.41 02.28 02.24 02.25 02.27 02.29 02.30 02.33 02.36 02.38 02.43 02.47 02.51 02.51 02.17 02.15 02.18 02.21 02.24 02.28 02.29 02.31 02.35 02.37 02.39 02.41 02.43 02.46 02.46 02.45 02.44 02.17 02.14 02.11 02.07 02.04 02.02
01.82 01.82 01.83 01.85 01.86 01.88 02.02 02.07 02.08 02.09 02.10 02.11 02.12 02.13 02.13 02.15 02.17 02.19 02.21 02.22 02.23 02.27 02.31 02.36 02.42 02.48 02.52 02.59 02.68 02.76 02.93 02.55 02.59 02.13 02.12 02.13 02.14 02.42 02.43 02.44 02.44 02.44 02.45 02.45 02.38 02.22 02.25 02.29 02.30 02.33 02.38 02.43 02.48 02.43 02.47 02.15 02.17 02.19 02.21 02.24 02.26 02.28 02.30 02.32 02.34 02.36 02.39 02.41 02.33 02.18 02.17 02.15 02.14 02.13 02.12 02.07 02.03
01.81 01.82 01.81 01.83 01.84 01.85 01.87 01.88 01.90 01.93 02.09 02.10 02.11 02.12 02.12 02.13 02.14 02.15 02.17 02.19 02.21 02.24 02.28 02.30 02.34 02.38 02.41 02.48 02.55 02.31 02.35 02.30 02.28 02.31 02.55 02.41 01.85 02.05 02.12 02.12 02.13 02.20 02.44 02.44 02.43 02.42 02.38 02.30 02.23 02.27 02.32 02.37 02.42 02.46 02.41 02.41 02.38 02.27 02.21 02.22 02.24 02.25 02.27 02.28 02.28 02.11 02.10 02.11 02.11 02.13 02.14 02.15 02.14 02.11 02.11 02.11 02.11
02.00 01.80 01.79 01.81 01.82 01.83 01.85 01.86 01.87 01.88 01.89 01.90 01.92 01.93 01.97 02.12 02.13 02.14 02.15 02.17 02.19 02.22 02.25 02.27 02.29 02.31 02.12 02.14 02.17 02.21 02.25 02.28 02.30 02.38 02.54 02.58 02.13 01.95 01.83 01.81 01.85 02.03 02.11 02.11 02.11 02.11 02.11 02.35 02.21 02.22 02.27 02.30 02.32 02.36 02.43 02.48 02.45 02.16 01.99 02.00 02.03 02.04 02.04 02.03 02.03 02.04 02.05 02.06 02.07 02.08 02.08 02.09 02.11 02.12 02.12 02.14 02.16
02.06 02.03 01.94 01.79 01.80 01.81 01.82 01.83 01.84 01.85 01.87 01.88 01.89 01.90 01.90 01.91 01.93 01.94 01.94 01.95 01.97 01.99 02.01 02.02 02.03 02.04 02.06 02.07 02.10 02.13 02.16 02.18 02.21 02.26 02.25 02.29 02.33 02.38 01.86 01.87 01.88 02.16 02.62 02.54 02.27 02.06 02.05 02.04 02.18 02.14 02.19 02.24 02.28 02.29 02.11 02.15 02.18 02.17 02.17 01.92 01.95 01.98 02.01 02.02 02.02 02.02 02.02 02.02 02.03 02.05 02.07 02.08 02.08 02.08 02.08 02.10 02.32
02.26 02.03 02.02 02.03 01.99 01.80 01.80 01.81 01.82 01.83 01.84 01.85 01.86 01.87 01.88 01.89 01.90 01.92 01.92 01.93 01.94 01.95 01.97 01.99 02.00 02.01 02.02 02.03 02.05 02.06 02.08 02.10 02.14 02.17 02.20 02.22 02.24 02.89 03.17 03.25 02.51 02.71 02.72 03.06 03.84 02.51 02.25 02.08 01.92 01.91 01.96 02.01 02.03 02.05 02.06 02.08 02.10 02.12 02.13 02.07 01.98 01.93 01.96 01.99 01.99 02.00 02.01 02.00 02.00 02.01 02.02 02.02 02.03 02.04 02.49 02.71 02.79
02.13 02.05 02.00 02.02 02.05 02.07 02.07 02.02 01.85 01.81 01.82 01.83 01.84 01.85 01.86 01.87 01.88 01.89 01.89 01.90 01.91 01.92 01.94 01.95 01.96 01.97 01.98 02.00 02.01 02.02 02.04 02.04 02.08 02.11 02.14 02.64 02.91 03.03 03.09 03.10 03.08 03.05 03.07 03.17 03.38 03.54 01.93 01.99 01.89 01.88 01.92 01.95 01.98 02.00 02.02 02.03 02.04 02.05 02.07 02.11 02.14 01.94 01.91 01.92 01.94 01.95 01.95 01.96 01.97 01.99 -1.00 -1.00 -1.00 -1.00 01.06 02.21 02.41
02.19 02.03 01.99 02.01 02.03 02.06 02.08 02.09 02.11 02.11 02.10 02.05 01.91 01.84 01.85 01.85 01.85 01.86 01.87 01.88 01.89 01.90 01.91 01.92 01.93 01.95 01.96 01.97 01.98 01.99 02.00 02.00 02.35 02.57 02.71 02.80 02.86 02.92 02.96 02.99 03.02 03.06 03.09 03.13 02.72 02.26 01.87 01.89 01.82 01.85 01.90 01.92 01.94 01.96 01.98 02.00 02.01 02.02 02.04 02.05 02.08 02.01 01.97 01.90 01.91 02.11 02.32 02.47 02.53 -1.00 -1.00 -1.00 -1.00 -1.00 -1.00 -1.00 00.83
02.17 02.00 01.98 01.99 02.01 02.04 02.06 02.08 02.10 02.12 02.13 02.15 02.16 02.16 02.16 02.16 02.12 02.08 01.99 01.87 01.87 01.88 01.89 01.90 01.91 01.92 02.05 02.24 02.35 02.44 02.52 02.57 02.62 02.66 02.69 02.73 02.77 02.80 02.79 02.84 02.88 02.91 02.94 03.01 02.54 02.07 01.92 01.84 01.82 01.84 01.86 01.88 01.91 01.93 01.95 01.96 01.97 01.99 02.00 02.02 02.39 02.57 02.66 02.55 02.53 02.52 02.52 02.06 01.74 02.21 03.52 01.06 -1.00 -1.00 -1.00 -1.00 -1.00
