data/trial5/ashley.fml
NCOLS 382
NROWS 266
XLLCORNER 157819.328125
YLLCORNER 384678.625000
CELLSIZE 30.000000
NODATA_VALUE -1
[rows 102 to 135 of 266, columns 231 to 307 of 382]
-1.00 -1.00 -1.00 -1.00 -1.00 -1.00 -1.00 -1.00 -1.00 -1.00 -1.00 -1.00 -1.00 -1.00 -1.00 -1.00 -1.00 -1.00 -1.00 -1.00 -1.00 -1.00 -1.00 -1.00 -1.00 -1.00 -1.00 -1.00 -1.00 -1.00 -1.00 -1.00 -1.00 -1.00 -1.00 -1.00 -1.00 -1.00 -1.00 -1.00 -1.00 -1.00 -1.00 -1.00 -1.00 -1.00 -1.00 -1.00 -1.00 -1.00 -1.00 -1.00 -1.00 -1.00 -1.00 -1.00 -1.00 -1.00 -1.00 -1.00 -1.00 -1.00 -1.00 -1.00 -1.00 -1.00 -1.00 -1.00 -1.00 -1.00 -1.00 -1.00 -1.00 -1.00 -1.00 -1.00 -1.00
-1.00 -1.00 -1.00 -1.00 -1.00 -1.00 -1.00 -1.00 -1.00 -1.00 -1.00 -1.00 -1.00 -1.00 -1.00 -1.00 -1.00 -1.00 -1.00 -1.00 -1.00 -1.00 -1.00 -1.00 -1.00 -1.00 -1.00 -1.00 -1.00 -1.00 -1.00 -1.00 -1.00 -1.00 -1.00 -1.00 -1.00 -1.00 -1.00 -1.00 -1.00 -1.00 -1.00 -1.00 -1.00 -1.00 -1.00 -1.00 -1.00 -1.00 -1.00 -1.00 -1.00 -1.00 -1.00 -1.00 -1.00 -1.00 -1.00 -1.00 -1.00 -1.00 -1.00 -1.00 -1.00 -1.00 -1.00 -1.00 -1.00 -1.00 -1.00 -1.00 -1.00 -1.00 -1.00 -1.00 -1.00
-1.00 -1.00 -1.00 -1.00 -1.00 -1.00 -1.00 -1.00 -1.00 -1.00 -1.00 -1.00 -1.00 -1.00 -1.00 -1.00 -1.00 -1.00 -1.00 -1.00 -1.00 -1.00 -1.00 -1.00 -1.00 -1.00 -1.00 -1.00 -1.00 -1.00 -1.00 -1.00 -1.00 -1.00 -1.00 -1.00 -1.00 -1.00 -1.00 -1.00 -1.00 -1.00 -1.00 -1.00 -1.00 -1.00 -1.00 -1.00 -1.00 -1.00 -1.00 -1.00 -1.00 -1.00 -1.00 -1.00 -1.00 -1.00 -1.00 -1.00 -1.00 -1.00 -1.00 -1.00 -1.00 -1.00 -1.00 -1.00 -1.00 -1.00 -1.00 -1.00 -1.00 -1.00 -1.00 -1.00 -1.00
-1.00 -1.00 -1.00 -1.00 -1.00 -1.00 -1.00 -1.00 -1.00 -1.00 -1.00 -1.00 -1.00 -1.00 -1.00 -1.00 -1.00 -1.00 -1.00 -1.00 -1.00 -1.00 -1.00 -1.00 -1.00 -1.00 -1.00 -1.00 -1.00 -1.00 -1.00 -1.00 -1.00 -1.00 -1.00 -1.00 -1.00 -1.00 -1.00 -1.00 -1.00 -1.00 -1.00 -1.00 -1.00 -1.00 -1.00 -1.00 -1.00 -1.00 -1.00 -1.00 -1.00 -1.00 -1.00 -1.00 -1.00 -1.00 -1.00 -1.00 -1.00 -1.00 -1.00 -1.00 -1.00 -1.00 -1.00 -1.00 -1.00 -1.00 -1.00 -1.00 -1.00 -1.00 -1.00 -1.00 -1.00
-1.00 -1.00 -1.00 -1.00 -1.00 -1.00 -1.00 -1.00 -1.00 -1.00 -1.00 -1.00 -1.00 -1.00 -1.00 -1.00 -1.00 -1.00 -1.00 -1.00 -1.00 -1.00 -1.00 -1.00 -1.00 -1.00 -1.00 -1.00 -1.00 -1.00 -1.00 -1.00 -1.00 -1.00 -1.00 -1.00 -1.00 -1.00 -1.00 -1.00 -1.00 -1.00 -1.00 -1.00 -1.00 -1.00 -1.00 -1.00 -1.00 -1.00 -1.00 -1.00 -1.00 -1.00 -1.00 -1.00 -1.00 -1.00 -1.00 -1.00 -1.00 -1.00 -1.00 -1.00 -1.00 -1.00 -1.00 -1.00 -1.00 -1.00 -1.00 -1.00 -1.00 -1.00 -1.00 -1.00 -1.00
-1.00 -1.00 -1.00 -1.00 -1.00 -1.00 -1.00 -1.00 -1.00 -1.00 -1.00 -1.00 -1.00 -1.00 -1.00 -1.00 -1.00 -1.00 -1.00 -1.00 -1.00 -1.00 -1.00 -1.00 -1.00 -1.00 -1.00 -1.00 -1.00 -1.00 -1.00 -1.00 -1.00 -1.00 -1.00 -1.00 -1.00 -1.00 -1.00 -1.00 -1.00 -1.00 -1.00 -1.00 -1.00 -1.00 -1.00 -1.00 -1.00 -1.00 -1.00 -1.00 -1.00 -1.00 -1.00 -1.00 -1.00 -1.00 -1.00 -1.00 -1.00 -1.00 -1.00 -1.00 -1.00 -1.00 -1.00 -1.00 -1.00 -1.00 -1.00 -1.00 -1.00 -1.00 -1.00 -1.00 -1.00
-1.00 -1.00 -1.00 -1.00 -1.00 -1.00 -1.00 -1.00 -1.00 -1.00 -1.00 -1.00 -1.00 -1.00 -1.00 -1.00 -1.00 -1.00 -1.00 -1.00 -1.00 -1.00 -1.00 -1.00 -1.00 -1.00 -1.00 -1.00 -1.00 -1.00 -1.00 -1.00 -1.00 -1.00 -1.00 -1.00 -1.00 -1.00 -1.00 -1.00 -1.00 -1.00 -1.00 -1.00 -1.00 -1.00 -1.00 -1.00 -1.00 -1.00 -1.00 -1.00 -1.00 -1.00 -1.00 -1.00 -1.00 -1.00 -1.00 -1.00 -1.00 -1.00 -1.00 -1.00 -1.00 -1.00 -1.00 -1.00 -1.00 -1.00 -1.00 -1.00 -1.00 -1.00 -1.00 -1.00 -1.00
-1.00 -1.00 -1.00 -1.00 -1.00 -1.00 -1.00 -1.00 -1.00 -1.00 -1.00 -1.00 -1.00 -1.00 -1.00 -1.00 -1.00 -1.00 -1.00 -1.00 -1.00 -1.00 -1.00 -1.00 -1.00 -1.00 -1.00 -1.00 -1.00 -1.00 -1.00 -1.00 -1.00 -1.00 -1.00 -1.00 -1.00 -1.00 -1.00 -1.00 -1.00 -1.00 -1.00 -1.00 -1.00 -1.00 -1.00 -1.00 -1.00 -1.00 -1.00 -1.00 -1.00 -1.00 -1.00 -1.00 -1.00 -1.00 -1.00 -1.00 -1.00 -1.00 -1.00 -1.00 -1.00 -1.00 -1.00 -1.00 -1.00 -1.00 -1.00 -1.00 -1.00 -1.00 -1.00 -1.00 -1.00
-1.00 -1.00 -1.00 -1.00 -1.00 -1.00 -1.00 -1.00 -1.00 -1.00 -1.00 -1.00 -1.00 -1.00 -1.00 -1.00 -1.00 -1.00 -1.00 -1.00 -1.00 -1.00 -1.00 -1.00 -1.00 -1.00 -1.00 -1.00 -1.00 -1.00 -1.00 -1.00 -1.00 -1.00 -1.00 -1.00 -1.00 -1.00 -1.00 -1.00 -1.00 -1.00 -1.00 -1.00 -1.00 -1.00 -1.00 -1.00 -1.00 -1.00 -1.00 -1.00 -1.00 -1.00 -1.00 -1.00 -1.00 -1.00 -1.00 -1.00 -1.00 -1.00 -1.00 -1.00 -1.00 -1.00 -1.00 -1.00 -1.00 -1.00 -1.00 -1.00 -1.00 -1.00 -1.00 -1.00 -1.00
-1.00 -1.00 -1.00 -1.00 -1.00 -1.00 -1.00 -1.00 -1.00 -1.00 -1.00 -1.00 -1.00 -1.00 -1.00 -1.00 -1.00 -1.00 -1.00 -1.00 -1.00 -1.00 -1.00 -1.00 -1.00 -1.00 -1.00 -1.00 -1.00 -1.00 -1.00 -1.00 -1.00 -1.00 -1.00 -1.00 -1.00 -1.00 -1.00 -1.00 -1.00 -1.00 -1.00 -1.00 -1.00 -1.00 -1.00 -1.00 -1.00 -1.00 -1.00 -1.00 -1.00 -1.00 -1.00 -1.00 -1.00 -1.00 -1.00 -1.00 -1.00 -1.00 -1.00 -1.00 -1.00 -1.00 -1.00 -1.00 -1.00 -1.00 -1.00 -1.00 -1.00 -1.00 -1.00 -1.00 -1.00
-1.00 -1.00 -1.00 -1.00 -1.00 -1.00 -1.00 -1.00 -1.00 -1.00 -1.00 -1.00 -1.00 -1.00 -1.00 -1.00 -1.00 -1.00 -1.00 -1.00 -1.00 -1.00 -1.00 -1.00 -1.00 -1.00 -1.00 -1.00 -1.00 -1.00 -1.00 -1.00 -1.00 -1.00 -1.00 -1.00 -1.00 -1.00 -1.00 -1.00 -1.00 -1.00 -1.00 -1.00 -1.00 -1.00 -1.00 -1.00 -1.00 -1.00 -1.00 -1.00 -1.00 -1.00 -1.00 -1.00 -1.00 -1.00 -1.00 -1.00 -1.00 -1.00 -1.00 -1.00 -1.00 -1.00 -1.00 -1.00 -1.00 -1.00 -1.00 -1.00 -1.00 -1.00 -1.00 -1.00 -1.00
-1.00 -1.00 -1.00 -1.00 -1.00 -1.00 -1.00 -1.00 -1.00 -1.00 -1.00 -1.00 -1.00 -1.00 -1.00 -1.00 -1.00 -1.00 -1.00 -1.00 -1.00 -1.00 -1.00 -1.00 -1.00 -1.00 -1.00 -1.00 -1.00 -1.00 -1.00 -1.00 -1.00 -1.00 -1.00 -1.00 -1.00 -1.00 -1.00 -1.00 -1.00 -1.00 -1.00 -1.00 -1.00 -1.00 -1.00 -1.00 -1.00 -1.00 -1.00 -1.00 -1.00 -1.00 -1.00 -1.00 -1.00 -1.00 -1.00 -1.00 -1.00 -1.00 -1.00 -1.00 -1.00 -1.00 -1.00 -1.00 -1.00 -1.00 -1.00 -1.00 -1.00 -1.00 -1.00 -1.00 -1.00
-1.00 -1.00 -1.00 -1.00 -1.00 -1.00 -1.00 -1.00 -1.00 -1.00 -1.00 -1.00 -1.00 -1.00 -1.00 -1.00 -1.00 -1.00 -1.00 -1.00 -1.00 -1.00 -1.00 -1.00 -1.00 -1.00 -1.00 -1.00 -1.00 -1.00 -1.00 -1.00 -1.00 -1.00 -1.00 -1.00 -1.00 -1.00 -1.00 -1.00 -1.00 -1.00 -1.00 -1.00 -1.00 -1.00 -1.00 -1.00 -1.00 -1.00 -1.00 -1.00 -1.00 -1.00 -1.00 -1.00 -1.00 -1.00 -1.00 -1.00 01.70 01.73 01.75 01.77 01.77 01.77 01.77 01.76 -1.00 -1.00 -1.00 -1.00 -1.00 -1.00 -1.00 -1.00 -1.00
-1.00 -1.00 -1.00 -1.00 -1.00 -1.00 -1.00 -1.00 -1.00 -1.00 -1.00 -1.00 -1.00 -1.00 -1.00 -1.00 -1.00 -1.00 -1.00 -1.00 -1.00 -1.00 -1.00 -1.00 -1.00 -1.00 -1.00 -1.00 -1.00 -1.00 -1.00 -1.00 -1.00 -1.00 -1.00 -1.00 -1.00 -1.00 -1.00 -1.00 -1.00 -1.00 -1.00 -1.00 -1.00 -1.00 -1.00 -1.00 -1.00 -1.00 -1.00 -1.00 -1.00 01.75 01.81 01.80 01.80 01.76 01.78 01.76 01.77 01.79 01.81 01.82 01.83 01.83 01.85 01.88 01.94 01.97 01.90 01.93 -1.00 -1.00 -1.00 -1.00 -1.00
-1.00 -1.00 -1.00 -1.00 -1.00 -1.00 -1.00 -1.00 -1.00 -1.00 -1.00 -1.00 -1.00 -1.00 -1.00 -1.00 -1.00 -1.00 -1.00 -1.00 -1.00 -1.00 -1.00 -1.00 -1.00 -1.00 -1.00 -1.00 -1.00 -1.00 -1.00 -1.00 -1.00 -1.00 -1.00 -1.00 -1.00 -1.00 -1.00 -1.00 -1.00 -1.00 -1.00 -1.00 -1.00 -1.00 -1.00 -1.00 -1.00 -1.00 -1.00 01.91 01.96 01.83 01.79 01.76 01.74 01.73 01.73 01.71 01.67 01.69 01.72 01.73 01.75 01.77 01.79 01.83 01.88 01.92 01.96 02.00 02.11 02.07 02.07 -1.00 -1.00
-1.00 -1.00 -1.00 -1.00 -1.00 -1.00 -1.00 -1.00 -1.00 -1.00 -1.00 -1.00 -1.00 -1.00 -1.00 -1.00 -1.00 -1.00 -1.00 -1.00 -1.00 -1.00 -1.00 -1.00 -1.00 -1.00 -1.00 -1.00 -1.00 -1.00 -1.00 -1.00 -1.00 -1.00 -1.00 -1.00 -1.00 -1.00 -1.00 -1.00 -1.00 -1.00 -1.00 -1.00 -1.00 -1.00 -1.00 -1.00 -1.00 01.92 01.96 01.90 01.86 01.83 01.73 01.66 01.64 01.63 01.62 01.61 01.55 01.58 01.61 01.64 01.66 01.64 01.70 01.75 01.80 01.89 02.00 02.09 02.20 02.21 02.25 02.15 -1.00
-1.00 -1.00 -1.00 -1.00 -1.00 -1.00 -1.00 -1.00 -1.00 -1.00 -1.00 -1.00 -1.00 -1.00 01.72 01.85 01.76 01.73 -1.00 -1.00 -1.00 01.73 01.74 01.75 -1.00 -1.00 -1.00 -1.00 -1.00 -1.00 -1.00 -1.00 -1.00 -1.00 -1.00 -1.00 -1.00 -1.00 -1.00 -1.00 -1.00 -1.00 -1.00 -1.00 -1.00 -1.00 -1.00 01.80 01.93 01.93 01.83 01.79 01.71 01.65 01.60 01.40 01.16 00.91 01.25 01.36 01.45 01.50 01.54 01.51 01.47 01.37 01.23 01.63 01.77 01.82 01.90 01.97 02.12 02.26 02.02 01.97 01.74
-1.00 -1.00 -1.00 -1.00 -1.00 -1.00 -1.00 -1.00 -1.00 -1.00 -1.00 -1.00 -1.00 01.78 01.78 01.76 01.78 01.81 01.79 01.80 01.80 01.80 01.80 01.81 01.82 01.87 01.84 01.84 01.85 01.86 01.80 01.80 -1.00 -1.00 -1.00 -1.00 -1.00 -1.00 -1.00 -1.00 -1.00 -1.00 -1.00 -1.00 -1.00 01.75 01.85 01.87 01.85 01.78 01.69 01.60 01.52 01.34 01.46 01.56 01.65 01.63 01.59 01.70 01.80 01.84 01.88 01.86 01.70 01.68 01.64 01.44 01.52 01.76 02.00 01.83 01.94 01.71 01.69 01.69 01.70
-1.00 -1.00 -1.00 -1.00 -1.00 -1.00 -1.00 -1.00 -1.00 -1.00 -1.00 -1.00 -1.00 01.37 01.70 01.66 01.67 01.71 01.75 01.74 01.73 01.71 01.69 01.69 01.73 01.75 01.74 01.73 01.74 01.80 01.82 01.84 01.87 01.91 01.89 01.85 -1.00 -1.00 -1.00 -1.00 -1.00 -1.00 -1.00 -1.00 01.78 01.81 01.81 01.77 01.69 01.59 01.37 01.39 01.64 01.64 01.74 01.86 01.81 01.71 01.73 01.77 01.92 02.35 03.13 02.43 02.96 02.18 02.09 01.61 01.49 01.77 01.62 01.58 01.51 01.52 01.56 01.57 01.64
-1.00 -1.00 -1.00 00.36 00.39 00.41 00.43 00.45 00.47 00.49 -1.00 -1.00 00.49 01.68 01.60 01.53 01.52 01.65 01.63 01.64 01.66 01.60 01.50 01.61 01.60 01.64 01.64 01.62 01.65 01.68 01.72 01.77 01.81 01.86 01.89 01.91 01.97 02.06 02.06 02.02 -1.00 -1.00 -1.00 01.76 01.76 01.73 01.67 01.61 01.13 01.46 01.68 01.67 01.90 01.83 02.00 02.44 02.61 02.86 03.15 02.87 03.39 03.48 03.66 03.55 03.53 03.57 02.76 01.95 01.67 00.63 01.50 01.65 01.47 01.98 02.05 02.42 02.32
01.00 01.61 01.77 01.28 01.68 01.48 00.81 00.37 00.42 00.47 00.51 00.48 00.38 01.40 00.70 01.65 01.64 01.56 01.46 01.52 01.53 01.56 01.59 01.52 01.49 01.40 01.40 01.50 01.51 01.59 01.70 01.68 01.72 01.76 01.84 01.89 01.96 02.08 02.11 02.23 02.26 01.83 01.76 01.77 01.69 01.57 01.26 01.44 01.65 01.74 01.94 01.84 02.08 02.71 03.90 04.37 03.98 04.39 03.28 03.50 03.56 03.68 03.75 03.83 03.91 03.69 03.36 02.53 02.50 01.42 00.66 01.23 01.72 02.09 02.30 02.51 02.79
01.75 01.58 01.64 01.59 01.50 01.61 01.59 01.06 00.45 00.36 00.40 00.41 00.36 00.95 01.23 01.94 01.75 01.68 01.68 01.66 01.67 01.88 01.83 01.85 01.60 01.61 01.62 01.63 01.68 01.60 01.57 01.49 01.63 01.75 01.79 01.91 02.03 02.13 02.24 02.44 02.26 02.47 01.81 01.70 01.55 01.48 01.65 01.84 01.83 01.85 02.08 03.45 03.83 04.01 04.63 04.56 04.63 04.36 03.50 03.55 03.53 03.72 03.78 03.84 03.79 03.66 03.36 02.93 02.50 02.03 01.96 00.83 02.41 02.08 02.31 02.58 02.81
01.83 01.75 01.52 01.52 01.65 01.65 01.76 02.07 01.65 01.09 00.38 00.37 00.35 00.96 02.08 02.04 01.97 01.86 01.84 01.85 01.89 01.91 01.92 01.90 01.88 01.83 01.86 01.88 01.92 01.74 01.72 01.73 01.69 01.66 01.76 02.02 02.12 02.10 02.23 02.44 02.47 02.54 01.77 01.62 01.50 01.54 01.75 01.93 02.15 02.57 02.68 03.93 04.62 04.24 04.48 04.63 04.63 04.04 03.49 03.46 03.47 03.73 03.73 03.78 03.70 03.53 03.36 02.87 02.49 02.13 01.89 00.76 02.10 02.07 02.28 02.63 02.81
01.62 01.37 01.45 01.55 01.72 01.80 01.93 02.05 02.07 02.14 02.18 02.21 02.25 02.31 02.39 02.48 02.23 02.13 01.99 01.86 01.74 02.01 02.31 02.03 01.96 01.99 02.01 02.03 02.00 01.95 01.98 02.02 01.83 01.79 01.56 01.50 02.09 02.47 02.17 02.44 02.60 01.24 01.66 01.11 01.23 01.37 01.98 03.08 03.81 04.57 03.25 04.05 04.53 04.30 04.50 04.62 04.37 03.62 03.44 03.44 03.53 03.70 03.68 03.72 03.65 03.48 03.32 02.80 02.42 01.88 01.67 01.16 01.90 02.19 02.41 02.60 02.83
01.50 01.49 02.02 01.80 01.93 02.12 02.23 02.28 02.32 02.35 02.37 02.35 02.47 02.58 02.69 02.45 02.30 02.12 03.01 02.70 04.66 05.02 05.55 04.84 04.88 04.26 03.27 02.12 02.08 02.10 02.01 02.07 01.28 01.91 01.56 01.22 01.21 01.59 01.82 02.22 02.69 01.33 00.43 00.31 00.65 02.65 03.64 04.17 04.94 05.08 04.39 04.23 04.25 04.15 04.55 04.58 04.09 03.61 03.40 03.45 03.56 03.70 03.62 03.67 03.67 03.49 03.26 02.67 02.15 01.78 01.39 01.25 02.06 02.21 02.47 02.64 01.98
02.24 02.18 01.89 02.05 02.30 02.90 02.76 02.99 02.88 02.82 02.91 02.86 03.18 03.53 03.18 02.91 03.09 03.61 04.71 05.60 06.00 06.41 06.70 06.60 06.78 06.11 05.65 04.53 03.32 02.07 02.03 02.45 02.15 01.51 00.36 00.43 00.43 00.53 00.43 00.42 00.42 -1.00 00.46 00.31 02.58 03.71 04.60 04.81 05.07 05.01 04.75 04.19 04.10 04.33 04.68 04.65 03.88 03.56 03.40 03.41 03.57 03.68 03.61 03.66 03.71 03.48 03.03 02.40 01.89 01.72 00.78 01.75 02.07 02.27 02.56 02.70 02.90
01.98 02.11 02.17 02.29 02.97 03.23 03.33 03.36 03.25 03.42 03.42 03.40 03.48 03.44 03.49 03.14 05.34 06.00 06.45 06.39 06.21 06.43 06.70 06.99 10.86 06.86 06.48 06.21 05.97 05.66 04.39 01.71 01.32 00.92 00.48 00.60 00.71 00.64 00.65 -1.00 -1.00 00.41 00.39 00.37 03.07 04.04 04.76 04.67 05.02 05.01 04.65 04.17 03.97 04.36 04.84 04.78 03.89 03.39 03.32 03.36 03.53 03.69 03.66 03.64 03.72 03.33 02.74 02.24 01.75 01.54 00.99 02.04 02.04 02.32 02.53 02.72 02.82
02.60 02.35 02.32 03.06 03.21 03.30 03.38 03.58 03.56 03.54 03.53 03.53 03.50 03.60 03.61 04.34 05.89 06.50 06.92 06.52 06.26 06.36 06.55 06.91 11.13 06.96 06.55 06.45 06.35 05.79 05.17 01.30 00.43 00.48 00.43 00.58 00.67 00.65 00.64 -1.00 -1.00 00.43 00.28 00.40 03.39 04.20 04.66 04.54 04.70 04.96 04.75 04.30 03.88 04.47 04.83 04.37 03.75 03.21 03.25 03.39 03.61 03.71 03.70 03.71 03.73 03.17 02.49 02.04 01.57 01.09 01.56 01.96 02.12 02.38 02.54 02.75 03.21
02.80 02.65 03.01 03.38 03.42 03.54 03.66 03.59 03.54 03.53 03.57 03.68 03.62 04.16 03.19 04.25 05.20 05.82 06.59 06.73 06.62 06.35 06.50 06.78 10.76 06.73 06.52 06.55 06.27 05.88 04.86 00.63 00.65 00.52 00.42 00.54 00.62 00.62 -1.00 -1.00 -1.00 00.42 00.32 02.57 03.74 03.89 04.27 04.27 04.43 04.80 04.65 04.15 03.90 04.63 04.87 04.51 03.52 03.00 03.18 03.43 03.72 03.70 03.78 03.78 03.61 02.95 02.24 01.81 01.62 00.54 01.87 01.92 01.92 02.44 02.66 02.05 01.77
03.07 03.03 03.43 03.46 03.57 03.65 03.62 03.58 03.62 03.64 03.64 03.75 04.13 04.53 03.67 04.38 04.72 05.02 05.67 06.52 06.74 06.32 06.32 06.52 06.65 06.66 06.63 06.45 06.10 05.74 04.62 01.52 00.69 00.57 00.41 00.50 00.59 00.62 -1.00 -1.00 -1.00 00.40 00.33 02.47 03.85 03.80 03.75 03.96 04.18 04.48 04.52 04.02 03.90 04.67 05.18 04.72 03.18 02.84 03.12 03.50 03.72 03.63 03.80 03.71 03.41 02.55 01.94 01.63 01.44 02.85 01.66 02.15 02.80 02.52 01.37 01.46 00.07
03.25 03.27 03.66 03.65 03.63 03.63 03.72 03.59 03.68 03.69 03.85 04.01 04.56 05.03 04.18 04.63 04.52 04.62 05.33 06.36 06.43 06.20 06.14 06.21 06.27 06.34 06.41 06.39 06.36 05.38 04.01 03.16 00.58 00.55 00.37 00.48 00.59 00.61 -1.00 -1.00 00.42 00.34 00.36 02.19 04.13 03.94 03.66 03.37 03.95 04.24 04.33 03.87 03.85 04.75 05.29 04.65 02.95 02.75 03.03 03.48 03.70 03.64 03.63 03.55 03.06 02.02 01.88 01.68 00.53 00.96 00.08 00.64 00.84 00.51 01.60 01.55 01.76
03.23 03.60 03.60 03.56 03.65 03.75 03.73 03.73 03.71 03.79 03.94 04.27 04.75 04.63 04.49 04.58 04.47 04.46 04.99 05.99 06.08 06.05 05.96 05.97 06.01 06.07 06.12 06.14 06.07 05.10 03.76 02.29 00.46 00.40 00.36 00.47 00.59 00.59 -1.00 -1.00 00.43 00.33 00.46 04.33 04.54 04.34 03.89 03.40 03.56 04.21 04.19 03.76 04.14 04.82 04.92 04.23 02.81 02.72 03.06 03.39 03.69 03.68 03.42 03.22 02.41 02.13 02.09 01.83 01.66 03.08 03.18 02.72 01.34 01.71 01.95 01.75 02.16
03.58 03.58 03.54 03.64 03.76 03.86 03.76 03.86 03.92 04.01 04.14 04.55 04.94 04.52 04.70 04.73 04.44 04.31 04.81 05.53 05.89 05.92 05.79 05.72 05.69 05.70 05.81 05.92 05.45 04.62 03.54 01.38 00.36 00.39 00.48 00.50 -1.00 00.51 00.54 00.50 00.37 00.37 00.53 04.57 04.61 04.65 04.05 03.40 03.09 04.06 04.02 03.97 04.29 04.76 04.60 03.61 02.71 02.65 03.03 03.42 03.84 03.43 03.11 02.81 02.29 02.02 01.79 02.27 02.73 03.22 03.21 02.68 01.72 01.97 01.96 02.20 02.07
03.70 03.71 03.65 03.74 03.90 03.82 03.92 03.93 04.02 04.17 04.46 04.89 05.01 04.62 04.87 04.98 04.53 04.49 04.63 05.24 05.89 05.78 05.60 05.43 05.28 05.36 05.46 05.44 05.39 04.26 03.31 00.44 00.33 00.44 00.55 00.49 00.52 00.52 00.49 00.46 00.32 00.42 03.25 04.77 04.75 04.95 04.06 03.36 02.98 03.60 03.86 04.05 04.40 04.80 04.33 03.34 02.66 02.62 03.10 03.49 03.44 03.07 02.76 02.44 02.01 01.87 02.20 02.44 02.82 03.37 01.74 01.81 01.94 02.33 02.33 02.10 02.32
