data/trial5/ashley.toa
NCOLS 382
NROWS 266
XLLCORNER 157819.328125
YLLCORNER 384678.625000
CELLSIZE 30.000000
NODATA_VALUE -1
[rows 156 to 181 of 266, columns 180 to 239 of 382]
00015.248 00015.167 00015.076 00015.014 00014.891 00014.825 00014.696 00014.616 00014.557 00014.504 00014.462 00014.431 00014.416 00014.425 00014.341 00014.245 00014.128 00013.976 00013.839 00013.722 00013.617 00013.562 00013.510 00013.462 00013.420 00013.395 00013.373 00013.354 00013.339 00013.323 00013.308 00013.300 00013.299 00013.305 00013.311 00013.308 00013.304 00013.301 00013.298 00013.301 00013.312 00013.320 00013.327 00013.337 00013.346 00013.350 00013.354 00013.337 00013.310 00013.297 00013.292 00013.373 00013.582 00013.369 00012.869 00012.819 00012.776 00012.771 00012.771 00012.770
00015.211 00015.117 00015.032 00014.933 00014.842 00014.750 00014.663 00014.582 00014.523 00014.470 00014.425 00014.403 00014.399 00014.423 00014.306 00014.210 00014.114 00013.963 00013.820 00013.692 00013.588 00013.521 00013.468 00013.421 00013.380 00013.355 00013.334 00013.314 00013.297 00013.281 00013.265 00013.261 00013.262 00013.269 00013.273 00013.269 00013.265 00013.263 00013.261 00013.268 00013.275 00013.280 00013.288 00013.296 00013.301 00013.304 00013.307 00013.287 00013.259 00013.234 00013.210 00013.223 00013.349 00013.584 00012.984 00012.854 00012.786 00012.722 00012.680 00012.683
00015.181 00015.081 00014.995 00014.897 00014.798 00014.715 00014.631 00014.548 00014.489 00014.436 00014.397 00014.367 00014.403 00014.395 00014.276 00014.177 00014.111 00013.951 00013.807 00013.672 00013.557 00013.477 00013.424 00013.376 00013.338 00013.315 00013.293 00013.274 00013.256 00013.240 00013.223 00013.222 00013.225 00013.231 00013.232 00013.228 00013.225 00013.223 00013.225 00013.234 00013.239 00013.242 00013.249 00013.255 00013.258 00013.259 00013.265 00013.238 00013.209 00013.184 00013.156 00013.172 00013.211 00013.375 00013.665 00013.153 00012.842 00012.656 00012.608 00012.593
00015.158 00015.047 00014.962 00014.863 00014.762 00014.681 00014.598 00014.514 00014.453 00014.400 00014.362 00014.353 00014.405 00014.366 00014.248 00014.143 00014.074 00013.983 00013.792 00013.649 00013.525 00013.431 00013.377 00013.330 00013.295 00013.273 00013.252 00013.233 00013.216 00013.199 00013.185 00013.186 00013.188 00013.192 00013.189 00013.185 00013.182 00013.179 00013.189 00013.198 00013.201 00013.205 00013.211 00013.215 00013.216 00013.215 00013.227 00013.189 00013.160 00013.133 00013.108 00013.108 00013.107 00013.163 00013.407 00013.351 00012.866 00012.578 00012.511 00012.498
00015.139 00015.027 00014.932 00014.830 00014.732 00014.646 00014.564 00014.480 00014.417 00014.359 00014.326 00014.326 00014.404 00014.372 00014.217 00014.112 00014.032 00014.017 00013.807 00013.624 00013.492 00013.381 00013.327 00013.280 00013.250 00013.229 00013.209 00013.192 00013.176 00013.160 00013.148 00013.148 00013.148 00013.148 00013.143 00013.138 00013.135 00013.137 00013.148 00013.156 00013.161 00013.166 00013.171 00013.174 00013.173 00013.171 00013.184 00013.140 00013.111 00013.083 00013.061 00013.056 00013.051 00013.057 00013.123 00013.008 00012.874 00012.603 00012.462 00012.426
00015.122 00015.014 00014.905 00014.805 00014.705 00014.611 00014.530 00014.445 00014.381 00014.326 00014.284 00014.312 00014.387 00014.308 00014.187 00014.082 00013.965 00013.951 00013.834 00013.632 00013.458 00013.327 00013.277 00013.230 00013.204 00013.184 00013.165 00013.150 00013.135 00013.119 00013.109 00013.106 00013.103 00013.099 00013.093 00013.088 00013.083 00013.093 00013.105 00013.111 00013.118 00013.123 00013.129 00013.131 00013.129 00013.127 00013.132 00013.092 00013.063 00013.032 00013.011 00013.006 00013.000 00012.984 00012.958 00012.919 00012.801 00012.548 00012.369 00012.305
00015.115 00015.001 00014.886 00014.783 00014.679 00014.577 00014.497 00014.410 00014.345 00014.291 00014.266 00014.297 00014.273 00014.201 00014.188 00014.050 00013.914 00013.892 00013.872 00013.671 00013.438 00013.283 00013.226 00013.179 00013.156 00013.137 00013.119 00013.105 00013.090 00013.074 00013.064 00013.060 00013.055 00013.048 00013.040 00013.032 00013.032 00013.045 00013.056 00013.063 00013.071 00013.078 00013.087 00013.085 00013.083 00013.084 00013.079 00013.043 00013.014 00012.986 00012.962 00012.940 00012.928 00012.919 00012.907 00012.889 00012.730 00012.479 00012.302 00012.247
00015.108 00014.992 00014.876 00014.762 00014.658 00014.549 00014.466 00014.377 00014.309 00014.236 00014.227 00014.203 00014.173 00014.135 00014.130 00014.000 00013.854 00013.830 00013.813 00013.800 00013.443 00013.236 00013.175 00013.128 00013.108 00013.088 00013.072 00013.057 00013.041 00013.024 00013.014 00013.007 00012.999 00012.989 00012.979 00012.969 00012.966 00012.980 00012.993 00013.005 00013.014 00013.026 00013.038 00013.033 00013.029 00013.038 00013.053 00012.996 00012.972 00012.949 00012.926 00012.903 00012.881 00012.859 00012.833 00012.785 00012.714 00012.494 00012.220 00012.148
00015.108 00014.986 00014.868 00014.752 00014.641 00014.534 00014.437 00014.349 00014.271 00014.204 00014.179 00014.142 00014.095 00014.008 00014.047 00013.874 00013.706 00013.690 00013.685 00013.723 00013.444 00013.190 00013.123 00013.078 00013.058 00013.038 00013.022 00013.007 00012.989 00012.972 00012.954 00012.942 00012.932 00012.922 00012.914 00012.906 00012.899 00012.898 00012.910 00012.922 00012.935 00012.948 00012.976 00012.969 00012.963 00012.959 00013.002 00012.967 00012.934 00012.906 00012.880 00012.872 00012.866 00012.818 00012.789 00012.757 00012.716 00012.540 00012.282 00012.139
00015.115 00014.985 00014.861 00014.744 00014.628 00014.519 00014.410 00014.322 00014.237 00014.164 00014.083 00014.049 00013.936 00013.850 00013.917 00013.725 00013.520 00013.512 00013.525 00013.555 00013.372 00013.135 00013.068 00013.028 00013.008 00012.988 00012.969 00012.953 00012.936 00012.918 00012.900 00012.881 00012.864 00012.855 00012.847 00012.839 00012.834 00012.828 00012.828 00012.839 00012.851 00012.865 00012.882 00012.904 00012.896 00012.888 00012.881 00012.896 00012.917 00012.890 00012.860 00012.829 00012.800 00012.778 00012.781 00012.785 00012.763 00012.594 00012.337 00012.090
00015.123 00014.993 00014.862 00014.737 00014.621 00014.506 00014.398 00014.297 00014.201 00014.112 00014.009 00013.876 00013.817 00013.682 00013.751 00013.536 00013.403 00013.359 00013.356 00013.365 00013.265 00013.063 00013.004 00012.981 00012.961 00012.942 00012.922 00012.901 00012.879 00012.859 00012.841 00012.824 00012.806 00012.790 00012.781 00012.774 00012.768 00012.763 00012.758 00012.758 00012.768 00012.780 00012.796 00012.812 00012.829 00012.825 00012.816 00012.807 00012.809 00012.826 00012.839 00012.808 00012.778 00012.745 00012.711 00012.683 00012.658 00012.557 00012.534 00012.329
00015.132 00015.002 00014.870 00014.739 00014.614 00014.498 00014.385 00014.273 00014.178 00014.069 00013.949 00013.826 00013.740 00013.620 00013.568 00013.423 00013.345 00013.261 00013.237 00013.141 00013.051 00012.986 00012.964 00012.943 00012.921 00012.899 00012.876 00012.854 00012.832 00012.810 00012.788 00012.767 00012.752 00012.737 00012.722 00012.709 00012.703 00012.696 00012.691 00012.686 00012.684 00012.694 00012.704 00012.722 00012.739 00012.783 00012.761 00012.749 00012.737 00012.725 00012.740 00012.757 00012.794 00012.742 00012.581 00012.404 00012.384 00012.296 00012.276 00012.566
00015.144 00015.011 00014.879 00014.747 00014.616 00014.490 00014.376 00014.264 00014.156 00014.041 00013.923 00013.799 00013.684 00013.572 00013.465 00013.371 00013.289 00013.203 00013.133 00013.043 00012.986 00012.959 00012.932 00012.905 00012.882 00012.859 00012.836 00012.814 00012.791 00012.769 00012.747 00012.726 00012.705 00012.685 00012.670 00012.655 00012.640 00012.631 00012.625 00012.618 00012.612 00012.606 00012.616 00012.625 00012.643 00012.660 00012.718 00012.701 00012.686 00012.670 00012.655 00012.647 00012.670 00012.787 00012.464 00012.149 00012.111 00012.133 00012.155 00012.215
00015.159 00015.025 00014.889 00014.757 00014.625 00014.494 00014.368 00014.255 00014.142 00014.028 00013.898 00013.775 00013.644 00013.535 00013.427 00013.322 00013.239 00013.146 00013.063 00012.993 00012.965 00012.938 00012.910 00012.884 00012.857 00012.830 00012.804 00012.778 00012.753 00012.730 00012.708 00012.686 00012.665 00012.645 00012.625 00012.606 00012.590 00012.575 00012.561 00012.553 00012.545 00012.537 00012.528 00012.535 00012.545 00012.563 00012.585 00012.668 00012.663 00012.629 00012.590 00012.558 00012.534 00012.476 00012.084 00012.061 00012.045 00012.028 00012.037 00012.059
00015.170 00015.040 00014.904 00014.768 00014.635 00014.504 00014.373 00014.246 00014.133 00014.015 00013.882 00013.752 00013.624 00013.501 00013.391 00013.279 00013.191 00013.096 00013.012 00012.976 00012.946 00012.917 00012.889 00012.862 00012.836 00012.810 00012.784 00012.758 00012.732 00012.706 00012.679 00012.653 00012.627 00012.603 00012.583 00012.564 00012.546 00012.528 00012.512 00012.495 00012.481 00012.472 00012.461 00012.451 00012.451 00012.465 00012.481 00012.537 00012.621 00012.657 00012.608 00012.544 00012.429 00012.052 00012.022 00012.002 00011.991 00011.981 00011.971 00011.961
00015.182 00015.051 00014.917 00014.784 00014.648 00014.514 00014.383 00014.252 00014.124 00014.004 00013.869 00013.734 00013.604 00013.475 00013.358 00013.247 00013.145 00013.051 00012.988 00012.960 00012.931 00012.902 00012.873 00012.844 00012.817 00012.790 00012.764 00012.738 00012.713 00012.687 00012.661 00012.635 00012.609 00012.583 00012.556 00012.530 00012.503 00012.483 00012.466 00012.448 00012.430 00012.413 00012.397 00012.385 00012.374 00012.364 00012.383 00012.400 00012.487 00012.801 00012.672 00012.481 00012.057 00012.029 00012.001 00011.985 00011.970 00011.955 00011.939 00011.928
00015.200 00015.063 00014.929 00014.795 00014.662 00014.529 00014.395 00014.264 00014.132 00013.994 00013.857 00013.720 00013.585 00013.455 00013.325 00013.214 00013.101 00013.008 00012.975 00012.947 00012.918 00012.888 00012.856 00012.828 00012.800 00012.773 00012.746 00012.720 00012.695 00012.669 00012.643 00012.618 00012.592 00012.566 00012.540 00012.513 00012.486 00012.459 00012.432 00012.405 00012.382 00012.364 00012.347 00012.329 00012.313 00012.301 00012.288 00012.293 00012.319 00012.410 00012.401 00012.073 00012.037 00012.010 00011.990 00011.975 00011.959 00011.944 00011.930 00011.915
00015.220 00015.083 00014.944 00014.807 00014.674 00014.542 00014.410 00014.276 00014.144 00014.005 00013.845 00013.707 00013.571 00013.436 00013.305 00013.181 00013.068 00012.990 00012.964 00012.936 00012.908 00012.879 00012.849 00012.819 00012.788 00012.758 00012.730 00012.703 00012.677 00012.651 00012.626 00012.600 00012.574 00012.549 00012.523 00012.496 00012.470 00012.443 00012.416 00012.390 00012.365 00012.339 00012.313 00012.286 00012.259 00012.243 00012.227 00012.210 00012.192 00012.154 00012.079 00012.051 00012.024 00011.998 00011.983 00011.968 00011.952 00011.937 00011.923 00011.908
00015.242 00015.104 00014.965 00014.826 00014.687 00014.553 00014.421 00014.290 00014.158 00014.020 00013.861 00013.698 00013.557 00013.420 00013.286 00013.153 00013.035 00012.982 00012.955 00012.928 00012.900 00012.872 00012.842 00012.812 00012.781 00012.751 00012.722 00012.694 00012.667 00012.641 00012.615 00012.588 00012.562 00012.535 00012.509 00012.481 00012.454 00012.427 00012.401 00012.375 00012.350 00012.324 00012.298 00012.272 00012.245 00012.217 00012.188 00012.158 00012.126 00012.097 00012.068 00012.040 00012.013 00011.992 00011.977 00011.962 00011.948 00011.933 00011.918 00011.902
00015.265 00015.127 00014.988 00014.847 00014.708 00014.569 00014.432 00014.301 00014.171 00014.037 00013.878 00013.716 00013.551 00013.405 00013.269 00013.135 00013.002 00012.974 00012.947 00012.920 00012.892 00012.864 00012.835 00012.805 00012.774 00012.743 00012.714 00012.685 00012.659 00012.633 00012.607 00012.581 00012.555 00012.528 00012.501 00012.474 00012.447 00012.420 00012.393 00012.366 00012.339 00012.312 00012.285 00012.258 00012.230 00012.202 00012.174 00012.145 00012.116 00012.087 00012.060 00012.034 00012.008 00011.989 00011.974 00011.958 00011.943 00011.928 00011.912 00011.897
00015.294 00015.150 00015.011 00014.870 00014.729 00014.590 00014.452 00014.315 00014.182 00014.049 00013.896 00013.735 00013.570 00013.404 00013.252 00013.116 00012.996 00012.969 00012.942 00012.915 00012.888 00012.860 00012.832 00012.802 00012.771 00012.739 00012.707 00012.678 00012.651 00012.625 00012.599 00012.574 00012.547 00012.521 00012.495 00012.468 00012.441 00012.414 00012.387 00012.360 00012.333 00012.306 00012.278 00012.250 00012.222 00012.194 00012.165 00012.137 00012.109 00012.082 00012.056 00012.030 00012.006 00011.988 00011.973 00011.957 00011.940 00011.924 00011.908 00011.891
00015.328 00015.184 00015.040 00014.894 00014.752 00014.613 00014.474 00014.336 00014.199 00014.060 00013.908 00013.750 00013.590 00013.424 00013.256 00013.098 00012.992 00012.966 00012.939 00012.912 00012.885 00012.857 00012.829 00012.801 00012.772 00012.742 00012.712 00012.682 00012.655 00012.628 00012.602 00012.575 00012.548 00012.521 00012.494 00012.467 00012.440 00012.412 00012.384 00012.357 00012.329 00012.301 00012.273 00012.245 00012.216 00012.187 00012.159 00012.132 00012.105 00012.079 00012.053 00012.029 00012.005 00011.987 00011.971 00011.955 00011.938 00011.922 00011.905 00011.889
00015.362 00015.218 00015.074 00014.928 00014.783 00014.638 00014.496 00014.358 00014.221 00014.083 00013.926 00013.763 00013.604 00013.443 00013.277 00013.108 00012.990 00012.963 00012.936 00012.910 00012.883 00012.856 00012.829 00012.802 00012.774 00012.745 00012.716 00012.687 00012.659 00012.633 00012.606 00012.579 00012.552 00012.525 00012.497 00012.470 00012.443 00012.415 00012.388 00012.360 00012.332 00012.305 00012.276 00012.247 00012.219 00012.190 00012.162 00012.135 00012.109 00012.082 00012.056 00012.031 00012.006 00011.987 00011.971 00011.954 00011.937 00011.920 00011.903 00011.886
00015.402 00015.255 00015.109 00014.963 00014.817 00014.672 00014.528 00014.384 00014.242 00014.105 00013.952 00013.786 00013.619 00013.456 00013.294 00013.131 00012.994 00012.967 00012.940 00012.914 00012.887 00012.860 00012.833 00012.806 00012.778 00012.750 00012.721 00012.692 00012.664 00012.637 00012.610 00012.583 00012.556 00012.528 00012.501 00012.474 00012.447 00012.420 00012.392 00012.365 00012.337 00012.309 00012.280 00012.251 00012.222 00012.194 00012.166 00012.139 00012.112 00012.086 00012.060 00012.034 00012.009 00011.989 00011.972 00011.955 00011.938 00011.921 00011.904 00011.887
00015.443 00015.295 00015.149 00015.002 00014.854 00014.707 00014.562 00014.419 00014.276 00014.133 00013.978 00013.813 00013.645 00013.477 00013.307 00013.145 00012.997 00012.970 00012.944 00012.917 00012.890 00012.863 00012.836 00012.809 00012.782 00012.754 00012.726 00012.698 00012.671 00012.644 00012.616 00012.589 00012.562 00012.535 00012.508 00012.481 00012.453 00012.426 00012.399 00012.371 00012.344 00012.315 00012.286 00012.257 00012.227 00012.198 00012.170 00012.143 00012.116 00012.090 00012.064 00012.038 00012.012 00011.991 00011.974 00011.957 00011.940 00011.923 00011.906 00011.889
00015.484 00015.336 00015.189 00015.043 00014.894 00014.747 00014.600 00014.455 00014.310 00014.167 00014.019 00013.847 00013.671 00013.503 00013.334 00013.163 00012.999 00012.973 00012.946 00012.919 00012.892 00012.865 00012.839 00012.812 00012.785 00012.758 00012.731 00012.704 00012.677 00012.650 00012.623 00012.595 00012.568 00012.540 00012.513 00012.486 00012.458 00012.431 00012.404 00012.376 00012.349 00012.321 00012.292 00012.264 00012.234 00012.205 00012.177 00012.149 00012.122 00012.096 00012.069 00012.043 00012.016 00011.993 00011.976 00011.959 00011.942 00011.925 00011.907 00011.890
