data/trial5/ashley.rci
NCOLS 382
NROWS 266
XLLCORNER 157819.328125
YLLCORNER 384678.625000
CELLSIZE 30.000000
NODATA_VALUE -1
[rows 104 to 129 of 266, columns 120 to 179 of 382]
-0001.000 -0001.000 -0001.000 -0001.000 -0001.000 -0001.000 -0001.000 -0001.000 -0001.000 -0001.000 -0001.000 -0001.000 -0001.000 -0001.000 -0001.000 00105.878 00488.450 00313.802 00064.698 00655.852 00167.152 00168.818 00170.423 00171.275 00172.222 00171.842 00172.797 00171.260 00169.500 00167.635 00167.654 00165.074 00162.908 00161.934 00160.570 00159.639 00159.005 00158.722 00158.587 00157.971 00062.513 00089.900 00157.212 00538.907 00232.226 00381.913 00332.131 00132.727 00376.130 00144.266 00361.210 00250.455 00182.624 00444.540 00169.094 00329.711 00501.086 00274.630 00269.735 00337.169
-0001.000 -0001.000 -0001.000 -0001.000 -0001.000 -0001.000 -0001.000 -0001.000 -0001.000 -0001.000 -0001.000 -0001.000 -0001.000 -0001.000 -0001.000 00372.449 00228.372 00009.889 00345.676 00168.725 00171.798 00168.390 00169.382 00137.733 00173.319 00171.807 00170.624 00169.249 00168.927 00167.743 00165.806 00163.889 00162.015 00160.890 00159.819 00159.002 00157.119 00142.936 00158.131 00157.451 00156.822 00157.543 00155.828 00154.473 00299.010 00195.926 00101.607 00160.205 00392.045 00126.397 00330.622 00397.184 00306.772 00510.899 00206.523 00160.834 00377.547 00555.293 00537.601 00185.068
-0001.000 -0001.000 -0001.000 -0001.000 -0001.000 -0001.000 -0001.000 -0001.000 -0001.000 -0001.000 -0001.000 -0001.000 -0001.000 -0001.000 00601.060 00054.413 00320.821 00301.790 00168.251 00168.446 00170.436 00170.524 00171.456 00171.982 00173.040 00171.860 00170.518 00169.509 00167.729 00165.959 00164.879 00163.173 00161.072 00159.900 00159.180 00094.662 00157.335 00157.207 00156.467 00156.876 00155.989 00156.584 00154.408 00146.381 00130.132 00425.873 00378.600 00106.198 00113.048 00582.865 00396.408 00214.227 00452.366 00607.202 00419.124 00536.567 00194.135 00267.070 00387.700 00546.650
-0001.000 -0001.000 -0001.000 -0001.000 -0001.000 -0001.000 -0001.000 -0001.000 -0001.000 -0001.000 -0001.000 -0001.000 -0001.000 -0001.000 -0001.000 00331.236 00564.292 00661.407 00168.390 00168.796 00170.182 00170.994 00122.451 00172.067 00171.567 00170.484 00169.118 00167.514 00167.850 00165.584 00163.409 00161.248 00160.412 00159.236 00147.584 00157.505 00155.771 00155.619 00155.621 00154.446 00155.257 00154.523 00152.680 00139.732 00000.000 00099.991 00094.377 00108.815 00116.883 00582.703 00389.271 00193.434 00627.826 00209.752 00153.095 00153.179 00456.130 00582.465 00243.764 00419.812
-0001.000 -0001.000 -0001.000 -0001.000 -0001.000 -0001.000 -0001.000 -0001.000 -0001.000 -0001.000 -0001.000 -0001.000 -0001.000 -0001.000 -0001.000 -0001.000 00155.271 00310.739 00214.329 00171.033 00170.529 00171.460 00171.550 00172.426 00171.525 00170.317 00168.905 00167.717 00166.226 00163.705 00163.156 00160.809 00159.464 00158.660 00157.686 00156.228 00153.519 00153.668 00151.958 00153.282 00150.661 00151.589 00152.838 00129.288 00017.323 00435.423 00094.630 00110.192 00119.621 00130.894 00132.027 00134.411 00381.764 00314.765 00152.731 00153.542 00154.529 00445.252 00605.857 00284.723
-0001.000 -0001.000 -0001.000 -0001.000 -0001.000 -0001.000 -0001.000 -0001.000 -0001.000 -0001.000 -0001.000 -0001.000 -0001.000 -0001.000 -0001.000 -0001.000 -0001.000 00393.547 00169.509 00170.015 00170.789 00171.828 00172.724 00171.664 00170.511 00169.242 00167.610 00166.416 00165.904 00163.836 00161.762 00160.095 00158.901 00158.141 00156.836 00154.770 00152.041 00144.059 00145.852 00132.912 00137.439 00142.756 00134.485 00137.253 00062.304 00094.568 00095.966 00108.830 00119.161 00131.841 00138.194 00141.254 00626.823 00153.670 00153.424 00154.463 00155.234 00156.529 00502.862 00586.605
-0001.000 -0001.000 -0001.000 -0001.000 -0001.000 -0001.000 -0001.000 -0001.000 -0001.000 -0001.000 -0001.000 -0001.000 -0001.000 -0001.000 -0001.000 -0001.000 -0001.000 00091.061 00171.539 00170.351 00171.190 00159.811 00173.415 00171.028 00170.624 00169.519 00167.836 00166.357 00164.098 00162.411 00160.721 00159.415 00158.390 00157.309 00155.815 00152.640 00140.694 00091.634 00071.886 00048.317 00038.417 00027.611 00104.130 00097.585 00089.430 00096.631 00098.326 00107.090 00118.127 00129.385 00143.730 00146.781 00149.719 00155.740 00154.664 00155.087 00155.180 00155.911 00157.298 00156.866
-0001.000 -0001.000 -0001.000 -0001.000 -0001.000 -0001.000 -0001.000 -0001.000 -0001.000 -0001.000 -0001.000 -0001.000 -0001.000 -0001.000 -0001.000 -0001.000 -0001.000 00118.524 00171.404 00170.140 00171.284 00172.761 00172.595 00171.850 00170.726 00169.775 00168.000 00166.424 00164.249 00162.131 00160.635 00159.179 00158.111 00156.740 00154.819 00143.017 00070.819 00093.434 00091.784 00350.658 00103.979 00446.515 00015.505 00083.973 00094.269 00121.722 00110.666 00101.008 00365.360 00138.043 00145.750 00150.696 00151.743 00153.268 00156.923 00155.499 00155.502 00156.524 00157.300 00157.414
-0001.000 -0001.000 -0001.000 -0001.000 -0001.000 -0001.000 -0001.000 -0001.000 -0001.000 -0001.000 -0001.000 -0001.000 -0001.000 -0001.000 -0001.000 -0001.000 -0001.000 00459.339 00169.619 00170.621 00092.999 00172.785 00172.175 00170.833 00169.501 00167.789 00167.936 00165.862 00163.392 00161.340 00160.612 00159.257 00157.495 00156.153 00153.498 00140.120 00092.233 00096.101 00100.820 00102.029 00503.740 00318.206 00215.964 00309.966 00095.928 00156.923 00166.823 00104.146 00101.499 00467.288 00470.957 00297.430 00153.776 00154.781 00155.101 00156.019 00155.957 00156.575 00157.632 00159.458
-0001.000 -0001.000 -0001.000 -0001.000 -0001.000 -0001.000 -0001.000 -0001.000 -0001.000 -0001.000 -0001.000 -0001.000 -0001.000 -0001.000 -0001.000 -0001.000 -0001.000 00170.584 00170.142 00170.999 00171.713 00171.900 00172.700 00170.936 00169.687 00168.119 00166.594 00164.044 00162.494 00161.625 00160.125 00158.598 00157.252 00155.276 00151.652 00055.283 00094.774 00098.684 00103.715 00106.797 00107.547 00194.903 00531.558 00341.619 00472.166 00434.711 00112.188 00171.501 00123.429 00407.696 00209.100 00359.859 00432.914 00152.309 00157.048 00155.360 00156.535 00156.685 00157.436 00159.107
-0001.000 -0001.000 -0001.000 -0001.000 -0001.000 -0001.000 -0001.000 -0001.000 -0001.000 -0001.000 -0001.000 -0001.000 -0001.000 -0001.000 -0001.000 -0001.000 00410.157 00169.233 00169.954 00170.822 00171.618 00171.248 00170.811 00169.755 00167.973 00166.725 00166.505 00163.923 00161.968 00160.597 00160.333 00137.887 00156.881 00154.835 00145.413 00075.073 00096.125 00101.622 00106.145 00109.515 00109.076 00545.045 00180.488 00362.497 00594.304 00354.549 00584.565 00347.504 00596.134 00402.001 00229.908 00133.968 00174.944 00153.997 00155.239 00156.429 00157.243 00156.948 00157.662 00158.323
-0001.000 -0001.000 -0001.000 -0001.000 -0001.000 -0001.000 -0001.000 -0001.000 -0001.000 -0001.000 -0001.000 -0001.000 -0001.000 -0001.000 -0001.000 -0001.000 00275.564 00170.465 00171.081 00128.330 00172.518 00171.066 00170.742 00169.984 00168.329 00166.820 00164.257 00162.462 00161.691 00160.461 00158.960 00158.406 00156.658 00154.802 00141.858 00088.736 00097.234 00103.453 00107.863 00112.080 00110.786 00175.591 00574.407 00380.636 00155.306 00378.209 00581.665 00335.980 00579.830 00378.659 00165.280 00244.621 00456.347 00155.635 00157.125 00157.498 00156.608 00157.220 00157.851 00160.172
-0001.000 -0001.000 -0001.000 -0001.000 -0001.000 -0001.000 -0001.000 -0001.000 -0001.000 -0001.000 -0001.000 -0001.000 -0001.000 -0001.000 -0001.000 -0001.000 00110.812 00170.623 00171.528 00171.918 00171.696 00170.718 00169.534 00168.327 00167.129 00165.716 00163.275 00162.075 00160.410 00160.331 00089.580 00157.828 00155.912 00152.992 00142.065 00087.985 00098.557 00105.362 00109.905 00114.720 00113.387 00108.846 00375.671 00455.786 00214.004 00399.324 00551.048 00285.575 00534.297 00309.485 00534.363 00160.158 00205.749 00298.561 00365.250 00293.694 00184.888 00157.705 00158.084 00161.032
-0001.000 -0001.000 -0001.000 -0001.000 -0001.000 -0001.000 -0001.000 -0001.000 -0001.000 -0001.000 -0001.000 -0001.000 -0001.000 -0001.000 -0001.000 -0001.000 00347.939 00171.065 00143.005 00173.095 00171.483 00170.225 00169.372 00168.111 00167.122 00165.157 00163.300 00161.206 00160.071 00158.773 00158.726 00156.961 00154.958 00144.303 00056.329 00094.244 00099.746 00106.680 00111.960 00117.178 00116.862 00553.357 00514.033 00540.903 00282.966 00142.857 00506.217 00197.211 00476.676 00212.112 00375.094 00477.596 00579.732 00255.964 00610.935 00512.482 00513.025 00158.386 00158.561 00159.341
-0001.000 -0001.000 -0001.000 -0001.000 -0001.000 -0001.000 -0001.000 -0001.000 -0001.000 -0001.000 -0001.000 -0001.000 -0001.000 -0001.000 -0001.000 -0001.000 00236.263 00171.308 00172.048 00172.097 00170.968 00169.922 00168.728 00167.284 00165.962 00163.765 00162.088 00160.513 00159.281 00096.864 00157.477 00156.778 00154.561 00142.330 00088.521 00095.856 00100.143 00108.008 00113.553 00119.067 00120.484 00278.962 00542.738 00166.264 00143.396 00146.519 00148.391 00148.731 00150.013 00550.856 00199.061 00234.869 00463.211 00252.776 00498.607 00581.804 00215.615 00193.186 00160.105 00160.239
-0001.000 -0001.000 -0001.000 -0001.000 -0001.000 -0001.000 -0001.000 -0001.000 -0001.000 -0001.000 -0001.000 -0001.000 -0001.000 -0001.000 -0001.000 -0001.000 00316.953 00171.518 00172.546 00171.942 00171.051 00169.970 00168.789 00167.228 00166.006 00163.867 00161.741 00159.606 00159.005 00158.749 00157.058 00155.334 00152.724 00010.025 00094.109 00097.548 00101.938 00108.969 00114.863 00120.190 00123.120 00130.973 00605.246 00141.291 00145.869 00147.743 00149.400 00149.833 00151.060 00151.844 00477.240 00560.444 00289.179 00515.113 00205.325 00313.650 00476.797 00596.108 00411.988 00161.257
-0001.000 -0001.000 -0001.000 -0001.000 -0001.000 -0001.000 -0001.000 -0001.000 -0001.000 -0001.000 -0001.000 -0001.000 -0001.000 -0001.000 -0001.000 -0001.000 00205.545 00171.851 00172.400 00171.798 00171.096 00170.045 00168.533 00166.971 00165.539 00163.415 00161.160 00160.051 00158.982 00157.492 00155.724 00154.897 00148.096 00076.806 00095.535 00099.483 00104.370 00109.248 00116.124 00121.038 00126.109 00134.085 00138.342 00143.455 00147.902 00148.549 00150.542 00152.061 00151.857 00152.536 00153.587 00154.108 00551.844 00242.214 00452.287 00178.481 00285.459 00401.437 00614.871 00364.900
-0001.000 -0001.000 -0001.000 -0001.000 -0001.000 -0001.000 -0001.000 -0001.000 -0001.000 -0001.000 -0001.000 -0001.000 -0001.000 -0001.000 -0001.000 00329.969 00171.232 00172.384 00172.937 00171.996 00170.555 00169.390 00167.949 00166.794 00165.352 00163.583 00159.888 00160.093 00158.963 00157.360 00155.444 00152.943 00122.515 00092.820 00096.965 00101.864 00106.401 00109.516 00116.672 00121.747 00130.326 00136.119 00140.564 00145.568 00147.557 00149.499 00151.341 00151.163 00152.391 00153.056 00156.397 00154.824 00154.680 00493.116 00195.424 00372.756 00424.725 00217.410 00304.867 00360.307
-0001.000 -0001.000 -0001.000 -0001.000 -0001.000 -0001.000 -0001.000 -0001.000 -0001.000 -0001.000 -0001.000 -0001.000 -0001.000 -0001.000 -0001.000 00317.809 00172.234 00159.640 00173.143 00171.782 00170.857 00169.701 00168.303 00166.645 00164.256 00162.874 00161.165 00159.754 00032.329 00157.216 00155.184 00149.248 00031.831 00094.346 00098.545 00104.006 00108.083 00111.745 00116.965 00122.418 00131.553 00137.848 00142.717 00146.121 00148.670 00150.564 00152.213 00151.981 00152.867 00154.059 00156.755 00156.788 00157.957 00155.078 00370.137 00523.973 00650.950 00416.037 00570.720 00623.663
-0001.000 -0001.000 -0001.000 -0001.000 -0001.000 -0001.000 -0001.000 -0001.000 -0001.000 -0001.000 -0001.000 -0001.000 -0001.000 -0001.000 -0001.000 00262.467 00172.236 00172.722 00172.190 00170.878 00169.249 00168.770 00167.842 00166.434 00163.988 00162.353 00160.708 00159.823 00151.487 00156.596 00154.583 00146.753 00068.281 00095.440 00100.646 00106.028 00110.018 00113.795 00116.152 00122.676 00132.832 00138.700 00145.005 00147.644 00149.839 00151.506 00151.438 00152.711 00153.250 00154.677 00155.387 00156.094 00156.180 00155.785 00509.814 00650.136 00454.125 00274.952 00400.192 00443.873
-0001.000 -0001.000 -0001.000 -0001.000 -0001.000 -0001.000 -0001.000 -0001.000 -0001.000 -0001.000 -0001.000 -0001.000 -0001.000 -0001.000 00187.441 00170.596 00216.544 00172.131 00171.698 00170.760 00169.542 00168.218 00166.988 00165.625 00163.317 00162.455 00160.866 00159.343 00157.941 00156.047 00154.048 00145.886 00083.715 00096.537 00102.635 00107.461 00111.853 00115.583 00118.033 00122.932 00133.286 00139.427 00144.970 00148.692 00149.228 00150.656 00152.270 00153.449 00154.033 00155.040 00155.096 00155.237 00156.726 00382.432 00620.535 00402.258 00215.412 00502.867 00209.233 00267.313
-0001.000 -0001.000 -0001.000 -0001.000 -0001.000 -0001.000 -0001.000 -0001.000 -0001.000 -0001.000 -0001.000 -0001.000 00254.263 00188.848 00571.144 00286.487 00230.637 00173.152 00171.697 00170.894 00169.512 00167.902 00166.990 00165.388 00163.390 00161.591 00160.164 00158.855 00157.710 00154.937 00152.936 00140.760 00092.381 00097.706 00104.332 00109.292 00113.628 00117.234 00119.720 00122.312 00133.510 00140.158 00145.770 00148.149 00150.516 00151.253 00152.976 00154.391 00154.679 00155.497 00155.137 00155.567 00156.363 00158.671 00156.284 00611.521 00399.117 00161.976 00271.888 00529.975
-0001.000 -0001.000 -0001.000 -0001.000 -0001.000 -0001.000 -0001.000 -0001.000 -0001.000 -0001.000 -0001.000 00096.005 00588.689 00483.409 00491.612 00513.134 00172.317 00173.711 00171.787 00171.013 00169.426 00168.066 00167.009 00164.760 00163.328 00161.535 00160.024 00158.830 00157.263 00155.110 00149.542 00032.919 00094.337 00099.116 00105.882 00111.029 00115.195 00118.696 00121.125 00123.134 00133.085 00139.766 00146.579 00148.884 00151.170 00151.950 00152.499 00153.926 00155.078 00155.622 00156.227 00157.540 00156.229 00157.020 00358.778 00300.008 00551.884 00221.598 00524.345 00327.060
-0001.000 -0001.000 -0001.000 -0001.000 -0001.000 -0001.000 -0001.000 -0001.000 -0001.000 -0001.000 -0001.000 00353.306 00285.481 00115.633 00245.736 00255.189 00172.151 00171.935 00170.996 00170.030 00168.959 00167.757 00166.436 00164.045 00162.432 00160.779 00159.501 00147.563 00156.912 00154.220 00146.503 00069.022 00095.505 00100.975 00106.902 00112.502 00116.776 00120.084 00122.521 00125.061 00131.329 00139.671 00145.527 00148.328 00150.673 00152.617 00153.335 00154.549 00155.268 00155.745 00156.384 00156.706 00158.196 00158.097 00200.348 00465.013 00163.706 00481.984 00320.053 00166.519
-0001.000 -0001.000 -0001.000 -0001.000 -0001.000 -0001.000 -0001.000 -0001.000 -0001.000 -0001.000 -0001.000 00643.374 00645.073 00340.359 00429.908 00442.659 00172.631 00171.917 00171.164 00170.256 00169.247 00167.228 00165.858 00163.576 00161.987 00160.698 00159.510 00147.795 00156.412 00154.236 00145.307 00083.648 00096.509 00102.588 00108.300 00113.723 00118.209 00121.268 00124.313 00129.355 00133.281 00138.286 00145.573 00148.739 00151.015 00152.405 00154.425 00154.907 00155.506 00156.062 00156.188 00156.770 00159.203 00156.918 00444.728 00633.748 00443.129 00264.095 00528.287 00503.552
-0001.000 -0001.000 -0001.000 -0001.000 -0001.000 -0001.000 -0001.000 -0001.000 -0001.000 -0001.000 00361.821 00439.225 00429.165 00568.496 00613.738 00630.163 00173.118 00171.549 00170.777 00169.740 00168.722 00167.587 00166.188 00163.863 00162.204 00160.674 00159.565 00158.129 00156.223 00153.792 00143.460 00088.912 00097.770 00104.342 00109.846 00114.956 00119.586 00122.597 00127.729 00133.235 00135.961 00137.483 00216.777 00190.868 00169.846 00152.879 00154.234 00155.191 00155.863 00156.435 00156.424 00157.094 00157.437 00158.748 00597.587 00384.304 00190.445 00445.493 00573.396 00240.082
