data/trial5/ashley.hpa
NCOLS 382
NROWS 266
XLLCORNER 157819.328125
YLLCORNER 384678.625000
CELLSIZE 30.000000
NODATA_VALUE -1
[rows 156 to 181 of 266, columns 300 to 359 of 382]
00508.493 00503.775 00184.943 00182.605 00181.503 00179.549 00171.754 00169.235 00166.775 00164.148 00161.714 00159.634 00158.618 00157.596 00154.978 00152.511 00138.132 00153.481 00157.026 00162.144 00166.007 00172.305 00175.074 00177.555 00174.462 -0001.000 00169.489 00168.018 00151.557 00157.194 00162.511 00167.278 00170.906 00476.437 00428.427 00943.708 01147.393 01178.181 01163.427 01152.145 01139.841 01129.046 01109.684 01101.395 01034.777 00903.988 00166.447 00177.313 -0001.000 -0001.000 -0001.000 -0001.000 -0001.000 -0001.000 -0001.000 -0001.000 -0001.000 -0001.000 -0001.000 -0001.000
00428.581 00184.627 00181.510 00173.929 00168.996 00165.470 00161.677 00160.032 00159.095 00158.403 00157.859 00156.804 00154.951 00153.086 00150.885 00150.770 00156.757 00161.248 00165.938 00172.175 00175.357 00178.778 00175.984 00173.519 -0001.000 00174.357 00166.950 00152.007 00159.900 00171.425 00329.963 00174.054 00432.736 00475.969 00475.320 00473.422 00515.862 01180.863 01175.233 01160.226 01148.067 01140.423 01122.514 01107.920 01081.129 00156.969 00169.158 00176.724 -0001.000 -0001.000 -0001.000 -0001.000 -0001.000 -0001.000 -0001.000 -0001.000 -0001.000 -0001.000 -0001.000 -0001.000
00184.300 00181.685 00172.794 00166.011 00159.520 00158.266 00157.486 00156.448 00155.006 00152.779 00151.981 00102.102 00140.850 00154.058 00157.622 00160.627 00165.689 00172.608 00175.655 00179.143 00175.549 00173.009 -0001.000 -0001.000 00178.449 00160.338 00147.690 00164.444 00173.298 00485.131 00458.942 00479.662 00453.691 00476.233 00473.910 00473.634 00471.632 01185.930 01177.872 01166.268 01155.177 01144.138 01130.365 01111.964 01058.517 00157.033 00172.809 00169.941 -0001.000 -0001.000 -0001.000 -0001.000 -0001.000 -0001.000 -0001.000 -0001.000 -0001.000 -0001.000 -0001.000 -0001.000
00160.982 00163.197 00163.367 00159.772 00157.145 00153.757 00151.895 00146.463 00154.792 00156.669 00157.736 00158.966 00160.256 00163.783 00168.291 00174.176 00177.183 00180.423 00178.371 00173.248 -0001.000 -0001.000 00167.528 00177.934 00156.938 00157.140 00162.525 00174.458 00469.632 00483.850 00477.722 00479.200 00476.793 00476.557 00475.992 00473.923 00471.642 01191.022 01180.463 01170.176 01158.614 01147.915 01133.634 00939.181 00152.320 00162.791 00180.966 -0001.000 -0001.000 -0001.000 -0001.000 -0001.000 -0001.000 -0001.000 -0001.000 -0001.000 -0001.000 -0001.000 -0001.000 -0001.000
00154.893 00155.559 00155.817 00155.113 00152.399 00152.780 00158.703 00160.162 00163.894 00163.821 00163.789 00166.962 00173.990 00174.925 00179.478 00179.291 00177.448 00174.371 00173.886 00175.923 00178.489 00177.462 00168.833 00155.018 00158.046 00168.721 00172.899 00483.258 00483.863 00482.441 00480.247 00478.219 00477.202 00477.501 00477.098 00475.290 00471.525 00470.152 01185.991 01173.801 01161.823 01150.876 01136.455 00869.380 00150.149 00178.368 00182.481 00175.724 00172.372 -0001.000 -0001.000 -0001.000 -0001.000 -0001.000 -0001.000 -0001.000 -0001.000 -0001.000 -0001.000 -0001.000
00152.673 00143.640 00156.747 00157.857 00158.671 00158.795 00158.294 00157.637 00156.742 00155.107 00154.733 00152.798 00144.968 00157.419 00163.491 00170.722 00175.000 00169.297 00163.968 00161.520 00159.969 00157.619 00145.565 00158.311 00169.602 00177.021 00475.539 00481.031 00483.289 00481.216 00479.302 00480.046 00478.721 00478.992 00478.400 00475.304 00472.444 00470.834 01190.562 01180.858 01166.289 01153.978 01138.950 00900.661 00171.068 00178.944 00182.503 00186.426 00183.613 00179.250 00171.077 -0001.000 -0001.000 -0001.000 -0001.000 -0001.000 -0001.000 -0001.000 -0001.000 -0001.000
00164.685 00166.936 00171.215 00174.520 00176.326 00175.875 00175.525 00174.178 00171.063 00169.580 00168.120 00163.238 00159.243 00156.268 00152.115 00140.722 00151.373 00150.311 00152.281 00152.060 00152.088 00155.392 00161.008 00170.520 00177.653 00287.820 00479.179 00480.836 00482.428 00480.653 00479.149 00478.696 00480.562 00481.319 00479.413 00476.230 00473.587 00471.850 01198.120 01185.412 01171.190 01152.548 00877.085 00162.267 00164.408 00171.227 00178.690 00185.196 00189.140 00186.105 00179.887 00171.545 -0001.000 -0001.000 -0001.000 -0001.000 -0001.000 -0001.000 -0001.000 -0001.000
00186.069 00186.302 00186.409 00186.398 00186.043 00185.981 00183.546 00181.506 00181.706 00181.365 00178.719 00176.095 00172.846 00167.244 00163.213 00162.409 00164.441 00165.761 00164.973 00163.604 00161.884 00165.532 00173.078 00178.077 00466.727 00421.282 00478.564 00480.811 00481.238 00480.039 00479.273 00480.519 00481.639 00482.244 00479.454 00477.742 00474.642 00472.446 00471.897 01187.726 01176.317 00794.451 00241.533 00152.668 00158.900 00165.524 00172.961 00181.859 00186.772 00190.275 00185.813 00177.934 -0001.000 -0001.000 -0001.000 -0001.000 -0001.000 -0001.000 -0001.000 -0001.000
00189.035 00189.479 00189.779 00188.274 00186.569 00184.193 00181.263 00180.564 00180.502 00180.894 00181.468 00181.930 00181.616 00179.885 00178.795 00178.859 00177.968 00177.199 00176.171 00175.049 00173.895 00178.034 00463.508 00491.265 00486.640 00472.247 00477.729 00480.348 00481.169 00479.544 00480.389 00480.886 00482.916 00482.245 00481.105 00477.765 00475.791 00473.271 00472.359 01191.402 00965.806 00164.874 00158.546 00157.996 00150.441 00161.211 00169.160 00175.559 00184.343 00188.213 00191.963 00179.223 00170.909 -0001.000 -0001.000 -0001.000 -0001.000 -0001.000 -0001.000 -0001.000
00184.641 00186.358 00186.204 00479.178 00498.186 00440.453 00483.401 00495.223 00475.331 00179.774 00179.938 00180.095 00180.364 00180.783 00181.049 00181.043 00181.029 00181.198 00181.156 00179.803 00348.724 00464.304 00489.515 00490.036 00485.257 00479.349 00476.777 00479.481 00480.762 00480.224 00481.146 00483.230 00482.270 00483.959 00480.926 00478.283 00476.518 00474.065 00472.941 01060.814 01189.564 00168.057 00163.082 00161.134 00156.649 00158.438 00164.926 00170.633 00178.421 00182.237 00190.237 00180.993 00175.469 -0001.000 -0001.000 -0001.000 -0001.000 -0001.000 -0001.000 -0001.000
00497.933 00497.502 00497.088 00496.797 00496.977 00496.237 00494.980 00495.073 00494.194 00488.721 00491.941 00496.781 00472.119 00502.839 00501.715 00491.502 00502.376 00470.316 00496.714 00503.935 00451.071 00490.512 00491.923 00488.070 00483.422 00479.747 00475.295 00478.016 00480.360 00480.955 00481.619 00484.979 00485.098 00484.610 00482.673 00479.810 00477.549 00474.768 00473.676 00632.198 00466.270 00693.815 00168.223 00164.469 00158.540 00147.383 00159.029 00165.660 00171.506 00177.806 00185.776 00183.872 00176.493 -0001.000 -0001.000 -0001.000 -0001.000 -0001.000 -0001.000 -0001.000
00496.788 00496.241 00495.879 00495.112 00494.315 00494.985 00493.982 00491.974 00491.636 00492.359 00494.981 00498.328 00501.815 00502.169 00502.310 00501.910 00502.797 00495.940 00504.258 00503.394 00497.199 00496.111 00491.335 00487.131 00483.933 00478.279 00475.271 00475.942 00479.667 00481.851 00482.615 00485.162 00485.654 00486.469 00484.699 00481.184 00479.326 00475.394 00474.858 00469.736 00514.669 00463.401 00460.207 00168.313 00159.694 00153.277 00148.366 00158.961 00166.374 00173.520 00180.474 00183.955 00178.137 -0001.000 -0001.000 -0001.000 -0001.000 -0001.000 -0001.000 -0001.000
00494.694 00494.152 00493.172 00494.123 00492.595 00492.875 00492.499 00491.679 00490.686 00493.575 00496.858 00500.292 00502.432 00502.723 00501.916 00502.361 00502.835 00503.645 00502.963 00502.489 00499.803 00496.406 00495.466 00489.271 00484.626 00477.244 00474.065 00474.259 00477.141 00480.660 00482.322 00483.915 00486.873 00487.250 00485.602 00482.387 00481.171 00477.200 00475.759 00470.276 00467.503 00464.794 00453.909 00356.217 00160.912 00156.552 00145.284 00154.698 00161.000 00169.580 00178.992 00183.825 00179.284 -0001.000 -0001.000 -0001.000 -0001.000 -0001.000 -0001.000 -0001.000
00491.564 00490.923 00492.619 00492.376 00492.558 00492.303 00492.006 00492.912 00493.132 00493.234 00498.477 00501.262 00501.718 00502.467 00502.392 00502.754 00502.375 00502.378 00500.986 00499.867 00497.667 00496.126 00494.069 00491.565 00485.334 00477.542 00473.929 00474.555 00476.703 00478.925 00482.369 00484.733 00486.806 00487.331 00486.121 00483.860 00482.462 00478.270 00476.054 00470.739 00466.146 00464.277 00461.329 00169.887 00161.681 00157.349 00148.480 00150.118 00159.255 00167.507 00177.798 00183.403 00180.227 -0001.000 -0001.000 -0001.000 -0001.000 -0001.000 -0001.000 -0001.000
00489.343 00491.098 00491.040 00491.765 00491.880 00492.759 00491.272 00493.272 00494.562 00496.529 00499.006 00500.218 00500.942 00502.505 00502.722 00502.191 00500.258 00500.695 00499.596 00495.515 00494.472 00496.496 00493.346 00493.386 00484.316 00476.588 00474.147 00474.969 00477.935 00480.242 00485.754 00485.829 00486.624 00487.599 00486.658 00484.135 00482.884 00478.471 00474.519 00469.732 00466.532 00456.795 00462.773 00358.748 00160.245 00157.517 00150.487 00139.635 00157.595 00166.543 00168.797 00177.968 00183.205 00176.000 -0001.000 -0001.000 -0001.000 -0001.000 -0001.000 -0001.000
00489.249 00489.603 00490.226 00491.559 00492.417 00492.856 00491.636 00494.068 00494.142 00497.407 00498.977 00499.160 00500.905 00502.399 00502.273 00500.051 00501.405 00499.477 00496.685 00496.287 00495.716 00496.764 00495.604 00494.631 00491.313 00477.486 00474.684 00475.170 00478.419 00481.585 00484.916 00487.982 00486.878 00487.861 00486.174 00484.663 00481.996 00478.126 00472.142 00468.776 00465.807 00461.886 00367.537 00213.157 00159.611 00157.602 00152.098 00152.631 00147.418 00149.377 00158.805 00165.526 00173.832 00181.191 -0001.000 -0001.000 -0001.000 -0001.000 -0001.000 -0001.000
00488.212 00488.785 00490.037 00491.732 00492.720 00493.938 00493.902 00495.401 00496.318 00496.757 00498.693 00500.424 00501.998 00502.903 00500.973 00502.769 00499.914 00497.924 00497.788 00497.406 00495.947 00495.535 00497.083 00494.814 00490.372 00479.232 00476.592 00476.099 00479.379 00481.631 00487.254 00488.857 00487.638 00487.219 00486.472 00484.378 00481.567 00477.541 00471.686 00467.560 00457.986 00417.311 00172.505 00164.087 00160.831 00160.460 00160.724 00158.262 00156.643 00151.817 00135.111 00157.735 00160.655 00176.007 -0001.000 -0001.000 -0001.000 -0001.000 -0001.000 -0001.000
00486.202 00489.024 00489.831 00491.557 00493.764 00495.592 00496.031 00495.532 00495.919 00496.460 00496.962 00500.872 00503.066 00504.264 00501.525 00504.310 00499.852 00499.171 00497.800 00498.164 00497.056 00498.234 00496.707 00495.885 00489.384 00480.063 00477.582 00476.970 00479.032 00481.810 00488.490 00489.454 00487.514 00486.633 00485.347 00483.152 00479.809 00473.445 00469.644 00467.908 00455.324 00292.066 00176.376 00179.903 00180.576 00178.695 00171.120 00164.700 00159.842 00157.302 00154.758 00147.882 00152.337 00166.103 -0001.000 -0001.000 -0001.000 -0001.000 -0001.000 -0001.000
00484.691 00488.053 00488.940 00490.651 00495.449 00496.400 00494.670 00494.967 00495.557 00496.258 00497.155 00501.306 00503.452 00505.706 00504.563 00502.501 00502.888 00501.015 00502.274 00499.336 00498.576 00498.702 00496.733 00496.686 00486.416 00480.506 00479.151 00478.811 00480.009 00483.800 00487.263 00486.624 00487.014 00484.373 00483.921 00480.536 00478.354 00472.267 00469.023 00468.825 00442.770 00478.212 00481.882 00482.821 00431.378 00183.574 00177.788 00175.872 00168.808 00164.931 00159.388 00156.884 00149.876 00148.506 00156.120 -0001.000 -0001.000 -0001.000 -0001.000 -0001.000
00479.760 00485.822 00487.767 00489.811 00494.892 00493.706 00491.963 00494.409 00495.412 00495.898 00498.265 00501.834 00504.144 00505.187 00505.519 00504.666 00505.203 00504.906 00504.408 00502.407 00499.511 00499.165 00498.581 00497.098 00486.259 00481.266 00481.448 00480.807 00481.576 00485.121 00485.822 00485.494 00485.211 00483.876 00481.439 00479.455 00473.667 00470.677 00470.137 00475.218 00480.081 00482.344 00483.360 00471.003 00485.409 00453.124 00183.150 00181.403 00179.326 00174.478 00166.128 00159.098 00163.093 00163.242 00163.408 -0001.000 -0001.000 -0001.000 -0001.000 -0001.000
00477.200 00482.472 00487.129 00489.929 00492.480 00491.175 00491.428 00492.310 00496.008 00496.919 00499.883 00502.712 00504.985 00506.263 00506.161 00505.680 00504.294 00505.058 00504.633 00503.521 00501.969 00500.723 00500.294 00497.709 00487.382 00481.739 00483.962 00483.736 00483.802 00486.734 00485.480 00487.609 00483.246 00482.049 00479.110 00476.545 00471.623 00472.087 00472.899 00476.254 00481.892 00483.896 00485.010 00486.090 00486.806 00486.858 00486.932 00426.968 00184.141 00179.821 00173.731 00173.345 00173.491 00174.798 00174.088 -0001.000 -0001.000 -0001.000 -0001.000 -0001.000
00474.240 00480.430 00485.969 00489.398 00489.946 00489.356 00490.530 00491.701 00496.119 00498.665 00498.323 00503.702 00506.344 00506.814 00506.291 00505.820 00505.871 00505.111 00504.729 00504.013 00503.164 00502.668 00501.665 00497.765 00489.630 00485.628 00486.475 00486.857 00485.766 00487.896 00487.128 00489.001 00483.565 00478.581 00477.796 00475.839 00470.959 00474.151 00475.395 00479.830 00483.543 00485.370 00486.494 00486.232 00486.315 00486.308 00485.347 00484.426 00483.332 00183.824 00183.086 00181.612 00179.944 00488.299 00487.148 00476.351 00471.463 -0001.000 -0001.000 -0001.000
00471.852 00477.873 00483.976 00485.641 00485.109 00486.249 00489.269 00490.566 00492.080 00496.165 00497.223 00504.726 00507.168 00506.879 00506.205 00505.958 00505.779 00505.185 00504.959 00504.484 00504.194 00502.763 00502.191 00500.930 00492.930 00487.246 00488.985 00489.007 00487.776 00487.923 00487.916 00486.822 00481.336 00479.092 00477.007 00474.529 00477.530 00476.849 00476.085 00482.449 00485.156 00486.020 00485.781 00485.704 00485.795 00485.979 00485.269 00482.250 00482.150 00497.827 00491.229 00491.991 00490.708 00495.157 00489.761 00477.856 00474.190 00471.346 00479.750 00480.667
00471.731 00475.707 00481.811 00481.585 00192.281 00120.617 00486.057 00488.979 00488.691 00491.507 00500.240 00503.148 00506.805 00506.651 00506.213 00505.900 00505.622 00505.278 00505.231 00504.987 00504.451 00504.233 00503.377 00498.855 00492.436 00492.165 00490.020 00490.249 00489.226 00487.486 00487.218 00485.583 00481.960 00468.046 00427.693 00477.225 00476.499 00474.960 00476.110 00481.703 00485.672 00485.286 00485.195 00485.387 00485.600 00485.599 00485.352 00484.785 00497.812 00501.811 00501.940 00491.499 00491.569 00492.590 00487.440 00480.114 00477.484 00476.811 00480.092 00481.040
00469.456 00222.181 00478.522 00183.881 00096.514 00097.055 00149.949 00486.800 00485.689 00489.996 00495.377 00506.711 00502.409 00505.730 00506.328 00505.822 00505.639 00506.115 00506.148 00506.215 00504.873 00504.785 00503.038 00494.672 00494.145 00492.547 00489.302 00489.190 00489.845 00488.879 00486.559 00481.802 00369.973 00397.005 00472.402 00470.422 00476.909 00471.355 00457.821 00466.756 00484.293 00484.228 00484.359 00484.292 00484.819 00497.120 00493.513 00501.950 00502.859 00501.888 00498.442 00491.436 00492.278 00491.502 00485.150 00481.368 00480.861 00479.920 00482.783 00481.125
00472.681 00096.277 00100.938 00251.235 00096.655 00096.629 00097.027 00485.942 00485.576 00488.658 00490.519 00495.351 00501.415 00499.949 00505.587 00505.955 00505.431 00503.782 00503.851 00506.606 00506.583 00499.504 00496.233 00494.592 00493.831 00491.004 00488.483 00489.889 00480.676 00488.421 00378.479 00176.703 00161.994 00165.843 00172.942 00446.783 00470.959 00341.782 00169.984 00418.589 00479.100 00484.463 00491.307 00484.741 00491.686 00494.605 00497.373 00500.065 00502.215 00501.405 00497.788 00493.893 00494.382 00492.966 00487.545 00482.690 00483.517 00485.299 00485.660 00482.371
