data/trial5/ashley.ros
NCOLS 382
NROWS 266
XLLCORNER 157819.328125
YLLCORNER 384678.625000
CELLSIZE 30.000000
NODATA_VALUE -1
[rows 204 to 237 of 266, columns 154 to 230 of 382]
-1.00 -1.00 -1.00 -1.00 -1.00 -1.00 -1.00 03.57 03.52 03.03 02.60 02.46 02.16 07.79 07.20 03.17 01.03 02.06 06.15 05.32 11.33 08.52 08.56 12.41 12.63 12.81 13.02 14.35 14.69 14.97 14.82 15.47 15.66 14.67 13.09 13.34 13.46 09.29 15.33 04.52 04.96 08.07 10.84 10.03 04.50 03.61 03.68 04.81 04.77 04.98 05.13 05.13 05.06 05.57 13.27 18.30 18.20 20.88 18.83 16.86 16.27 14.61 13.33 118.39 117.46 116.82 117.21 115.88 114.73 113.77 112.95 111.50 109.09 106.04 102.95 102.95 100.37
-1.00 -1.00 -1.00 -1.00 -1.00 -1.00 -1.00 -1.00 02.28 02.77 02.65 02.47 02.19 06.96 05.30 03.68 01.27 01.21 02.13 05.09 06.47 02.38 08.19 12.19 12.36 12.60 12.81 13.02 14.59 14.82 15.12 15.07 15.69 15.92 16.06 13.18 13.44 10.79 07.50 04.57 08.87 11.24 11.54 09.40 04.64 04.55 03.57 03.65 03.77 03.82 05.31 06.24 05.32 05.45 18.07 17.65 18.60 20.44 19.33 15.94 15.55 14.41 13.22 14.11 108.59 106.86 108.39 108.98 107.32 105.55 103.53 101.07 97.67 94.27 90.98 88.23 87.06
-1.00 -1.00 -1.00 -1.00 -1.00 -1.00 -1.00 -1.00 00.80 02.81 02.80 02.65 02.68 02.29 03.54 02.65 02.03 00.85 01.30 03.40 03.28 03.45 07.40 08.10 12.16 12.36 12.60 12.82 13.06 14.70 14.89 15.09 15.10 16.05 16.60 17.53 18.41 21.12 24.17 23.68 10.08 12.15 16.51 19.11 19.47 04.49 04.76 04.43 03.84 05.00 06.38 06.72 07.00 05.94 20.46 19.32 19.57 19.32 19.12 17.18 14.67 14.13 12.95 13.35 16.78 103.31 102.45 102.27 100.44 98.36 96.08 93.50 90.51 86.96 83.77 81.84 80.20
-1.00 -1.00 -1.00 -1.00 -1.00 -1.00 -1.00 -1.00 -1.00 02.77 04.07 03.20 02.89 03.05 02.28 03.58 02.49 02.27 00.53 01.70 02.67 03.58 04.40 07.43 08.13 12.16 12.42 12.65 12.88 13.11 14.83 15.02 15.03 15.61 16.64 17.53 18.86 21.02 24.12 26.68 19.25 21.41 14.02 15.76 18.36 19.43 04.37 05.13 04.35 04.64 06.57 07.01 15.74 12.24 12.73 19.03 19.13 19.02 18.79 18.47 14.47 13.24 13.04 12.33 12.51 77.24 96.75 95.10 93.43 91.38 89.18 86.76 84.00 81.02 78.51 78.35 76.81
-1.00 -1.00 -1.00 -1.00 -1.00 -1.00 -1.00 -1.00 -1.00 00.83 05.43 09.75 04.11 03.07 02.76 02.15 03.58 05.49 03.60 02.17 01.75 03.67 05.77 07.11 07.50 08.15 12.21 12.47 12.70 12.93 13.17 15.15 15.44 15.35 16.27 16.91 18.09 19.26 22.38 26.11 34.36 16.31 15.53 19.16 16.19 16.83 04.70 05.09 04.65 04.65 06.41 06.09 20.97 19.72 18.87 18.34 18.70 18.54 18.52 18.33 17.66 13.35 12.46 12.62 12.59 12.81 40.74 89.03 87.02 84.82 82.54 80.14 77.60 75.99 74.48 73.28 72.79
-1.00 -1.00 -1.00 -1.00 -1.00 -1.00 -1.00 -1.00 -1.00 -1.00 10.45 11.36 09.80 06.78 04.01 04.66 02.40 05.67 02.71 01.02 01.97 04.61 11.04 09.96 07.22 07.67 08.99 12.26 12.52 12.74 13.00 13.29 14.15 15.54 15.68 16.40 17.39 19.09 21.86 24.93 27.88 30.22 33.41 38.39 13.62 13.95 05.00 05.04 04.72 04.77 06.11 07.07 18.84 19.22 18.36 17.85 17.84 18.31 18.09 17.98 18.17 16.60 12.91 12.65 12.80 13.02 13.13 12.42 81.15 78.91 77.56 76.21 74.78 73.54 72.57 71.76 71.05
-1.00 -1.00 -1.00 -1.00 -1.00 -1.00 -1.00 -1.00 -1.00 -1.00 12.00 08.46 09.37 06.72 07.53 03.68 07.22 03.78 01.80 01.01 02.18 08.23 08.62 10.57 08.11 07.39 07.81 08.87 12.29 12.57 12.83 13.11 13.47 13.79 15.55 16.20 17.12 18.42 19.82 22.29 24.87 27.25 17.47 09.08 12.09 11.31 05.03 05.11 04.80 04.89 05.76 13.85 13.82 18.19 17.96 17.72 17.88 18.14 18.21 18.12 18.38 18.34 16.11 12.92 12.73 13.05 12.94 13.10 12.92 12.87 74.81 73.97 73.06 72.11 71.20 70.30 69.38
-1.00 -1.00 -1.00 -1.00 -1.00 -1.00 -1.00 -1.00 -1.00 -1.00 10.96 08.72 08.63 06.50 08.89 02.43 03.49 02.03 02.15 00.65 01.71 04.87 08.68 09.33 10.18 06.99 07.42 07.77 08.12 12.36 12.64 12.94 13.25 13.59 13.95 14.00 16.73 17.75 18.70 20.22 22.77 26.17 30.07 33.39 35.32 09.02 05.16 05.16 04.89 04.64 08.04 18.99 17.89 17.96 17.90 17.84 17.88 18.06 18.17 18.33 18.38 18.34 17.44 16.07 13.09 13.02 12.85 12.73 12.65 12.59 12.54 12.58 71.04 70.22 69.20 68.13 67.04
-1.00 -1.00 -1.00 -1.00 -1.00 -1.00 -1.00 -1.00 -1.00 -1.00 01.65 08.58 07.63 05.30 07.33 05.96 03.04 02.07 02.30 01.93 00.66 02.46 06.33 08.25 09.12 09.91 07.87 07.38 07.72 08.08 12.43 12.72 13.04 13.38 13.75 14.01 14.27 14.65 15.28 19.50 21.54 23.78 24.03 16.33 14.97 07.87 05.27 05.18 04.68 05.90 15.97 11.30 18.18 17.79 17.83 17.70 17.75 17.83 18.06 18.19 18.25 18.20 18.08 17.56 17.39 14.38 13.38 13.18 12.82 12.76 12.73 12.75 12.77 12.57 13.25 66.56 66.26
-1.00 -1.00 -1.00 -1.00 -1.00 -1.00 -1.00 -1.00 -1.00 -1.00 -1.00 09.73 12.39 04.58 03.33 03.24 02.85 02.10 02.43 02.47 01.77 03.26 02.98 05.75 08.04 08.91 09.66 08.93 07.34 07.68 08.02 12.09 12.79 13.14 13.49 13.78 14.07 14.40 14.86 15.74 16.79 18.07 17.97 16.13 17.62 10.33 05.86 05.18 04.44 10.47 15.26 17.27 17.75 17.70 17.64 17.64 17.64 17.68 17.82 17.92 18.05 18.14 18.14 18.21 18.28 18.06 17.24 13.42 13.26 13.18 12.98 12.98 12.92 12.86 12.81 12.77 12.68
-1.00 -1.00 -1.00 -1.00 -1.00 -1.00 -1.00 -1.00 -1.00 -1.00 05.22 08.33 12.91 08.95 03.66 03.38 03.11 02.59 02.13 02.11 02.63 02.45 03.52 02.89 05.24 07.84 08.68 09.40 09.40 07.28 07.56 07.89 08.19 12.89 13.16 13.53 13.83 14.18 14.54 15.04 15.56 16.97 18.45 16.00 19.97 12.96 05.08 07.88 06.07 15.17 14.58 14.61 17.69 17.31 17.56 17.46 17.59 17.66 17.63 17.79 17.80 18.00 18.12 18.18 18.16 18.48 18.47 18.41 17.60 13.41 13.40 11.78 10.86 13.08 13.02 12.94 12.89
-1.00 -1.00 -1.00 -1.00 -1.00 -1.00 -1.00 -1.00 -1.00 -1.00 -1.00 13.14 16.60 11.19 04.63 03.63 03.08 02.55 02.51 02.26 02.08 03.03 04.38 03.45 02.78 04.38 07.58 08.37 09.11 09.56 07.07 07.45 07.74 08.07 08.46 12.99 13.10 13.82 14.27 14.78 15.20 15.17 14.11 15.29 18.08 16.23 04.87 12.13 11.14 11.51 14.14 14.25 14.40 17.36 17.43 17.45 17.40 17.56 17.49 17.56 17.68 17.69 18.01 18.13 18.26 18.40 18.51 18.54 18.65 18.75 18.29 16.87 15.35 10.90 03.18 13.08 12.99
-1.00 -1.00 -1.00 -1.00 -1.00 -1.00 -1.00 -1.00 -1.00 -1.00 -1.00 08.43 06.47 04.61 04.97 03.62 03.00 02.59 02.48 03.07 03.32 05.08 08.74 07.92 03.45 00.53 04.26 07.17 07.91 08.61 09.19 09.16 07.29 07.59 07.87 07.98 08.15 13.26 13.84 14.02 13.72 13.56 14.20 14.63 16.04 16.18 06.96 15.30 14.34 13.88 13.71 13.89 14.05 14.11 16.89 17.37 17.37 17.42 17.40 17.30 17.44 17.59 17.66 18.02 18.15 18.29 18.39 18.55 18.64 18.82 19.53 20.35 21.50 15.24 05.46 05.14 03.66
-1.00 -1.00 -1.00 -1.00 -1.00 -1.00 -1.00 -1.00 -1.00 -1.00 -1.00 00.85 03.22 05.31 06.24 02.95 02.38 02.33 04.00 05.47 05.27 07.91 08.92 09.34 09.03 03.52 02.00 03.90 05.87 07.40 08.11 08.71 09.22 08.42 07.40 07.70 07.92 08.11 08.51 08.33 13.03 13.59 13.76 14.08 15.32 15.59 11.99 14.73 15.08 13.52 13.47 13.63 13.83 14.02 14.04 16.94 17.09 17.31 17.24 17.18 17.25 17.34 17.51 17.81 18.01 18.14 18.22 18.30 18.60 19.04 19.74 18.69 12.91 08.73 06.69 05.35 05.23
-1.00 -1.00 -1.00 -1.00 -1.00 -1.00 -1.00 -1.00 -1.00 -1.00 02.25 01.44 04.63 05.59 02.78 02.34 02.25 06.69 07.22 07.29 06.72 06.63 09.18 09.59 09.71 09.40 03.63 03.49 03.22 04.56 06.85 07.54 08.18 08.66 09.07 08.95 07.40 07.68 08.32 08.23 12.37 12.70 13.19 13.56 13.63 14.78 15.02 14.77 14.79 15.07 13.32 13.43 13.59 13.82 14.05 14.28 17.03 17.12 17.19 17.21 17.28 17.19 17.37 17.44 17.51 18.08 18.23 18.36 18.51 18.78 19.71 20.22 20.90 24.79 27.71 29.39 27.91
-1.00 -1.00 -1.00 -1.00 -1.00 -1.00 -1.00 -1.00 -1.00 -1.00 03.17 02.64 03.72 03.86 02.86 02.52 02.36 08.07 07.93 08.07 06.86 06.79 06.78 09.84 09.99 09.97 09.85 06.40 03.72 02.25 03.82 05.15 06.88 07.43 07.96 08.44 09.11 09.79 07.37 08.25 08.56 12.16 12.84 13.10 13.24 14.62 14.83 14.93 14.93 15.03 15.31 13.25 13.38 13.53 13.81 13.93 14.16 17.05 17.01 16.97 17.21 17.26 17.26 17.42 17.45 17.48 17.62 18.31 18.49 18.79 19.14 20.42 22.99 25.78 29.35 29.51 16.49
-1.00 -1.00 -1.00 -1.00 -1.00 -1.00 -1.00 -1.00 -1.00 -1.00 03.42 03.22 03.59 03.21 02.88 02.61 02.48 09.36 08.55 08.55 09.00 06.97 06.92 06.93 10.25 10.11 10.15 10.38 10.11 03.90 03.72 00.77 04.15 05.16 06.64 07.63 10.13 10.86 10.30 07.73 08.18 12.00 12.42 12.73 12.90 13.11 14.60 14.78 15.03 15.25 15.44 15.25 13.19 13.33 13.49 13.63 13.74 14.02 16.99 16.92 17.06 17.18 17.26 17.35 17.31 17.21 17.29 17.58 17.89 18.56 18.62 19.46 21.61 23.63 25.65 28.80 15.44
-1.00 -1.00 -1.00 -1.00 -1.00 -1.00 -1.00 -1.00 -1.00 -1.00 03.64 02.88 02.60 02.64 02.75 02.60 03.40 10.01 09.21 09.11 09.33 09.17 07.10 07.06 07.06 10.33 10.28 10.58 10.75 10.71 08.78 03.87 03.74 00.88 03.61 04.91 09.94 10.83 11.36 07.32 07.77 08.20 11.87 12.36 12.72 12.98 13.13 14.68 14.87 15.15 15.38 15.58 15.26 13.12 13.30 13.46 13.57 13.77 13.95 14.17 17.03 17.10 17.19 17.29 17.40 17.18 17.02 17.18 17.18 17.69 18.20 18.07 18.92 21.32 23.54 25.24 27.26
-1.00 -1.00 -1.00 -1.00 -1.00 -1.00 -1.00 -1.00 -1.00 -1.00 01.30 02.42 02.64 03.50 05.14 05.54 06.46 10.31 10.60 09.33 09.63 10.01 09.82 07.22 07.18 07.15 09.44 10.68 10.98 11.05 11.11 10.97 08.13 04.06 03.62 02.86 08.64 09.76 10.78 10.84 07.49 07.89 09.05 12.10 12.11 12.79 12.98 13.15 14.77 14.90 15.25 15.48 15.65 15.44 13.06 13.24 13.34 13.47 13.64 13.75 13.96 17.03 17.09 17.22 17.30 17.04 17.00 17.34 17.53 17.41 17.58 17.87 18.37 19.50 20.93 23.22 25.81
-1.00 -1.00 -1.00 -1.00 -1.00 -1.00 -1.00 -1.00 -1.00 -1.00 00.42 04.63 03.06 09.38 09.16 08.15 09.41 10.51 11.01 10.72 09.88 10.20 10.35 10.41 07.30 07.26 07.25 07.28 11.01 11.22 11.44 11.58 11.68 11.79 09.41 03.03 03.46 08.80 09.87 10.73 08.30 07.54 07.96 12.05 12.03 12.14 12.82 12.98 13.55 14.86 14.90 15.36 15.58 15.68 15.68 13.70 13.16 13.26 13.41 13.57 13.69 13.89 14.10 17.05 17.13 17.23 17.16 17.20 17.41 17.46 17.55 18.04 18.54 19.21 20.26 21.79 23.90
-1.00 -1.00 -1.00 -1.00 -1.00 -1.00 -1.00 -1.00 -1.00 -1.00 08.58 08.61 06.26 10.17 09.98 10.33 10.34 10.69 11.32 11.66 10.76 10.34 10.52 10.67 10.64 07.94 07.37 07.35 07.38 10.12 11.44 11.70 11.39 12.26 08.00 03.38 00.88 05.65 08.87 09.98 10.64 07.19 07.56 07.98 12.03 11.94 12.26 12.83 13.03 14.10 14.96 14.99 15.35 15.67 15.76 15.93 15.25 13.04 13.14 13.37 13.48 13.64 13.83 14.04 14.21 17.20 17.05 16.98 17.50 17.65 17.87 17.97 18.20 18.63 19.60 20.44 22.53
-1.00 -1.00 -1.00 -1.00 -1.00 -1.00 -1.00 -1.00 -1.00 -1.00 01.59 09.01 11.60 10.90 10.79 11.44 11.81 11.02 11.40 11.81 12.29 11.20 10.66 10.82 10.88 10.88 09.61 07.48 07.46 07.44 07.40 11.85 11.74 10.82 08.26 08.00 03.31 02.83 07.81 08.92 09.64 10.49 07.20 07.57 07.99 11.99 12.23 12.67 12.92 13.17 13.45 15.09 15.16 15.08 15.69 15.86 16.14 16.03 13.01 13.14 13.34 13.40 13.59 13.74 13.93 14.08 13.98 16.58 17.02 17.43 17.82 18.07 18.28 18.54 19.05 20.18 20.34
-1.00 -1.00 -1.00 -1.00 -1.00 -1.00 -1.00 -1.00 -1.00 -1.00 -1.00 10.53 14.16 11.56 07.73 12.06 12.74 11.95 11.74 12.05 12.38 12.89 11.88 10.93 11.03 11.10 11.18 11.16 08.00 07.56 07.53 07.62 07.70 11.06 09.64 08.52 07.18 03.20 03.25 07.80 08.84 09.48 10.37 07.26 07.61 08.06 12.16 12.48 12.69 12.82 12.82 13.34 15.07 15.33 15.43 15.74 16.01 16.30 16.46 15.48 13.14 13.25 13.36 13.43 13.65 13.54 13.94 14.05 14.14 14.41 17.70 17.77 17.79 18.19 18.78 19.84 20.89
-1.00 -1.00 -1.00 -1.00 -1.00 -1.00 -1.00 -1.00 -1.00 -1.00 -1.00 -1.00 16.13 12.38 06.20 04.06 13.09 13.32 12.17 12.38 12.72 13.31 13.58 10.21 11.13 11.24 11.35 11.43 11.42 10.23 07.68 07.76 07.67 07.33 09.13 08.83 08.71 05.06 03.10 03.48 07.90 08.95 09.57 10.26 07.29 07.62 07.96 12.16 12.51 12.45 12.62 13.06 13.32 15.19 15.44 15.67 15.88 16.14 16.39 16.62 16.70 15.35 13.20 13.30 13.43 13.50 13.59 13.71 14.00 14.18 14.33 14.35 14.41 14.50 15.41 17.89 19.94
-1.00 -1.00 -1.00 -1.00 -1.00 -1.00 -1.00 -1.00 -1.00 -1.00 -1.00 -1.00 12.03 12.03 06.15 03.89 13.36 13.75 14.00 12.64 13.16 13.68 14.88 10.58 05.18 11.34 11.46 11.58 11.64 11.69 11.68 09.59 07.84 07.29 06.64 09.04 08.98 08.85 03.95 03.04 03.65 07.94 08.95 09.62 09.97 07.29 07.47 07.80 12.14 12.46 12.54 12.98 13.20 13.40 15.32 15.52 15.73 15.99 16.24 16.48 16.73 17.05 17.11 15.96 13.22 13.26 13.34 13.49 13.72 13.91 14.07 14.06 14.05 14.24 14.61 14.94 15.56
-1.00 -1.00 -1.00 -1.00 -1.00 -1.00 -1.00 -1.00 -1.00 -1.00 -1.00 -1.00 -1.00 00.79 03.54 04.12 12.63 14.02 14.44 14.43 13.74 13.84 15.95 12.85 05.82 03.67 10.69 11.68 11.77 11.84 11.93 12.08 10.47 06.83 06.76 07.30 09.22 09.13 08.92 03.55 02.38 03.90 07.88 08.73 09.57 09.79 07.25 07.45 07.92 12.25 12.50 12.76 12.99 13.22 13.44 13.64 15.59 15.69 15.93 16.34 16.56 16.86 17.32 17.37 17.34 16.68 13.16 13.26 13.42 13.62 13.82 13.99 14.17 14.21 14.15 14.38 15.11
-1.00 -1.00 -1.00 -1.00 -1.00 -1.00 -1.00 -1.00 -1.00 -1.00 -1.00 -1.00 -1.00 04.13 09.35 04.18 03.89 08.73 13.46 15.13 16.38 14.79 08.01 05.12 04.59 04.01 03.58 13.53 11.86 11.97 12.06 12.43 09.38 08.65 06.93 06.75 08.19 09.38 09.19 08.86 03.45 01.62 03.97 07.75 08.47 09.45 09.84 07.02 07.26 07.93 11.50 12.52 12.78 13.00 13.19 13.44 13.65 15.65 15.80 16.03 16.60 16.80 17.10 17.27 17.41 17.57 17.71 17.46 15.93 13.42 13.57 13.71 13.85 13.96 13.95 13.94 14.26
-1.00 -1.00 -1.00 -1.00 -1.00 -1.00 -1.00 -1.00 -1.00 -1.00 -1.00 -1.00 -1.00 08.61 09.96 04.18 04.53 04.55 04.22 10.70 08.83 14.07 07.26 05.36 05.00 04.40 03.62 05.91 13.75 13.26 12.23 10.21 08.23 09.61 08.03 06.95 06.65 09.02 09.40 09.19 08.77 03.49 01.68 04.02 07.52 08.35 09.15 09.84 06.87 07.27 07.88 09.43 12.53 12.77 12.98 13.13 13.45 13.66 13.81 15.91 16.22 16.58 16.93 17.14 17.37 17.43 17.70 18.03 18.35 18.61 18.58 17.96 16.26 13.80 13.96 14.09 13.71
-1.00 -1.00 -1.00 -1.00 -1.00 -1.00 -1.00 -1.00 -1.00 -1.00 -1.00 -1.00 -1.00 -1.00 03.93 04.10 04.59 04.94 05.17 04.52 04.76 05.01 05.22 05.41 05.23 04.36 03.86 03.45 10.87 12.01 15.93 09.53 05.00 03.60 09.57 07.76 06.93 06.71 09.58 09.39 09.21 08.93 03.56 02.22 03.77 07.29 08.26 09.15 09.85 06.91 07.47 07.82 08.16 12.53 12.73 12.95 13.19 13.45 13.52 13.66 15.23 16.43 16.83 16.95 17.17 17.13 17.51 17.73 18.09 18.48 18.95 19.40 19.85 20.06 20.31 20.46 19.44
-1.00 -1.00 -1.00 -1.00 -1.00 -1.00 -1.00 -1.00 -1.00 -1.00 -1.00 -1.00 -1.00 -1.00 -1.00 04.04 04.38 04.93 05.18 05.49 05.82 05.71 05.85 06.49 07.03 04.93 03.89 03.83 03.82 04.07 04.71 04.74 04.70 03.90 06.26 09.68 07.39 06.72 06.82 09.60 09.45 09.33 09.11 03.61 03.18 03.53 06.97 08.13 08.99 09.70 07.61 07.41 07.73 08.02 12.33 12.69 12.83 13.20 13.39 13.49 13.50 14.00 15.99 16.79 16.98 16.96 17.17 17.53 17.89 18.26 18.55 18.92 19.57 20.12 20.47 21.03 21.54
-1.00 -1.00 -1.00 -1.00 -1.00 -1.00 -1.00 -1.00 -1.00 -1.00 -1.00 -1.00 -1.00 -1.00 -1.00 -1.00 04.24 04.41 05.12 05.34 05.65 06.02 07.68 13.57 13.40 03.99 04.30 04.03 04.32 04.45 04.66 04.60 03.91 03.73 09.25 09.02 09.67 06.90 06.85 06.85 09.62 09.61 09.59 09.48 04.76 03.25 03.33 06.21 07.88 08.71 09.41 09.29 07.30 07.55 07.84 08.19 12.56 12.81 13.09 13.24 13.35 13.62 14.08 14.26 14.57 16.79 16.96 17.27 17.66 18.06 18.42 19.04 19.33 19.71 20.08 20.64 21.31
-1.00 -1.00 -1.00 -1.00 -1.00 -1.00 -1.00 -1.00 -1.00 -1.00 -1.00 -1.00 -1.00 -1.00 -1.00 -1.00 -1.00 -1.00 04.57 05.13 05.63 05.55 07.69 20.41 29.62 07.47 14.11 04.62 04.41 04.70 04.96 05.22 03.41 02.85 09.42 09.78 09.73 09.66 07.05 06.96 06.89 09.79 09.81 09.78 09.73 05.93 03.32 03.11 05.19 07.53 08.26 08.89 09.50 07.09 07.43 07.77 08.08 11.13 12.71 12.95 13.08 13.41 13.81 14.00 14.21 14.32 14.49 17.03 17.40 17.76 18.09 18.42 18.79 19.30 19.71 19.98 20.46
-1.00 -1.00 -1.00 -1.00 -1.00 -1.00 -1.00 -1.00 -1.00 -1.00 -1.00 -1.00 -1.00 -1.00 -1.00 -1.00 -1.00 -1.00 -1.00 -1.00 -1.00 04.62 05.20 10.65 29.93 17.67 16.58 16.66 05.32 04.74 04.99 05.25 03.76 04.29 10.21 09.73 09.78 09.78 09.76 07.11 07.01 07.00 10.02 09.93 09.86 09.62 07.42 03.39 02.83 04.33 06.95 07.73 08.46 09.15 09.05 07.35 07.59 07.78 07.98 11.68 12.24 12.93 13.08 13.78 14.02 14.06 14.24 14.48 14.67 15.56 17.64 18.15 18.46 18.89 19.35 19.64 20.07
-1.00 -1.00 -1.00 -1.00 -1.00 -1.00 -1.00 -1.00 -1.00 -1.00 -1.00 -1.00 -1.00 -1.00 -1.00 -1.00 -1.00 -1.00 -1.00 -1.00 -1.00 -1.00 04.51 04.04 13.33 20.72 19.52 22.19 19.75 13.26 09.43 05.29 07.09 07.80 10.27 11.84 09.96 09.90 09.91 09.96 07.17 07.10 07.05 09.26 09.99 09.88 09.82 09.23 03.48 02.34 03.75 05.65 07.30 08.14 08.88 09.36 07.09 07.50 07.49 07.69 07.93 12.39 12.80 13.01 13.26 13.77 13.97 14.28 14.42 14.62 14.86 15.13 15.49 18.66 18.98 19.32 19.61
