data/trial5/ashley.fli
NCOLS 382
NROWS 266
XLLCORNER 157819.328125
YLLCORNER 384678.625000
CELLSIZE 30.000000
NODATA_VALUE -1
[rows 234 to 259 of 266, columns 240 to 299 of 382]
00021.170 00021.408 00021.625 00021.884 00022.128 00022.365 00022.532 00022.825 00023.294 00023.453 00023.651 00023.942 00024.311 00024.768 00025.177 00025.492 00025.791 00026.118 00026.493 00026.886 00027.393 00027.863 00028.331 00029.501 00030.514 00031.512 00032.149 00032.706 00056.828 00069.779 00073.444 00041.906 00049.539 00049.834 00064.692 00105.749 00041.790 00032.944 00027.756 00023.392 00023.095 00024.596 00025.784 00026.354 00026.862 00027.297 00027.799 00028.384 00028.920 00029.371 00027.437 00024.933 00023.696 00024.488 00025.237 00025.391 00025.723 00025.859 00025.628 00025.458
00020.700 00020.876 00021.086 00021.442 00021.720 00021.854 00022.157 00022.421 00022.567 00022.751 00022.951 00023.216 00023.486 00023.893 00024.299 00024.607 00024.878 00025.147 00025.487 00025.877 00026.238 00026.710 00026.768 00027.785 00028.846 00029.595 00046.807 00057.743 00063.016 00065.909 00066.186 00065.276 00064.053 00064.752 00069.703 00080.137 00088.512 00023.815 00025.442 00022.571 00022.380 00023.299 00024.258 00025.002 00025.693 00026.116 00026.464 00026.823 00027.057 00027.630 00028.812 00029.601 00023.840 00023.117 00023.521 00023.877 00024.092 00024.317 00024.496 00024.748
00028.730 00028.307 00027.068 00023.039 00021.405 00021.664 00021.653 00021.586 00021.886 00022.137 00022.346 00022.579 00022.821 00023.078 00023.345 00023.650 00024.122 00024.497 00024.776 00025.013 00025.244 00025.486 00025.724 00036.185 00044.182 00049.360 00053.061 00055.753 00058.113 00059.862 00061.257 00062.710 00064.492 00066.042 00067.862 00050.099 00033.308 00022.075 00022.640 00020.773 00021.651 00022.781 00023.461 00024.069 00024.600 00025.105 00025.450 00025.790 00026.161 00026.672 00027.053 00027.745 00025.907 00024.662 00022.870 00023.195 00028.873 00035.334 00040.551 00042.475
00028.957 00029.447 00029.837 00030.199 00030.302 00030.383 00030.168 00029.191 00027.759 00025.219 00022.221 00022.096 00022.313 00022.535 00022.786 00023.036 00023.408 00026.958 00032.782 00036.256 00039.597 00042.229 00044.203 00045.851 00047.416 00048.776 00050.315 00051.977 00053.271 00052.891 00054.863 00056.607 00057.962 00059.207 00062.175 00043.057 00027.677 00023.348 00021.274 00020.856 00021.253 00021.819 00022.445 00023.144 00023.690 00024.180 00024.599 00024.881 00025.186 00025.577 00026.073 00037.757 00044.086 00047.617 00043.336 00042.680 00042.318 00042.197 00027.283 00018.795
00028.393 00029.097 00029.481 00029.786 00030.223 00030.692 00031.232 00031.590 00031.861 00032.262 00032.825 00033.514 00034.156 00034.796 00035.482 00036.308 00037.133 00038.323 00039.863 00041.280 00042.392 00043.458 00044.381 00045.215 00045.993 00046.760 00047.570 00048.312 00049.019 00049.581 00050.175 00050.818 00052.310 00053.941 00056.321 00060.397 00022.835 00023.457 00025.703 00027.289 00026.786 00026.576 00024.281 00024.107 00024.677 00028.708 00032.651 00035.921 00039.221 00041.426 00043.033 00044.813 00046.389 00047.958 00049.775 00047.894 00045.495 00048.322 00050.515 00063.676
00027.917 00028.398 00028.857 00029.293 00029.771 00030.069 00030.562 00031.083 00031.426 00031.873 00032.401 00033.181 00034.007 00034.729 00035.422 00036.141 00036.931 00037.720 00038.608 00039.737 00040.823 00041.775 00042.639 00043.482 00044.144 00044.772 00045.388 00045.977 00046.789 00047.452 00047.982 00048.168 00048.965 00049.967 00051.430 00046.143 00026.564 00023.897 00025.225 00026.995 00028.785 00030.596 00032.554 00034.280 00035.869 00037.426 00038.671 00039.901 00041.238 00042.069 00042.664 00042.533 00041.450 00041.936 00044.196 00045.951 00047.580 00049.298 00050.019 00050.970
00027.435 00027.897 00028.502 00028.741 00029.029 00029.465 00029.924 00030.409 00030.830 00031.174 00031.677 00032.227 00032.973 00033.735 00034.319 00034.898 00035.465 00036.001 00037.156 00038.555 00039.302 00040.016 00040.718 00041.320 00041.911 00042.574 00043.472 00044.327 00045.041 00045.737 00046.257 00046.776 00047.328 00047.723 00046.258 00041.963 00035.426 00023.676 00025.075 00026.563 00027.765 00029.268 00030.901 00032.875 00034.190 00035.441 00036.697 00038.417 00040.238 00041.711 00043.211 00043.097 00042.894 00042.897 00043.660 00043.732 00043.332 00044.333 00046.642 00048.675
00026.887 00027.225 00027.731 00028.108 00028.464 00028.859 00029.279 00029.741 00030.220 00030.574 00030.966 00031.458 00032.050 00032.741 00033.420 00033.957 00034.496 00035.040 00035.594 00036.573 00037.770 00038.577 00039.222 00039.854 00040.442 00040.995 00041.540 00042.199 00042.956 00043.668 00044.128 00044.597 00045.266 00046.306 00046.723 00049.007 00052.289 00023.100 00024.704 00026.082 00026.909 00027.839 00029.834 00031.395 00032.899 00034.241 00035.985 00038.124 00039.844 00041.522 00042.874 00043.610 00043.322 00043.979 00044.927 00045.247 00042.751 00042.149 00042.845 00044.432
00022.329 00022.681 00023.015 00024.899 00027.961 00028.299 00028.705 00029.115 00029.551 00029.947 00030.282 00030.720 00031.197 00031.698 00032.202 00032.864 00033.603 00034.112 00034.616 00035.159 00035.990 00037.016 00037.850 00038.437 00039.014 00039.580 00040.112 00040.637 00041.100 00041.768 00042.351 00042.642 00043.265 00043.911 00044.639 00045.733 00046.860 00021.498 00023.975 00025.594 00026.442 00027.357 00028.403 00029.689 00031.296 00032.857 00034.341 00035.992 00037.759 00039.432 00040.706 00041.437 00042.347 00043.475 00044.696 00045.030 00044.847 00044.551 00041.716 00045.132
00021.702 00022.031 00022.404 00022.768 00023.073 00023.352 00023.644 00023.941 00027.495 00029.376 00029.701 00030.046 00030.504 00030.967 00031.438 00031.914 00032.576 00033.424 00033.876 00034.295 00034.742 00035.311 00035.989 00036.742 00037.833 00038.682 00039.060 00039.463 00039.896 00040.325 00040.766 00041.238 00041.366 00033.840 00033.038 00033.338 00032.640 00027.588 00023.212 00024.364 00025.775 00026.846 00027.655 00028.838 00030.036 00031.247 00032.511 00033.775 00035.081 00036.391 00037.705 00038.984 00040.220 00041.396 00042.487 00043.441 00044.391 00044.924 00044.999 00045.419
00021.038 00021.383 00021.721 00022.095 00022.416 00022.689 00023.005 00023.324 00023.639 00023.950 00024.236 00024.474 00024.763 00025.072 00025.377 00028.009 00031.379 00032.318 00033.081 00033.489 00033.897 00034.327 00034.849 00035.477 00036.102 00035.378 00032.231 00030.192 00030.415 00030.507 00030.645 00030.908 00031.269 00031.763 00032.000 00032.409 00033.232 00034.323 00020.952 00021.144 00021.775 00022.426 00027.343 00028.195 00029.062 00030.083 00031.102 00031.866 00032.652 00033.590 00034.563 00035.964 00037.736 00039.061 00040.074 00041.032 00041.818 00042.690 00043.550 00044.221
00020.289 00020.649 00021.027 00021.391 00021.735 00022.017 00022.305 00022.627 00022.946 00023.245 00023.535 00023.800 00024.072 00024.336 00024.598 00024.922 00025.339 00025.805 00026.160 00026.500 00026.758 00027.017 00027.277 00027.597 00027.956 00028.313 00028.801 00029.276 00029.489 00029.637 00029.690 00029.683 00030.556 00030.680 00030.785 00031.200 00031.577 00030.203 00028.912 00020.709 00021.282 00021.988 00022.594 00023.377 00023.976 00024.321 00024.769 00026.904 00029.393 00031.960 00033.330 00034.158 00035.250 00034.880 00032.482 00030.369 00030.935 00031.370 00031.514 00032.561
00012.855 00019.920 00020.256 00020.605 00020.964 00021.272 00021.592 00021.910 00022.214 00022.529 00022.813 00023.079 00023.343 00023.609 00023.872 00024.158 00024.470 00024.925 00025.325 00025.645 00025.929 00026.178 00026.427 00026.677 00026.990 00027.323 00027.657 00028.094 00028.515 00028.765 00028.938 00028.987 00029.057 00029.433 00029.812 00030.222 00030.662 00031.073 00028.763 00023.346 00020.466 00021.259 00021.950 00022.500 00022.979 00023.466 00024.347 00025.145 00025.460 00025.772 00026.189 00026.697 00027.206 00027.776 00028.379 00028.973 00029.522 00029.976 00030.397 00030.760
00011.009 00011.416 00011.811 00012.182 00016.060 00020.521 00020.806 00021.100 00021.410 00021.721 00022.027 00022.340 00022.615 00022.865 00023.112 00023.373 00023.684 00024.037 00024.462 00024.790 00025.091 00025.343 00025.583 00025.820 00026.058 00026.362 00026.670 00026.975 00027.232 00027.483 00027.626 00027.688 00027.798 00027.967 00028.420 00029.068 00029.459 00029.710 00030.170 00030.860 00020.953 00020.546 00021.124 00021.712 00022.183 00022.726 00023.394 00024.127 00024.774 00025.279 00025.795 00026.100 00026.256 00026.419 00027.029 00027.831 00028.446 00028.361 00028.237 00028.634
00009.812 00010.221 00010.565 00010.897 00011.334 00011.683 00012.007 00012.316 00013.427 00019.666 00021.235 00021.518 00021.779 00022.032 00022.283 00022.534 00022.812 00023.117 00023.511 00023.917 00024.209 00024.498 00024.734 00024.968 00025.193 00025.420 00025.673 00025.912 00026.137 00026.317 00026.559 00026.754 00026.886 00027.071 00027.280 00027.555 00028.015 00028.320 00027.193 00025.958 00021.546 00019.991 00020.317 00020.896 00021.434 00021.985 00022.526 00023.145 00023.782 00024.081 00024.262 00024.444 00024.966 00025.438 00025.748 00025.988 00026.128 00026.245 00026.858 00027.545
00010.286 00010.739 00010.404 00009.612 00010.137 00010.466 00010.740 00010.995 00011.366 00011.701 00011.980 00012.247 00012.501 00012.721 00014.310 00018.295 00021.986 00022.266 00022.576 00022.955 00023.283 00023.553 00023.807 00024.029 00024.249 00024.464 00024.669 00024.820 00025.076 00025.417 00025.741 00026.049 00026.282 00026.175 00022.400 00018.228 00014.906 00014.927 00014.960 00014.321 00013.666 00011.521 00012.092 00018.664 00020.622 00021.135 00021.643 00021.992 00022.365 00022.895 00023.826 00024.193 00024.271 00024.471 00024.553 00024.524 00024.758 00025.269 00025.833 00026.404
00007.941 00008.579 00009.256 00009.914 00010.489 00010.802 00010.359 00009.681 00010.138 00010.472 00010.741 00010.957 00011.160 00011.419 00011.684 00011.908 00012.129 00012.334 00012.530 00012.745 00012.963 00013.084 00013.203 00013.305 00013.403 00013.471 00013.535 00013.505 00013.411 00013.678 00013.842 00013.799 00013.756 00013.679 00013.576 00013.396 00013.135 00013.090 00013.054 00012.880 00012.598 00010.184 00010.717 00011.313 00011.857 00012.395 00012.397 00014.656 00019.539 00021.494 00022.210 00023.026 00023.426 00023.435 00023.097 00023.496 00024.073 00024.550 00024.942 00025.258
00005.440 00006.157 00006.741 00007.459 00008.142 00008.712 00009.263 00009.811 00010.297 00010.711 00010.837 00010.369 00009.794 00010.120 00010.425 00010.653 00010.872 00011.073 00011.232 00011.397 00011.571 00011.700 00011.814 00011.930 00012.032 00012.093 00012.092 00012.092 00012.084 00012.165 00012.363 00012.410 00012.387 00012.359 00012.150 00011.899 00011.817 00011.679 00011.531 00011.368 00010.866 00010.665 00009.940 00010.092 00010.598 00011.023 00011.124 00011.224 00011.391 00011.473 00011.657 00011.616 00011.748 00012.032 00012.348 00012.653 00012.889 00013.060 00013.045 00013.044
00002.426 00003.303 00004.219 00005.051 00005.728 00006.246 00006.723 00007.300 00007.925 00008.416 00008.875 00009.299 00009.733 00010.014 00010.281 00010.591 00010.860 00010.945 00010.715 00010.230 00010.134 00010.357 00010.484 00010.612 00010.720 00010.827 00010.850 00010.867 00010.877 00010.879 00010.933 00010.979 00010.881 00011.094 00011.317 00011.236 00011.073 00010.850 00010.624 00010.437 00010.242 00009.237 00010.072 00010.718 00010.796 00009.602 00009.848 00009.991 00010.178 00010.052 00009.850 00010.309 00010.731 00011.104 00011.337 00011.456 00011.577 00011.698 00011.755 00011.792
00005.543 00005.242 00003.124 00001.967 00002.833 00003.562 00004.303 00004.990 00005.497 00005.980 00006.394 00006.769 00007.212 00007.551 00007.890 00008.139 00008.448 00008.763 00009.163 00009.532 00009.785 00010.000 00010.098 00010.196 00010.278 00010.354 00010.388 00010.402 00010.396 00010.323 00010.269 00010.227 00010.030 00009.738 00009.451 00009.029 00008.563 00008.296 00008.189 00007.942 00007.663 00007.393 00007.521 00008.230 00008.772 00009.302 00009.164 00008.954 00009.183 00009.320 00009.381 00009.810 00010.184 00010.217 00010.250 00010.225 00010.253 00010.453 00010.659 00010.905
00017.371 00011.837 00006.186 00005.770 00005.591 00005.212 00003.053 00001.708 00002.555 00003.249 00003.899 00004.523 00005.132 00005.388 00005.591 00005.780 00006.020 00006.310 00006.624 00006.904 00007.184 00007.449 00007.558 00007.673 00007.779 00007.873 00007.923 00007.926 00007.930 00007.842 00007.738 00007.611 00007.426 00007.090 00006.829 00006.540 00006.153 00005.930 00005.886 00005.805 00005.609 00005.301 00005.376 00005.768 00005.900 00006.045 00006.031 00006.087 00006.601 00007.116 00007.607 00008.050 00008.472 00008.824 00009.163 00009.224 00009.284 00009.319 00009.354 00009.259
00018.899 00019.022 00019.240 00018.627 00016.605 00010.437 00006.237 00005.888 00005.876 00005.815 00005.625 00002.565 00001.504 00002.412 00002.844 00003.252 00003.635 00004.027 00004.444 00004.867 00005.221 00005.424 00005.517 00005.587 00005.650 00005.702 00005.746 00005.766 00005.786 00005.778 00005.758 00005.745 00005.744 00005.650 00005.305 00004.949 00004.461 00003.960 00003.584 00003.266 00002.802 00002.324 00002.153 00003.171 00003.560 00004.007 00004.207 00004.197 00004.863 00005.181 00005.520 00005.728 00006.019 00006.256 00006.479 00006.578 00006.668 00006.733 00006.794 00006.804
00019.505 00019.866 00020.147 00020.115 00019.664 00019.446 00019.453 00018.979 00018.663 00012.908 00007.239 00006.486 00006.509 00006.279 00005.754 00005.320 00005.153 00004.948 00003.118 00000.903 00001.755 00002.328 00002.562 00002.680 00002.800 00002.891 00002.982 00002.993 00002.984 00002.956 00002.871 00006.568 00013.115 00016.212 00013.644 00004.511 00005.093 00006.064 00005.917 00006.163 00006.215 00005.986 00005.608 00005.093 00005.015 00004.941 00003.840 00002.254 00001.544 00002.549 00002.983 00003.430 00003.899 00004.318 00004.715 00004.910 00004.991 00005.059 00005.115 00005.131
00018.436 00018.465 00019.931 00020.583 00020.332 00019.879 00020.017 00020.154 00020.147 00020.304 00020.522 00020.589 00020.578 00019.741 00017.649 00015.568 00012.234 00008.584 00006.385 00006.250 00006.294 00006.319 00006.414 00006.526 00006.640 00006.608 00006.444 00006.273 00006.091 00005.916 00011.308 00008.567 00002.585 00010.676 00003.981 00002.437 00008.602 00009.580 00014.952 00015.487 00019.017 00022.987 00022.766 00021.013 00014.285 00009.934 00006.622 00006.310 00006.261 00006.151 00006.102 00005.918 00005.717 00004.308 00002.400 00000.949 00000.753 00000.562 00000.415 00000.265
00030.032 00030.452 00031.319 00035.272 00022.116 00019.947 00020.219 00020.113 00020.673 00020.673 00020.111 00020.314 00021.371 00021.820 00021.774 00021.425 00021.080 00020.947 00020.858 00020.781 00020.845 00020.862 00019.385 00027.173 00040.778 00053.149 00053.729 00054.307 00056.346 00059.163 00051.281 00011.445 00017.868 00004.609 00008.087 00015.773 00013.652 00027.049 00036.703 00028.130 00025.146 00026.296 00026.178 00024.836 00020.423 00020.673 00020.976 00020.804 00020.525 00019.525 00015.420 00012.256 00008.266 00006.720 00006.642 00006.623 00006.532 00006.437 00006.555 00006.753
00030.865 00031.272 00031.505 00031.728 00031.974 00032.902 00023.357 00032.083 00046.712 00054.487 00046.531 00051.820 00025.746 00021.840 00022.491 00022.243 00021.965 00021.635 00021.272 00021.238 00021.773 00027.844 00045.104 00059.396 00062.359 00063.705 00064.454 00064.137 00064.102 00065.635 00067.214 00042.118 00028.502 00021.343 00023.332 00021.675 00035.120 00070.200 00075.631 00052.761 00038.033 00027.099 00027.578 00026.794 00025.409 00021.110 00021.487 00021.756 00021.727 00021.684 00021.603 00021.901 00022.006 00021.773 00021.842 00022.164 00022.567 00023.155 00023.306 00009.605
