data/trial5/ashley.rci
NCOLS 382
NROWS 266
XLLCORNER 157819.328125
YLLCORNER 384678.625000
CELLSIZE 30.000000
NODATA_VALUE -1
[rows 182 to 207 of 266, columns 240 to 299 of 382]
00162.679 00162.587 00162.488 00162.389 00162.318 00162.291 00162.227 00162.134 00161.793 00162.089 00162.065 00161.900 00161.722 00161.540 00161.430 00161.368 00161.256 00161.154 00161.054 00161.234 00161.399 00161.456 00161.417 00161.143 00161.485 00162.097 00162.782 00163.147 00163.318 00163.528 00163.517 00161.787 00160.843 00160.326 00160.257 00160.224 00160.151 00159.982 00159.558 00159.364 00159.223 00159.389 00159.669 00159.738 00159.497 00158.907 00158.665 00157.420 00156.553 00156.454 00330.298 00145.120 00131.784 00106.828 00101.581 00138.970 00144.927 00151.892 00323.393 00239.213
00162.845 00162.602 00162.376 00162.478 00162.393 00162.289 00162.171 00162.386 00162.125 00162.169 00162.091 00161.970 00161.847 00161.590 00161.430 00161.445 00161.371 00161.262 00161.154 00161.474 00162.227 00162.431 00162.443 00161.617 00162.148 00163.427 00160.794 00160.807 00160.697 00160.744 00160.857 00160.653 00160.488 00160.320 00160.249 00160.194 00160.132 00160.037 00159.547 00159.241 00159.327 00159.460 00159.708 00159.743 00159.594 00159.081 00158.679 00157.010 00156.506 00155.523 00149.827 00141.837 00126.956 00038.103 00012.879 00123.730 00145.285 00151.701 00582.557 00456.028
00162.675 00162.632 00162.460 00162.476 00162.423 00162.249 00162.071 00161.933 00161.974 00162.050 00162.003 00161.789 00161.662 00161.551 00161.328 00161.319 00161.326 00161.135 00161.059 00161.116 00161.683 00161.818 00161.890 00161.646 00161.230 00162.028 00162.770 00163.138 00163.225 00163.260 00163.146 00163.065 00162.045 00160.350 00160.274 00160.240 00160.191 00160.021 00159.713 00159.609 00159.342 00159.309 00159.358 00159.650 00159.624 00159.196 00158.781 00158.372 00156.892 00155.417 00145.298 00137.370 00112.385 00033.956 00005.459 00113.759 00145.453 00151.548 00262.649 00155.646
00162.954 00162.871 00162.585 00162.426 00162.426 00162.316 00162.220 00162.105 00162.359 00161.954 00162.036 00161.884 00161.859 00161.715 00161.510 00161.428 00161.357 00161.276 00161.262 00161.140 00161.308 00161.270 00161.246 00161.103 00160.850 00161.040 00161.351 00161.313 00161.255 00161.433 00161.338 00161.219 00160.976 00160.481 00160.228 00160.207 00160.151 00160.055 00159.636 00159.524 00159.599 00159.546 00159.428 00159.441 00159.569 00159.198 00158.925 00158.653 00156.695 00156.521 00155.231 00145.122 00123.228 00001.798 00022.222 00117.442 00144.586 00150.518 00155.937 00209.734
00162.865 00162.840 00162.688 00162.549 00162.435 00162.287 00162.138 00161.973 00161.904 00162.540 00162.072 00162.208 00162.088 00161.966 00161.703 00161.489 00161.466 00161.411 00161.331 00161.209 00161.072 00162.000 00162.076 00162.217 00161.943 00161.314 00162.168 00163.028 00163.599 00163.533 00163.364 00163.136 00162.879 00161.989 00160.501 00160.281 00160.117 00160.088 00159.824 00159.602 00159.613 00159.416 00159.331 00159.355 00159.372 00159.258 00159.081 00158.746 00158.450 00157.286 00157.139 00155.203 00148.822 00138.356 00112.066 00122.028 00145.835 00152.852 00156.421 00158.611
00162.379 00162.707 00162.843 00162.647 00162.380 00162.265 00162.240 00162.144 00162.051 00162.073 00161.981 00161.850 00161.793 00161.712 00161.628 00161.577 00161.277 00161.301 00161.325 00161.238 00161.134 00161.064 00161.335 00161.257 00161.166 00160.917 00160.789 00160.874 00161.008 00161.029 00160.787 00164.921 00164.549 00164.208 00162.735 00160.398 00160.207 00160.115 00160.013 00159.830 00159.744 00159.582 00159.495 00159.543 00159.431 00159.556 00159.590 00159.387 00158.953 00158.764 00157.883 00156.753 00156.094 00152.704 00147.091 00147.295 00151.640 00155.221 00157.106 00157.213
00163.170 00162.900 00162.808 00162.846 00162.474 00162.242 00162.288 00162.194 00162.123 00162.019 00162.218 00161.997 00161.920 00161.854 00161.737 00161.711 00161.457 00161.076 00161.493 00161.416 00161.333 00161.195 00161.207 00161.961 00162.054 00162.108 00161.320 00161.225 00161.928 00162.321 00162.397 00162.081 00161.655 00161.224 00160.888 00160.492 00160.566 00160.291 00160.143 00160.056 00159.966 00159.867 00159.652 00159.576 00159.209 00159.140 00159.398 00159.583 00159.427 00159.102 00158.873 00158.629 00156.598 00156.241 00154.816 00153.603 00155.309 00156.283 00156.741 00156.803
00162.141 00161.975 00161.781 00161.718 00162.444 00162.092 00162.346 00162.406 00162.294 00162.310 00162.230 00162.566 00162.108 00162.095 00161.996 00161.914 00161.725 00161.409 00161.441 00161.512 00161.431 00161.343 00161.173 00161.034 00161.169 00161.225 00161.133 00161.709 00161.598 00162.549 00163.290 00163.678 00163.392 00163.042 00162.617 00162.101 00161.308 00160.419 00159.983 00159.768 00160.232 00160.168 00159.999 00159.682 00159.429 00159.285 00159.202 00159.228 00159.309 00159.254 00159.099 00159.373 00158.796 00158.482 00156.265 00155.366 00156.394 00156.233 00156.545 00158.935
00163.331 00162.449 00162.253 00162.009 00161.866 00162.198 00162.098 00162.043 00162.441 00162.329 00162.111 00162.122 00162.241 00162.022 00161.907 00161.699 00161.682 00161.439 00161.665 00161.523 00161.470 00161.368 00161.270 00161.256 00161.059 00161.608 00161.592 00161.511 00161.464 00161.181 00161.210 00161.067 00160.718 00164.903 00164.377 00163.779 00163.080 00162.413 00161.196 00159.998 00159.754 00160.282 00160.168 00159.974 00159.741 00159.564 00159.491 00159.406 00159.152 00159.211 00159.290 00159.192 00159.602 00159.302 00159.020 00158.587 00157.243 00158.718 00159.136 00160.073
00165.107 00163.931 00162.711 00162.505 00162.229 00162.542 00162.410 00162.227 00162.074 00162.482 00162.401 00162.338 00162.261 00162.351 00162.208 00161.918 00161.900 00161.626 00161.393 00161.391 00161.570 00161.507 00161.469 00161.397 00161.253 00161.066 00161.001 00162.234 00162.260 00162.242 00161.463 00161.139 00161.493 00161.779 00161.603 00160.834 00164.853 00164.081 00163.131 00162.320 00161.011 00160.103 00160.340 00160.189 00160.045 00159.944 00159.838 00159.670 00159.637 00159.445 00159.099 00158.932 00158.770 00159.009 00158.545 00158.387 00159.317 00159.356 00157.755 00162.237
00162.134 00166.065 00164.921 00163.088 00162.928 00162.680 00162.508 00162.325 00162.345 00162.163 00162.183 00162.203 00162.255 00162.364 00162.191 00162.607 00161.842 00161.911 00161.649 00161.742 00161.842 00161.627 00161.453 00161.458 00161.371 00161.280 00161.141 00161.017 00161.266 00161.324 00161.184 00162.437 00161.500 00161.357 00161.636 00161.642 00161.223 00160.433 00164.613 00163.958 00163.160 00162.447 00161.282 00160.210 00159.866 00160.214 00160.009 00159.797 00160.079 00159.707 00159.994 00159.373 00158.707 00159.314 00158.696 00159.244 00156.637 00159.482 00159.334 00164.012
00165.295 00164.308 00163.313 00162.778 00161.988 00161.859 00163.169 00162.888 00162.783 00162.515 00162.307 00162.384 00162.461 00162.435 00162.366 00162.273 00162.359 00162.123 00161.936 00161.896 00161.886 00161.763 00161.702 00161.438 00161.284 00161.312 00161.384 00161.304 00161.183 00161.178 00161.434 00161.203 00160.962 00162.504 00161.429 00161.096 00161.083 00160.359 00161.990 00161.486 00160.755 00164.659 00163.491 00162.262 00161.020 00163.425 00161.335 00159.978 00160.255 00159.833 00159.377 00159.951 00159.389 00158.837 00159.531 00160.210 00159.661 00162.414 00161.059 00162.895
00162.453 00167.607 00166.225 00164.880 00163.826 00162.984 00162.308 00162.052 00163.075 00163.016 00162.939 00162.738 00162.569 00162.624 00162.421 00162.363 00162.304 00162.150 00162.269 00162.048 00162.075 00162.160 00161.990 00161.824 00161.606 00161.407 00161.287 00161.185 00161.084 00161.363 00161.211 00160.992 00160.925 00162.229 00162.049 00161.745 00161.175 00160.507 00162.000 00162.200 00161.923 00161.262 00164.912 00163.701 00162.284 00160.821 00164.102 00162.373 00160.633 00163.376 00160.218 00162.956 00160.156 00162.337 00164.723 00161.524 00163.630 00161.535 00163.122 00162.145
00164.736 00163.868 00162.727 00167.556 00166.170 00164.640 00163.856 00162.725 00162.672 00163.250 00163.044 00163.030 00162.904 00162.719 00162.464 00162.410 00162.414 00162.288 00162.204 00162.066 00162.294 00161.886 00161.784 00161.660 00162.121 00161.897 00161.642 00161.397 00161.263 00161.487 00161.345 00161.195 00161.116 00161.073 00161.274 00161.542 00161.018 00161.238 00160.823 00160.669 00161.426 00161.059 00161.022 00160.670 00162.798 00162.116 00161.137 00163.947 00161.452 00164.153 00162.055 00159.803 00162.095 00159.584 00160.734 00159.910 00160.943 00161.869 00163.901 00162.411
00166.783 00165.762 00164.539 00163.545 00168.372 00166.860 00165.472 00164.037 00163.242 00162.411 00163.332 00163.181 00163.038 00162.966 00162.756 00162.627 00162.344 00162.426 00162.333 00162.208 00162.339 00162.152 00162.269 00161.932 00161.721 00162.210 00162.017 00161.789 00161.602 00161.583 00161.526 00161.463 00161.387 00161.277 00161.341 00161.235 00161.174 00161.113 00161.321 00161.360 00160.999 00162.288 00161.561 00162.617 00161.554 00162.428 00161.308 00160.174 00161.555 00160.454 00159.783 00161.284 00160.140 00161.434 00160.758 00161.123 00161.430 00162.039 00162.511 00163.334
00162.926 00166.445 00166.442 00165.378 00164.382 00163.406 00167.804 00166.247 00164.797 00163.896 00163.444 00163.342 00163.284 00163.146 00162.988 00162.802 00162.851 00162.556 00162.322 00162.317 00162.201 00162.369 00162.295 00162.145 00162.156 00162.161 00162.048 00162.180 00162.062 00161.836 00161.516 00161.905 00161.637 00161.490 00161.482 00161.422 00161.316 00161.364 00161.249 00161.269 00161.078 00161.246 00161.181 00161.103 00161.012 00160.873 00160.925 00160.651 00160.785 00161.457 00160.409 00160.907 00161.267 00161.391 00161.501 00162.001 00162.004 00162.699 00163.147 00165.210
00163.295 00163.211 00162.907 00166.886 00166.248 00165.008 00163.843 00168.504 00166.739 00165.346 00164.068 00166.065 00165.126 00163.367 00163.267 00162.989 00162.715 00163.008 00162.871 00162.618 00162.395 00162.328 00162.247 00162.420 00162.338 00162.388 00162.147 00161.912 00162.629 00162.008 00161.933 00162.213 00162.033 00161.853 00161.985 00161.781 00161.571 00161.455 00161.192 00161.530 00161.371 00161.298 00161.400 00161.259 00161.439 00161.227 00161.271 00160.900 00161.325 00161.010 00161.345 00161.766 00161.993 00161.988 00162.223 00162.360 00162.489 00163.481 00167.554 00164.913
00163.633 00163.319 00163.269 00163.252 00163.218 00166.205 00165.330 00164.003 00167.841 00167.500 00165.855 00164.448 00163.119 00165.468 00164.378 00163.477 00163.003 00162.807 00162.592 00162.471 00162.967 00162.789 00162.639 00162.507 00162.472 00162.464 00162.206 00161.980 00161.897 00162.294 00162.160 00162.451 00162.597 00162.125 00161.994 00162.037 00161.962 00162.214 00162.029 00161.890 00162.061 00161.897 00161.727 00161.747 00162.000 00161.707 00161.418 00161.805 00161.634 00161.941 00162.052 00162.523 00162.421 00162.484 00162.395 00162.953 00163.429 00165.472 00165.875 00165.437
00163.928 00162.977 00163.529 00163.526 00163.737 00163.685 00164.771 00165.586 00165.212 00164.345 00167.121 00166.104 00164.083 00167.234 00165.008 00162.946 00166.092 00164.968 00163.157 00162.985 00162.789 00162.547 00162.988 00162.875 00162.690 00162.634 00162.550 00162.444 00162.476 00162.482 00162.426 00162.344 00162.355 00162.313 00162.251 00162.322 00162.096 00161.829 00162.271 00162.158 00161.954 00162.326 00161.860 00162.486 00162.209 00161.854 00162.158 00161.821 00162.180 00162.332 00162.488 00162.517 00162.896 00163.162 00163.562 00164.314 00167.349 00164.550 00164.556 00165.857
00166.795 00165.903 00164.849 00164.323 00163.812 00163.825 00163.953 00163.888 00164.542 00164.787 00163.957 00166.426 00164.932 00163.436 00166.721 00163.901 00167.568 00165.331 00163.311 00165.613 00164.799 00163.421 00163.000 00163.307 00163.186 00163.046 00163.033 00162.928 00162.758 00162.567 00162.767 00162.647 00162.576 00162.380 00162.414 00162.470 00162.451 00162.397 00162.309 00162.434 00162.289 00162.458 00162.465 00162.325 00162.368 00162.034 00161.857 00162.272 00162.793 00162.068 00163.015 00163.056 00164.848 00167.831 00163.802 00164.572 00164.004 00165.683 00165.067 00166.955
00167.685 00166.659 00166.257 00165.412 00164.276 00164.437 00163.879 00163.779 00163.678 00164.075 00164.178 00165.302 00165.532 00164.441 00166.839 00164.639 00162.617 00167.538 00165.851 00164.231 00167.946 00166.315 00164.669 00163.343 00165.638 00164.366 00163.256 00163.112 00163.243 00163.080 00162.916 00163.170 00163.027 00162.932 00163.042 00162.919 00162.783 00163.061 00162.917 00162.984 00162.712 00162.964 00162.846 00162.912 00162.730 00162.700 00163.037 00163.315 00163.109 00165.239 00164.306 00167.098 00164.527 00165.722 00164.265 00163.675 00165.475 00167.079 00165.969 00167.942
00165.665 00164.358 00163.348 00166.625 00165.254 00163.588 00166.615 00164.174 00163.075 00163.735 00163.880 00164.095 00164.069 00164.238 00163.944 00165.610 00165.373 00164.211 00167.726 00166.357 00165.143 00163.622 00167.636 00165.973 00164.488 00167.726 00165.315 00167.276 00164.457 00166.338 00165.099 00164.201 00166.132 00164.089 00164.733 00163.385 00163.828 00163.143 00163.417 00163.683 00163.301 00163.037 00164.151 00166.163 00164.061 00166.265 00168.011 00164.543 00167.587 00165.051 00167.449 00164.783 00163.992 00164.081 00165.183 00167.461 00165.748 00168.161 00166.833 00168.890
00167.871 00166.847 00165.775 00167.658 00166.599 00165.444 00164.284 00167.179 00166.043 00164.813 00165.165 00164.317 00163.728 00163.556 00163.349 00163.268 00163.030 00164.141 00163.889 00163.353 00166.961 00166.029 00164.957 00163.802 00165.999 00163.963 00165.773 00163.069 00167.403 00165.643 00163.996 00166.449 00163.525 00165.613 00167.586 00165.163 00167.187 00164.129 00166.779 00164.856 00167.722 00165.568 00168.540 00165.264 00166.870 00163.892 00165.257 00166.470 00165.264 00163.962 00163.749 00164.227 00166.170 00167.053 00165.429 00167.608 00166.456 00168.979 00167.633 00166.594
00165.840 00168.051 00166.894 00165.766 00164.522 00167.025 00165.961 00165.078 00166.814 00165.713 00167.665 00166.843 00165.690 00164.228 00163.322 00163.901 00163.449 00163.278 00163.529 00163.758 00163.957 00163.817 00164.411 00164.139 00165.218 00164.603 00166.460 00165.892 00164.782 00167.358 00165.328 00166.996 00164.753 00166.477 00164.425 00166.159 00167.722 00166.131 00164.540 00167.178 00165.368 00163.483 00165.147 00165.311 00163.815 00164.088 00163.705 00163.536 00163.935 00166.372 00167.301 00167.726 00165.052 00166.990 00165.648 00168.187 00167.920 00169.523 00166.952 00166.705
00167.335 00166.335 00168.808 00167.437 00166.079 00165.017 00167.125 00165.950 00167.719 00166.941 00166.244 00165.534 00164.860 00166.855 00165.846 00164.696 00167.471 00166.119 00164.839 00164.243 00164.105 00164.090 00164.322 00163.907 00164.223 00163.568 00163.656 00163.631 00164.037 00164.159 00164.137 00164.086 00164.231 00164.152 00164.137 00164.300 00163.952 00163.600 00164.178 00163.767 00163.620 00163.831 00163.615 00163.894 00164.291 00164.184 00165.172 00166.460 00164.423 00164.987 00165.814 00167.004 00168.546 00167.149 00166.029 00166.704 00168.199 00166.717 00167.329 00167.777
00169.209 00167.866 00166.532 00165.160 00167.647 00166.223 00168.250 00166.714 00168.344 00166.810 00165.399 00167.331 00166.396 00165.478 00164.557 00166.140 00164.394 00166.191 00164.559 00166.557 00165.240 00166.897 00165.223 00167.103 00165.799 00164.843 00165.231 00164.542 00164.520 00164.345 00164.318 00164.353 00164.178 00164.212 00164.133 00164.177 00164.224 00164.201 00164.723 00164.320 00166.022 00167.618 00165.564 00166.948 00165.169 00166.214 00167.370 00165.599 00166.891 00168.138 00169.114 00166.240 00166.866 00168.113 00169.111 00166.789 00166.702 00166.839 00167.833 00168.640
