data/trial5/ashley.toa
NCOLS 382
NROWS 266
XLLCORNER 157819.328125
YLLCORNER 384678.625000
CELLSIZE 30.000000
NODATA_VALUE -1
[rows 208 to 233 of 266, columns 300 to 359 of 382]
00013.410 00013.517 00013.623 00013.728 00013.833 00013.938 00014.031 00014.083 00014.128 00014.170 00014.211 00014.255 00014.300 00014.344 00014.388 00014.432 00014.476 00014.519 00014.562 00014.606 00014.650 00014.694 00014.739 00014.783 00014.828 00014.873 00014.918 00014.962 00015.008 00015.061 00015.115 00015.170 00015.225 00015.280 00015.336 00015.396 00015.454 00015.512 00015.569 00015.628 00015.689 00015.751 00015.813 00015.876 00015.938 00015.998 00016.093 00016.194 00016.290 00016.383 00016.473 00016.586 00016.692 00016.796 00016.900 00017.002 00017.061 00017.113 00017.164 00017.216
00013.546 00013.646 00013.746 00013.844 00013.945 00014.034 00014.087 00014.134 00014.179 00014.224 00014.268 00014.313 00014.357 00014.400 00014.444 00014.487 00014.531 00014.575 00014.619 00014.663 00014.708 00014.753 00014.797 00014.842 00014.888 00014.933 00014.978 00015.028 00015.081 00015.134 00015.188 00015.242 00015.297 00015.351 00015.406 00015.463 00015.520 00015.578 00015.636 00015.693 00015.751 00015.808 00015.868 00015.934 00015.996 00016.084 00016.174 00016.262 00016.357 00016.458 00016.560 00016.664 00016.773 00016.880 00016.986 00017.057 00017.107 00017.163 00017.222 00017.298
00013.686 00013.786 00013.885 00013.982 00014.054 00014.104 00014.150 00014.195 00014.239 00014.283 00014.327 00014.372 00014.416 00014.461 00014.505 00014.549 00014.593 00014.637 00014.682 00014.727 00014.772 00014.816 00014.861 00014.905 00014.951 00014.996 00015.049 00015.102 00015.155 00015.208 00015.262 00015.316 00015.370 00015.424 00015.479 00015.534 00015.591 00015.648 00015.705 00015.762 00015.820 00015.880 00015.939 00015.999 00016.085 00016.173 00016.263 00016.356 00016.451 00016.549 00016.649 00016.753 00016.861 00016.978 00017.059 00017.115 00017.169 00017.227 00017.325 00017.494
00013.839 00013.932 00014.021 00014.078 00014.125 00014.170 00014.214 00014.258 00014.302 00014.346 00014.391 00014.435 00014.480 00014.525 00014.569 00014.614 00014.658 00014.703 00014.748 00014.793 00014.838 00014.883 00014.927 00014.972 00015.021 00015.074 00015.127 00015.180 00015.233 00015.286 00015.340 00015.394 00015.448 00015.502 00015.557 00015.612 00015.667 00015.724 00015.780 00015.837 00015.894 00015.951 00016.011 00016.095 00016.182 00016.272 00016.365 00016.461 00016.562 00016.665 00016.775 00016.890 00017.006 00017.073 00017.126 00017.177 00017.225 00017.269 00017.407 00017.543
00013.997 00014.063 00014.112 00014.157 00014.200 00014.244 00014.288 00014.332 00014.376 00014.420 00014.463 00014.508 00014.552 00014.597 00014.641 00014.686 00014.731 00014.776 00014.821 00014.865 00014.909 00014.954 00014.998 00015.049 00015.101 00015.153 00015.205 00015.256 00015.309 00015.363 00015.417 00015.471 00015.526 00015.580 00015.635 00015.689 00015.745 00015.801 00015.857 00015.913 00015.969 00016.035 00016.117 00016.204 00016.294 00016.388 00016.488 00016.596 00016.712 00016.826 00016.944 00017.040 00017.095 00017.141 00017.184 00017.227 00017.269 00017.338 00017.394 00017.474
00014.092 00014.139 00014.183 00014.228 00014.272 00014.316 00014.360 00014.404 00014.448 00014.492 00014.537 00014.581 00014.626 00014.671 00014.717 00014.763 00014.808 00014.853 00014.897 00014.941 00014.985 00015.034 00015.085 00015.136 00015.188 00015.239 00015.291 00015.344 00015.397 00015.450 00015.504 00015.557 00015.611 00015.664 00015.718 00015.772 00015.826 00015.880 00015.934 00015.988 00016.058 00016.138 00016.223 00016.310 00016.401 00016.499 00016.627 00016.798 00016.915 00017.022 00017.083 00017.133 00017.176 00017.215 00017.253 00017.289 00017.327 00017.370 00017.420 00017.470
00014.180 00014.221 00014.263 00014.304 00014.346 00014.387 00014.430 00014.475 00014.519 00014.564 00014.609 00014.654 00014.699 00014.745 00014.791 00014.836 00014.881 00014.926 00014.972 00015.019 00015.070 00015.121 00015.173 00015.225 00015.276 00015.328 00015.379 00015.432 00015.484 00015.538 00015.591 00015.645 00015.700 00015.754 00015.808 00015.862 00015.916 00015.970 00016.032 00016.106 00016.181 00016.259 00016.340 00016.434 00016.533 00016.761 00017.029 00017.114 00017.138 00017.165 00017.193 00017.221 00017.248 00017.285 00017.321 00017.358 00017.393 00017.430 00017.471 00017.511
00014.271 00014.311 00014.352 00014.393 00014.435 00014.478 00014.519 00014.561 00014.604 00014.647 00014.689 00014.732 00014.775 00014.819 00014.863 00014.909 00014.955 00015.000 00015.052 00015.104 00015.156 00015.208 00015.260 00015.312 00015.364 00015.416 00015.469 00015.522 00015.575 00015.627 00015.679 00015.732 00015.785 00015.839 00015.895 00015.949 00016.004 00016.079 00016.156 00016.234 00016.311 00016.393 00016.490 00016.698 00016.977 00017.152 00017.244 00017.301 00017.332 00017.314 00017.306 00017.330 00017.354 00017.380 00017.408 00017.436 00017.465 00017.495 00017.529 00017.566
00014.364 00014.404 00014.444 00014.484 00014.525 00014.567 00014.609 00014.652 00014.694 00014.737 00014.780 00014.823 00014.865 00014.908 00014.951 00014.995 00015.044 00015.093 00015.143 00015.193 00015.243 00015.294 00015.347 00015.399 00015.451 00015.504 00015.557 00015.611 00015.664 00015.718 00015.772 00015.826 00015.880 00015.935 00015.990 00016.057 00016.128 00016.203 00016.283 00016.367 00016.455 00016.679 00016.958 00017.136 00017.259 00017.368 00017.455 00017.489 00017.488 00017.474 00017.457 00017.444 00017.466 00017.487 00017.509 00017.533 00017.562 00017.591 00017.621 00017.653
00014.454 00014.495 00014.536 00014.578 00014.619 00014.661 00014.702 00014.742 00014.783 00014.826 00014.869 00014.912 00014.955 00014.998 00015.046 00015.095 00015.144 00015.192 00015.242 00015.292 00015.342 00015.392 00015.441 00015.491 00015.542 00015.593 00015.647 00015.701 00015.755 00015.809 00015.863 00015.918 00015.972 00016.038 00016.116 00016.194 00016.269 00016.357 00016.446 00016.576 00016.886 00017.110 00017.243 00017.366 00017.479 00017.573 00017.605 00017.622 00017.634 00017.629 00017.613 00017.599 00017.585 00017.603 00017.624 00017.644 00017.665 00017.686 00017.715 00017.745
00014.556 00014.593 00014.631 00014.672 00014.714 00014.755 00014.797 00014.839 00014.881 00014.922 00014.963 00015.004 00015.051 00015.099 00015.149 00015.199 00015.248 00015.297 00015.346 00015.394 00015.443 00015.491 00015.541 00015.591 00015.642 00015.694 00015.746 00015.798 00015.851 00015.903 00015.956 00016.013 00016.088 00016.165 00016.267 00016.360 00016.477 00016.770 00016.869 00017.006 00017.173 00017.308 00017.428 00017.499 00017.575 00017.639 00017.675 00017.695 00017.741 00017.781 00017.770 00017.756 00017.742 00017.729 00017.743 00017.761 00017.780 00017.800 00017.822 00017.844
00014.664 00014.701 00014.738 00014.775 00014.812 00014.851 00014.893 00014.935 00014.977 00015.021 00015.068 00015.115 00015.162 00015.210 00015.258 00015.307 00015.356 00015.404 00015.452 00015.500 00015.547 00015.596 00015.645 00015.694 00015.744 00015.795 00015.847 00015.899 00015.951 00016.004 00016.075 00016.147 00016.236 00016.477 00016.676 00016.796 00016.959 00017.155 00017.294 00017.385 00017.430 00017.461 00017.502 00017.550 00017.592 00017.626 00017.702 00017.740 00017.780 00017.817 00017.854 00017.891 00017.899 00017.886 00017.877 00017.884 00017.902 00017.919 00017.937 00017.958
00014.776 00014.812 00014.847 00014.885 00014.922 00014.959 00014.997 00015.039 00015.084 00015.132 00015.179 00015.225 00015.273 00015.320 00015.368 00015.417 00015.467 00015.517 00015.566 00015.613 00015.661 00015.708 00015.755 00015.803 00015.853 00015.904 00015.974 00016.020 00016.078 00016.148 00016.227 00016.324 00016.466 00016.832 00017.114 00017.274 00017.393 00017.405 00017.495 00017.615 00017.671 00017.657 00017.644 00017.673 00017.703 00017.733 00017.767 00017.805 00017.842 00017.878 00017.913 00017.950 00017.987 00018.034 00018.039 00018.029 00018.035 00018.056 00018.077 00018.099
00014.894 00014.929 00014.964 00014.998 00015.035 00015.077 00015.118 00015.161 00015.205 00015.249 00015.294 00015.340 00015.387 00015.434 00015.482 00015.532 00015.583 00015.634 00015.683 00015.732 00015.780 00015.828 00015.874 00015.928 00016.158 -0001.000 00016.208 00016.236 -0001.000 -0001.000 -0001.000 00017.428 00017.223 00017.119 00017.277 00017.427 00017.574 00017.714 00017.802 00017.741 00017.764 00017.803 00017.819 00017.783 00017.811 00017.838 00017.865 00017.895 00017.925 00017.955 00017.986 00018.023 00018.071 00018.126 00018.186 00018.231 00018.212 00018.218 00018.239 00018.259
00015.014 00015.057 00015.093 00015.130 00015.167 00015.203 00015.241 00015.283 00015.325 00015.368 00015.413 00015.459 00015.506 00015.553 00015.601 00015.650 00015.701 00015.753 00015.807 00015.861 00015.911 00015.956 00016.006 00016.072 -0001.000 -0001.000 -0001.000 -0001.000 -0001.000 -0001.000 -0001.000 -0001.000 -0001.000 00017.732 00017.624 00017.590 00017.747 -0001.000 00018.035 00017.968 00017.906 00017.901 00017.939 00017.974 00017.930 00017.949 00017.974 00017.998 00018.029 00018.068 00018.109 00018.151 00018.194 00018.238 00018.282 00018.327 00018.377 00018.397 00018.404 00018.423
00015.136 00015.182 00015.228 00015.268 00015.303 00015.338 00015.374 00015.409 00015.450 00015.492 00015.534 00015.578 00015.626 00015.674 00015.722 00015.771 00015.824 00015.878 00015.934 00015.992 00016.062 00016.138 00016.223 00016.368 -0001.000 -0001.000 -0001.000 -0001.000 -0001.000 -0001.000 -0001.000 -0001.000 -0001.000 -0001.000 -0001.000 -0001.000 -0001.000 -0001.000 -0001.000 -0001.000 -0001.000 -0001.000 00018.246 00018.176 00018.159 00018.095 00018.116 00018.145 00018.175 00018.207 00018.239 00018.280 00018.322 00018.364 00018.408 00018.454 00018.500 00018.553 00018.587 00018.592
00015.268 00015.309 00015.354 00015.399 00015.443 00015.477 00015.513 00015.548 00015.584 00015.622 00015.665 00015.707 00015.749 00015.794 00015.843 00015.894 00015.945 00015.997 00016.068 00016.147 00016.231 00016.321 00016.416 -0001.000 -0001.000 -0001.000 -0001.000 -0001.000 -0001.000 -0001.000 -0001.000 -0001.000 -0001.000 -0001.000 -0001.000 -0001.000 -0001.000 -0001.000 -0001.000 -0001.000 -0001.000 -0001.000 -0001.000 -0001.000 00018.391 00018.322 00018.275 00018.302 00018.329 00018.355 00018.388 00018.421 00018.454 00018.496 00018.539 00018.581 00018.625 00018.672 00018.720 00018.768
00015.409 00015.449 00015.488 00015.530 00015.574 00015.618 00015.661 00015.690 00015.726 00015.763 00015.798 00015.838 00015.880 00015.923 00015.967 00016.016 00016.083 00016.152 00016.223 00016.295 00016.370 00016.455 00016.573 -0001.000 -0001.000 -0001.000 -0001.000 -0001.000 -0001.000 -0001.000 -0001.000 -0001.000 -0001.000 -0001.000 -0001.000 -0001.000 -0001.000 -0001.000 -0001.000 -0001.000 -0001.000 -0001.000 -0001.000 -0001.000 -0001.000 00018.752 00018.493 00018.466 00018.493 00018.518 00018.543 00018.572 00018.605 00018.639 00018.675 00018.717 00018.760 00018.802 00018.844 00018.894
00015.550 00015.591 00015.631 00015.670 00015.711 00015.754 00015.797 00015.839 00015.872 00015.908 00015.943 00015.977 00016.013 00016.068 00016.123 00016.181 00016.240 00016.303 00016.375 00016.447 00016.521 00016.613 -0001.000 -0001.000 -0001.000 -0001.000 -0001.000 -0001.000 -0001.000 -0001.000 -0001.000 -0001.000 -0001.000 -0001.000 -0001.000 -0001.000 -0001.000 -0001.000 -0001.000 -0001.000 -0001.000 -0001.000 -0001.000 -0001.000 -0001.000 -0001.000 00018.826 00018.680 00018.667 00018.688 00018.708 00018.733 00018.758 00018.792 00018.827 00018.863 00018.901 00018.944 00018.987 00019.058
00015.683 00015.729 00015.774 00015.815 00015.855 00015.896 00015.938 00015.981 00016.031 00016.077 00016.122 00016.164 00016.203 00016.241 00016.294 00016.349 00016.406 00016.468 00016.532 00016.600 00016.673 00016.911 -0001.000 -0001.000 -0001.000 -0001.000 -0001.000 -0001.000 -0001.000 -0001.000 -0001.000 -0001.000 -0001.000 -0001.000 -0001.000 -0001.000 -0001.000 -0001.000 -0001.000 -0001.000 -0001.000 -0001.000 -0001.000 -0001.000 -0001.000 -0001.000 -0001.000 00018.938 00018.854 00018.870 00018.886 00018.900 00018.946 -0001.000 00019.281 00019.149 00019.163 00019.179 00019.258 00019.338
00015.812 00015.862 00015.908 00015.954 00015.998 00016.052 00016.107 00016.164 00016.221 00016.277 00016.327 00016.370 00016.413 00016.449 00016.485 00016.535 00016.587 00016.637 00016.701 00016.767 00016.839 00016.940 00017.061 -0001.000 -0001.000 -0001.000 -0001.000 -0001.000 -0001.000 -0001.000 -0001.000 -0001.000 -0001.000 -0001.000 -0001.000 -0001.000 -0001.000 -0001.000 -0001.000 -0001.000 -0001.000 -0001.000 -0001.000 -0001.000 -0001.000 -0001.000 -0001.000 -0001.000 -0001.000 -0001.000 -0001.000 -0001.000 -0001.000 -0001.000 00020.001 00019.590 00019.527 00019.540 00019.564 00019.688
00015.933 00015.983 00016.044 00016.113 00016.174 00016.235 00016.293 00016.353 00016.415 00016.476 00016.532 00016.587 00016.635 00016.677 00016.710 00016.743 00016.789 00016.837 00016.882 00016.945 00017.013 00017.065 00017.138 00017.248 -0001.000 -0001.000 -0001.000 -0001.000 -0001.000 -0001.000 -0001.000 -0001.000 -0001.000 -0001.000 -0001.000 -0001.000 -0001.000 -0001.000 -0001.000 -0001.000 -0001.000 -0001.000 -0001.000 -0001.000 -0001.000 -0001.000 -0001.000 -0001.000 -0001.000 -0001.000 -0001.000 -0001.000 -0001.000 -0001.000 00020.409 00020.020 00019.934 00019.939 00019.954 00020.020
00016.067 00016.129 00016.197 00016.267 00016.339 00016.413 00016.476 00016.536 00016.601 00016.668 00016.737 00016.798 00016.859 00016.904 00016.944 00016.977 00017.007 00017.040 00017.068 00017.094 00017.122 00017.155 00017.197 00017.251 00017.326 -0001.000 -0001.000 -0001.000 -0001.000 -0001.000 -0001.000 -0001.000 -0001.000 -0001.000 -0001.000 -0001.000 -0001.000 -0001.000 -0001.000 -0001.000 -0001.000 -0001.000 -0001.000 -0001.000 -0001.000 -0001.000 -0001.000 -0001.000 -0001.000 -0001.000 -0001.000 -0001.000 -0001.000 -0001.000 00020.678 00020.370 00020.354 00020.340 00020.436 00020.769
00016.240 00016.293 00016.347 00016.418 00016.492 00016.567 00016.643 00016.719 00016.780 00016.846 00016.917 00016.990 00017.045 00017.084 00017.114 00017.137 00017.155 00017.171 00017.187 00017.210 00017.234 00017.261 00017.295 00017.335 00017.410 -0001.000 -0001.000 -0001.000 -0001.000 -0001.000 -0001.000 -0001.000 -0001.000 -0001.000 -0001.000 -0001.000 -0001.000 -0001.000 -0001.000 -0001.000 -0001.000 -0001.000 -0001.000 -0001.000 -0001.000 -0001.000 -0001.000 -0001.000 -0001.000 -0001.000 -0001.000 -0001.000 -0001.000 -0001.000 00021.351 00020.971 00020.866 00020.967 00021.220 00021.705
00016.414 00016.469 00016.525 00016.582 00016.642 00016.718 00016.794 00016.870 00016.947 00017.019 00017.067 00017.097 00017.133 00017.168 00017.204 00017.239 00017.275 00017.300 00017.315 00017.330 00017.347 00017.372 00017.399 00017.431 -0001.000 -0001.000 -0001.000 -0001.000 -0001.000 -0001.000 -0001.000 -0001.000 -0001.000 -0001.000 -0001.000 -0001.000 -0001.000 -0001.000 -0001.000 -0001.000 -0001.000 -0001.000 -0001.000 -0001.000 -0001.000 -0001.000 -0001.000 -0001.000 -0001.000 -0001.000 -0001.000 -0001.000 -0001.000 -0001.000 00032.890 00021.880 00021.547 00021.632 00032.049 00032.415
00016.593 00016.644 00016.698 00016.756 00016.816 00016.876 00016.942 00017.014 00017.062 00017.101 00017.138 00017.172 00017.206 00017.240 00017.274 00017.309 00017.343 00017.379 00017.415 00017.452 00017.475 00017.490 00017.510 00017.563 -0001.000 -0001.000 -0001.000 -0001.000 -0001.000 -0001.000 -0001.000 -0001.000 -0001.000 -0001.000 -0001.000 -0001.000 -0001.000 -0001.000 -0001.000 -0001.000 -0001.000 -0001.000 -0001.000 -0001.000 -0001.000 -0001.000 -0001.000 -0001.000 -0001.000 -0001.000 -0001.000 -0001.000 -0001.000 00034.395 00033.229 00032.893 00032.602 00032.395 00032.811 00033.056
