data/trial2/ashley.fml
NCOLS 382
NROWS 266
XLLCORNER 157819.328125
YLLCORNER 384678.625000
CELLSIZE 30.000000
NODATA_VALUE -1
[rows 102 to 135 of 266, columns 154 to 230 of 382]
-1.00 -1.00 -1.00 -1.00 01.53 01.56 01.58 01.62 01.66 02.32 02.36 02.10 02.13 02.26 02.02 02.03 02.19 02.18 02.18 02.03 01.96 01.97 02.00 02.19 02.37 02.43 02.51 02.45 02.20 02.12 01.85 01.16 00.89 01.35 01.56 01.80 01.97 02.15 02.56 02.74 02.05 02.47 02.69 03.19 03.99 04.19 03.91 03.70 03.52 03.38 03.02 03.02 02.85 02.88 02.66 02.28 02.96 03.32 03.36 03.39 02.92 03.23 03.95 03.29 03.02 03.03 02.90 03.03 03.64 03.81 03.29 02.67 01.82 00.42 00.46 00.43 -1.00
-1.00 -1.00 -1.00 -1.00 01.56 01.57 01.60 01.63 01.92 02.03 02.25 02.04 02.16 02.25 01.99 01.95 02.05 02.24 02.23 02.07 01.96 01.94 01.96 02.19 02.35 02.50 02.44 02.39 02.53 01.95 01.77 01.08 01.55 01.67 01.78 02.03 02.13 02.87 02.75 02.65 02.04 02.28 02.66 03.03 03.63 03.94 03.91 03.76 03.51 03.33 03.03 02.86 02.77 02.70 02.59 03.04 03.02 03.12 03.24 03.35 03.00 04.07 03.73 03.35 03.04 03.09 02.89 03.23 03.58 03.64 03.13 02.59 01.86 00.40 00.45 00.45 -1.00
-1.00 -1.00 -1.00 01.57 01.58 01.59 01.61 01.72 01.88 01.98 02.11 02.01 02.16 02.24 02.69 01.99 01.95 02.18 02.15 02.13 01.97 01.90 02.02 02.15 02.32 02.45 02.46 02.35 02.42 01.87 01.37 01.50 01.85 02.04 01.82 02.32 02.78 02.84 02.64 02.74 02.08 02.16 02.68 03.06 03.47 03.88 03.77 03.66 03.54 03.40 02.99 02.83 02.74 02.63 02.57 02.98 02.95 03.05 03.19 03.31 03.46 04.01 04.46 03.70 03.05 03.25 02.94 03.25 03.50 03.31 02.88 02.46 01.63 00.38 00.46 00.46 -1.00
-1.00 -1.00 01.57 01.59 01.59 01.60 01.59 01.69 01.77 01.88 01.94 01.98 02.05 02.50 02.53 02.46 01.85 01.97 02.10 02.03 02.12 01.85 01.91 01.94 02.07 02.21 02.23 02.21 02.27 01.96 00.37 01.56 02.06 02.20 02.44 02.61 02.82 02.76 02.70 02.87 02.56 02.33 02.64 03.14 03.47 03.59 03.54 03.47 03.40 03.34 03.30 02.87 02.80 02.64 03.04 03.05 02.99 03.04 03.14 03.20 03.56 04.27 04.44 04.14 03.12 03.11 03.10 02.96 03.08 02.94 02.49 01.92 01.52 00.41 00.45 -1.00 -1.00
-1.00 -1.00 01.60 01.61 01.60 01.54 01.57 01.67 01.68 01.69 01.82 01.90 02.08 02.39 02.38 02.34 01.79 01.78 01.96 02.08 02.05 01.97 01.78 01.74 01.90 02.04 02.00 01.89 01.79 01.84 00.78 01.63 02.19 02.48 02.51 02.67 02.81 02.78 02.95 02.76 02.67 02.23 02.48 02.98 03.52 04.06 04.03 03.73 03.56 03.35 03.28 03.20 02.78 02.66 02.89 02.90 02.93 03.13 03.09 03.20 03.50 03.82 04.46 04.04 03.04 02.95 03.09 02.92 02.54 02.30 02.07 01.52 00.17 00.43 00.42 -1.00 -1.00
-1.00 -1.00 01.62 01.62 01.64 01.54 01.56 01.63 01.57 01.67 01.73 01.88 01.93 01.75 01.91 02.02 01.78 01.74 01.77 01.92 01.76 01.93 01.80 01.35 01.41 01.46 01.51 01.43 01.48 01.63 01.13 01.65 02.07 02.56 02.54 02.76 02.83 02.58 02.97 02.90 02.96 02.26 02.78 02.93 03.83 04.48 04.19 04.02 03.86 03.62 03.24 03.23 02.87 02.79 02.89 02.89 02.89 02.81 02.84 02.84 02.89 03.10 03.39 03.19 02.92 02.61 02.77 02.60 02.65 02.15 01.67 01.06 00.39 00.45 -1.00 -1.00 -1.00
-1.00 01.63 01.67 01.69 01.60 01.54 01.55 01.55 01.57 01.63 01.80 01.84 01.64 01.65 01.67 01.76 01.86 01.74 01.69 01.67 01.58 02.09 01.84 01.30 01.14 01.16 01.19 01.30 01.20 00.68 01.30 01.80 02.42 02.49 02.53 02.60 02.40 02.62 03.04 03.13 03.23 02.88 02.60 03.23 03.99 04.36 04.27 04.54 04.24 03.89 03.38 03.14 03.08 02.83 02.86 02.80 02.72 02.62 02.74 02.63 02.57 02.50 02.47 02.34 02.54 02.51 02.49 02.49 02.51 02.07 01.46 00.74 00.42 00.48 -1.00 -1.00 -1.00
-1.00 01.65 01.76 01.76 01.65 01.58 01.56 01.58 01.70 01.76 01.73 01.62 01.65 01.70 01.60 01.78 01.89 01.79 01.79 01.30 01.40 01.85 01.88 01.02 01.54 01.60 01.62 01.68 01.53 01.41 01.64 02.37 02.48 02.57 02.57 02.52 02.62 02.66 02.99 03.24 03.39 03.37 02.75 03.57 04.10 04.21 04.56 05.00 04.64 04.06 03.42 03.05 03.00 03.17 03.10 02.95 02.74 02.63 02.53 02.51 02.41 02.31 02.21 02.21 02.33 02.22 02.49 02.56 02.40 02.06 01.48 00.68 00.79 00.45 00.45 -1.00 -1.00
-1.00 01.81 01.83 01.86 01.86 01.68 01.59 01.58 01.75 01.64 01.63 01.66 01.68 01.71 01.58 01.68 01.58 01.58 01.71 01.29 01.35 01.76 01.16 00.73 01.23 01.78 02.15 03.04 02.38 01.99 02.53 02.48 02.56 02.73 02.62 02.78 02.78 02.99 03.25 03.45 03.51 03.66 03.06 03.72 04.31 04.28 04.41 04.95 04.69 04.24 03.54 03.12 03.00 03.10 03.04 02.98 02.92 02.89 02.82 02.73 02.71 02.69 02.63 02.58 02.22 02.24 02.20 02.16 02.24 01.98 01.43 00.50 01.19 00.40 00.47 -1.00 -1.00
-1.00 01.93 01.94 01.89 01.95 01.72 01.65 01.74 01.79 01.67 01.71 01.70 01.85 01.59 01.53 01.49 01.37 01.33 01.38 01.32 01.29 01.52 01.12 00.85 01.24 01.35 02.41 03.14 03.28 02.79 02.80 02.63 02.59 02.64 02.83 02.78 02.91 03.22 03.56 03.61 03.65 03.71 03.75 03.42 04.33 03.96 04.09 04.46 04.40 04.18 03.59 03.09 03.12 03.02 02.96 02.90 02.85 02.78 02.73 02.71 02.74 02.74 02.73 02.66 02.64 02.27 02.19 02.11 02.02 01.91 01.35 00.95 01.23 00.41 00.46 -1.00 -1.00
-1.00 -1.00 02.00 01.97 01.92 01.98 01.74 01.74 01.82 01.73 01.79 01.83 01.92 01.91 01.70 01.66 01.54 01.45 01.27 01.30 01.27 01.26 01.20 00.58 01.56 01.72 02.12 03.07 03.38 03.18 03.10 02.67 02.47 02.73 02.89 02.90 03.00 02.74 03.06 03.56 03.72 03.68 03.58 03.24 03.61 03.77 03.75 03.95 03.89 03.79 03.64 03.15 02.87 02.88 02.89 02.86 02.82 02.78 02.73 02.75 02.80 02.82 02.80 02.73 02.68 02.59 02.60 01.99 01.98 01.88 01.00 00.23 00.83 00.45 00.46 -1.00 -1.00
-1.00 -1.00 -1.00 -1.00 01.90 02.02 02.02 01.73 01.85 01.79 01.73 01.95 02.08 02.12 02.03 01.78 01.67 01.54 01.26 01.24 01.24 01.24 01.18 00.75 01.62 01.75 02.06 03.00 03.34 03.37 02.64 02.64 02.67 02.70 02.83 02.83 02.97 02.78 03.66 03.70 03.80 03.66 03.50 03.26 03.65 03.68 03.46 03.67 03.90 04.60 03.93 03.18 03.04 03.07 03.09 03.07 03.06 03.00 02.93 04.65 02.85 03.06 03.14 02.80 02.70 02.59 02.40 01.85 01.98 01.89 00.69 00.69 00.39 00.49 -1.00 -1.00 -1.00
-1.00 -1.00 -1.00 -1.00 01.84 01.98 02.09 01.71 01.86 01.92 01.85 01.98 02.09 02.22 02.34 01.85 01.69 01.61 01.30 01.21 01.22 01.22 00.91 00.36 01.64 01.76 01.99 02.74 02.51 02.74 02.51 02.68 02.63 02.53 02.52 02.61 03.02 03.51 03.61 03.62 03.71 03.65 03.54 03.28 03.63 03.26 03.41 03.51 03.99 04.38 04.40 04.06 04.27 04.47 04.64 04.81 04.79 04.75 04.82 03.64 04.52 05.03 04.25 03.17 03.09 02.50 02.21 01.87 02.00 01.89 00.41 00.40 00.48 00.49 -1.00 -1.00 -1.00
-1.00 -1.00 -1.00 -1.00 01.87 01.95 02.06 01.91 01.75 01.93 01.99 02.02 02.16 02.29 02.25 01.80 01.72 01.65 01.53 01.20 01.36 01.19 00.91 00.55 01.65 01.76 01.94 02.30 02.32 02.18 01.90 02.37 02.65 02.36 02.52 02.61 03.19 03.41 03.12 03.37 03.32 03.46 02.92 03.09 03.02 03.30 03.46 03.54 03.69 03.86 03.94 04.24 04.86 04.69 04.86 04.93 04.90 04.49 03.96 04.46 05.08 05.60 05.55 04.49 04.25 02.37 02.27 01.76 01.28 00.32 00.40 00.50 00.51 -1.00 -1.00 -1.00 -1.00
-1.00 -1.00 -1.00 -1.00 01.96 02.05 02.14 02.03 01.74 01.79 01.98 02.10 02.00 01.97 01.80 01.80 01.74 01.68 01.63 01.43 01.46 01.17 00.90 00.57 01.63 01.75 01.92 02.00 02.19 02.16 01.61 02.18 01.71 02.00 02.42 02.54 02.23 02.35 02.43 02.47 02.60 02.58 02.66 02.83 03.07 03.32 03.38 03.58 03.79 04.16 04.52 04.86 05.46 05.99 05.10 04.92 04.98 04.78 04.36 05.07 05.52 05.27 04.89 04.43 02.62 02.27 02.30 01.16 00.32 00.40 00.51 00.51 -1.00 -1.00 -1.00 -1.00 -1.00
-1.00 -1.00 -1.00 -1.00 -1.00 -1.00 -1.00 -1.00 02.04 01.71 01.81 02.02 02.06 02.08 01.84 01.80 01.80 01.75 01.71 01.65 01.53 01.33 01.12 00.59 01.58 01.73 01.90 02.01 02.13 01.65 01.55 01.91 01.67 02.04 02.07 02.38 02.11 02.21 02.35 02.42 02.45 02.58 02.68 02.84 03.08 03.24 03.46 03.74 04.09 04.47 04.84 05.54 06.06 05.75 05.36 05.35 04.67 03.74 04.67 04.83 04.79 04.64 04.13 03.37 02.61 02.25 02.31 00.37 00.39 00.52 00.55 -1.00 -1.00 -1.00 -1.00 -1.00 -1.00
-1.00 -1.00 -1.00 -1.00 -1.00 01.64 01.73 01.78 01.74 01.79 01.70 01.55 01.93 01.87 01.71 01.78 01.81 01.76 01.77 01.66 01.57 01.50 01.31 00.66 01.52 01.70 01.87 02.01 02.07 01.41 01.53 01.59 01.76 02.01 02.03 02.10 02.14 02.22 02.32 02.44 02.51 02.59 02.67 02.84 03.09 03.31 03.62 04.00 04.50 05.24 05.85 05.90 05.54 05.26 05.05 04.88 03.79 03.63 04.18 03.72 04.17 03.28 02.93 02.49 02.21 01.65 00.37 00.37 00.44 00.57 00.55 -1.00 -1.00 -1.00 -1.00 -1.00 -1.00
-1.00 -1.00 -1.00 -1.00 01.58 01.58 01.58 01.72 01.74 01.66 01.58 01.56 01.74 01.75 01.55 01.66 01.80 01.81 01.75 01.66 01.57 01.49 01.22 00.82 01.46 01.66 01.85 02.00 02.02 01.43 01.52 01.59 01.93 02.01 02.03 02.10 02.13 02.21 02.34 02.43 02.56 02.63 02.69 02.96 03.16 03.50 03.88 04.38 05.26 06.00 05.70 05.39 04.99 04.80 04.63 04.39 03.45 03.79 04.00 03.83 02.73 02.05 02.04 02.07 00.37 00.34 00.36 00.46 00.56 00.62 -1.00 -1.00 -1.00 -1.00 -1.00 -1.00 -1.00
-1.00 -1.00 -1.00 -1.00 01.58 01.60 01.61 01.66 01.60 01.61 01.57 01.60 01.65 01.56 01.56 01.65 01.63 01.78 01.69 01.66 01.57 01.45 01.16 00.92 01.39 01.66 01.81 01.98 01.96 01.44 01.53 01.60 01.94 01.99 02.04 02.08 02.13 02.20 02.38 02.46 02.54 02.65 02.83 03.01 03.31 03.69 04.17 05.28 05.73 05.42 05.13 04.84 04.46 04.26 04.07 03.15 03.67 03.84 03.84 03.41 03.59 03.35 03.03 02.75 00.38 00.44 00.50 00.57 00.62 00.57 -1.00 -1.00 -1.00 -1.00 -1.00 -1.00 -1.00
-1.00 -1.00 -1.00 01.58 01.60 01.62 01.59 01.58 01.60 01.59 01.59 01.62 01.65 01.57 01.57 01.59 01.61 01.73 01.72 01.67 01.58 01.47 01.11 01.05 01.59 01.68 01.77 01.94 01.85 01.45 01.54 01.60 01.92 01.98 02.03 02.06 02.12 02.19 02.37 02.46 02.57 02.69 02.85 03.08 03.43 03.96 05.37 05.33 05.03 04.74 04.44 04.01 03.84 03.73 02.91 03.10 03.33 03.92 03.82 03.83 03.91 03.56 03.31 01.97 00.45 00.40 00.47 00.56 -1.00 -1.00 -1.00 -1.00 -1.00 -1.00 -1.00 -1.00 -1.00
-1.00 -1.00 -1.00 01.60 01.61 01.64 01.57 01.59 01.60 01.59 01.61 01.65 01.65 01.58 01.58 01.60 01.64 01.70 01.75 01.68 01.62 01.51 01.24 00.86 01.27 01.68 01.67 01.87 01.63 01.47 01.54 01.63 01.91 01.98 02.01 02.05 02.10 02.21 02.32 02.42 02.54 02.70 02.89 03.19 04.18 04.94 05.01 04.54 04.14 03.86 03.58 03.45 03.39 02.65 02.94 03.11 03.68 03.86 03.96 03.91 03.89 03.99 04.00 03.47 00.48 00.38 00.46 00.55 -1.00 -1.00 -1.00 -1.00 -1.00 -1.00 -1.00 -1.00 00.37
-1.00 -1.00 01.61 01.62 01.63 01.65 01.58 01.59 01.61 01.60 01.63 01.67 01.59 01.59 01.58 01.61 01.67 01.64 01.65 01.68 01.64 01.54 01.39 00.50 01.17 01.75 01.56 01.77 01.39 01.48 01.54 01.78 01.91 01.97 02.00 02.04 02.08 02.19 02.27 02.38 02.55 02.71 02.94 03.44 04.17 04.52 04.23 03.70 03.14 02.99 02.95 02.90 02.39 02.67 02.94 03.23 03.58 03.71 03.90 03.88 03.91 03.98 04.20 03.76 00.49 00.41 00.47 00.55 00.53 -1.00 -1.00 -1.00 -1.00 00.38 00.38 00.89 01.47
-1.00 -1.00 01.63 01.64 01.66 01.63 01.58 01.60 01.61 01.62 01.64 01.69 01.59 01.60 01.58 01.64 01.68 01.69 01.53 01.64 01.67 01.59 01.48 00.97 01.01 01.32 01.43 01.69 01.32 01.45 01.54 01.86 01.91 01.96 01.99 02.04 02.08 02.17 02.25 02.39 02.54 02.71 02.91 03.53 04.04 04.20 03.54 02.99 02.49 02.36 02.50 02.53 02.42 02.76 02.59 02.95 04.03 04.13 03.82 03.90 03.88 04.04 03.12 03.82 00.51 00.44 00.48 00.58 00.55 -1.00 -1.00 00.38 00.34 01.09 01.71 01.77 01.83
-1.00 -1.00 01.64 01.65 01.68 01.59 01.57 01.59 01.62 01.64 01.67 01.71 01.61 01.61 01.61 01.68 01.71 01.72 01.55 01.55 01.70 01.65 01.53 01.30 00.71 01.23 01.69 01.40 01.30 01.42 01.52 01.86 01.90 01.94 01.98 02.03 02.12 02.15 02.22 02.37 02.52 02.68 03.14 03.60 03.85 04.18 03.80 03.78 03.69 03.64 03.35 02.39 02.61 02.89 03.10 03.26 03.73 04.20 04.32 03.93 03.97 04.04 04.28 02.27 00.52 00.46 00.49 00.53 00.40 00.33 00.31 01.30 01.70 01.73 01.77 01.76 01.65
-1.00 -1.00 01.66 01.67 01.69 01.54 01.57 01.60 01.66 01.67 01.71 01.73 01.62 01.61 01.64 01.74 01.74 01.86 01.58 01.68 01.73 01.71 01.63 01.48 01.15 01.05 01.33 01.53 01.73 01.45 01.51 01.85 01.89 01.94 01.97 02.02 02.11 02.14 02.19 02.33 02.47 02.62 02.94 03.58 03.79 04.19 03.79 03.71 03.68 03.70 03.74 02.51 02.85 03.14 03.14 03.28 03.34 03.81 04.30 03.95 04.14 04.11 04.39 00.67 00.56 00.75 00.96 00.33 01.05 01.58 01.71 01.71 01.74 01.84 01.86 01.81 01.77
-1.00 -1.00 01.67 01.69 01.70 01.55 01.59 01.62 01.69 01.71 01.74 01.75 01.65 01.65 01.67 01.79 01.80 02.06 01.76 01.87 01.77 01.72 01.70 01.58 01.50 00.86 01.09 01.39 01.80 01.52 01.46 01.85 01.88 01.93 01.96 02.01 02.10 02.14 02.16 02.27 02.42 02.62 02.96 03.16 03.71 04.08 03.83 03.69 03.74 03.79 02.98 02.62 02.70 03.00 03.07 03.44 03.38 03.34 04.04 04.11 04.20 03.82 03.23 00.72 00.63 00.49 01.69 01.66 01.65 01.88 02.02 01.92 01.99 02.00 02.10 02.21 01.89
-1.00 -1.00 01.69 01.70 01.71 01.60 01.61 01.64 01.75 01.78 01.78 01.75 01.67 01.68 01.70 01.84 01.88 02.17 01.96 01.75 01.79 01.74 01.71 01.63 01.39 00.64 01.26 02.10 02.07 01.52 01.40 01.76 01.84 01.92 01.94 02.01 02.09 02.12 02.13 02.21 02.35 02.50 02.80 02.93 03.18 03.21 03.75 03.90 03.84 03.84 02.48 02.48 02.86 02.73 03.31 03.44 03.36 03.27 03.47 03.97 04.07 04.27 01.92 00.76 00.70 00.61 01.68 02.03 01.96 02.00 02.20 02.26 02.30 02.34 02.38 02.04 02.32
-1.00 -1.00 01.71 01.68 01.77 01.81 01.67 01.70 01.72 01.83 01.81 01.77 01.70 01.72 01.76 01.90 01.87 01.95 01.74 01.62 01.76 01.73 01.69 01.65 01.27 00.93 01.29 02.02 01.88 01.51 01.36 01.69 01.79 01.88 01.93 01.98 02.07 02.09 02.10 02.20 02.31 02.44 02.69 02.93 03.05 03.06 03.24 03.33 03.79 03.82 02.53 02.40 02.78 02.99 03.30 03.83 03.34 03.20 03.11 03.44 03.95 04.06 04.43 00.77 00.72 01.55 01.78 02.01 02.37 02.36 02.93 03.01 03.02 03.07 02.83 02.58 02.40
-1.00 -1.00 01.59 01.61 01.81 02.19 01.77 01.86 01.83 01.85 01.86 01.85 01.73 01.75 01.78 01.93 01.77 01.62 01.66 01.47 01.73 01.72 01.66 01.64 01.29 00.97 01.35 01.93 01.83 01.34 01.32 01.64 01.74 01.83 01.88 01.95 02.04 02.07 02.08 02.15 02.24 02.47 02.61 02.79 02.94 03.13 03.54 03.27 03.77 02.38 02.28 02.58 02.78 02.96 03.44 03.54 03.29 03.16 03.13 03.16 03.18 03.94 04.32 00.73 00.70 02.31 02.22 02.43 02.61 02.77 02.75 03.32 03.54 03.40 03.15 02.89 02.77
-1.00 01.59 01.57 01.64 01.64 01.77 02.30 02.33 02.10 01.79 01.91 01.90 01.75 01.68 01.76 01.61 01.66 01.65 01.62 01.68 01.61 01.71 01.66 01.64 01.33 00.94 01.34 01.85 01.59 01.22 01.30 01.52 01.70 01.76 01.84 01.91 02.01 02.05 02.06 02.10 02.18 02.41 02.54 02.72 02.90 03.45 04.06 03.22 03.14 02.31 02.43 02.48 02.71 02.94 03.35 03.28 03.25 03.08 03.15 03.16 03.07 03.81 04.19 00.70 00.63 01.77 02.32 02.53 02.57 02.82 03.12 03.52 03.62 04.23 03.86 02.91 02.59
-1.00 01.58 01.60 01.61 01.71 01.90 02.05 02.13 02.21 01.76 01.79 01.97 01.95 01.68 01.68 01.67 01.64 01.65 01.56 01.54 01.49 01.69 01.66 01.64 01.37 00.85 01.34 01.80 01.44 01.30 01.27 01.35 01.66 01.71 01.80 01.87 01.98 02.01 02.03 02.06 02.12 02.35 02.48 02.67 02.90 03.71 03.88 03.46 03.09 02.43 02.68 02.38 02.65 02.89 03.26 03.58 03.86 03.65 03.22 02.96 02.88 03.64 03.89 00.67 00.53 00.41 02.24 02.36 02.58 02.84 03.23 03.56 04.08 04.34 04.19 03.61 03.15
01.58 01.61 01.61 01.62 01.68 01.85 01.99 02.07 02.21 02.27 01.78 01.88 01.78 01.73 01.73 01.66 01.65 01.64 01.63 01.66 01.64 01.68 01.66 01.66 01.43 00.71 01.31 01.74 01.33 01.43 01.24 01.32 01.62 01.69 01.76 01.83 01.95 01.97 02.02 02.01 02.05 02.29 02.46 02.62 02.77 03.60 03.69 03.31 03.06 02.62 03.44 02.27 02.54 02.86 03.27 03.61 03.94 04.40 03.36 02.68 02.68 03.49 03.62 00.63 00.48 00.43 01.31 02.31 02.56 02.92 03.30 03.62 04.14 04.21 04.17 03.97 03.21
01.62 01.64 01.65 01.62 01.66 01.76 01.72 01.84 02.00 01.83 01.81 01.80 01.77 01.75 01.67 01.67 01.67 01.49 01.66 01.87 01.85 01.83 01.64 01.68 01.49 00.52 01.26 01.33 01.36 01.39 01.18 01.28 01.57 01.64 01.73 01.78 01.92 01.93 01.97 01.98 02.04 02.23 02.38 02.53 02.94 03.33 03.21 03.00 02.91 03.11 03.80 02.14 02.46 02.94 03.32 03.72 04.25 03.88 02.56 02.57 03.31 03.43 02.41 00.60 00.47 00.43 00.30 01.62 02.59 03.00 03.57 03.81 04.03 04.34 04.58 03.39 03.36
01.66 01.68 01.61 01.59 01.65 01.73 01.63 01.68 01.74 01.78 01.77 01.70 01.73 01.69 01.69 01.66 01.49 01.46 01.70 01.77 01.78 01.77 01.82 01.60 01.52 00.73 01.28 01.46 01.29 01.28 01.21 01.22 01.32 01.58 01.66 01.72 01.85 01.89 01.90 01.97 02.03 02.28 02.29 02.43 03.10 02.95 03.00 03.04 03.02 03.19 03.42 03.43 02.33 02.93 03.48 03.97 04.51 02.54 02.52 02.63 03.31 03.56 02.92 00.60 00.46 00.42 00.28 01.14 02.60 03.14 03.54 03.88 04.03 04.23 04.57 03.43 03.53
