data/trial2/ashley.hpa
NCOLS 382
NROWS 266
XLLCORNER 157819.328125
YLLCORNER 384678.625000
CELLSIZE 30.000000
NODATA_VALUE -1
[rows 182 to 207 of 266, columns 240 to 299 of 382]
00096.981 00097.063 00097.148 00097.204 00097.430 00097.674 00097.960 00098.203 00098.455 00098.736 00098.972 00099.247 00099.442 00099.828 00100.167 00100.546 00100.870 00100.691 00100.556 00100.441 00100.320 00100.303 00099.903 00100.117 00100.409 00099.585 00099.252 00099.018 00098.709 00098.611 00098.586 00098.335 00098.189 00098.067 00098.032 00097.913 00097.676 00097.641 00097.696 00097.905 00097.915 00097.916 00097.693 00096.946 00096.533 00096.486 00097.372 00097.907 00098.130 00110.814 00331.336 00506.820 00173.883 00103.235 00101.392 00101.117 00098.916 00098.953 00496.632 00492.473
00097.315 00097.480 00097.665 00097.880 00098.096 00098.362 00098.627 00098.903 00099.217 00099.411 00099.587 00099.906 00100.184 00100.509 00100.856 00100.709 00100.585 00100.457 00100.338 00100.217 00100.024 00099.826 00099.726 00099.564 00099.382 00099.182 00099.018 00098.846 00098.652 00098.587 00098.494 00098.270 00098.075 00097.966 00097.872 00097.776 00097.556 00097.332 00097.467 00097.621 00097.582 00097.539 00097.409 00097.037 00096.565 00096.608 00096.752 00097.298 00099.907 00234.268 00238.258 00158.924 00102.896 00102.506 00101.895 00099.964 00100.078 00125.099 00494.951 00490.497
00098.095 00098.255 00098.408 00098.606 00098.838 00099.039 00099.298 00099.612 00099.927 00100.317 00100.472 00100.713 00100.762 00100.662 00100.548 00100.437 00100.302 00100.145 00100.042 00099.930 00099.800 00099.566 00099.440 00099.320 00099.145 00099.013 00098.828 00098.694 00098.538 00098.557 00098.419 00098.030 00097.859 00097.852 00097.726 00097.602 00097.432 00097.297 00097.142 00097.274 00097.411 00097.099 00096.853 00096.778 00096.552 00096.500 00096.589 00096.679 00096.692 00099.205 00101.117 00102.634 00102.163 00101.556 00101.085 00100.708 00098.438 00264.658 00219.793 00490.235
00098.903 00099.048 00099.185 00099.331 00099.554 00099.809 00100.078 00100.374 00100.636 00100.817 00100.617 00100.482 00100.376 00100.275 00100.196 00100.112 00099.939 00099.818 00099.775 00099.646 00099.473 00099.316 00099.200 00099.069 00098.960 00098.819 00098.629 00098.423 00098.458 00098.418 00098.069 00097.900 00097.777 00097.659 00097.487 00097.370 00097.230 00097.063 00096.962 00096.893 00097.099 00096.939 00096.673 00096.555 00096.489 00096.393 00096.350 00096.644 00097.606 00098.069 00099.579 00099.186 00100.894 00100.345 00100.040 00099.574 00097.237 00096.933 00096.256 00262.723
00099.754 00099.863 00099.985 00100.145 00100.332 00100.534 00100.727 00100.629 00100.599 00100.452 00100.343 00100.255 00100.171 00100.048 00099.864 00099.794 00099.702 00099.604 00099.502 00099.346 00099.213 00098.996 00099.002 00098.773 00098.709 00098.634 00098.491 00098.326 00098.213 00098.221 00097.989 00097.759 00097.529 00097.388 00097.285 00097.179 00097.008 00096.898 00096.799 00096.748 00096.818 00096.774 00096.544 00096.497 00096.253 00096.075 00096.154 00096.247 00096.265 00095.890 00095.589 00096.189 00097.928 00098.736 00099.878 00100.179 00099.286 00099.078 00106.894 00093.422
00100.201 00100.691 00100.527 00100.553 00100.475 00100.402 00100.405 00100.335 00100.250 00100.147 00100.061 00099.914 00099.763 00099.666 00099.576 00099.435 00099.369 00099.211 00099.099 00099.098 00099.038 00098.847 00098.680 00098.491 00098.398 00098.409 00098.329 00098.242 00098.112 00097.873 00097.627 00097.402 00097.268 00097.147 00097.074 00096.983 00096.797 00096.685 00096.666 00096.760 00096.649 00096.504 00096.393 00096.309 00096.122 00095.849 00096.042 00095.778 00095.353 00094.918 00095.046 00095.863 00095.085 00096.389 00098.302 00098.561 00097.741 00096.634 00094.790 00091.923
00099.057 00098.978 00098.996 00099.508 00099.973 00099.992 00099.930 00099.877 00099.794 00099.690 00099.667 00099.571 00099.469 00099.387 00099.285 00099.161 00099.042 00098.918 00098.929 00098.874 00098.637 00098.539 00098.458 00098.376 00098.299 00098.192 00098.108 00097.839 00097.727 00097.615 00097.367 00097.247 00097.006 00096.958 00096.851 00096.794 00096.606 00096.619 00096.595 00096.500 00096.408 00096.499 00096.303 00096.074 00095.940 00095.795 00095.456 00095.072 00094.662 00094.202 00093.884 00093.547 00093.271 00093.964 00095.041 00095.722 00096.437 00095.577 00094.391 00091.916
00098.683 00098.639 00098.590 00098.540 00098.987 00099.451 00099.616 00099.503 00099.441 00099.391 00099.314 00099.239 00099.147 00099.052 00098.960 00098.758 00098.683 00098.635 00098.592 00098.506 00098.412 00098.300 00098.058 00097.995 00097.972 00097.932 00097.738 00097.536 00097.404 00097.435 00097.074 00096.883 00096.706 00096.738 00096.657 00096.577 00096.424 00096.464 00096.401 00096.301 00096.225 00096.300 00096.173 00095.540 00095.275 00094.951 00094.730 00094.363 00093.992 00093.638 00093.371 00093.164 00092.887 00092.583 00092.778 00093.756 00094.180 00094.256 00093.407 00092.212
00098.308 00098.310 00098.263 00098.220 00098.177 00098.428 00098.777 00099.114 00099.103 00099.028 00098.980 00098.910 00098.858 00098.805 00098.647 00098.476 00098.474 00098.359 00098.279 00098.297 00098.125 00098.016 00097.840 00097.727 00097.726 00097.561 00097.265 00097.202 00097.459 00097.251 00097.045 00096.335 00096.279 00096.472 00096.613 00096.322 00096.243 00096.151 00096.258 00096.276 00096.250 00096.029 00095.401 00094.748 00094.555 00094.290 00094.070 00093.621 00093.350 00093.185 00092.947 00092.625 00092.371 00092.518 00092.521 00092.472 00092.777 00094.212 00094.198 00092.105
00097.946 00097.953 00097.945 00097.901 00097.857 00097.818 00098.406 00098.849 00098.782 00098.717 00098.664 00098.641 00098.595 00098.499 00098.403 00098.375 00098.321 00098.242 00098.168 00098.060 00097.902 00097.611 00097.549 00097.431 00097.300 00097.134 00097.241 00097.169 00097.124 00096.955 00096.555 00096.404 00096.242 00096.410 00096.421 00096.207 00096.049 00096.138 00096.238 00096.171 00095.751 00095.260 00094.685 00094.307 00094.037 00093.767 00093.457 00093.092 00092.801 00092.666 00092.430 00092.244 00092.037 00091.880 00092.224 00092.178 00092.411 00093.861 00094.467 00093.370
00097.577 00097.594 00097.600 00097.582 00097.538 00097.673 00098.156 00098.550 00098.486 00098.439 00098.365 00098.279 00098.190 00098.098 00098.022 00097.997 00097.930 00097.790 00097.666 00097.614 00097.404 00097.151 00097.067 00097.019 00096.872 00096.836 00096.835 00096.770 00096.692 00096.619 00096.365 00096.317 00096.137 00096.141 00096.074 00096.076 00096.146 00096.134 00095.741 00095.347 00094.903 00094.458 00094.072 00093.731 00093.426 00093.195 00092.888 00092.617 00092.378 00092.321 00092.109 00091.949 00091.910 00091.780 00091.662 00091.605 00092.654 00094.513 00095.103 00093.121
00097.250 00097.277 00097.285 00097.289 00097.264 00097.296 00097.664 00097.799 00097.829 00097.872 00097.939 00097.939 00097.952 00097.867 00097.673 00097.523 00097.485 00097.496 00097.497 00097.429 00097.291 00096.993 00096.770 00096.745 00096.725 00096.749 00096.627 00096.556 00096.558 00096.570 00096.444 00096.111 00096.051 00095.997 00095.987 00095.813 00095.454 00095.159 00094.851 00094.567 00094.232 00093.761 00093.499 00093.206 00093.000 00092.707 00092.490 00092.293 00092.244 00091.949 00091.856 00091.789 00091.724 00091.699 00091.600 00092.107 00092.214 00092.414 00092.847 00092.216
00096.920 00096.953 00096.976 00096.980 00096.984 00097.188 00097.485 00097.683 00097.675 00097.690 00097.658 00097.679 00097.401 00097.226 00097.190 00097.186 00097.208 00097.100 00097.051 00096.825 00096.748 00096.640 00096.655 00096.669 00096.694 00096.661 00096.558 00096.502 00096.393 00096.279 00095.964 00095.731 00095.835 00095.697 00095.460 00095.071 00094.613 00094.241 00094.011 00093.801 00093.437 00093.050 00092.875 00092.768 00092.461 00092.238 00092.133 00091.925 00091.840 00091.754 00091.718 00091.723 00091.626 00091.539 00091.444 00091.412 00091.892 00091.614 00091.159 00090.862
00096.551 00096.586 00096.616 00096.622 00096.625 00096.691 00097.006 00097.334 00097.533 00097.489 00097.347 00097.141 00097.040 00096.886 00096.725 00096.697 00096.725 00096.771 00096.789 00096.648 00096.562 00096.581 00096.645 00096.590 00096.504 00096.412 00096.343 00096.267 00096.175 00096.077 00095.480 00095.240 00095.079 00094.866 00094.530 00094.091 00093.991 00093.805 00093.539 00093.286 00093.050 00092.681 00092.475 00092.380 00092.187 00091.891 00091.848 00091.745 00091.680 00091.661 00091.601 00091.568 00091.522 00091.457 00091.371 00091.296 00091.238 00091.074 00090.769 00090.320
00096.198 00096.263 00096.292 00096.302 00096.303 00096.305 00096.481 00096.940 00097.185 00097.120 00096.804 00096.335 00096.024 00096.163 00096.317 00096.417 00096.491 00096.458 00096.428 00096.432 00096.362 00096.262 00096.251 00096.282 00096.250 00096.161 00096.096 00095.820 00095.493 00095.199 00094.683 00094.282 00094.083 00093.827 00093.630 00093.462 00093.140 00092.968 00092.816 00092.693 00092.392 00092.338 00092.230 00091.987 00091.868 00091.643 00091.593 00091.584 00091.548 00091.541 00091.514 00091.462 00091.403 00091.299 00091.135 00091.034 00090.942 00090.780 00090.510 00090.296
00095.902 00095.950 00095.971 00095.994 00095.997 00096.204 00096.656 00096.820 00096.915 00096.892 00096.601 00096.132 00095.874 00095.685 00095.697 00095.948 00096.120 00096.197 00096.202 00096.219 00096.210 00096.144 00096.099 00095.988 00095.733 00095.480 00095.182 00094.634 00094.466 00094.131 00093.967 00093.880 00093.461 00093.085 00092.970 00092.775 00092.670 00092.554 00092.379 00092.174 00092.118 00091.894 00091.803 00091.601 00091.532 00091.512 00091.478 00091.454 00091.397 00091.402 00091.361 00091.288 00091.137 00091.013 00090.850 00090.740 00090.661 00090.548 00090.317 00090.144
00095.583 00095.624 00095.646 00095.674 00095.950 00096.419 00096.503 00096.544 00096.560 00096.510 00096.335 00095.997 00095.421 00095.250 00095.252 00095.643 00095.867 00095.899 00095.978 00095.755 00095.563 00095.378 00095.175 00094.940 00094.648 00094.307 00094.096 00093.904 00093.769 00093.567 00093.298 00093.036 00092.820 00092.749 00092.431 00092.203 00092.131 00092.064 00091.809 00091.738 00091.750 00091.664 00091.477 00091.389 00091.343 00091.359 00091.327 00091.281 00091.241 00091.219 00091.157 00091.052 00090.899 00090.730 00090.599 00090.562 00090.477 00090.417 00090.280 00090.007
00095.266 00095.325 00095.368 00095.386 00095.467 00095.997 00096.314 00096.313 00096.061 00095.594 00095.310 00095.195 00095.028 00094.827 00094.938 00095.417 00095.654 00095.384 00095.084 00094.802 00094.499 00094.336 00094.211 00094.001 00093.744 00093.478 00093.302 00093.100 00092.976 00092.882 00092.683 00092.479 00092.342 00092.136 00092.054 00091.834 00091.739 00091.571 00091.643 00091.550 00091.514 00091.403 00091.224 00091.199 00091.216 00091.182 00091.155 00091.114 00091.070 00091.015 00090.926 00090.801 00090.658 00090.499 00090.400 00090.431 00090.377 00090.263 00090.241 00090.014
00094.479 00094.656 00094.830 00094.920 00095.016 00095.400 00095.892 00095.952 00095.951 00095.419 00094.853 00094.589 00094.456 00094.217 00093.940 00094.034 00094.327 00094.507 00094.298 00094.052 00093.792 00093.517 00093.369 00093.245 00093.120 00092.991 00092.761 00092.626 00092.538 00092.369 00092.152 00092.071 00091.830 00091.713 00091.625 00091.546 00091.511 00091.469 00091.459 00091.414 00091.279 00091.223 00091.188 00091.130 00091.071 00091.019 00090.968 00090.920 00090.852 00090.855 00090.782 00090.679 00090.483 00090.313 00090.176 00090.192 00090.200 00090.226 00090.177 00089.943
00093.391 00093.674 00094.026 00094.286 00094.533 00094.693 00094.711 00094.686 00094.606 00094.435 00094.057 00093.701 00093.461 00093.250 00093.314 00093.378 00093.463 00093.501 00093.516 00093.337 00093.151 00092.942 00092.763 00092.625 00092.510 00092.329 00092.173 00092.149 00092.089 00091.911 00091.805 00091.616 00091.495 00091.434 00091.396 00091.325 00091.279 00091.271 00091.313 00091.257 00091.160 00091.076 00090.975 00090.816 00090.856 00090.870 00090.849 00090.816 00090.805 00090.743 00090.615 00090.474 00090.276 00090.069 00090.070 00090.138 00090.179 00090.136 00089.997 00089.817
00092.488 00092.760 00093.100 00093.338 00093.565 00093.790 00093.783 00093.776 00093.663 00093.550 00093.321 00093.063 00092.844 00092.704 00092.564 00092.604 00092.669 00092.752 00092.905 00092.777 00092.640 00092.433 00092.277 00092.176 00091.895 00091.738 00091.658 00091.602 00091.541 00091.591 00091.504 00091.465 00091.325 00091.234 00091.165 00091.153 00091.171 00091.135 00091.050 00090.883 00090.841 00090.882 00090.748 00090.690 00090.693 00090.718 00090.687 00090.651 00090.587 00090.433 00090.350 00090.212 00090.126 00090.045 00090.006 00090.057 00090.021 00089.950 00089.606 00089.292
00091.943 00092.126 00092.300 00092.509 00092.730 00092.971 00093.016 00092.964 00092.852 00092.683 00092.523 00092.395 00092.281 00092.215 00092.265 00092.402 00092.424 00092.452 00092.365 00092.311 00092.236 00091.981 00091.839 00091.741 00091.597 00091.548 00091.485 00091.372 00091.311 00091.364 00091.259 00091.170 00091.147 00091.128 00091.117 00091.014 00090.913 00090.828 00090.768 00090.777 00090.758 00090.699 00090.650 00090.597 00090.589 00090.540 00090.464 00090.368 00090.315 00090.250 00090.140 00089.982 00089.985 00089.950 00089.927 00089.877 00089.771 00089.545 00089.221 00088.827
00091.464 00091.608 00091.836 00091.981 00092.152 00092.280 00092.363 00092.318 00092.271 00092.157 00092.044 00091.938 00091.838 00091.741 00091.805 00091.875 00091.945 00091.875 00091.811 00091.756 00091.708 00091.690 00091.600 00091.522 00091.448 00091.375 00091.273 00091.255 00091.229 00091.147 00091.103 00090.976 00090.918 00090.829 00090.781 00090.679 00090.628 00090.614 00090.625 00090.611 00090.585 00090.531 00090.461 00090.418 00090.364 00090.322 00090.190 00090.181 00090.129 00090.055 00089.943 00089.904 00089.852 00089.746 00089.663 00089.515 00089.379 00089.192 00089.003 00088.601
00091.044 00091.153 00091.283 00091.382 00091.563 00091.734 00091.726 00091.626 00091.476 00091.364 00091.359 00091.355 00091.431 00091.542 00091.642 00091.667 00091.592 00091.562 00091.542 00091.534 00091.510 00091.440 00091.298 00091.129 00091.105 00091.156 00091.010 00090.916 00090.993 00090.931 00090.808 00090.651 00090.601 00090.556 00090.545 00090.600 00090.582 00090.570 00090.532 00090.488 00090.414 00090.339 00090.289 00090.256 00090.192 00090.129 00090.062 00090.035 00090.016 00089.967 00089.902 00089.782 00089.631 00089.474 00089.290 00089.133 00088.977 00088.810 00088.519 00088.076
00090.695 00090.855 00090.982 00091.157 00091.343 00091.240 00091.362 00091.396 00091.304 00091.181 00091.077 00091.041 00091.005 00091.090 00091.345 00091.395 00091.397 00091.335 00091.272 00091.206 00091.172 00091.070 00090.947 00090.911 00090.872 00090.837 00090.809 00090.797 00090.859 00090.739 00090.615 00090.538 00090.451 00090.344 00090.311 00090.395 00090.346 00090.298 00090.416 00090.337 00090.260 00090.171 00090.101 00089.988 00089.970 00089.906 00089.833 00089.747 00089.653 00089.577 00089.498 00089.388 00089.224 00088.972 00088.817 00088.681 00088.560 00088.365 00087.981 00087.534
00090.354 00090.489 00090.682 00090.891 00090.906 00090.973 00090.923 00090.893 00090.876 00090.859 00090.843 00090.841 00090.939 00091.036 00091.099 00091.080 00091.069 00091.049 00090.997 00090.942 00090.908 00090.818 00090.777 00090.685 00090.613 00090.609 00090.606 00090.614 00090.589 00090.546 00090.484 00090.409 00090.296 00090.223 00090.208 00090.175 00090.095 00090.040 00090.005 00089.898 00089.755 00089.716 00089.765 00089.691 00089.601 00089.509 00089.416 00089.326 00089.221 00089.092 00088.966 00088.816 00088.730 00088.673 00088.509 00088.282 00088.007 00087.677 00087.286 00086.653
