data/trial2/ashley.fli
NCOLS 382
NROWS 266
XLLCORNER 157819.328125
YLLCORNER 384678.625000
CELLSIZE 30.000000
NODATA_VALUE -1
[rows 130 to 155 of 266, columns 300 to 359 of 382]
00054.062 00071.038 00080.062 00102.415 00115.937 00127.013 00115.815 00095.993 00046.615 00033.554 00017.512 00033.958 00048.686 00098.443 00100.406 00104.049 00036.691 00000.797 00000.831 00001.355 00002.019 -0001.000 -0001.000 -0001.000 -0001.000 -0001.000 -0001.000 -0001.000 -0001.000 -0001.000 -0001.000 -0001.000 -0001.000 -0001.000 -0001.000 -0001.000 -0001.000 -0001.000 -0001.000 -0001.000 -0001.000 -0001.000 -0001.000 -0001.000 -0001.000 -0001.000 -0001.000 -0001.000 -0001.000 -0001.000 -0001.000 -0001.000 -0001.000 -0001.000 -0001.000 -0001.000 -0001.000 -0001.000 -0001.000 -0001.000
00066.044 00068.830 00087.721 00100.434 00128.462 00130.989 00111.966 00075.149 00027.657 00033.526 00026.763 00032.564 00060.266 00094.864 00100.495 00100.315 00067.641 00000.829 00000.843 00001.576 00001.848 00002.453 00002.580 -0001.000 -0001.000 -0001.000 -0001.000 -0001.000 -0001.000 -0001.000 -0001.000 -0001.000 -0001.000 -0001.000 -0001.000 -0001.000 -0001.000 -0001.000 -0001.000 -0001.000 -0001.000 -0001.000 -0001.000 -0001.000 -0001.000 -0001.000 -0001.000 -0001.000 -0001.000 -0001.000 -0001.000 -0001.000 -0001.000 -0001.000 -0001.000 -0001.000 -0001.000 -0001.000 -0001.000 -0001.000
00069.816 00082.708 00094.103 00101.607 00121.752 00084.580 00062.021 00024.462 00031.843 00035.747 00039.401 00046.008 00103.995 00129.931 00118.770 00093.476 00070.872 00000.938 00000.797 00001.393 00001.912 00003.163 00003.450 00003.473 00003.268 -0001.000 -0001.000 -0001.000 -0001.000 -0001.000 -0001.000 -0001.000 -0001.000 -0001.000 -0001.000 -0001.000 -0001.000 -0001.000 -0001.000 -0001.000 -0001.000 -0001.000 -0001.000 -0001.000 -0001.000 -0001.000 -0001.000 -0001.000 -0001.000 -0001.000 -0001.000 -0001.000 -0001.000 -0001.000 -0001.000 -0001.000 -0001.000 -0001.000 -0001.000 -0001.000
00050.419 00042.726 00039.491 00042.694 00046.415 00048.403 00025.519 00029.965 00036.472 00042.158 00045.662 00058.254 00159.835 00174.144 00147.564 00124.353 00072.860 00001.157 00000.695 00001.126 00001.925 00002.909 00003.885 00004.219 00004.658 00003.627 00002.613 -0001.000 -0001.000 -0001.000 -0001.000 -0001.000 -0001.000 -0001.000 -0001.000 -0001.000 -0001.000 -0001.000 -0001.000 -0001.000 -0001.000 -0001.000 -0001.000 -0001.000 -0001.000 -0001.000 -0001.000 -0001.000 -0001.000 -0001.000 -0001.000 -0001.000 -0001.000 -0001.000 -0001.000 -0001.000 -0001.000 -0001.000 -0001.000 -0001.000
00079.094 00071.475 00062.448 00029.254 00032.466 00033.007 00034.258 00036.252 00048.799 00053.463 00069.971 00149.157 00191.780 00193.468 00157.176 00130.772 00075.432 00001.261 00000.938 00000.893 00001.497 00002.231 00003.264 00004.079 00005.686 00004.602 00003.080 -0001.000 -0001.000 -0001.000 -0001.000 -0001.000 -0001.000 -0001.000 -0001.000 -0001.000 -0001.000 -0001.000 -0001.000 -0001.000 -0001.000 -0001.000 -0001.000 -0001.000 -0001.000 -0001.000 -0001.000 -0001.000 -0001.000 -0001.000 -0001.000 -0001.000 -0001.000 -0001.000 -0001.000 -0001.000 -0001.000 -0001.000 -0001.000 -0001.000
00068.654 00070.637 00027.652 00034.074 00037.269 00039.532 00040.886 00044.144 00077.139 00083.460 00102.936 00218.175 00193.701 00179.684 00157.003 00123.769 00078.501 00016.094 00001.219 00000.692 00001.115 00001.773 00002.639 00004.225 00004.856 00004.304 00003.299 -0001.000 -0001.000 -0001.000 -0001.000 -0001.000 -0001.000 -0001.000 -0001.000 -0001.000 -0001.000 -0001.000 -0001.000 -0001.000 -0001.000 -0001.000 -0001.000 -0001.000 -0001.000 -0001.000 -0001.000 -0001.000 -0001.000 -0001.000 -0001.000 -0001.000 -0001.000 -0001.000 -0001.000 -0001.000 -0001.000 -0001.000 -0001.000 -0001.000
00028.010 00029.462 00035.741 00041.359 00042.701 00044.514 00060.131 00070.286 00101.377 00111.500 00164.115 00214.220 00212.479 00183.395 00143.367 00116.424 00082.058 00061.590 00001.287 00001.014 00000.794 00001.115 00001.840 00004.230 00004.301 00005.424 00002.492 -0001.000 -0001.000 -0001.000 -0001.000 -0001.000 -0001.000 -0001.000 -0001.000 -0001.000 -0001.000 -0001.000 -0001.000 -0001.000 -0001.000 -0001.000 -0001.000 -0001.000 -0001.000 -0001.000 -0001.000 -0001.000 -0001.000 -0001.000 -0001.000 -0001.000 -0001.000 -0001.000 -0001.000 -0001.000 -0001.000 -0001.000 -0001.000 -0001.000
00031.931 00038.624 00042.036 00046.878 00048.027 00055.460 00079.775 00092.237 00132.150 00148.215 00176.679 00193.826 00209.225 00183.512 00138.396 00105.653 00085.054 00064.662 00028.981 00001.717 00001.142 00000.764 00001.273 00002.152 00004.261 00003.909 00001.704 -0001.000 -0001.000 -0001.000 -0001.000 -0001.000 -0001.000 -0001.000 -0001.000 -0001.000 -0001.000 -0001.000 -0001.000 -0001.000 -0001.000 -0001.000 -0001.000 -0001.000 -0001.000 -0001.000 -0001.000 -0001.000 -0001.000 -0001.000 -0001.000 -0001.000 -0001.000 -0001.000 -0001.000 -0001.000 -0001.000 -0001.000 -0001.000 -0001.000
00037.332 00041.715 00044.253 00052.985 00056.211 00069.421 00088.794 00115.444 00166.544 00135.679 00158.527 00181.677 00190.724 00181.736 00137.603 00110.529 00084.861 00064.848 00056.370 00017.303 00001.747 00000.950 00000.995 00001.294 00003.056 00002.283 00001.511 -0001.000 -0001.000 -0001.000 -0001.000 -0001.000 -0001.000 -0001.000 -0001.000 -0001.000 -0001.000 -0001.000 -0001.000 -0001.000 -0001.000 -0001.000 -0001.000 -0001.000 -0001.000 -0001.000 -0001.000 -0001.000 -0001.000 -0001.000 -0001.000 -0001.000 -0001.000 -0001.000 -0001.000 -0001.000 -0001.000 -0001.000 -0001.000 -0001.000
00040.915 00050.558 00053.975 00056.672 00074.153 00085.350 00133.395 00138.479 00149.491 00132.965 00136.636 00166.191 00166.626 00160.445 00142.573 00109.918 00085.993 00061.490 00057.060 00041.321 00016.536 00001.230 00000.787 00001.120 00002.062 00002.015 00001.715 -0001.000 -0001.000 -0001.000 -0001.000 -0001.000 -0001.000 -0001.000 -0001.000 -0001.000 -0001.000 -0001.000 -0001.000 -0001.000 -0001.000 -0001.000 -0001.000 -0001.000 -0001.000 -0001.000 -0001.000 -0001.000 -0001.000 -0001.000 -0001.000 -0001.000 -0001.000 -0001.000 -0001.000 -0001.000 -0001.000 -0001.000 -0001.000 -0001.000
00051.816 00051.742 00063.166 00071.352 00092.840 00104.750 00171.231 00130.273 00131.741 00117.874 00122.382 00149.988 00155.350 00144.524 00150.228 00106.594 00096.756 00065.412 00057.877 00064.481 00057.113 00001.246 00000.822 00000.985 00001.373 00002.160 -0001.000 -0001.000 -0001.000 -0001.000 -0001.000 -0001.000 -0001.000 -0001.000 -0001.000 -0001.000 -0001.000 -0001.000 -0001.000 -0001.000 -0001.000 -0001.000 -0001.000 -0001.000 -0001.000 -0001.000 -0001.000 -0001.000 -0001.000 -0001.000 -0001.000 -0001.000 -0001.000 -0001.000 -0001.000 -0001.000 -0001.000 -0001.000 -0001.000 -0001.000
00055.425 00061.604 00072.933 00094.257 00227.896 00157.567 00149.940 00115.657 00117.144 00116.408 00118.027 00135.143 00142.500 00142.487 00138.714 00104.052 00075.300 00066.525 00050.827 00055.359 00053.293 00031.084 00000.853 00000.854 00001.297 00002.551 00002.804 -0001.000 -0001.000 -0001.000 -0001.000 -0001.000 -0001.000 -0001.000 -0001.000 -0001.000 -0001.000 -0001.000 -0001.000 -0001.000 -0001.000 -0001.000 -0001.000 -0001.000 -0001.000 -0001.000 -0001.000 -0001.000 -0001.000 -0001.000 -0001.000 -0001.000 -0001.000 -0001.000 -0001.000 -0001.000 -0001.000 -0001.000 -0001.000 -0001.000
00066.543 00075.768 00117.266 00142.183 00216.078 00132.889 00142.116 00111.037 00112.317 00115.779 00112.258 00122.047 00125.165 00134.790 00115.288 00094.825 00072.290 00067.012 00053.545 00059.072 00064.206 00069.894 00000.785 00000.814 00001.740 00002.249 00002.771 00002.623 -0001.000 -0001.000 -0001.000 -0001.000 -0001.000 -0001.000 -0001.000 -0001.000 -0001.000 -0001.000 -0001.000 -0001.000 -0001.000 -0001.000 -0001.000 -0001.000 -0001.000 -0001.000 -0001.000 -0001.000 -0001.000 -0001.000 -0001.000 -0001.000 -0001.000 -0001.000 -0001.000 -0001.000 -0001.000 -0001.000 -0001.000 -0001.000
00123.622 00180.983 00162.287 00153.456 00164.882 00129.588 00152.306 00107.645 00108.239 00104.750 00104.399 00102.682 00112.239 00113.645 00091.942 00076.519 00072.265 00054.066 00062.631 00067.755 00064.773 00041.371 00000.780 00001.007 00003.151 00003.675 00003.461 00003.082 00002.840 -0001.000 -0001.000 -0001.000 -0001.000 -0001.000 -0001.000 -0001.000 -0001.000 -0001.000 -0001.000 -0001.000 -0001.000 -0001.000 -0001.000 -0001.000 -0001.000 -0001.000 -0001.000 -0001.000 -0001.000 -0001.000 -0001.000 -0001.000 -0001.000 -0001.000 -0001.000 -0001.000 -0001.000 -0001.000 -0001.000 -0001.000
00147.002 00210.010 00204.727 00149.290 00128.664 00125.627 00161.738 00126.073 00104.130 00085.555 00109.995 00092.943 00102.705 00085.729 00079.246 00071.133 00070.449 00068.698 00068.240 00068.858 00059.391 00022.448 00001.032 00001.460 00002.610 00003.614 00003.667 00003.514 00003.372 00002.812 -0001.000 -0001.000 -0001.000 -0001.000 -0001.000 -0001.000 -0001.000 -0001.000 -0001.000 -0001.000 -0001.000 -0001.000 -0001.000 -0001.000 -0001.000 -0001.000 -0001.000 -0001.000 -0001.000 -0001.000 -0001.000 -0001.000 -0001.000 -0001.000 -0001.000 -0001.000 -0001.000 -0001.000 -0001.000 -0001.000
00107.583 00140.202 00126.507 00128.885 00122.183 00138.884 00167.660 00151.601 00116.995 00093.592 00100.656 00093.819 00081.785 00073.852 00075.382 00080.451 00074.851 00072.654 00073.295 00058.301 00056.056 00001.033 00001.082 00002.112 00003.444 00004.044 00003.819 00003.582 00003.535 00003.585 -0001.000 -0001.000 -0001.000 -0001.000 -0001.000 -0001.000 -0001.000 -0001.000 -0001.000 -0001.000 -0001.000 -0001.000 -0001.000 -0001.000 -0001.000 -0001.000 -0001.000 -0001.000 -0001.000 -0001.000 -0001.000 -0001.000 -0001.000 -0001.000 -0001.000 -0001.000 -0001.000 -0001.000 -0001.000 -0001.000
00102.302 00123.433 00102.883 00108.894 00119.672 00147.244 00167.193 00141.035 00105.364 00097.257 00090.231 00079.846 00067.139 00076.718 00088.266 00087.595 00077.733 00072.185 00057.816 00020.931 00000.854 00000.689 00000.683 00002.914 00004.472 00004.736 00004.363 00004.152 00004.462 00004.065 00003.375 -0001.000 -0001.000 -0001.000 -0001.000 -0001.000 -0001.000 -0001.000 -0001.000 -0001.000 -0001.000 -0001.000 -0001.000 -0001.000 -0001.000 -0001.000 -0001.000 -0001.000 -0001.000 -0001.000 -0001.000 -0001.000 -0001.000 -0001.000 -0001.000 -0001.000 -0001.000 -0001.000 -0001.000 -0001.000
00100.119 00102.001 00086.340 00102.339 00110.952 00154.726 00166.030 00110.453 00093.704 00083.818 00081.308 00067.349 00066.375 00084.358 00088.588 00089.016 00070.035 00056.530 00000.854 00000.708 00001.125 00001.088 00002.469 00003.649 00004.692 00004.613 00004.802 00004.730 00005.130 00004.701 00003.890 -0001.000 -0001.000 -0001.000 -0001.000 -0001.000 -0001.000 -0001.000 -0001.000 -0001.000 -0001.000 -0001.000 -0001.000 -0001.000 -0001.000 -0001.000 -0001.000 -0001.000 -0001.000 -0001.000 -0001.000 -0001.000 -0001.000 -0001.000 -0001.000 -0001.000 -0001.000 -0001.000 -0001.000 -0001.000
00095.478 00081.575 00086.451 00097.457 00109.983 00152.873 00147.491 00111.884 00077.408 00074.603 00068.638 00065.710 00081.819 00086.586 00085.615 00078.816 00060.895 00001.133 00001.348 00002.188 00002.099 00002.844 00003.169 00003.661 00004.294 00004.577 00005.050 00005.344 00005.687 00005.393 00004.293 -0001.000 -0001.000 -0001.000 -0001.000 -0001.000 -0001.000 -0001.000 -0001.000 -0001.000 -0001.000 -0001.000 -0001.000 -0001.000 -0001.000 -0001.000 -0001.000 -0001.000 -0001.000 -0001.000 -0001.000 -0001.000 -0001.000 -0001.000 -0001.000 -0001.000 -0001.000 -0001.000 -0001.000 -0001.000
00089.618 00080.844 00084.616 00091.542 00112.580 00153.669 00138.136 00086.479 00076.342 00070.230 00082.956 00090.624 00087.076 00087.676 00079.933 00039.180 00001.811 00001.752 00002.052 00002.072 00001.358 00002.270 00004.000 00004.337 00003.792 00004.488 00005.057 00005.928 00006.439 00005.247 00003.756 -0001.000 -0001.000 -0001.000 -0001.000 -0001.000 -0001.000 -0001.000 -0001.000 -0001.000 -0001.000 -0001.000 -0001.000 -0001.000 -0001.000 -0001.000 -0001.000 -0001.000 -0001.000 -0001.000 -0001.000 -0001.000 -0001.000 -0001.000 -0001.000 -0001.000 -0001.000 -0001.000 -0001.000 -0001.000
00084.956 00080.721 00079.890 00092.137 00126.932 00131.986 00114.339 00087.464 00069.400 00078.712 00085.573 00094.181 00084.812 00079.181 00022.659 00002.706 00004.022 00003.659 00003.058 00003.214 00002.553 00002.221 00003.239 00004.330 00005.436 00005.378 00005.203 00005.950 00006.004 00005.141 -0001.000 -0001.000 -0001.000 -0001.000 -0001.000 -0001.000 -0001.000 -0001.000 -0001.000 00019.040 00022.926 00027.366 00032.528 00039.858 -0001.000 -0001.000 -0001.000 -0001.000 -0001.000 -0001.000 -0001.000 -0001.000 -0001.000 -0001.000 -0001.000 -0001.000 -0001.000 -0001.000 -0001.000 -0001.000
00079.392 00078.086 00080.543 00088.519 00121.000 00116.485 00093.628 00082.136 00076.445 00074.161 00082.656 00067.169 00072.305 00084.851 00004.003 00005.075 00005.119 00004.154 00004.039 00003.443 00002.830 00002.199 00002.768 00003.571 00004.624 00005.467 00005.673 00005.265 00004.506 00003.300 -0001.000 -0001.000 -0001.000 -0001.000 -0001.000 -0001.000 -0001.000 00018.186 00020.403 00023.157 00026.017 00036.561 00041.415 00051.413 00044.143 00047.474 -0001.000 -0001.000 -0001.000 -0001.000 -0001.000 -0001.000 -0001.000 -0001.000 -0001.000 -0001.000 -0001.000 -0001.000 -0001.000 -0001.000
00074.753 00076.225 00076.293 00099.929 00105.307 00094.109 00089.073 00080.315 00078.107 00060.291 00074.458 00037.842 00003.490 00003.732 00006.784 00007.781 00006.363 00004.560 00004.052 00003.308 00002.919 00002.420 00003.167 00003.711 00004.482 00004.792 00005.622 00004.401 00002.963 -0001.000 -0001.000 -0001.000 -0001.000 -0001.000 -0001.000 -0001.000 00016.674 00018.702 00022.731 00027.273 00031.006 00035.322 00038.307 00047.643 00052.402 00045.265 -0001.000 -0001.000 -0001.000 -0001.000 -0001.000 -0001.000 -0001.000 -0001.000 -0001.000 -0001.000 -0001.000 -0001.000 -0001.000 -0001.000
00070.155 00072.784 00074.432 00097.519 00091.499 00095.313 00079.771 00082.313 00081.168 00054.532 00002.739 00003.813 00006.481 00007.375 00006.956 00005.702 00005.074 00004.621 00004.065 00003.008 00002.532 00002.545 00003.462 00003.917 00004.673 00004.790 00004.701 00003.698 -0001.000 -0001.000 -0001.000 -0001.000 -0001.000 -0001.000 -0001.000 -0001.000 00004.647 00018.943 00034.152 00031.776 00033.437 00040.440 00040.136 00045.853 00052.059 00048.980 00039.907 -0001.000 -0001.000 -0001.000 -0001.000 -0001.000 -0001.000 -0001.000 -0001.000 -0001.000 -0001.000 -0001.000 -0001.000 -0001.000
00058.724 00061.771 00086.435 00086.061 00088.622 00083.927 00063.126 00080.671 00002.705 00002.783 00005.312 00005.872 00005.642 00005.109 00004.700 00004.572 00003.445 00003.889 00003.313 00002.825 00001.063 00002.633 00003.179 00003.806 00004.764 00004.794 00003.364 00002.645 -0001.000 -0001.000 -0001.000 -0001.000 -0001.000 -0001.000 00000.865 00001.060 00001.143 00025.796 00052.671 00043.787 00048.441 00043.780 00045.945 00046.054 00046.794 00041.862 00036.338 -0001.000 -0001.000 -0001.000 -0001.000 -0001.000 -0001.000 -0001.000 -0001.000 -0001.000 -0001.000 -0001.000 -0001.000 -0001.000
00049.716 00074.585 00090.204 00061.761 00080.529 00001.929 00002.941 00004.037 00004.876 00005.485 00005.259 00004.629 00004.179 00003.412 00003.006 00003.093 00003.049 00002.674 00002.617 00002.355 00002.029 00002.776 00002.767 00003.627 00004.055 00003.302 00002.503 -0001.000 -0001.000 00000.993 00001.064 00001.137 00001.116 00001.045 00001.270 00001.533 00016.272 00059.607 00049.607 00049.245 00051.888 00048.469 00051.439 00051.187 00043.733 00042.007 00008.022 -0001.000 -0001.000 -0001.000 -0001.000 -0001.000 -0001.000 -0001.000 -0001.000 -0001.000 -0001.000 -0001.000 -0001.000 -0001.000
