data/trial2/ashley.fml
NCOLS 382
NROWS 266
XLLCORNER 157819.328125
YLLCORNER 384678.625000
CELLSIZE 30.000000
NODATA_VALUE -1
[rows 204 to 237 of 266, columns 231 to 307 of 382]
02.19 02.27 02.35 02.40 01.91 01.98 02.03 02.07 02.09 02.06 01.99 01.83 01.84 01.85 01.88 01.89 01.90 01.91 01.91 01.91 01.92 01.92 01.93 01.94 02.05 02.26 02.38 02.45 02.53 02.59 02.65 02.69 02.72 02.75 02.77 02.75 02.75 02.75 02.73 02.56 02.58 02.58 02.60 02.61 02.64 02.66 02.69 02.70 02.72 02.74 02.74 02.75 02.73 02.73 02.73 02.73 02.71 02.70 02.71 02.72 02.73 02.55 02.39 02.38 02.39 02.38 02.37 02.38 02.38 02.34 02.34 02.33 02.34 02.34 02.32 02.32 02.31
02.14 02.21 02.27 02.34 02.41 01.95 02.00 02.05 02.11 02.12 02.14 02.16 02.18 02.19 02.21 02.25 02.27 02.28 02.30 02.32 02.34 02.37 02.41 02.45 02.48 02.50 02.51 02.54 02.56 02.59 02.61 02.63 02.65 02.68 02.71 02.72 02.74 02.79 02.78 02.76 02.43 02.48 02.60 02.59 02.58 02.60 02.62 02.63 02.65 02.66 02.68 02.70 02.71 02.72 02.71 02.71 02.71 02.71 02.43 02.38 02.38 02.38 02.38 02.37 02.37 02.37 02.36 02.37 02.36 02.35 02.34 02.33 02.30 02.31 02.31 02.30 02.29
02.07 02.14 02.22 02.32 02.31 02.00 01.99 02.03 02.07 02.10 02.11 02.14 02.16 02.18 02.21 02.25 02.30 02.32 02.34 02.36 02.38 02.39 02.41 02.44 02.46 02.50 02.50 02.50 02.50 02.53 02.55 02.57 02.59 02.60 02.61 02.62 02.64 02.67 02.70 02.71 02.72 02.71 02.68 02.64 02.58 02.55 02.57 02.60 02.62 02.62 02.63 02.64 02.66 02.65 02.67 02.41 02.35 02.35 02.35 02.35 02.35 02.36 02.35 02.35 02.34 02.34 02.34 02.35 02.34 02.33 02.31 02.30 02.30 02.29 02.27 02.26 02.25
02.02 02.06 02.15 02.17 02.13 02.08 02.00 02.02 02.04 02.06 02.09 02.10 02.12 02.14 02.16 02.19 02.24 02.29 02.31 02.32 02.33 02.35 02.36 02.37 02.40 02.43 02.44 02.46 02.47 02.48 02.49 02.51 02.53 02.55 02.57 02.58 02.59 02.60 02.63 02.65 02.68 02.69 02.70 02.71 02.73 02.65 02.57 02.51 02.53 02.54 02.56 02.57 02.29 02.29 02.29 02.30 02.31 02.31 02.31 02.31 02.31 02.31 02.32 02.32 02.32 02.33 02.32 02.31 02.30 02.29 02.29 02.28 02.28 02.27 02.20 01.64 01.62
01.82 01.84 01.90 01.97 01.96 01.93 02.00 02.02 02.04 02.06 02.06 02.07 02.10 02.12 02.13 02.14 02.15 02.21 02.27 02.29 02.30 02.32 02.33 02.34 02.35 02.38 02.40 02.42 02.45 02.46 02.46 02.46 02.47 02.49 02.51 02.53 02.55 02.55 02.56 02.57 02.59 02.62 02.64 02.66 02.66 02.67 02.69 02.51 02.28 02.20 02.21 02.22 02.23 02.24 02.25 02.26 02.27 02.28 02.28 02.28 02.27 02.27 02.26 02.24 02.24 02.24 02.25 02.27 02.28 02.27 02.26 02.26 01.69 01.64 01.61 01.59 01.57
01.83 01.83 01.86 01.90 01.94 01.92 01.83 01.87 02.06 02.05 02.07 02.08 02.08 02.09 02.11 02.12 02.14 02.15 02.19 02.24 02.28 02.31 02.30 02.31 02.32 02.34 02.35 02.35 02.37 02.40 02.42 02.43 02.44 02.45 02.45 02.45 02.48 02.50 02.52 02.54 02.54 02.54 02.55 02.57 02.27 02.28 02.29 02.31 02.33 02.37 02.19 02.19 02.20 02.20 02.21 02.22 02.22 02.23 02.24 02.24 02.24 02.23 02.23 02.22 02.20 02.20 02.21 02.21 02.21 01.92 01.63 01.62 01.60 01.59 01.57 01.55 01.52
01.81 01.81 01.82 01.82 01.89 01.89 01.77 01.84 01.90 01.91 01.91 01.91 02.08 02.08 02.09 02.09 02.11 02.13 02.16 02.19 02.23 02.27 02.29 02.27 02.26 02.27 02.29 02.30 02.32 02.34 02.37 02.39 02.40 02.43 02.43 02.43 02.43 02.44 02.47 02.31 02.22 02.23 02.23 02.22 02.23 02.23 02.24 02.25 02.27 02.29 02.28 02.25 02.21 02.20 02.17 02.17 02.18 02.19 02.19 02.20 02.20 02.20 02.20 02.19 02.18 02.15 01.71 01.60 01.59 01.57 01.56 01.56 01.55 01.53 01.50 01.47 01.46
01.81 01.81 01.81 01.81 01.85 01.91 01.74 01.80 01.85 01.88 01.90 01.92 01.93 01.93 01.92 01.91 01.91 01.92 02.08 02.14 02.18 02.21 02.24 02.26 02.26 02.24 02.22 02.22 02.22 02.24 02.26 02.22 02.16 02.12 02.15 02.15 02.15 02.15 02.16 02.17 02.18 02.19 02.20 02.20 02.20 02.20 02.21 02.21 02.21 02.22 02.24 02.26 02.25 02.21 02.18 02.15 02.13 02.14 02.14 02.15 02.15 02.15 02.16 01.61 01.58 01.56 01.53 01.52 01.51 01.50 01.49 01.47 01.46 01.44 01.44 01.40 01.36
01.42 01.54 01.78 01.78 01.80 01.82 01.77 01.76 01.80 01.83 01.87 01.89 01.91 01.92 01.91 01.91 01.91 01.91 01.92 01.92 01.94 01.99 02.02 02.04 02.05 02.06 02.05 02.04 02.02 02.00 01.98 01.97 02.00 02.04 02.07 02.10 02.10 02.10 02.10 02.12 02.13 02.15 02.16 02.17 02.18 02.18 02.17 02.17 02.18 02.18 02.17 02.18 02.20 02.21 02.20 02.17 02.13 02.10 02.09 01.66 01.57 01.57 01.58 01.56 01.54 01.51 01.49 01.45 01.42 01.41 01.41 01.43 01.40 01.36 01.32 01.27 01.21
01.35 01.37 01.39 01.40 01.41 01.43 01.53 01.73 01.77 01.80 01.83 01.86 01.88 01.90 01.90 01.90 01.93 01.95 02.17 02.22 01.98 01.96 02.00 02.02 02.04 02.05 02.07 02.08 02.08 02.06 02.02 01.98 01.95 01.96 01.97 02.00 02.05 02.10 02.09 02.09 02.10 02.10 02.12 02.13 02.13 02.14 02.14 02.14 02.13 02.13 02.13 02.13 02.13 02.15 02.17 01.80 01.59 01.56 01.52 01.51 01.51 01.50 01.49 01.49 01.47 01.45 01.43 01.43 01.39 01.36 01.34 01.31 01.28 01.22 01.18 01.14 01.06
01.27 01.30 01.32 01.34 01.35 01.37 01.40 01.37 01.40 01.77 01.79 01.82 01.84 01.86 01.88 01.91 02.04 02.30 02.43 02.34 02.19 02.14 02.06 01.99 02.01 02.02 02.04 02.05 02.07 02.08 02.05 02.02 01.97 01.93 01.93 01.93 01.95 01.98 02.02 02.04 02.06 02.07 02.07 02.08 02.09 02.09 02.10 02.10 02.10 02.10 02.09 01.67 01.56 01.55 01.54 01.53 01.53 01.51 01.48 01.45 01.43 01.42 01.40 01.39 01.42 01.39 01.36 01.33 01.29 01.23 01.19 01.17 01.14 01.07 01.04 00.96 00.83
01.30 01.33 01.34 01.34 01.26 01.30 01.33 01.31 01.34 01.37 01.39 01.42 01.48 01.81 01.84 01.91 01.96 02.18 02.17 02.22 01.74 01.93 01.67 01.86 01.93 01.99 02.00 02.01 02.02 02.04 02.07 02.06 02.06 02.00 01.94 01.92 01.90 01.91 01.92 01.94 01.97 02.02 02.04 02.06 02.06 02.07 01.85 01.56 01.55 01.54 01.53 01.51 01.50 01.49 01.48 01.48 01.46 01.45 01.43 01.42 01.40 01.38 01.37 01.34 01.31 01.28 01.23 01.18 01.16 01.07 01.04 01.00 00.93 00.84 00.67 00.25 01.03
01.77 01.78 01.78 01.62 01.28 01.32 01.34 01.30 01.27 01.31 01.33 01.35 01.37 01.39 01.41 01.44 01.49 01.57 01.66 02.08 01.85 01.74 01.58 01.80 01.86 01.92 01.95 01.97 01.98 01.99 02.01 02.03 02.04 02.06 02.02 01.75 01.66 01.57 01.48 01.47 01.45 01.47 01.50 01.50 01.50 01.50 01.49 01.50 01.49 01.49 01.49 01.47 01.44 01.42 01.40 01.39 01.42 01.41 01.38 01.36 01.30 01.26 01.22 01.19 01.16 01.14 01.06 01.04 00.98 00.87 00.71 00.54 00.87 01.05 01.08 01.12 01.16
01.65 01.66 01.67 01.71 01.67 01.34 01.21 01.27 01.32 01.35 01.30 01.27 01.30 01.32 01.35 01.38 01.42 01.69 01.66 01.57 02.16 01.95 01.73 01.52 01.43 01.46 01.48 01.49 01.50 01.50 01.51 01.51 01.52 01.52 01.51 01.48 01.46 01.45 01.44 01.41 01.38 01.35 01.38 01.40 01.42 01.43 01.43 01.42 01.41 01.40 01.39 01.40 01.40 01.37 01.35 01.32 01.29 01.26 01.22 01.18 01.15 01.07 01.04 01.03 01.01 00.94 00.85 00.71 00.52 01.06 01.12 01.15 01.16 01.15 01.48 01.94 02.02
00.95 01.06 01.09 01.52 01.39 01.17 01.05 01.12 01.18 01.23 01.26 01.30 01.32 01.34 01.35 01.31 01.32 01.35 01.42 01.47 01.66 01.96 01.91 01.72 01.77 01.81 01.83 01.83 01.83 01.83 01.82 01.76 01.62 01.43 01.44 01.45 01.41 01.40 01.39 01.37 01.34 01.30 01.28 01.27 01.28 01.32 01.37 01.38 01.36 01.35 01.33 01.30 01.28 01.25 01.20 01.16 01.14 01.11 01.03 01.03 01.00 00.91 00.80 00.69 00.56 00.72 01.05 01.11 01.14 01.16 01.18 01.76 01.98 02.01 02.05 02.08 02.09
01.46 01.44 01.27 00.96 00.64 00.37 00.68 00.86 00.98 01.06 01.11 01.14 01.18 01.22 01.25 01.27 01.29 01.31 01.61 01.84 01.97 01.97 01.84 01.86 01.88 01.89 01.90 01.90 01.90 01.90 01.89 01.72 01.32 01.40 01.32 01.37 01.40 01.38 01.37 01.36 01.33 01.29 01.24 01.23 01.23 01.25 01.27 01.26 01.24 01.21 01.17 01.15 01.14 01.09 01.04 01.03 00.99 00.92 00.83 00.69 00.54 00.91 01.07 01.06 01.09 01.12 01.15 01.37 01.78 02.00 02.06 02.10 02.11 02.10 02.11 02.12 02.13
01.94 01.92 01.89 01.54 01.41 01.23 01.02 00.93 00.54 00.73 00.85 00.94 00.99 01.04 01.10 01.12 01.13 01.16 01.34 01.49 01.36 01.63 01.25 00.99 01.36 01.72 01.82 01.83 01.52 01.08 01.68 01.43 01.24 01.28 01.30 01.29 01.28 01.25 01.24 01.23 01.20 01.17 01.15 01.10 01.06 01.08 01.10 01.10 01.07 01.04 01.03 01.02 00.97 00.90 00.80 00.65 00.52 00.89 01.04 01.08 01.12 01.14 01.16 01.73 01.91 01.96 02.00 02.05 02.06 02.09 02.11 02.12 02.14 02.15 02.15 02.14 02.14
02.14 02.02 01.85 01.81 01.77 01.80 01.70 01.06 01.01 00.99 00.95 00.21 00.57 00.72 00.82 00.89 00.93 00.96 00.99 00.90 00.67 01.08 01.09 00.97 00.16 00.31 00.46 00.48 00.53 00.62 00.17 01.00 01.09 01.12 01.14 01.14 01.14 01.11 01.06 01.04 01.03 01.02 00.99 00.93 00.88 00.87 00.89 00.89 00.85 00.79 00.70 00.58 00.26 01.00 01.07 01.12 01.13 01.13 01.15 01.50 01.91 01.99 02.04 02.08 02.08 02.03 02.05 02.06 02.08 02.10 02.12 02.13 02.15 02.16 02.17 02.17 02.17
02.11 02.21 01.72 01.64 01.67 01.74 01.72 01.72 01.66 01.59 01.09 01.05 01.03 01.01 00.99 00.95 00.76 00.55 00.46 00.65 01.12 01.20 01.94 01.41 01.05 01.06 01.08 01.08 01.07 01.04 01.11 00.53 00.74 00.87 00.96 00.95 00.93 00.89 00.81 00.78 00.75 00.66 00.54 00.72 00.99 00.97 00.96 00.95 00.99 01.03 01.07 01.10 01.12 01.15 01.17 01.52 01.95 01.99 02.02 02.05 02.06 02.07 02.08 02.10 02.12 02.12 02.06 02.07 02.08 02.10 02.12 02.13 02.15 02.16 02.18 02.20 02.21
01.82 01.88 01.71 01.60 01.66 01.73 01.74 01.73 01.72 01.73 01.75 01.74 01.71 01.66 01.32 01.08 01.08 01.09 01.21 01.32 01.67 02.17 02.23 02.21 01.87 01.90 01.84 01.83 01.82 01.75 01.66 00.99 00.98 00.95 00.13 00.14 00.79 01.01 01.05 01.06 01.07 01.09 01.10 01.13 01.15 01.14 01.18 01.11 01.10 01.38 01.62 01.87 01.93 01.98 02.02 02.06 02.07 02.08 02.09 02.09 02.09 02.10 02.10 02.11 02.12 02.14 02.15 02.09 02.10 02.11 02.13 02.14 02.16 02.17 02.11 01.86 01.70
01.65 01.74 01.56 01.35 01.53 01.73 01.77 01.75 01.75 01.75 01.77 01.78 01.79 01.79 01.80 01.80 01.82 01.86 01.95 02.08 02.12 02.22 02.29 02.35 01.83 01.80 01.80 01.85 01.88 01.89 01.78 01.61 01.57 01.07 01.07 01.08 01.11 01.13 01.15 01.39 01.54 01.69 01.85 01.93 01.97 02.01 01.90 01.90 01.90 01.92 01.95 01.98 02.01 02.03 02.06 02.07 02.08 02.10 02.12 02.13 02.12 02.12 02.12 02.13 02.14 02.15 02.17 02.18 02.11 02.12 02.01 01.81 01.64 01.65 01.66 01.68 01.71
01.60 01.55 01.60 01.36 01.39 01.40 01.42 01.70 01.78 01.79 01.80 01.81 01.82 01.82 01.83 01.84 01.85 01.93 02.01 02.08 02.18 02.29 02.35 02.52 02.21 01.75 01.83 01.81 01.89 01.92 01.87 01.67 01.70 01.74 01.79 01.81 01.86 01.91 01.96 01.99 01.97 01.98 02.00 02.01 02.03 02.05 02.07 01.95 01.95 01.95 01.96 01.99 02.02 02.06 02.09 02.10 02.10 02.11 02.13 02.15 02.16 02.15 02.15 02.16 02.16 02.17 02.02 01.77 01.66 01.60 01.61 01.62 01.63 01.64 01.65 01.67 01.70
01.61 01.69 01.90 01.44 01.41 01.43 01.43 01.43 01.43 01.61 01.82 01.83 01.84 01.85 01.85 01.86 01.88 01.92 02.00 02.08 02.17 02.28 02.42 02.36 02.10 02.02 01.70 01.70 01.97 01.98 02.02 01.64 01.72 01.76 01.80 01.85 01.90 01.94 01.98 02.01 02.03 02.01 02.02 02.03 02.05 02.07 02.08 02.10 01.96 01.96 01.95 01.98 02.02 02.06 02.09 02.11 02.12 02.13 02.15 02.17 02.18 02.19 02.05 01.83 01.65 01.65 01.66 01.66 01.67 01.66 01.64 01.64 01.64 01.64 01.66 01.66 01.67
01.95 02.01 01.97 01.94 01.80 01.57 01.46 01.45 01.45 01.45 01.45 01.45 01.51 01.77 01.87 01.88 01.89 01.90 01.94 02.00 02.18 02.34 02.42 02.10 02.02 02.07 02.19 01.90 01.80 01.77 01.78 01.72 01.92 01.79 01.81 01.85 01.90 01.94 01.97 02.01 02.04 02.06 02.03 02.04 02.05 02.07 02.10 02.12 02.14 02.00 01.99 01.97 02.00 02.04 02.08 02.10 02.11 02.12 02.05 01.90 01.67 01.68 01.69 01.68 01.68 01.68 01.68 01.68 01.67 01.68 01.68 01.66 01.80 01.93 02.05 02.07 02.09
01.94 02.00 02.02 02.01 01.89 01.79 01.80 01.73 01.48 01.45 01.46 01.46 01.46 01.46 01.47 01.47 01.49 01.63 01.80 01.86 01.92 01.91 01.81 01.85 01.90 01.98 02.12 01.97 02.31 01.89 01.88 01.79 01.73 01.73 01.76 01.97 01.98 01.93 01.97 02.02 02.04 02.07 02.08 02.05 02.06 02.07 02.09 02.13 02.08 01.91 01.62 01.57 01.53 01.52 01.54 01.57 01.59 01.61 01.64 01.66 01.67 01.69 01.70 01.71 01.71 01.70 01.71 01.70 01.82 01.98 02.11 02.12 02.10 02.11 02.11 02.11 02.12
01.89 01.96 02.02 02.03 02.01 01.79 01.82 01.82 01.81 01.79 01.63 01.47 01.47 01.48 01.48 01.48 01.49 01.50 01.51 01.54 01.58 01.61 01.63 01.72 01.81 01.88 01.95 02.06 02.32 02.36 02.19 01.76 02.01 02.01 01.80 01.75 01.75 01.75 01.75 01.78 01.82 01.96 01.90 01.79 01.63 01.60 01.61 01.63 01.65 01.65 01.62 01.59 01.56 01.54 01.55 01.57 01.58 01.60 01.62 01.64 01.66 01.68 01.70 01.71 01.73 01.90 02.06 02.13 02.14 02.15 02.16 02.16 02.16 02.13 02.13 02.13 02.13
01.89 01.91 02.02 02.07 02.06 01.78 01.81 01.83 01.81 01.82 01.82 01.83 01.83 01.78 01.62 01.50 01.50 01.50 01.52 01.53 01.56 01.59 01.63 01.67 01.74 01.75 01.96 02.22 02.31 02.36 02.29 02.35 02.38 02.01 02.05 02.05 02.05 02.04 01.78 01.87 01.79 01.78 01.79 01.81 01.81 01.68 01.60 01.63 01.65 01.67 01.67 01.65 01.62 01.59 01.58 01.58 01.58 01.60 01.63 01.65 01.72 01.85 01.98 02.10 02.13 02.15 02.16 02.17 02.17 02.17 02.18 02.18 02.18 02.18 02.15 02.15 02.14
02.02 01.98 02.00 02.07 02.08 01.76 01.80 01.83 01.83 01.83 01.83 01.85 01.86 01.86 01.87 01.87 01.87 01.87 01.79 01.71 01.70 01.72 01.75 01.88 02.01 02.11 02.15 02.21 02.27 02.32 02.35 02.38 02.36 02.39 02.38 02.09 01.92 02.08 02.08 02.09 02.10 02.09 02.08 02.06 02.04 01.81 01.53 01.58 01.64 01.66 01.69 01.83 01.96 01.98 01.97 01.98 01.99 02.00 02.03 02.05 02.07 02.10 02.12 02.14 02.15 02.16 02.17 02.18 02.19 02.19 02.20 02.20 02.20 02.20 02.21 02.19 02.18
02.07 02.09 02.12 02.18 02.23 02.26 01.91 01.86 01.84 01.84 01.85 01.86 01.87 01.88 01.88 01.89 01.90 01.90 01.91 01.93 01.96 01.99 02.02 02.05 02.08 02.12 02.15 02.19 02.24 02.26 02.29 02.33 02.37 02.40 02.38 02.32 02.09 02.06 02.07 02.07 02.06 02.13 02.13 02.10 02.08 02.02 02.01 01.89 01.96 02.04 02.07 02.10 02.10 02.08 02.04 02.02 02.03 02.04 02.05 02.07 02.09 02.11 02.12 02.14 02.16 02.17 02.18 02.19 02.20 02.21 02.21 02.22 02.22 02.22 02.22 02.23 02.26
02.07 02.10 02.12 02.17 02.23 02.28 01.94 02.00 02.00 01.95 01.86 01.87 01.88 01.89 01.89 01.90 01.91 01.92 01.92 01.94 01.97 01.99 02.02 02.04 02.07 02.11 02.14 02.18 02.21 02.24 02.27 02.31 02.34 02.38 02.40 02.41 02.31 02.06 02.13 02.17 02.18 02.22 02.29 02.30 02.24 02.12 01.96 01.95 01.97 02.03 02.05 02.08 02.12 02.11 02.08 02.04 02.04 02.05 02.06 02.08 02.09 02.11 02.13 02.15 02.16 02.18 02.19 02.20 02.21 02.22 02.22 02.23 02.26 02.30 02.34 02.35 02.35
02.08 02.10 02.12 02.15 02.18 02.19 02.10 02.04 02.02 02.03 02.02 02.01 01.96 01.90 01.90 01.91 01.92 01.93 01.93 01.94 01.96 01.98 02.01 02.05 02.08 02.11 02.13 02.16 02.19 02.23 02.26 02.29 02.35 02.40 02.41 02.40 02.38 02.15 02.11 02.19 02.23 02.28 02.36 02.40 02.31 02.11 01.98 01.90 01.87 01.91 02.01 02.06 02.10 02.14 02.12 02.09 02.05 02.06 02.07 02.08 02.10 02.12 02.13 02.15 02.17 02.18 02.19 02.20 02.22 02.27 02.32 02.35 02.36 02.36 02.37 02.37 02.37
02.07 02.11 02.13 02.15 02.18 02.21 02.13 02.07 02.03 02.03 02.04 02.04 02.05 02.06 02.06 02.03 01.98 01.94 01.94 01.95 01.96 01.98 02.01 02.04 02.07 02.11 02.13 02.15 02.18 02.21 02.28 02.35 02.39 02.41 02.42 02.44 02.43 02.34 02.29 02.23 02.24 02.31 02.39 02.40 02.44 02.37 01.90 01.85 01.84 01.85 01.96 02.05 02.09 02.13 02.15 02.13 02.08 02.06 02.07 02.08 02.10 02.12 02.13 02.15 02.19 02.23 02.27 02.31 02.34 02.35 02.36 -1.00 01.75 02.38 -1.00 -1.00 01.32
02.08 02.10 02.13 02.15 02.18 02.21 02.18 02.09 02.04 02.04 02.04 02.04 02.06 02.07 02.08 02.09 02.09 02.09 02.09 02.10 02.07 02.05 02.05 02.07 02.10 02.13 02.18 02.23 02.27 02.31 02.34 02.36 02.39 02.41 02.43 02.44 02.45 02.41 02.36 02.29 02.23 02.31 02.39 02.44 02.48 02.38 01.62 01.75 01.85 01.89 01.92 02.01 02.07 02.11 02.16 02.21 02.23 02.18 02.19 02.20 02.22 02.25 02.27 02.28 02.30 02.32 02.33 02.34 02.35 02.36 -1.00 -1.00 -1.00 -1.00 -1.00 -1.00 -1.00
02.19 02.20 02.19 02.17 02.16 02.20 02.26 02.11 02.04 02.05 02.05 02.05 02.07 02.09 02.09 02.09 02.10 02.11 02.11 02.12 02.13 02.15 02.16 02.18 02.21 02.23 02.26 02.28 02.30 02.32 02.34 02.36 02.38 02.40 02.42 02.44 02.45 02.47 02.42 02.34 02.26 02.29 02.37 02.45 02.50 02.43 01.62 01.73 01.84 01.95 02.05 02.13 02.19 02.24 02.28 02.30 02.30 02.26 02.24 02.25 02.27 02.28 02.29 02.30 02.31 02.32 02.33 02.34 02.31 01.50 01.15 -1.00 -1.00 -1.00 -1.00 -1.00 -1.00
