data/trial2/ashley.ros
NCOLS 382
NROWS 266
XLLCORNER 157819.328125
YLLCORNER 384678.625000
CELLSIZE 30.000000
NODATA_VALUE -1
[rows 136 to 169 of 266, columns 154 to 230 of 382]
11.88 12.04 10.20 10.46 10.95 11.29 10.74 10.79 09.04 05.83 09.77 09.52 07.81 10.83 10.97 08.71 08.20 07.73 06.28 05.01 05.02 04.04 07.23 05.69 02.24 01.34 01.74 01.98 11.06 12.59 11.26 06.03 06.58 09.51 08.66 11.71 12.42 11.01 10.74 09.21 09.23 08.00 20.05 23.14 25.18 21.25 07.97 06.90 07.94 08.08 08.12 23.38 06.95 36.68 58.01 85.22 70.84 05.77 05.88 10.10 09.58 05.46 02.61 00.75 00.38 00.32 00.42 00.20 03.39 09.05 11.62 16.67 14.52 15.05 14.29 07.14 10.44
12.04 11.65 10.34 10.50 11.32 10.99 10.89 11.00 10.23 09.56 09.96 10.15 11.00 11.10 11.39 08.88 08.45 08.22 07.42 07.18 06.50 05.92 06.75 06.89 03.56 02.38 01.79 02.11 10.39 12.70 13.28 06.15 06.30 07.27 05.74 11.09 09.49 06.66 04.75 05.85 04.81 04.36 17.67 20.55 28.59 21.11 27.70 17.01 24.96 08.03 08.09 08.23 04.94 24.32 76.26 139.12 09.35 06.41 06.31 06.92 06.54 03.00 08.72 00.71 00.33 00.32 00.17 00.25 06.73 08.75 16.40 17.49 17.64 17.42 16.70 08.20 09.23
11.93 10.62 10.41 10.77 11.24 11.23 11.13 11.34 09.82 09.83 10.04 11.26 11.25 11.41 11.60 09.29 08.87 08.50 07.74 07.53 06.78 06.52 06.27 05.98 05.31 03.79 01.46 02.20 09.31 12.14 14.86 14.18 10.98 07.82 15.07 08.45 05.26 09.17 06.34 03.66 04.38 07.34 16.51 17.02 22.44 24.24 31.09 48.60 21.80 43.91 12.69 07.97 07.41 40.57 76.86 86.38 06.80 07.06 07.08 06.07 06.77 07.82 06.88 00.66 00.29 00.32 00.14 00.25 06.86 12.56 17.01 17.81 17.64 17.60 16.04 08.33 08.58
11.74 10.12 10.34 10.84 11.24 11.35 11.34 11.57 09.95 09.89 10.16 11.58 11.61 11.79 11.67 09.27 09.03 08.41 08.08 07.93 07.07 06.78 05.82 05.75 06.15 05.59 03.59 00.89 08.73 11.05 13.73 07.67 09.99 07.34 06.26 11.16 17.68 09.83 18.67 17.01 04.26 04.45 12.92 16.56 08.82 14.79 31.48 42.03 57.13 25.93 10.92 12.82 11.17 12.22 13.55 50.33 06.91 08.22 07.96 06.24 06.90 07.89 03.57 00.67 00.29 00.20 00.19 00.30 08.79 13.44 16.87 19.56 22.40 19.63 16.17 08.80 07.91
12.09 10.17 10.32 10.78 11.25 11.34 11.53 11.72 10.13 10.06 10.40 11.87 11.90 12.28 11.71 09.30 09.22 08.79 08.18 08.32 07.35 06.98 06.30 05.90 06.24 06.11 05.40 03.49 07.12 10.40 12.64 07.56 08.88 10.58 08.13 14.22 17.14 20.91 32.75 20.92 04.82 04.34 04.51 07.84 04.82 13.28 32.57 37.08 45.45 35.19 36.35 12.15 10.76 12.62 12.90 12.85 17.25 07.59 07.80 10.05 11.31 11.76 02.49 00.52 00.57 00.45 02.75 02.87 09.21 15.11 17.16 20.31 21.18 17.76 14.50 07.52 07.53
12.33 10.16 10.32 10.75 11.24 11.45 11.73 11.83 10.34 10.32 10.72 12.18 12.18 12.66 12.10 09.84 09.59 09.55 08.23 08.43 07.68 07.29 07.02 06.10 06.97 06.21 05.30 02.90 08.90 09.91 12.02 07.08 08.13 09.55 11.18 13.42 15.63 18.33 17.33 08.43 06.45 07.91 05.62 04.88 06.77 08.84 29.85 32.76 39.23 48.92 19.65 08.52 09.42 12.07 12.23 12.33 11.31 11.61 12.39 10.28 10.86 11.67 12.67 14.18 00.57 00.56 00.51 01.69 09.45 16.56 18.91 21.69 21.91 22.06 19.84 07.25 07.32
12.32 10.15 10.31 10.79 11.34 11.65 11.93 11.74 10.53 10.65 11.09 12.47 12.45 12.84 12.62 10.47 10.34 10.14 08.46 08.29 06.97 06.66 06.55 06.39 06.72 06.16 04.66 00.72 11.19 11.27 11.55 06.70 07.62 08.66 11.55 12.50 14.22 16.42 16.16 17.82 05.98 08.03 29.17 04.93 07.28 17.79 27.85 30.77 34.32 38.95 22.01 32.04 61.82 35.35 11.69 12.54 11.03 11.72 11.05 10.25 10.78 11.65 12.75 14.63 05.57 13.24 14.71 17.13 20.47 20.73 19.44 21.57 23.11 24.32 11.39 07.53 07.21
12.25 10.14 10.30 10.84 11.48 11.87 12.14 11.57 10.74 10.87 11.23 12.72 12.71 12.98 13.06 10.99 11.21 10.33 09.30 07.71 07.07 06.59 06.39 06.54 06.72 06.26 04.38 01.89 12.81 12.51 11.96 09.17 07.31 07.99 10.89 11.89 12.90 14.69 16.64 16.82 17.50 11.25 27.53 04.73 11.51 19.31 26.24 28.95 30.76 34.72 37.05 43.61 55.86 33.90 12.34 12.88 11.60 11.77 10.66 10.12 10.69 11.70 12.49 13.18 11.07 12.70 14.29 16.43 18.14 18.89 19.64 21.65 23.78 20.79 12.62 07.93 06.76
12.25 10.14 10.28 10.93 11.66 12.10 12.39 11.82 10.93 11.10 11.40 12.96 12.83 12.77 13.38 11.48 10.89 09.77 07.85 07.45 07.11 06.63 06.43 06.54 06.71 06.44 03.78 02.19 13.36 13.39 12.39 10.12 07.17 07.78 10.37 11.33 12.17 13.64 14.93 15.85 16.29 18.22 19.58 08.70 17.17 18.23 24.93 27.12 28.92 30.61 34.49 40.79 53.55 66.58 12.90 12.38 11.89 12.86 09.70 10.13 10.76 11.98 12.52 13.11 10.58 12.44 15.21 17.26 18.17 17.97 19.28 20.69 19.30 14.48 11.73 07.55 07.52
12.38 10.16 10.25 11.01 11.85 12.33 12.65 12.16 11.10 11.41 11.55 12.81 12.49 12.44 13.63 08.97 08.97 08.95 08.05 07.73 06.97 06.65 06.49 06.39 06.92 06.55 03.31 02.39 13.05 14.75 15.74 10.50 07.25 07.75 09.95 10.87 11.62 13.05 13.72 14.92 15.48 17.51 18.73 19.21 16.61 17.17 23.27 25.46 27.04 28.52 32.18 37.98 63.38 33.60 12.64 10.50 12.14 12.81 09.98 10.28 12.12 14.07 14.69 13.16 11.94 12.74 14.07 15.15 15.54 18.97 21.09 22.95 19.46 12.51 11.65 07.93 06.68
12.50 10.18 10.22 11.09 12.04 12.53 12.84 12.62 11.22 11.31 11.28 12.40 12.13 12.11 11.65 09.23 09.20 09.25 08.31 08.06 07.04 06.72 06.37 06.24 06.93 06.50 03.37 02.45 12.72 14.43 15.58 13.72 07.32 07.78 09.74 10.56 11.29 12.48 13.20 14.14 15.54 16.83 18.21 19.16 19.24 16.63 18.39 23.79 25.38 27.02 30.31 34.92 48.77 20.25 07.96 16.41 11.13 11.12 11.01 10.88 12.03 14.33 14.09 12.48 11.90 13.00 14.58 15.22 15.79 16.71 18.75 20.77 14.89 12.88 33.90 10.12 05.94
12.64 10.19 10.30 11.09 12.29 12.71 13.02 12.65 10.86 10.89 11.00 12.05 11.86 11.92 11.31 09.46 09.60 09.17 08.52 08.39 07.29 06.87 06.25 06.11 06.89 06.58 03.54 02.60 12.62 14.08 15.32 13.04 08.29 07.81 09.53 10.39 11.08 11.98 12.66 13.52 14.77 18.70 17.69 18.87 19.28 19.14 18.12 22.86 24.11 25.33 28.15 31.88 38.86 20.99 38.38 50.84 11.61 14.60 16.04 16.46 62.25 14.38 13.37 12.29 11.76 13.45 14.93 15.29 15.69 16.02 16.13 18.51 20.86 36.50 23.90 08.52 05.47
12.79 10.19 10.38 11.04 12.53 12.45 12.09 11.97 10.53 10.80 10.84 11.79 11.69 11.83 10.94 09.83 09.81 09.29 08.69 08.72 07.55 07.04 06.14 05.99 06.93 06.55 03.20 02.53 12.74 13.71 15.09 09.75 08.07 08.92 10.46 10.19 10.88 11.58 12.20 12.97 14.05 18.27 19.49 18.60 19.24 19.36 19.16 23.07 23.47 24.27 25.98 29.19 33.47 27.15 37.73 42.59 44.50 34.26 49.08 52.84 56.16 41.05 09.57 11.83 11.32 14.00 15.14 15.44 15.67 15.84 15.93 14.38 13.78 13.71 10.93 21.33 04.47
12.23 10.14 10.28 10.89 11.31 11.60 11.74 11.15 10.52 10.81 10.88 11.95 11.89 12.15 11.20 10.20 09.97 09.40 08.85 09.00 07.72 07.41 06.22 05.88 06.98 06.58 03.03 02.55 11.14 12.57 14.76 07.03 07.92 09.11 10.80 10.89 10.70 11.20 11.78 12.62 13.59 18.00 19.30 19.07 19.19 19.48 20.49 23.97 23.63 24.04 24.13 26.99 28.75 30.69 33.96 37.59 40.99 43.15 46.64 51.85 54.34 29.39 32.83 34.35 45.47 67.63 14.97 15.58 15.70 15.65 15.05 13.96 13.66 13.25 12.50 12.63 04.08
12.21 10.17 10.38 10.95 11.42 11.72 11.99 11.17 10.75 10.91 10.99 12.13 12.09 12.46 11.51 10.34 10.10 09.68 09.07 09.17 07.87 07.80 07.19 05.92 04.75 06.76 03.08 02.56 09.41 11.45 13.56 06.80 07.83 09.30 11.25 11.11 11.30 11.03 11.37 12.35 13.30 17.76 19.16 19.92 19.18 19.42 23.47 24.32 23.93 24.00 24.22 25.00 26.57 28.85 31.31 34.90 38.49 41.43 45.67 50.73 50.23 35.35 28.17 43.70 57.53 32.14 11.59 15.07 15.72 15.46 14.56 13.87 13.60 13.18 12.47 14.69 15.51
11.99 10.23 10.49 11.02 11.54 11.85 12.18 11.10 10.89 11.01 11.12 12.34 12.35 12.73 11.83 10.49 10.33 10.05 09.27 09.29 08.55 08.15 07.97 06.15 05.38 06.93 05.28 02.58 05.36 08.44 11.86 06.57 07.27 09.56 11.56 11.34 11.24 11.19 11.26 12.10 14.31 17.38 19.08 20.46 20.02 19.38 24.07 24.75 24.95 24.41 24.44 24.70 25.98 27.64 29.30 33.55 37.13 40.27 44.69 49.75 48.05 35.31 31.92 43.35 54.34 49.48 51.33 71.79 15.55 15.00 14.16 13.71 13.42 12.80 12.26 12.72 15.58
11.66 10.28 10.54 11.07 11.60 11.92 12.28 11.03 11.02 11.10 11.23 12.60 12.64 12.96 12.64 10.67 10.53 10.24 09.37 09.21 09.52 08.42 07.86 06.73 05.89 02.19 06.85 03.13 01.96 03.68 05.96 07.47 07.00 09.36 11.73 11.47 11.20 11.14 11.38 11.95 15.12 17.20 18.87 20.24 20.45 19.63 24.33 25.09 25.00 25.24 24.72 25.23 25.17 26.73 28.24 32.21 36.31 39.49 43.87 48.90 46.59 31.48 35.51 41.08 50.17 61.44 81.10 26.39 11.81 12.39 12.50 11.83 11.11 06.82 06.49 20.55 11.39
11.37 10.31 10.56 11.11 11.69 12.08 12.47 11.09 11.15 11.18 11.33 12.87 12.87 13.13 13.17 10.97 10.69 10.52 09.38 09.20 09.90 07.53 07.36 07.09 05.90 02.99 02.51 03.04 01.02 08.26 06.42 04.54 05.48 09.19 11.90 11.49 11.11 11.08 11.42 11.91 15.22 16.78 18.44 19.80 20.69 20.34 24.57 25.07 25.11 25.98 24.43 26.90 24.05 25.83 27.09 30.80 35.09 39.09 44.39 48.46 45.55 30.21 34.43 37.98 46.68 54.14 36.67 51.91 36.31 25.73 53.42 45.85 68.88 65.07 65.15 41.58 06.49
11.00 10.43 10.66 11.39 12.01 12.35 12.66 11.14 11.27 11.32 11.53 13.11 13.08 13.38 13.66 11.17 10.54 10.08 09.43 08.81 08.07 07.51 07.11 07.27 07.03 05.63 04.31 02.55 01.49 05.26 07.04 06.53 03.39 04.92 11.98 11.56 10.93 10.99 11.64 12.00 15.31 16.63 17.89 19.29 20.08 20.44 24.84 24.89 24.95 25.46 24.81 26.06 22.72 24.62 26.23 29.83 34.45 38.65 44.63 48.42 46.74 29.72 33.35 36.63 43.82 41.83 46.78 49.52 53.19 57.27 60.78 65.32 68.11 63.28 58.20 28.13 13.45
10.67 10.48 10.78 11.72 12.30 12.61 12.88 11.61 11.34 11.45 11.76 13.35 13.26 13.68 13.87 10.74 10.35 09.84 08.35 08.24 08.13 07.45 07.11 06.85 06.82 06.60 05.54 02.41 01.99 05.63 06.28 04.45 04.98 02.70 11.89 11.41 10.73 10.89 11.63 12.08 15.14 16.82 17.30 18.28 19.66 20.49 25.48 24.58 24.45 24.90 25.38 25.27 27.33 23.14 25.78 29.03 33.89 38.46 44.49 48.05 54.15 29.24 32.84 35.19 38.33 42.08 45.55 49.90 54.08 57.30 60.80 65.86 66.92 62.07 49.19 19.98 06.87
10.54 10.53 10.90 12.07 12.52 12.64 13.13 12.26 11.41 11.47 11.82 13.58 13.43 13.50 13.22 10.19 09.87 09.57 08.50 08.34 08.05 07.40 07.11 06.74 06.60 06.63 05.54 02.25 08.89 07.13 14.98 05.30 09.12 06.01 11.60 11.12 10.59 10.76 11.38 12.20 14.80 15.95 16.96 17.30 19.20 22.37 25.30 24.57 23.99 24.58 25.22 25.29 26.80 25.10 25.20 28.05 32.99 38.55 44.03 46.68 52.04 30.60 32.46 33.55 35.78 41.85 46.30 50.62 55.01 58.33 62.86 66.81 65.84 60.99 45.29 38.81 43.02
10.82 10.86 11.06 11.97 12.66 12.67 13.37 12.99 11.29 11.41 11.72 13.79 12.57 12.24 12.33 09.89 09.75 09.74 08.77 08.49 07.94 07.39 07.20 06.69 06.41 06.87 06.05 03.36 05.74 09.62 07.36 06.98 07.93 08.20 11.46 10.74 10.46 10.53 11.05 12.34 14.34 15.20 16.43 16.72 18.76 22.58 24.71 24.88 23.57 24.39 25.00 25.63 26.15 26.04 24.30 26.84 32.29 37.77 43.40 44.91 46.87 32.59 32.05 31.35 35.40 42.27 46.81 51.71 56.12 59.35 63.20 68.23 65.43 60.05 40.24 44.15 40.83
11.50 11.22 11.36 11.72 12.59 12.71 13.33 13.12 11.14 11.38 10.44 11.57 11.92 12.07 12.24 09.91 09.85 09.93 08.73 08.35 07.90 07.25 07.22 07.60 07.01 07.20 06.50 03.54 02.11 10.29 10.07 11.14 06.89 07.38 10.49 10.39 10.32 10.30 10.64 12.32 13.85 14.50 15.78 16.31 18.08 21.61 24.03 25.21 23.21 24.23 24.70 25.63 25.19 26.12 27.40 26.25 30.34 36.13 42.06 44.55 44.78 33.03 31.29 30.94 35.42 41.94 46.91 51.74 56.21 59.61 64.77 70.61 72.72 58.51 41.65 42.47 52.52
12.75 11.09 11.05 11.18 12.33 12.60 13.02 12.98 11.02 10.75 10.59 11.76 12.05 12.15 12.16 09.92 10.11 09.05 07.96 07.86 07.27 07.11 07.10 07.33 07.22 07.19 06.58 03.22 08.36 13.92 12.73 09.33 06.15 06.64 09.74 07.65 06.14 05.35 07.90 09.75 13.13 14.04 14.93 15.71 16.89 21.27 23.84 24.74 23.76 24.04 24.86 25.48 24.66 25.56 26.93 26.09 28.25 34.44 40.10 43.73 41.89 32.19 29.05 30.95 36.95 42.36 45.93 51.54 55.61 60.46 65.86 71.44 72.84 74.21 34.76 41.87 47.96
14.60 11.00 10.61 10.93 12.23 12.43 12.64 12.70 10.80 10.78 10.74 11.98 12.29 12.43 11.86 08.74 08.79 08.67 08.01 07.93 07.28 07.11 07.17 07.11 07.22 07.16 06.50 03.03 15.11 18.26 13.33 20.48 08.79 05.94 06.30 06.83 08.00 03.11 05.15 05.56 12.90 13.40 14.10 14.72 15.68 20.83 23.68 24.23 24.36 24.77 24.71 25.72 24.10 24.66 26.42 27.33 27.83 32.58 38.44 42.79 38.70 30.98 25.60 30.72 38.06 42.12 44.58 50.52 55.14 60.18 66.54 71.51 72.84 72.24 34.39 38.96 44.01
15.47 10.69 10.33 10.76 12.01 12.26 12.26 12.36 10.55 10.78 10.73 12.31 12.54 11.56 11.39 08.92 08.84 08.71 08.10 07.99 07.28 07.11 07.04 06.95 07.42 07.13 05.74 02.23 15.34 17.78 17.53 26.65 17.27 18.10 05.62 06.07 06.48 03.16 03.27 03.85 12.87 12.99 12.93 13.53 14.71 19.57 23.43 23.72 23.47 23.99 24.30 25.44 23.75 23.85 26.48 28.36 28.02 31.46 36.15 40.86 35.78 29.17 25.20 30.26 37.90 40.94 44.32 50.07 55.23 60.30 67.95 72.28 73.30 68.78 33.17 37.04 41.22
15.40 10.52 09.92 10.46 11.48 11.82 11.83 11.96 10.31 10.76 10.71 11.11 11.16 11.30 11.18 09.10 09.10 08.51 08.18 08.10 07.35 07.20 06.96 06.84 07.48 07.20 04.65 00.64 15.32 17.14 19.47 24.38 22.30 30.31 21.71 08.87 06.17 03.09 03.24 03.82 12.14 11.85 11.99 12.17 13.72 17.29 20.20 22.93 22.36 22.73 23.80 24.61 23.45 24.31 26.62 28.21 27.81 31.03 34.17 38.26 32.48 23.69 24.95 30.80 37.55 40.12 44.69 50.68 55.70 61.59 69.84 72.73 74.11 65.95 32.87 34.31 40.70
14.75 10.44 10.01 10.18 11.07 11.45 11.50 11.60 10.23 10.33 10.36 11.25 11.38 11.53 11.21 09.30 09.26 08.71 08.31 08.24 07.44 07.29 06.89 06.75 07.54 07.26 05.79 01.97 14.07 16.46 18.40 21.78 25.89 26.01 11.82 12.53 19.53 11.49 03.24 03.77 05.88 11.47 10.75 07.51 06.55 07.64 11.05 22.38 22.58 21.51 23.14 23.55 23.14 24.89 25.99 27.75 27.71 29.86 32.38 35.15 30.41 24.47 25.94 32.00 36.59 39.97 45.17 51.34 56.67 63.84 71.56 73.40 75.35 74.68 37.41 28.98 37.70
11.71 10.92 10.01 10.19 10.80 11.19 11.34 11.49 10.38 10.38 10.51 11.46 11.59 11.75 11.39 09.53 09.41 08.92 08.44 08.38 07.50 07.36 06.88 06.73 07.44 07.33 06.57 02.91 12.90 15.30 17.24 19.61 23.52 14.35 11.56 13.31 15.88 06.30 03.84 03.13 03.81 03.91 03.82 04.41 03.98 03.54 05.67 22.45 22.71 21.51 22.46 23.66 23.21 25.54 25.75 26.78 27.68 28.53 30.54 31.77 25.01 25.42 27.08 32.12 35.88 39.73 45.14 51.51 58.02 66.58 74.50 76.64 78.57 80.10 77.18 23.82 29.53
12.27 10.50 10.13 10.22 10.78 11.02 11.24 11.46 10.45 10.44 10.64 11.68 11.80 11.96 11.62 09.67 09.54 09.14 08.54 08.47 07.55 07.41 06.96 06.72 07.22 07.40 06.84 03.08 11.86 14.06 16.18 18.27 21.41 10.44 11.51 12.96 04.75 05.17 09.16 05.16 04.36 06.40 05.85 09.64 07.21 03.98 05.17 21.74 22.48 21.83 21.83 23.59 23.30 24.93 25.41 26.15 27.04 27.33 28.67 29.75 26.63 26.90 29.17 32.08 35.26 39.59 45.47 51.62 60.38 70.18 78.35 83.16 85.87 84.75 76.08 16.80 94.71
12.72 11.56 10.22 10.23 10.70 10.87 11.26 11.62 10.47 10.46 10.73 11.90 12.01 12.12 11.81 09.72 09.65 09.37 08.64 08.55 07.53 07.46 07.16 06.72 06.87 07.47 07.13 03.17 07.57 13.10 15.22 17.07 19.22 09.87 10.58 11.74 06.98 14.11 07.72 08.99 04.86 09.85 07.75 13.68 07.98 05.37 05.15 19.12 20.65 21.73 21.27 22.82 22.79 24.21 24.52 25.21 25.53 25.94 26.66 26.55 25.35 26.82 28.74 31.32 34.42 39.50 45.28 52.66 61.45 71.99 77.91 83.39 85.18 86.23 85.07 82.97 45.29
06.32 14.01 07.65 05.48 10.81 11.08 11.84 11.94 10.48 10.49 10.82 12.04 12.10 12.23 12.01 09.84 09.75 09.51 08.71 08.60 07.50 07.57 07.42 06.71 06.58 07.55 07.29 03.30 02.78 12.30 14.28 15.96 17.49 09.05 09.86 10.07 15.43 14.59 09.10 14.60 09.42 13.09 11.35 15.40 10.36 07.79 06.71 17.52 18.78 20.23 21.09 21.45 21.70 22.57 23.60 24.35 24.07 23.84 24.16 22.59 23.51 26.34 27.84 30.38 33.80 39.40 45.59 55.23 63.71 70.95 76.39 81.86 84.93 87.64 88.09 88.44 80.28
-1.00 -1.00 05.05 00.93 11.07 11.42 12.20 12.31 10.57 11.24 11.34 12.07 12.18 12.33 12.23 09.96 09.86 09.68 08.76 08.71 08.04 07.72 07.57 06.71 06.60 07.77 07.46 03.43 01.80 11.55 12.83 14.85 16.25 08.44 09.33 10.37 14.43 16.93 11.84 13.89 14.09 13.34 12.11 12.20 12.44 10.66 10.02 12.40 16.35 17.59 20.08 21.05 21.27 20.19 22.23 22.94 22.94 22.09 21.90 18.93 21.91 24.41 26.51 29.20 33.06 39.05 47.39 56.28 63.87 70.99 75.23 79.32 82.33 84.93 86.29 87.49 76.06
-1.00 -1.00 -1.00 -1.00 06.15 12.43 12.42 12.93 11.07 12.47 11.88 08.50 12.28 12.43 12.44 10.04 09.95 09.87 08.89 08.87 08.66 07.82 07.71 06.72 06.59 07.98 07.65 06.42 02.92 10.20 11.89 13.64 15.05 07.98 08.77 09.50 13.59 15.02 14.73 14.44 14.55 13.12 12.58 11.34 09.99 11.08 11.24 13.45 14.14 15.62 17.86 18.71 19.12 18.84 20.62 21.86 21.70 21.43 20.35 18.66 20.17 21.93 24.34 28.73 32.31 38.86 47.53 57.04 64.62 70.16 72.30 75.27 79.20 81.29 82.51 83.67 68.25
