data/trial2/ashley.ros
NCOLS 382
NROWS 266
XLLCORNER 157819.328125
YLLCORNER 384678.625000
CELLSIZE 30.000000
NODATA_VALUE -1
[rows 102 to 135 of 266, columns 154 to 230 of 382]
-1.00 -1.00 -1.00 -1.00 09.81 10.06 10.33 10.72 11.26 22.07 18.47 03.50 03.59 04.05 03.14 03.16 03.59 03.71 03.67 03.25 03.05 03.11 03.26 04.02 04.79 05.06 05.48 05.26 04.18 04.08 03.40 01.95 01.70 02.73 03.21 03.73 04.24 04.84 06.88 07.93 04.03 05.72 06.53 09.42 15.23 16.99 14.78 13.09 11.80 10.80 08.52 08.63 07.68 08.00 06.90 05.15 09.22 12.00 12.40 12.67 08.87 10.87 16.53 11.14 09.31 09.72 09.05 10.43 16.40 18.46 13.81 09.38 04.56 00.32 00.35 00.31 -1.00
-1.00 -1.00 -1.00 -1.00 10.07 10.16 10.49 10.84 15.46 11.65 08.26 03.28 03.68 03.99 03.02 02.90 03.21 03.91 03.95 03.39 03.05 03.03 03.17 04.07 04.75 05.47 05.18 05.02 05.82 03.52 03.41 02.10 03.26 03.41 03.64 04.37 04.60 08.68 07.79 07.16 03.96 04.80 06.39 08.37 12.42 14.89 14.69 13.46 11.66 10.40 08.53 07.60 07.15 06.86 06.46 09.44 09.45 10.20 11.15 12.03 09.26 17.44 14.35 11.46 09.44 10.03 08.92 11.88 15.38 16.40 12.28 08.59 04.70 00.30 00.35 00.34 -1.00
-1.00 -1.00 -1.00 10.26 10.28 10.36 10.55 12.11 14.32 08.19 04.21 03.15 03.64 03.89 05.79 03.04 02.89 03.72 03.68 03.64 03.10 02.93 03.40 03.95 04.74 05.32 05.34 04.92 05.27 03.32 02.55 03.10 04.05 04.61 03.42 05.47 07.91 08.22 06.94 07.44 04.08 04.18 06.52 08.56 11.16 14.39 13.53 12.70 11.83 10.82 08.22 07.35 06.91 06.39 06.23 08.84 08.72 09.44 10.57 11.56 12.33 16.70 20.87 14.04 09.52 11.03 09.30 11.86 14.24 13.04 10.11 07.54 03.75 00.27 00.35 00.35 -1.00
-1.00 -1.00 10.41 10.55 10.33 10.41 10.29 11.60 10.87 06.33 03.33 03.01 03.20 04.95 05.08 04.78 02.58 02.99 03.51 03.30 03.63 02.79 03.05 03.25 03.81 04.44 04.44 04.31 04.83 03.55 00.55 03.09 04.70 04.99 06.08 06.84 08.02 07.49 07.07 07.96 06.20 04.85 06.32 09.04 11.11 12.01 11.68 11.19 10.75 10.35 10.13 07.50 07.17 06.37 08.99 09.06 08.71 09.13 09.95 10.35 12.84 18.93 20.72 17.99 09.89 10.01 10.39 09.55 10.51 09.88 07.22 04.61 03.42 00.31 00.33 -1.00 -1.00
-1.00 -1.00 10.72 10.78 10.54 09.60 09.85 11.18 10.34 05.55 03.72 02.72 03.31 04.53 04.42 04.27 02.40 02.39 03.04 03.51 03.43 03.20 02.66 02.85 03.45 04.05 03.81 03.51 03.27 03.36 01.23 03.10 05.08 06.30 06.25 06.97 07.74 07.45 08.35 07.14 06.60 04.40 05.46 08.07 11.36 15.53 15.35 13.05 11.78 10.33 09.96 09.49 07.04 06.45 07.87 07.94 08.17 09.53 09.36 10.09 12.28 14.85 20.88 16.91 09.30 09.02 10.18 09.14 06.87 05.70 04.95 03.00 00.39 00.30 00.29 -1.00 -1.00
-1.00 -1.00 11.03 10.86 11.05 09.49 09.78 10.56 09.62 07.96 05.07 02.67 07.22 10.88 07.61 04.56 02.36 02.31 02.46 02.96 05.75 03.08 02.78 02.04 02.33 02.46 02.58 02.37 02.54 03.08 01.76 03.00 04.33 06.58 06.24 07.32 07.65 06.20 08.32 07.81 08.15 04.50 06.96 07.76 13.66 19.14 16.68 15.30 14.00 12.19 09.62 09.60 07.46 07.15 07.74 07.78 07.77 07.37 07.60 07.60 07.92 09.25 11.34 10.02 08.42 06.76 07.82 06.90 07.32 04.84 03.20 01.79 00.26 00.32 -1.00 -1.00 -1.00
-1.00 11.29 11.67 11.84 10.45 09.44 09.61 09.44 09.65 08.80 02.44 02.56 09.73 09.95 10.03 06.38 02.65 02.33 02.24 04.56 08.37 04.99 02.95 01.87 01.85 01.87 01.90 02.08 01.98 00.93 02.01 03.28 05.90 06.06 06.08 06.32 05.21 06.24 08.62 09.14 09.69 07.58 06.02 09.50 14.94 18.02 17.41 19.83 17.07 14.19 10.48 08.98 08.65 07.30 07.52 07.18 06.72 06.28 06.93 06.33 06.01 05.68 05.54 04.99 06.09 06.03 06.01 06.06 06.26 04.37 02.43 01.13 00.30 00.38 -1.00 -1.00 -1.00
-1.00 11.58 13.15 12.03 07.98 07.83 09.65 09.86 04.42 02.33 02.80 09.60 09.93 10.28 08.78 04.94 02.77 03.18 02.52 06.52 07.73 05.34 03.21 03.00 02.65 02.80 02.74 02.87 02.54 02.23 02.73 05.70 06.09 06.33 06.15 05.72 06.15 06.38 08.22 09.74 10.67 10.57 06.73 11.77 15.81 16.79 20.02 24.38 20.73 15.51 10.76 08.42 08.14 09.26 08.82 07.91 06.78 06.21 05.73 05.60 05.15 04.71 04.29 04.29 04.88 04.48 05.83 06.22 05.59 04.26 02.46 00.99 00.65 00.33 00.35 -1.00 -1.00
-1.00 14.11 13.64 09.16 05.97 04.21 09.94 09.66 02.30 07.90 07.96 10.05 10.37 10.27 07.73 05.48 05.20 04.23 03.27 06.46 07.19 04.91 06.20 03.41 06.88 05.02 09.08 09.64 05.80 03.95 06.48 06.12 06.36 07.09 06.33 07.03 06.96 08.20 09.78 11.08 11.46 12.57 08.53 12.93 17.77 17.45 18.54 23.80 21.19 17.02 11.50 08.77 08.15 08.76 08.39 08.03 07.71 07.55 07.17 06.63 06.53 06.44 06.14 05.90 04.31 04.45 04.29 04.20 04.73 03.86 02.30 00.60 01.46 00.27 00.38 -1.00 -1.00
-1.00 16.25 12.67 06.79 04.24 02.31 06.18 04.98 02.43 06.04 10.84 10.65 12.46 09.17 07.02 05.85 06.54 06.42 05.64 06.84 06.56 05.48 05.73 04.80 10.40 12.35 23.52 24.80 11.26 07.95 07.85 06.73 06.37 06.45 07.38 06.98 07.63 09.58 11.85 12.17 12.42 12.87 13.15 10.76 17.84 14.70 15.65 18.96 18.40 16.46 11.81 08.56 08.81 08.20 07.84 07.51 07.20 06.87 06.57 06.46 06.62 06.60 06.59 06.27 06.18 04.47 04.19 03.94 03.75 03.58 02.06 01.28 01.54 00.27 00.37 -1.00 -1.00
-1.00 -1.00 11.87 06.00 03.08 05.84 02.36 02.35 02.54 02.75 10.53 07.90 12.25 06.03 05.24 03.76 04.06 04.35 06.22 06.57 06.33 06.27 06.04 01.66 16.63 19.06 29.14 18.70 11.61 10.21 09.30 06.76 05.63 06.84 07.62 07.58 08.14 21.81 24.43 11.70 12.87 12.54 11.84 09.50 12.01 13.14 12.96 18.60 27.17 13.23 12.14 08.92 07.29 07.32 07.36 07.21 07.02 06.81 06.51 06.61 06.86 06.98 06.89 06.55 06.31 05.90 06.02 03.47 03.60 03.38 01.14 00.40 00.68 00.34 00.37 -1.00 -1.00
-1.00 -1.00 -1.00 -1.00 05.70 11.00 13.64 02.34 02.63 02.41 10.02 05.00 10.82 05.75 03.19 02.60 02.14 02.69 06.08 06.00 06.06 06.11 05.70 02.58 17.53 19.49 26.85 17.16 10.73 12.61 12.98 06.52 06.47 06.56 07.24 07.17 09.49 24.49 12.38 12.58 13.31 12.25 11.13 09.55 12.22 12.42 58.51 65.92 65.87 27.52 14.22 09.03 08.18 08.37 08.46 08.39 08.32 07.97 07.57 86.21 07.13 08.31 08.85 06.87 06.40 05.87 05.06 02.95 03.52 03.30 00.61 00.77 00.27 00.39 -1.00 -1.00 -1.00
-1.00 -1.00 -1.00 -1.00 11.22 16.84 16.35 02.28 02.69 02.84 02.60 03.80 03.41 03.87 04.34 02.57 02.17 02.00 05.71 05.72 05.69 05.96 03.30 01.37 17.41 19.57 24.36 17.22 26.00 11.61 11.22 07.71 06.19 08.43 12.47 09.31 12.69 12.24 11.95 11.94 12.57 12.10 11.30 09.61 12.04 51.39 56.69 59.32 76.48 17.81 17.97 15.11 16.87 18.57 20.23 21.88 28.39 53.88 93.77 63.29 101.63 129.18 63.92 09.01 08.56 05.44 04.20 02.95 03.50 03.19 00.27 00.27 00.38 00.42 -1.00 -1.00 -1.00
-1.00 -1.00 -1.00 -1.00 14.68 12.29 18.17 02.92 02.39 02.91 03.05 03.14 03.63 04.11 03.97 02.43 02.25 02.09 02.96 05.53 03.83 05.77 03.32 02.21 17.43 19.43 22.56 22.05 25.89 26.00 09.66 07.67 06.17 08.53 14.44 16.37 09.22 13.33 15.91 16.29 11.52 10.76 20.66 25.86 43.07 52.65 57.75 60.42 35.85 13.49 15.89 33.22 118.19 20.62 22.29 22.95 25.20 82.49 75.95 98.12 130.70 161.57 159.92 92.90 78.94 04.85 04.49 02.61 01.43 00.19 00.28 00.40 00.45 -1.00 -1.00 -1.00 -1.00
-1.00 -1.00 -1.00 -1.00 16.86 08.12 14.07 04.03 02.38 02.49 03.07 03.41 03.08 02.97 02.44 02.43 02.28 02.17 02.08 03.91 02.44 05.60 03.32 02.30 16.91 19.00 21.83 22.72 26.77 15.46 10.88 08.65 12.76 18.21 12.36 14.59 21.38 24.85 26.33 27.24 26.37 30.02 32.25 37.25 44.57 52.66 53.95 58.46 68.56 83.43 100.10 117.59 150.87 184.81 42.64 22.88 23.44 44.34 92.97 129.85 156.39 141.66 121.33 99.03 05.95 04.41 04.57 01.16 00.18 00.28 00.43 00.44 -1.00 -1.00 -1.00 -1.00 -1.00
-1.00 -1.00 -1.00 -1.00 -1.00 -1.00 -1.00 -1.00 03.37 02.30 02.56 03.19 03.30 03.37 02.57 02.43 02.44 02.35 02.26 02.14 01.85 03.68 02.21 02.38 15.77 18.36 21.07 22.80 24.85 10.89 11.04 09.89 12.29 18.62 18.94 16.93 19.89 21.59 24.47 25.75 26.71 29.97 32.63 37.06 44.19 48.87 56.13 66.01 79.96 97.02 116.07 155.83 188.94 168.76 126.59 143.92 42.19 66.12 108.08 107.10 114.79 107.26 79.87 48.46 05.85 04.30 04.57 00.24 00.27 00.46 00.52 -1.00 -1.00 -1.00 -1.00 -1.00 -1.00
-1.00 -1.00 -1.00 -1.00 -1.00 09.32 05.47 02.86 02.40 07.09 10.09 07.95 02.87 03.36 03.38 03.05 02.47 02.34 02.42 02.13 01.93 01.79 01.48 02.26 14.62 17.53 20.28 22.55 23.20 09.43 10.70 11.19 13.61 17.96 18.19 19.25 20.19 21.59 23.66 26.36 28.05 30.02 32.02 36.39 43.87 50.86 61.54 76.38 98.58 137.32 175.06 177.90 155.59 138.68 127.08 97.25 62.26 62.10 48.57 60.67 75.54 35.49 29.11 13.85 04.09 02.27 00.23 00.25 00.35 00.55 00.54 -1.00 -1.00 -1.00 -1.00 -1.00 -1.00
-1.00 -1.00 -1.00 -1.00 10.56 10.37 09.66 03.72 02.36 11.19 09.83 09.41 06.45 04.64 08.89 10.20 02.42 02.47 02.33 02.14 01.93 01.78 01.35 01.46 13.40 16.64 19.59 22.13 22.00 09.56 10.36 11.14 16.66 17.73 18.03 19.25 19.97 21.45 24.07 26.23 29.01 30.96 32.39 39.94 45.81 57.09 71.52 93.15 138.36 183.95 165.09 146.57 123.72 113.46 105.24 67.14 55.00 29.18 14.51 40.10 06.44 03.46 03.43 03.55 00.23 00.20 00.23 00.37 00.54 00.65 -1.00 -1.00 -1.00 -1.00 -1.00 -1.00 -1.00
-1.00 -1.00 -1.00 -1.00 10.45 10.53 10.53 06.63 10.28 10.25 09.63 09.86 09.44 09.10 08.97 09.73 09.42 02.39 02.18 02.14 01.95 01.73 01.28 00.92 12.13 14.09 18.75 21.51 20.33 09.63 10.51 11.17 16.67 17.36 18.16 18.87 19.97 21.27 25.12 26.73 28.74 31.34 35.99 41.26 50.51 63.81 83.36 139.85 167.08 147.99 131.20 115.57 96.77 87.54 79.47 45.27 63.00 60.31 13.29 10.29 11.58 10.00 08.08 06.68 00.26 00.35 00.43 00.55 00.65 00.57 -1.00 -1.00 -1.00 -1.00 -1.00 -1.00 -1.00
-1.00 -1.00 -1.00 10.56 10.57 10.73 10.26 10.03 10.32 10.00 09.85 10.15 10.33 09.20 09.08 09.10 09.15 04.21 02.25 02.18 01.97 01.76 01.22 01.12 02.22 10.22 17.66 20.54 17.86 09.73 10.46 11.10 16.28 17.12 17.81 18.50 19.76 20.91 24.71 26.72 29.32 32.21 36.62 43.21 54.52 74.53 144.82 142.67 126.00 110.59 96.16 77.12 70.08 65.83 38.34 43.82 51.21 13.84 13.17 13.29 13.93 11.38 09.68 03.43 00.36 00.30 00.38 00.54 -1.00 -1.00 -1.00 -1.00 -1.00 -1.00 -1.00 -1.00 -1.00
-1.00 -1.00 -1.00 10.72 10.78 11.04 10.00 10.14 10.28 09.97 10.12 10.52 10.27 09.31 09.20 09.29 08.80 08.07 02.32 02.19 02.05 01.83 01.43 00.90 01.42 05.88 15.52 19.00 13.43 09.83 10.53 11.40 16.02 17.06 17.54 18.19 19.33 21.44 23.74 25.80 28.71 32.68 37.61 46.53 84.00 115.04 108.68 97.78 82.39 70.76 60.22 55.70 53.27 31.20 39.08 44.08 63.32 25.47 14.24 13.86 13.78 14.42 14.52 10.67 00.40 00.27 00.38 00.50 -1.00 -1.00 -1.00 -1.00 -1.00 -1.00 -1.00 -1.00 00.22
-1.00 -1.00 11.05 11.03 11.05 11.25 10.08 10.22 10.26 10.06 10.31 10.70 09.39 09.42 09.17 09.59 09.94 09.54 04.77 02.18 02.10 01.89 01.65 00.48 01.28 02.66 13.52 16.84 09.33 09.86 10.54 14.00 15.93 16.94 17.32 18.00 18.90 20.92 22.59 24.95 28.83 32.86 39.19 54.81 69.56 54.26 46.90 41.89 40.29 40.86 39.51 38.20 19.75 31.40 38.93 47.68 26.10 12.27 13.68 13.60 13.79 14.36 15.92 12.54 00.44 00.32 00.41 00.51 00.49 -1.00 -1.00 -1.00 -1.00 00.23 00.23 00.37 00.73
-1.00 -1.00 11.24 11.28 11.35 10.90 10.03 10.27 10.29 10.26 10.41 10.85 09.47 09.49 09.25 09.80 10.01 09.98 08.26 03.71 02.17 02.01 01.79 01.05 01.07 01.49 11.34 15.12 08.27 09.42 10.42 15.30 15.82 16.58 17.11 17.85 18.76 20.47 22.24 25.16 28.66 32.88 38.24 51.90 28.11 19.27 11.15 09.78 17.70 24.32 27.61 28.40 17.49 33.95 25.38 20.39 14.59 17.20 13.06 13.69 13.58 14.74 08.67 12.97 00.47 00.36 00.43 00.58 00.52 -1.00 -1.00 00.22 00.19 00.47 01.00 01.07 01.15
-1.00 -1.00 11.45 11.45 11.63 10.24 09.91 10.19 10.44 10.54 10.79 11.11 09.66 09.58 09.59 10.40 10.56 10.51 08.52 07.69 02.24 02.14 01.88 01.51 00.73 01.38 02.46 10.27 07.94 09.01 10.18 15.34 15.70 16.25 16.87 17.63 19.46 20.12 21.66 24.76 28.17 32.01 45.00 25.55 13.27 15.89 12.99 12.90 12.26 22.32 30.52 04.76 13.35 27.99 08.27 09.15 12.28 15.95 16.90 13.85 14.14 14.70 16.66 04.56 00.51 00.41 00.45 00.47 00.25 00.18 00.17 00.61 00.99 01.04 01.10 01.09 00.96
-1.00 -1.00 11.67 11.73 11.85 09.63 09.92 10.19 10.93 10.98 11.36 11.51 09.90 09.69 09.93 11.21 11.23 12.54 08.91 05.44 02.31 02.29 02.12 01.80 01.25 01.11 01.53 05.39 06.02 07.41 09.93 15.02 15.54 16.11 16.63 17.37 19.14 19.80 21.03 23.89 27.06 30.51 33.68 38.01 12.80 15.95 12.94 12.36 12.16 12.29 12.59 05.28 06.88 08.49 08.39 09.20 09.62 12.80 16.70 13.99 15.53 15.23 17.49 00.82 00.60 00.57 00.59 00.19 00.43 00.84 00.98 00.96 01.01 01.15 01.17 01.11 01.08
-1.00 -1.00 11.89 11.91 11.96 09.70 10.25 10.55 11.46 11.37 11.91 11.75 10.19 10.13 10.33 12.00 12.13 16.06 07.17 03.55 02.40 02.32 02.30 02.02 01.88 00.94 01.17 01.67 02.76 04.54 09.24 14.85 15.32 15.96 16.30 17.28 18.94 19.72 20.22 22.54 25.73 30.55 35.46 27.85 15.95 15.13 13.17 12.17 12.58 12.91 07.65 05.74 06.09 07.55 07.96 27.14 09.79 09.60 14.61 15.22 15.98 13.08 09.37 00.93 00.77 00.46 01.15 00.92 00.90 01.18 01.37 01.20 01.32 01.34 01.48 01.67 01.19
-1.00 -1.00 12.17 12.06 12.13 10.44 10.57 10.82 09.71 07.46 12.40 11.69 10.50 10.61 10.83 12.69 13.31 18.07 06.69 04.06 02.48 02.35 02.35 02.15 01.71 00.68 01.53 04.00 03.79 03.11 08.51 13.50 14.76 15.76 15.99 17.12 18.69 19.29 19.62 21.13 24.24 27.38 35.16 20.88 31.96 08.91 12.56 13.69 13.25 13.23 05.12 05.07 27.44 06.20 49.52 20.69 09.63 09.13 10.47 14.08 14.88 16.46 03.56 01.04 00.95 00.73 00.93 01.38 01.25 01.30 01.55 01.65 01.74 01.80 01.89 01.37 01.84
-1.00 -1.00 12.45 11.73 13.04 13.63 09.75 08.57 05.89 04.71 12.86 12.08 10.93 11.12 11.69 13.71 13.15 14.24 06.54 06.00 02.39 02.34 02.28 02.22 01.57 01.06 01.54 03.66 12.63 03.08 07.91 12.47 13.79 15.11 15.66 16.56 18.22 18.77 19.08 21.07 23.34 26.13 32.08 31.52 32.42 10.70 09.05 09.60 12.82 13.06 05.35 04.71 28.69 39.66 48.89 67.58 10.23 08.72 08.27 10.29 13.93 14.81 17.75 01.06 01.00 02.83 01.02 01.31 01.84 02.89 05.97 03.29 03.06 03.17 02.68 02.23 01.92
-1.00 -1.00 10.73 10.74 13.84 20.70 11.58 06.73 02.82 02.93 10.59 09.69 11.36 11.61 12.00 14.27 11.81 09.66 09.99 07.60 02.55 02.32 02.20 02.21 01.61 01.15 01.66 03.28 10.18 05.89 07.57 11.66 13.03 14.26 14.98 15.98 17.61 18.31 18.65 19.92 21.79 26.73 30.14 34.84 33.08 44.35 25.30 09.23 12.61 04.66 04.21 28.87 33.80 38.81 53.51 48.75 21.47 08.43 08.33 08.52 08.63 13.88 16.79 00.96 00.96 06.08 04.11 04.75 05.79 06.56 04.56 08.81 09.51 05.07 03.35 02.81 02.57
-1.00 10.71 10.34 11.12 11.14 13.08 14.19 07.27 05.37 02.50 02.84 04.69 11.75 10.71 11.77 09.59 10.13 09.98 09.58 04.77 04.93 02.26 02.19 02.20 01.66 01.10 01.67 03.00 10.90 06.89 07.30 09.82 12.27 13.08 14.31 15.35 17.04 17.91 18.15 19.00 20.46 25.37 28.26 32.78 37.71 54.58 77.98 08.88 08.46 04.36 21.80 26.43 32.01 38.12 50.45 34.23 22.14 07.96 08.38 08.45 07.99 12.87 15.67 00.88 00.76 03.08 04.41 05.42 05.59 06.77 08.41 10.95 10.29 16.22 13.35 02.80 02.68
-1.00 10.50 10.59 10.74 12.06 08.57 05.24 03.68 04.01 02.44 02.50 03.02 02.93 06.42 05.43 07.72 09.99 09.93 08.90 07.50 06.87 02.22 02.20 02.19 01.72 00.98 01.71 02.84 11.06 08.15 07.10 07.66 11.62 12.28 13.66 14.73 16.49 17.09 17.63 18.06 19.20 24.03 26.95 31.56 37.55 64.24 68.16 34.51 08.16 06.92 30.32 24.11 30.43 36.71 47.56 58.07 68.48 42.54 10.34 07.34 06.97 11.66 13.40 00.81 00.53 00.31 04.18 04.62 05.61 06.87 09.06 11.15 15.02 17.17 15.97 11.60 08.58
10.54 10.85 10.77 10.78 11.49 08.55 13.60 11.30 03.96 04.23 02.48 02.76 02.42 02.51 03.73 10.16 09.97 09.89 09.36 04.90 03.46 02.18 02.18 02.24 01.82 00.80 01.67 02.87 09.51 10.38 06.76 07.36 11.07 11.96 13.02 13.98 15.96 16.28 17.25 17.19 17.91 22.56 26.32 30.24 34.07 55.47 50.09 26.50 07.98 05.68 41.51 21.70 27.69 35.66 47.67 58.97 71.43 90.62 34.16 05.92 05.97 10.65 11.51 00.71 00.43 00.35 01.38 04.40 05.50 07.29 09.45 11.52 15.41 16.03 15.74 14.17 08.91
11.05 11.28 11.28 10.66 11.23 11.66 11.98 07.13 03.88 02.59 02.53 02.47 02.37 02.30 10.37 10.23 10.25 08.00 06.04 02.87 02.68 02.63 02.13 02.28 01.93 00.61 01.60 02.02 07.39 09.98 06.24 07.00 10.52 11.35 12.54 13.22 15.45 15.53 16.23 16.40 17.49 20.99 24.57 27.84 38.42 39.08 19.78 07.69 07.14 19.38 60.98 19.22 24.25 37.74 49.14 62.80 84.05 57.80 05.37 05.42 09.46 10.25 05.03 00.65 00.41 00.35 00.15 02.11 05.61 07.67 11.19 12.86 14.56 17.08 19.24 10.03 09.80
11.55 11.73 10.62 10.22 11.02 12.22 10.65 09.69 06.55 04.18 02.36 05.73 03.45 10.60 10.62 10.13 08.09 07.71 04.81 03.48 02.72 02.95 02.67 03.47 01.99 00.84 01.70 01.88 10.05 08.69 07.01 06.51 07.19 10.49 11.52 12.34 14.39 14.89 15.07 15.07 16.81 13.56 22.33 25.52 43.18 23.23 11.40 07.88 07.81 27.53 53.22 53.63 14.26 37.45 54.30 72.19 95.44 05.55 05.20 05.73 09.53 11.24 07.46 00.64 00.39 00.33 00.14 01.04 05.64 08.43 10.95 13.33 14.47 16.13 19.16 10.28 10.90
