data/trial2/ashley.fli
NCOLS 382
NROWS 266
XLLCORNER 157819.328125
YLLCORNER 384678.625000
CELLSIZE 30.000000
NODATA_VALUE -1
[rows 104 to 129 of 266, columns 180 to 239 of 382]
00040.293 00036.430 00038.676 00021.993 00011.263 00013.612 00021.649 00026.710 00020.747 00035.368 00052.401 00054.708 00046.934 00050.808 00027.827 00030.129 00048.328 00064.271 00084.683 00108.232 00101.781 00095.470 00088.777 00081.119 00061.305 00054.365 00050.765 00046.331 00044.106 00060.934 00059.635 00063.878 00070.707 00076.723 00084.488 00116.005 00146.228 00097.352 00064.168 00073.544 00059.162 00073.632 00086.120 00076.488 00056.704 00040.043 00016.367 00000.711 00001.032 00001.039 -0001.000 -0001.000 -0001.000 -0001.000 -0001.000 -0001.000 -0001.000 -0001.000 -0001.000 -0001.000
00032.402 00031.791 00033.566 00024.416 00000.636 00014.957 00027.239 00031.331 00039.536 00045.688 00054.133 00051.387 00049.328 00055.920 00043.767 00035.651 00046.791 00068.165 00084.736 00091.003 00088.386 00084.610 00081.158 00078.039 00076.069 00055.963 00053.038 00046.676 00063.804 00063.926 00061.149 00063.395 00068.354 00070.995 00089.374 00132.938 00145.036 00124.705 00067.219 00066.621 00066.117 00059.794 00065.251 00059.229 00041.190 00023.458 00013.996 00000.823 00001.011 -0001.000 -0001.000 -0001.000 -0001.000 -0001.000 -0001.000 -0001.000 -0001.000 -0001.000 -0001.000 -0001.000
00025.630 00022.709 00020.153 00021.272 00003.261 00016.405 00031.049 00040.762 00041.800 00047.835 00053.783 00052.474 00059.597 00051.472 00047.947 00032.263 00040.683 00060.873 00087.220 00119.280 00117.345 00099.272 00089.492 00078.374 00075.149 00071.264 00052.413 00047.491 00056.976 00057.295 00058.687 00067.671 00065.769 00070.861 00086.546 00104.694 00146.224 00117.713 00063.804 00059.774 00065.682 00058.289 00043.199 00034.587 00027.712 00014.120 00000.123 00000.892 00000.849 -0001.000 -0001.000 -0001.000 -0001.000 -0001.000 -0001.000 -0001.000 -0001.000 -0001.000 -0001.000 -0001.000
00013.822 00012.252 00013.352 00016.392 00007.401 00016.872 00027.531 00043.804 00042.842 00051.508 00054.415 00044.691 00060.565 00057.397 00060.141 00033.231 00052.296 00058.739 00105.056 00147.620 00127.958 00116.962 00106.906 00092.957 00072.982 00072.487 00056.000 00052.901 00056.850 00057.068 00056.780 00053.421 00054.657 00054.702 00057.023 00066.518 00080.787 00070.735 00058.274 00045.673 00051.776 00045.376 00047.321 00030.030 00017.393 00006.451 00000.720 00000.996 -0001.000 -0001.000 -0001.000 -0001.000 -0001.000 -0001.000 -0001.000 -0001.000 -0001.000 -0001.000 -0001.000 -0001.000
00008.322 00010.031 00008.462 00002.421 00009.993 00020.229 00038.730 00041.107 00042.783 00045.443 00038.133 00046.028 00063.592 00067.870 00072.415 00056.565 00045.354 00072.556 00115.122 00139.256 00133.419 00152.261 00130.900 00108.583 00079.896 00068.109 00065.200 00054.431 00055.860 00053.201 00049.739 00046.213 00050.797 00046.510 00044.089 00041.599 00040.340 00036.067 00043.167 00041.972 00041.198 00041.040 00041.792 00027.537 00012.894 00002.918 00000.841 00001.164 -0001.000 -0001.000 -0001.000 -0001.000 -0001.000 -0001.000 -0001.000 -0001.000 -0001.000 -0001.000 -0001.000 -0001.000
00016.233 00017.510 00014.271 00011.944 00016.625 00037.029 00040.852 00043.994 00044.092 00042.242 00045.838 00047.562 00061.126 00072.994 00080.598 00079.618 00050.931 00089.918 00121.562 00128.830 00153.697 00187.396 00159.362 00119.092 00082.318 00064.144 00061.659 00069.723 00066.392 00059.550 00050.884 00046.345 00042.663 00041.783 00038.467 00035.126 00031.937 00031.637 00035.653 00032.230 00041.263 00043.586 00038.125 00027.152 00013.329 00002.466 00003.409 00001.017 00000.997 -0001.000 -0001.000 -0001.000 -0001.000 -0001.000 -0001.000 -0001.000 -0001.000 -0001.000 -0001.000 -0001.000
00030.018 00063.412 00037.356 00025.319 00042.551 00040.929 00043.927 00050.323 00046.020 00052.490 00052.275 00061.493 00073.507 00083.791 00087.023 00095.328 00064.711 00098.766 00136.115 00134.051 00142.757 00183.388 00163.288 00131.202 00088.316 00067.136 00061.987 00066.514 00063.695 00060.978 00058.399 00057.089 00054.176 00050.203 00049.466 00048.817 00046.479 00044.432 00032.077 00032.763 00031.334 00030.392 00032.624 00024.929 00012.423 00001.254 00008.296 00000.777 00001.112 -0001.000 -0001.000 -0001.000 -0001.000 -0001.000 -0001.000 -0001.000 -0001.000 -0001.000 -0001.000 -0001.000
00038.229 00068.438 00075.025 00052.927 00053.017 00046.511 00044.772 00046.876 00054.473 00052.379 00057.701 00072.289 00089.657 00092.517 00094.796 00098.235 00100.195 00082.321 00136.872 00113.209 00120.891 00146.548 00142.233 00127.271 00091.096 00065.761 00067.430 00062.875 00060.103 00057.574 00055.097 00052.520 00050.267 00049.479 00050.751 00050.533 00050.431 00047.695 00046.731 00033.571 00031.157 00028.831 00026.048 00023.171 00010.976 00005.130 00008.831 00000.802 00001.058 -0001.000 -0001.000 -0001.000 -0001.000 -0001.000 -0001.000 -0001.000 -0001.000 -0001.000 -0001.000 -0001.000
00029.021 00064.809 00080.226 00070.220 00066.382 00047.773 00040.575 00050.363 00056.792 00057.195 00061.799 00050.783 00064.570 00089.478 00098.618 00096.472 00090.728 00072.852 00092.540 00101.588 00100.280 00112.313 00108.621 00102.588 00094.045 00068.818 00056.263 00056.533 00056.866 00055.633 00054.165 00052.481 00050.301 00051.105 00053.067 00054.000 00053.091 00050.304 00048.186 00044.769 00045.352 00025.446 00025.085 00022.261 00005.612 00000.236 00003.828 00001.013 00001.040 -0001.000 -0001.000 -0001.000 -0001.000 -0001.000 -0001.000 -0001.000 -0001.000 -0001.000 -0001.000 -0001.000
00027.400 00061.890 00078.264 00079.343 00046.723 00046.820 00047.897 00048.966 00054.357 00054.433 00060.649 00052.165 00095.420 00097.427 00103.372 00095.381 00086.528 00073.944 00094.630 00096.269 00084.223 00095.518 00109.251 00156.293 00111.309 00070.170 00063.591 00065.050 00065.768 00065.175 00064.567 00061.939 00058.800 00159.886 00055.408 00064.545 00068.413 00053.086 00049.223 00044.884 00038.175 00021.636 00024.964 00022.549 00002.568 00002.494 00000.747 00001.183 -0001.000 -0001.000 -0001.000 -0001.000 -0001.000 -0001.000 -0001.000 -0001.000 -0001.000 -0001.000 -0001.000 -0001.000
00025.438 00050.567 00041.952 00050.890 00042.086 00048.523 00046.504 00042.497 00042.212 00045.736 00062.563 00086.847 00092.397 00092.873 00097.971 00094.532 00088.336 00074.811 00093.448 00073.974 00081.835 00087.175 00114.866 00140.677 00141.773 00119.308 00133.270 00146.684 00159.717 00172.767 00171.061 00167.976 00173.272 00093.913 00150.682 00190.300 00131.449 00069.669 00066.029 00041.686 00031.643 00021.996 00025.552 00022.598 00000.805 00000.762 00001.149 00001.206 -0001.000 -0001.000 -0001.000 -0001.000 -0001.000 -0001.000 -0001.000 -0001.000 -0001.000 -0001.000 -0001.000 -0001.000
00024.000 00034.595 00035.460 00030.752 00022.806 00037.070 00047.139 00036.619 00042.290 00045.766 00070.618 00081.676 00067.120 00079.560 00076.942 00084.278 00058.104 00065.831 00062.488 00076.197 00083.984 00088.799 00096.878 00106.666 00111.439 00130.985 00176.519 00163.305 00176.529 00181.594 00179.504 00148.787 00112.821 00145.988 00194.385 00240.163 00235.423 00148.499 00131.523 00037.091 00033.822 00019.490 00009.759 00000.489 00000.769 00001.241 00001.312 -0001.000 -0001.000 -0001.000 -0001.000 -0001.000 -0001.000 -0001.000 -0001.000 -0001.000 -0001.000 -0001.000 -0001.000 -0001.000
00023.514 00025.555 00031.266 00030.327 00015.970 00030.754 00018.105 00025.542 00038.754 00042.902 00032.481 00036.216 00039.182 00040.483 00045.217 00044.425 00047.749 00054.360 00065.135 00077.148 00080.062 00090.879 00102.575 00125.418 00150.273 00176.644 00226.782 00277.902 00195.423 00181.389 00185.611 00170.058 00138.944 00193.538 00232.871 00210.616 00178.482 00144.391 00045.982 00033.753 00034.671 00007.880 00000.473 00000.788 00001.304 00001.323 -0001.000 -0001.000 -0001.000 -0001.000 -0001.000 -0001.000 -0001.000 -0001.000 -0001.000 -0001.000 -0001.000 -0001.000 -0001.000 -0001.000
00022.871 00025.848 00029.232 00016.950 00014.677 00023.234 00017.349 00026.678 00027.533 00037.214 00028.867 00031.737 00036.325 00038.614 00039.777 00044.358 00048.230 00054.802 00065.609 00072.916 00084.012 00099.707 00121.017 00146.832 00174.813 00234.842 00284.880 00254.127 00218.340 00217.641 00161.539 00099.757 00161.791 00173.958 00171.102 00159.191 00123.658 00079.518 00045.461 00033.209 00034.973 00000.649 00000.725 00001.362 00001.556 -0001.000 -0001.000 -0001.000 -0001.000 -0001.000 -0001.000 -0001.000 -0001.000 -0001.000 -0001.000 -0001.000 -0001.000 -0001.000 -0001.000 -0001.000
00022.155 00025.767 00027.490 00011.950 00014.375 00015.489 00019.349 00025.763 00026.523 00028.399 00029.574 00031.949 00035.408 00039.337 00041.813 00044.866 00047.918 00054.673 00065.839 00076.557 00092.932 00115.636 00149.020 00207.294 00264.063 00268.342 00234.567 00209.062 00191.669 00177.927 00102.764 00093.345 00126.945 00098.569 00126.661 00075.146 00058.846 00041.174 00031.827 00016.763 00000.635 00000.660 00000.962 00001.670 00001.558 -0001.000 -0001.000 -0001.000 -0001.000 -0001.000 -0001.000 -0001.000 -0001.000 -0001.000 -0001.000 -0001.000 -0001.000 -0001.000 -0001.000 -0001.000
00021.520 00025.459 00026.242 00012.282 00014.006 00015.578 00023.710 00025.760 00026.450 00028.478 00029.331 00031.806 00035.892 00039.207 00043.578 00046.444 00048.854 00060.187 00069.146 00086.293 00108.230 00140.918 00209.299 00278.315 00249.012 00221.124 00186.570 00171.269 00158.736 00141.346 00083.602 00102.497 00115.756 00105.010 00050.485 00026.949 00026.666 00027.655 00000.637 00000.530 00000.601 00001.024 00001.601 00001.987 -0001.000 -0001.000 -0001.000 -0001.000 -0001.000 -0001.000 -0001.000 -0001.000 -0001.000 -0001.000 -0001.000 -0001.000 -0001.000 -0001.000 -0001.000 -0001.000
00020.671 00024.904 00024.465 00012.524 00014.380 00015.804 00024.027 00025.276 00026.821 00027.860 00029.408 00031.604 00037.410 00040.072 00043.201 00047.144 00054.449 00062.381 00076.514 00096.649 00126.261 00211.519 00252.569 00223.678 00198.007 00174.403 00146.136 00132.102 00119.838 00068.695 00095.939 00105.831 00105.759 00081.435 00091.095 00078.426 00062.956 00051.025 00000.707 00000.952 00001.272 00001.653 00001.974 00001.657 -0001.000 -0001.000 -0001.000 -0001.000 -0001.000 -0001.000 -0001.000 -0001.000 -0001.000 -0001.000 -0001.000 -0001.000 -0001.000 -0001.000 -0001.000 -0001.000
00019.535 00023.885 00021.654 00012.802 00014.411 00015.813 00023.461 00024.991 00026.355 00027.344 00029.169 00031.073 00036.865 00040.161 00044.043 00048.557 00055.334 00065.480 00082.496 00112.790 00219.241 00215.822 00190.417 00167.030 00145.126 00116.328 00105.755 00099.264 00058.024 00066.398 00077.700 00110.357 00104.697 00105.188 00109.923 00089.551 00076.432 00024.797 00000.981 00000.783 00001.121 00001.595 -0001.000 -0001.000 -0001.000 -0001.000 -0001.000 -0001.000 -0001.000 -0001.000 -0001.000 -0001.000 -0001.000 -0001.000 00000.647 00000.692 00000.782 00000.912 00001.055 00001.109
00017.203 00022.169 00016.433 00013.086 00014.541 00016.303 00023.090 00024.961 00025.938 00027.014 00028.579 00031.886 00035.461 00038.734 00043.139 00049.234 00056.866 00070.435 00127.193 00182.583 00188.066 00152.138 00124.413 00106.755 00090.792 00083.925 00080.329 00047.140 00059.168 00066.876 00096.183 00106.739 00113.274 00109.842 00108.908 00114.636 00115.709 00084.985 00001.130 00000.705 00001.067 00001.530 -0001.000 -0001.000 -0001.000 -0001.000 -0001.000 -0001.000 -0001.000 -0001.000 00000.666 00020.453 00017.191 00008.441 00017.967 00012.776 00018.422 00014.273 00003.336 00000.847
00015.002 00019.732 00011.588 00013.231 00014.574 00019.954 00023.077 00024.845 00025.630 00026.839 00028.011 00031.073 00033.726 00037.403 00043.297 00049.550 00059.252 00083.032 00126.105 00150.926 00130.197 00097.205 00068.227 00061.533 00059.492 00057.527 00037.542 00048.147 00059.048 00072.466 00090.928 00098.113 00109.109 00107.940 00109.627 00114.081 00128.122 00100.733 00001.226 00000.834 00001.110 00001.554 00001.400 -0001.000 -0001.000 -0001.000 -0001.000 00000.680 00000.694 00004.381 00013.008 00019.421 00020.188 00017.426 00016.225 00013.768 00013.831 00017.028 00012.955 00004.576
00012.306 00017.801 00010.403 00012.672 00014.419 00021.792 00023.036 00024.363 00025.384 00026.660 00027.973 00030.401 00033.151 00037.746 00043.059 00049.568 00057.885 00087.975 00117.824 00128.169 00088.519 00061.231 00041.037 00036.518 00041.492 00042.756 00038.606 00051.455 00045.037 00059.531 00117.473 00123.631 00104.585 00109.428 00108.315 00117.910 00067.460 00104.299 00001.315 00000.936 00001.159 00001.739 00001.557 -0001.000 -0001.000 00000.682 00000.531 00006.793 00018.248 00019.545 00021.187 00023.775 00015.638 00014.000 00014.486 00015.403 00017.911 00017.466 00025.653 00025.938
00017.664 00011.830 00010.094 00012.162 00014.151 00021.884 00022.941 00023.935 00025.102 00026.453 00029.072 00029.928 00032.257 00037.025 00042.296 00048.326 00068.221 00091.942 00106.512 00126.904 00103.092 00101.890 00096.883 00093.946 00078.596 00037.754 00045.799 00057.158 00066.523 00074.203 00099.257 00128.664 00136.232 00111.051 00113.429 00117.933 00133.849 00033.606 00001.387 00001.067 00001.213 00001.403 00000.755 00000.506 00000.447 00009.993 00017.890 00018.725 00019.547 00019.393 00016.756 00016.049 00011.510 00012.823 00014.210 00019.021 00020.270 00022.811 00026.513 00028.038
00010.509 00014.354 00018.672 00012.656 00013.867 00021.641 00022.732 00023.836 00024.827 00026.077 00028.630 00029.614 00031.295 00035.723 00040.643 00046.071 00058.929 00090.773 00102.528 00127.640 00102.666 00097.834 00096.254 00097.275 00099.639 00041.995 00055.083 00068.357 00068.174 00074.949 00078.113 00103.614 00134.796 00112.289 00124.670 00122.710 00141.152 00002.397 00001.607 00003.068 00005.226 00000.513 00006.298 00015.361 00018.256 00018.108 00018.945 00021.327 00021.749 00020.574 00019.741 00016.088 00012.979 00025.577 00019.008 00023.645 00028.323 00034.262 00033.241 00035.035
00006.890 00011.641 00020.250 00014.137 00012.901 00021.536 00022.262 00023.663 00024.375 00025.988 00028.533 00029.624 00030.232 00033.717 00038.646 00046.193 00060.061 00069.382 00098.302 00120.783 00104.872 00096.615 00099.976 00102.600 00060.733 00045.851 00049.150 00061.615 00064.927 00083.432 00079.904 00077.982 00117.852 00122.474 00128.638 00104.651 00072.678 00002.746 00002.077 00001.195 00017.706 00017.091 00016.869 00022.408 00026.263 00023.335 00025.428 00025.593 00028.357 00031.838 00022.607 00012.698 00028.002 00022.509 00029.336 00036.492 00042.732 00055.043 00067.516 00057.367
00009.428 00028.536 00027.507 00014.112 00011.868 00019.465 00021.467 00023.389 00023.968 00025.820 00028.268 00029.031 00029.351 00031.650 00036.442 00041.477 00053.375 00058.606 00069.945 00071.392 00100.430 00109.324 00105.773 00105.427 00040.762 00040.702 00055.514 00050.384 00076.651 00083.115 00079.044 00074.347 00084.670 00113.321 00119.923 00133.095 00023.526 00003.122 00002.598 00001.946 00017.465 00026.446 00024.387 00025.655 00031.522 00033.226 00034.639 00035.879 00037.341 00026.783 00035.405 00022.280 00027.714 00031.026 00035.606 00058.481 00071.649 00071.128 00076.358 00076.140
00009.883 00026.175 00022.250 00013.941 00010.995 00017.855 00020.163 00022.445 00023.558 00024.982 00027.593 00028.192 00028.563 00031.591 00035.128 00039.548 00048.631 00058.494 00064.014 00064.630 00072.829 00077.432 00102.608 00104.183 00042.770 00037.901 00052.278 00061.399 00075.823 00104.992 00078.157 00071.220 00067.041 00083.222 00112.368 00119.246 00144.376 00003.201 00002.758 00014.637 00019.753 00025.943 00037.178 00036.607 00058.738 00062.193 00062.815 00064.770 00054.377 00044.505 00038.023 00037.339 00036.020 00034.959 00062.592 00067.986 00075.247 00077.497 00080.861 00090.944
