data/trial2/ashley.fml
NCOLS 382
NROWS 266
XLLCORNER 157819.328125
YLLCORNER 384678.625000
CELLSIZE 30.000000
NODATA_VALUE -1
[rows 68 to 101 of 266, columns 154 to 230 of 382]
-1.00 -1.00 -1.00 -1.00 -1.00 -1.00 -1.00 -1.00 -1.00 -1.00 -1.00 -1.00 -1.00 -1.00 -1.00 -1.00 -1.00 -1.00 -1.00 -1.00 -1.00 -1.00 -1.00 -1.00 -1.00 -1.00 -1.00 -1.00 -1.00 -1.00 -1.00 -1.00 -1.00 -1.00 -1.00 -1.00 -1.00 -1.00 -1.00 -1.00 -1.00 -1.00 -1.00 -1.00 -1.00 -1.00 -1.00 -1.00 -1.00 -1.00 -1.00 -1.00 -1.00 -1.00 -1.00 -1.00 -1.00 -1.00 -1.00 -1.00 -1.00 -1.00 -1.00 -1.00 -1.00 -1.00 -1.00 -1.00 -1.00 -1.00 -1.00 -1.00 -1.00 -1.00 -1.00 -1.00 -1.00
-1.00 -1.00 -1.00 -1.00 -1.00 -1.00 -1.00 -1.00 -1.00 -1.00 -1.00 -1.00 -1.00 -1.00 -1.00 -1.00 -1.00 -1.00 -1.00 -1.00 -1.00 -1.00 -1.00 -1.00 -1.00 -1.00 -1.00 -1.00 -1.00 -1.00 -1.00 -1.00 -1.00 -1.00 -1.00 -1.00 -1.00 -1.00 -1.00 -1.00 -1.00 -1.00 -1.00 -1.00 -1.00 -1.00 -1.00 -1.00 -1.00 -1.00 -1.00 -1.00 -1.00 -1.00 -1.00 -1.00 -1.00 -1.00 -1.00 -1.00 -1.00 -1.00 -1.00 -1.00 -1.00 -1.00 -1.00 -1.00 -1.00 -1.00 -1.00 -1.00 -1.00 -1.00 -1.00 -1.00 -1.00
-1.00 -1.00 -1.00 -1.00 -1.00 -1.00 -1.00 -1.00 -1.00 -1.00 -1.00 -1.00 -1.00 -1.00 -1.00 -1.00 -1.00 -1.00 -1.00 -1.00 -1.00 -1.00 -1.00 -1.00 -1.00 -1.00 -1.00 -1.00 -1.00 -1.00 -1.00 -1.00 -1.00 -1.00 -1.00 -1.00 -1.00 -1.00 -1.00 -1.00 -1.00 -1.00 -1.00 -1.00 -1.00 -1.00 -1.00 -1.00 -1.00 -1.00 -1.00 -1.00 -1.00 -1.00 -1.00 -1.00 -1.00 -1.00 -1.00 -1.00 -1.00 -1.00 -1.00 -1.00 -1.00 -1.00 -1.00 -1.00 -1.00 -1.00 -1.00 -1.00 -1.00 -1.00 -1.00 -1.00 -1.00
-1.00 -1.00 -1.00 -1.00 -1.00 -1.00 -1.00 -1.00 -1.00 -1.00 -1.00 -1.00 -1.00 -1.00 -1.00 -1.00 -1.00 -1.00 -1.00 -1.00 -1.00 -1.00 -1.00 -1.00 -1.00 -1.00 -1.00 -1.00 -1.00 -1.00 -1.00 -1.00 -1.00 -1.00 -1.00 -1.00 -1.00 -1.00 -1.00 -1.00 -1.00 -1.00 -1.00 -1.00 -1.00 -1.00 -1.00 -1.00 -1.00 -1.00 -1.00 -1.00 -1.00 -1.00 -1.00 -1.00 -1.00 -1.00 -1.00 -1.00 -1.00 -1.00 -1.00 -1.00 -1.00 -1.00 -1.00 -1.00 -1.00 -1.00 -1.00 -1.00 -1.00 -1.00 -1.00 -1.00 -1.00
-1.00 -1.00 -1.00 -1.00 -1.00 -1.00 -1.00 -1.00 -1.00 -1.00 -1.00 -1.00 -1.00 -1.00 -1.00 -1.00 -1.00 -1.00 -1.00 -1.00 -1.00 -1.00 -1.00 -1.00 -1.00 -1.00 -1.00 -1.00 -1.00 -1.00 -1.00 -1.00 -1.00 -1.00 -1.00 -1.00 -1.00 -1.00 -1.00 -1.00 -1.00 -1.00 -1.00 -1.00 -1.00 -1.00 -1.00 -1.00 -1.00 -1.00 -1.00 -1.00 -1.00 -1.00 -1.00 -1.00 -1.00 -1.00 -1.00 -1.00 -1.00 -1.00 -1.00 -1.00 -1.00 -1.00 -1.00 -1.00 -1.00 -1.00 -1.00 -1.00 -1.00 -1.00 -1.00 -1.00 -1.00
-1.00 -1.00 -1.00 -1.00 -1.00 -1.00 -1.00 -1.00 -1.00 -1.00 -1.00 -1.00 -1.00 -1.00 -1.00 -1.00 -1.00 -1.00 -1.00 -1.00 -1.00 -1.00 -1.00 -1.00 -1.00 -1.00 -1.00 -1.00 -1.00 -1.00 -1.00 -1.00 -1.00 -1.00 -1.00 -1.00 -1.00 -1.00 -1.00 -1.00 -1.00 -1.00 -1.00 -1.00 -1.00 -1.00 -1.00 -1.00 -1.00 -1.00 -1.00 -1.00 -1.00 -1.00 -1.00 -1.00 -1.00 -1.00 -1.00 -1.00 -1.00 -1.00 -1.00 -1.00 -1.00 -1.00 -1.00 -1.00 -1.00 -1.00 -1.00 -1.00 -1.00 -1.00 -1.00 -1.00 -1.00
-1.00 -1.00 -1.00 -1.00 -1.00 -1.00 -1.00 -1.00 -1.00 -1.00 -1.00 -1.00 -1.00 -1.00 -1.00 -1.00 -1.00 -1.00 -1.00 -1.00 -1.00 -1.00 -1.00 -1.00 -1.00 -1.00 -1.00 -1.00 -1.00 -1.00 -1.00 -1.00 -1.00 -1.00 -1.00 -1.00 -1.00 -1.00 -1.00 -1.00 -1.00 -1.00 -1.00 -1.00 -1.00 -1.00 -1.00 -1.00 -1.00 -1.00 -1.00 -1.00 -1.00 -1.00 -1.00 -1.00 -1.00 -1.00 -1.00 -1.00 -1.00 -1.00 -1.00 -1.00 -1.00 -1.00 -1.00 -1.00 -1.00 -1.00 -1.00 -1.00 -1.00 -1.00 -1.00 -1.00 -1.00
-1.00 -1.00 -1.00 -1.00 -1.00 -1.00 -1.00 -1.00 -1.00 -1.00 -1.00 -1.00 -1.00 -1.00 -1.00 -1.00 -1.00 -1.00 -1.00 -1.00 -1.00 -1.00 -1.00 -1.00 -1.00 -1.00 -1.00 -1.00 -1.00 -1.00 -1.00 -1.00 -1.00 -1.00 -1.00 -1.00 -1.00 -1.00 -1.00 -1.00 -1.00 -1.00 -1.00 -1.00 -1.00 -1.00 -1.00 -1.00 -1.00 -1.00 -1.00 -1.00 -1.00 -1.00 -1.00 01.84 01.90 01.95 02.01 02.04 02.12 -1.00 -1.00 -1.00 -1.00 -1.00 -1.00 -1.00 -1.00 -1.00 -1.00 -1.00 03.25 -1.00 -1.00 -1.00 -1.00
-1.00 -1.00 -1.00 -1.00 -1.00 -1.00 -1.00 -1.00 -1.00 -1.00 -1.00 -1.00 -1.00 -1.00 -1.00 -1.00 -1.00 -1.00 -1.00 -1.00 -1.00 -1.00 -1.00 -1.00 -1.00 -1.00 -1.00 -1.00 -1.00 -1.00 -1.00 -1.00 -1.00 -1.00 -1.00 -1.00 -1.00 -1.00 -1.00 -1.00 -1.00 -1.00 -1.00 -1.00 -1.00 -1.00 -1.00 -1.00 -1.00 -1.00 -1.00 -1.00 -1.00 01.72 01.77 01.82 01.88 01.97 02.13 02.21 02.28 02.13 -1.00 -1.00 -1.00 -1.00 -1.00 -1.00 -1.00 -1.00 -1.00 01.67 02.66 03.19 03.10 -1.00 -1.00
-1.00 -1.00 -1.00 -1.00 -1.00 -1.00 -1.00 -1.00 -1.00 -1.00 -1.00 -1.00 -1.00 -1.00 -1.00 -1.00 -1.00 -1.00 -1.00 -1.00 -1.00 -1.00 -1.00 -1.00 -1.00 -1.00 -1.00 -1.00 -1.00 -1.00 -1.00 -1.00 -1.00 -1.00 -1.00 -1.00 -1.00 -1.00 -1.00 -1.00 -1.00 -1.00 -1.00 -1.00 -1.00 -1.00 -1.00 -1.00 -1.00 01.77 01.85 01.83 01.78 01.75 01.75 01.79 01.83 01.87 02.01 02.13 01.81 02.00 01.76 -1.00 -1.00 -1.00 -1.00 -1.00 -1.00 -1.00 -1.00 01.26 02.45 02.99 03.12 03.20 -1.00
-1.00 -1.00 -1.00 -1.00 -1.00 -1.00 -1.00 -1.00 -1.00 -1.00 -1.00 -1.00 -1.00 -1.00 -1.00 -1.00 -1.00 -1.00 -1.00 -1.00 -1.00 -1.00 -1.00 -1.00 -1.00 -1.00 -1.00 -1.00 -1.00 -1.00 -1.00 -1.00 -1.00 -1.00 -1.00 -1.00 -1.00 -1.00 -1.00 -1.00 -1.00 -1.00 -1.00 -1.00 -1.00 -1.00 -1.00 01.77 01.83 01.86 01.83 01.79 01.75 01.70 01.68 01.75 01.84 01.44 01.41 02.05 00.76 -1.00 -1.00 -1.00 -1.00 -1.00 -1.00 -1.00 -1.00 -1.00 -1.00 04.43 03.27 03.06 03.08 02.97 -1.00
-1.00 -1.00 -1.00 -1.00 -1.00 -1.00 -1.00 -1.00 -1.00 -1.00 -1.00 -1.00 -1.00 -1.00 -1.00 -1.00 -1.00 -1.00 -1.00 -1.00 -1.00 -1.00 -1.00 -1.00 -1.00 -1.00 -1.00 -1.00 -1.00 -1.00 -1.00 -1.00 -1.00 -1.00 -1.00 -1.00 -1.00 -1.00 -1.00 -1.00 -1.00 -1.00 -1.00 -1.00 -1.00 01.76 01.82 01.84 01.80 01.78 01.73 01.69 01.67 01.74 02.57 03.82 04.36 01.34 00.56 01.47 00.65 00.65 00.61 -1.00 -1.00 00.63 00.60 -1.00 -1.00 -1.00 00.66 03.62 03.67 03.06 03.08 02.91 -1.00
-1.00 -1.00 -1.00 -1.00 -1.00 -1.00 -1.00 -1.00 -1.00 -1.00 -1.00 -1.00 -1.00 -1.00 -1.00 -1.00 -1.00 -1.00 -1.00 -1.00 -1.00 -1.00 -1.00 -1.00 -1.00 -1.00 -1.00 -1.00 -1.00 -1.00 -1.00 -1.00 -1.00 -1.00 -1.00 -1.00 -1.00 -1.00 -1.00 -1.00 -1.00 -1.00 -1.00 -1.00 01.77 01.85 01.80 01.78 01.79 01.69 01.79 01.79 02.56 04.09 04.59 04.64 04.75 04.84 00.58 00.64 00.70 00.71 00.65 00.54 -1.00 00.67 05.12 01.91 00.58 -1.00 00.66 02.66 03.30 02.94 02.93 02.80 -1.00
-1.00 -1.00 -1.00 -1.00 -1.00 -1.00 -1.00 -1.00 -1.00 -1.00 -1.00 -1.00 -1.00 -1.00 -1.00 -1.00 -1.00 -1.00 -1.00 -1.00 -1.00 -1.00 -1.00 -1.00 -1.00 -1.00 -1.00 -1.00 -1.00 -1.00 -1.00 -1.00 -1.00 -1.00 -1.00 -1.00 -1.00 -1.00 -1.00 -1.00 -1.00 02.14 02.31 02.29 01.82 01.84 01.71 01.73 01.78 02.26 03.75 04.54 04.55 04.77 04.81 04.93 05.14 05.29 04.13 00.69 00.70 00.72 00.71 00.58 -1.00 00.71 04.94 04.94 03.65 03.53 00.73 01.82 03.13 02.78 02.77 02.67 -1.00
-1.00 -1.00 -1.00 -1.00 -1.00 -1.00 -1.00 -1.00 -1.00 -1.00 -1.00 -1.00 -1.00 -1.00 -1.00 -1.00 -1.00 -1.00 -1.00 -1.00 -1.00 -1.00 -1.00 -1.00 -1.00 -1.00 -1.00 -1.00 -1.00 01.88 -1.00 01.86 01.85 01.88 01.93 01.99 02.06 02.08 02.11 02.15 02.18 02.22 02.32 02.48 01.90 01.75 01.75 01.74 03.34 04.02 04.93 05.14 05.04 05.53 05.25 05.05 05.13 05.22 05.18 04.24 00.71 00.74 00.71 00.63 00.54 00.77 05.55 04.96 03.85 03.44 03.34 02.19 03.00 02.75 02.62 02.60 -1.00
-1.00 -1.00 -1.00 -1.00 -1.00 -1.00 -1.00 -1.00 -1.00 -1.00 -1.00 -1.00 -1.00 -1.00 -1.00 -1.00 -1.00 -1.00 -1.00 -1.00 -1.00 01.76 01.79 01.88 01.91 01.94 01.95 01.95 01.97 02.01 01.99 01.93 01.93 01.94 01.96 01.97 01.97 02.00 02.02 01.98 02.10 02.23 02.44 02.64 01.79 01.56 01.65 03.21 03.79 04.15 05.00 05.05 05.17 05.54 05.29 05.01 04.83 05.00 05.11 05.10 00.72 00.71 00.73 00.62 00.55 00.82 05.56 04.74 04.27 03.44 03.29 03.12 02.96 02.73 02.62 02.65 02.61
-1.00 -1.00 -1.00 -1.00 -1.00 -1.00 -1.00 -1.00 -1.00 -1.00 -1.00 -1.00 -1.00 -1.00 -1.00 -1.00 -1.00 -1.00 01.89 01.98 01.97 02.17 02.08 02.24 02.28 02.34 02.23 02.18 02.01 01.86 01.88 01.87 01.86 01.83 01.80 01.84 01.86 01.89 01.89 01.89 01.95 02.21 02.29 02.25 01.60 01.49 01.84 03.07 03.52 03.86 04.59 04.65 04.76 04.97 04.79 04.68 04.71 04.75 04.86 04.94 04.92 00.78 00.74 00.69 00.53 00.73 03.81 02.79 04.07 03.30 03.13 02.97 02.88 02.75 02.64 02.68 -1.00
-1.00 -1.00 -1.00 -1.00 -1.00 -1.00 -1.00 -1.00 -1.00 -1.00 -1.00 -1.00 -1.00 -1.00 -1.00 -1.00 -1.00 01.89 01.97 02.14 02.18 02.23 02.20 02.23 02.24 02.20 02.16 02.02 01.88 02.12 02.19 02.13 02.08 01.96 01.87 01.86 01.87 01.97 02.10 01.93 01.94 01.97 01.86 01.80 01.44 01.01 03.20 03.06 03.18 02.69 03.54 04.04 04.18 04.32 04.20 03.97 03.98 04.15 04.39 04.56 04.78 03.12 00.78 00.77 00.66 00.48 01.19 02.09 03.46 03.06 02.90 02.80 02.72 02.70 02.67 02.61 -1.00
-1.00 -1.00 -1.00 -1.00 -1.00 -1.00 -1.00 -1.00 -1.00 -1.00 -1.00 -1.00 -1.00 -1.00 -1.00 -1.00 -1.00 01.93 02.04 02.13 02.19 02.16 02.15 02.06 02.08 02.02 01.97 01.94 01.97 02.12 02.19 02.21 02.30 02.09 02.03 01.90 01.60 01.72 01.66 01.71 01.68 01.60 01.50 01.20 01.00 01.46 02.62 02.63 02.36 02.02 02.83 03.59 03.71 04.24 04.14 03.88 03.72 03.83 04.02 04.11 04.30 04.32 03.89 02.08 00.61 00.52 00.80 01.77 02.84 02.81 02.67 02.61 02.62 02.58 02.72 02.20 -1.00
-1.00 -1.00 -1.00 -1.00 -1.00 -1.00 -1.00 -1.00 -1.00 -1.00 -1.00 -1.00 -1.00 -1.00 -1.00 -1.00 02.06 02.05 02.07 02.13 02.10 02.06 01.96 02.40 02.05 02.23 02.18 02.03 02.15 02.43 02.58 02.41 02.51 02.57 02.51 02.30 01.50 01.37 01.27 01.27 01.30 01.21 00.95 00.93 01.53 01.07 01.61 02.03 01.91 01.16 01.68 03.26 03.70 04.13 04.16 03.91 03.72 03.81 04.00 04.07 03.89 03.65 03.94 03.67 00.65 00.56 01.19 03.01 02.37 02.17 02.02 01.99 02.24 02.62 01.54 -1.00 -1.00
-1.00 -1.00 -1.00 -1.00 -1.00 -1.00 -1.00 -1.00 -1.00 -1.00 -1.00 -1.00 -1.00 -1.00 -1.00 02.11 02.16 02.09 02.06 02.09 01.99 02.31 02.19 02.36 03.74 02.90 02.48 02.54 02.59 02.49 02.93 02.71 02.72 02.82 02.66 02.21 03.00 02.02 02.44 02.04 01.44 00.21 01.34 01.47 01.64 01.80 01.70 01.57 01.46 01.38 01.28 01.58 02.97 03.76 03.96 03.71 03.48 03.70 03.93 03.87 03.67 03.72 03.80 03.98 00.68 00.59 00.59 02.30 01.91 01.39 01.51 01.57 01.46 -1.00 -1.00 -1.00 -1.00
-1.00 -1.00 -1.00 -1.00 -1.00 -1.00 -1.00 -1.00 -1.00 -1.00 -1.00 -1.00 -1.00 -1.00 -1.00 02.13 02.23 02.14 02.06 01.93 02.00 02.38 03.02 03.10 03.50 03.04 02.77 02.76 02.71 02.71 02.90 02.71 02.74 02.79 02.88 03.02 02.48 02.67 02.25 01.65 01.25 01.78 02.00 02.07 02.00 02.19 02.17 02.03 01.87 01.81 01.43 00.65 02.30 03.43 03.74 03.46 03.44 03.40 03.67 03.62 03.66 03.70 03.78 03.98 03.65 01.76 00.58 00.60 01.61 01.38 -1.00 -1.00 -1.00 -1.00 -1.00 -1.00 -1.00
-1.00 -1.00 -1.00 -1.00 -1.00 -1.00 -1.00 -1.00 -1.00 -1.00 -1.00 -1.00 -1.00 -1.00 01.97 02.11 02.27 02.28 02.06 01.84 02.07 02.78 03.15 03.30 03.08 03.25 02.74 02.75 02.77 02.75 02.93 02.70 02.77 02.83 02.93 02.99 02.54 02.56 02.09 01.25 01.73 01.94 02.65 02.69 02.41 02.48 02.53 02.50 02.25 02.13 01.79 01.42 01.40 03.86 03.84 03.12 03.21 03.22 03.36 03.42 03.63 03.46 03.76 03.97 02.15 00.59 00.56 00.53 00.53 00.68 -1.00 -1.00 -1.00 -1.00 -1.00 -1.00 -1.00
-1.00 -1.00 -1.00 -1.00 -1.00 -1.00 -1.00 -1.00 -1.00 -1.00 -1.00 -1.00 -1.00 -1.00 01.95 02.14 02.28 02.17 02.20 01.99 02.25 03.16 03.14 02.87 02.67 02.95 02.73 02.73 02.76 02.92 02.90 02.83 02.71 02.79 02.90 03.04 02.71 02.49 01.74 01.64 02.06 02.48 02.81 02.90 02.91 03.08 03.07 03.01 02.65 02.38 02.14 01.74 01.43 03.00 03.18 03.08 02.87 02.87 03.03 03.23 03.52 03.28 03.47 02.73 00.35 03.09 03.58 00.50 00.50 00.48 01.54 -1.00 -1.00 -1.00 -1.00 -1.00 -1.00
-1.00 -1.00 -1.00 -1.00 -1.00 -1.00 -1.00 -1.00 -1.00 -1.00 -1.00 -1.00 -1.00 02.11 02.07 02.06 02.31 02.48 02.60 02.20 02.76 02.77 02.86 02.66 02.36 02.65 02.67 02.87 02.86 02.93 02.80 02.85 02.64 02.72 02.81 03.05 03.00 02.15 00.66 01.74 02.09 02.48 02.87 03.44 03.07 03.14 03.38 03.31 03.09 02.79 02.37 02.15 01.77 01.49 01.86 02.73 02.18 02.46 02.85 02.98 03.31 03.43 02.51 00.46 01.70 01.98 02.70 03.50 00.46 00.49 00.48 -1.00 -1.00 -1.00 -1.00 -1.00 -1.00
-1.00 -1.00 -1.00 -1.00 -1.00 -1.00 -1.00 -1.00 -1.00 -1.00 -1.00 -1.00 -1.00 02.22 02.16 02.24 02.38 02.60 02.77 03.67 02.23 02.48 02.53 02.42 02.16 02.40 02.63 02.81 02.89 02.84 02.73 02.75 02.69 02.68 02.68 02.99 03.07 02.40 01.05 01.77 02.10 02.46 02.96 03.84 03.61 03.50 03.52 03.43 03.25 03.12 02.63 02.36 02.06 01.85 01.60 01.68 01.13 01.87 02.56 02.84 03.03 02.88 01.40 02.05 02.27 02.43 01.89 02.50 03.37 00.45 00.49 -1.00 -1.00 -1.00 -1.00 -1.00 -1.00
-1.00 -1.00 -1.00 -1.00 -1.00 -1.00 -1.00 -1.00 -1.00 -1.00 -1.00 -1.00 -1.00 02.28 02.24 02.24 02.50 02.76 03.53 03.88 03.68 03.48 02.58 02.14 02.09 02.28 02.50 02.57 02.85 02.65 02.63 02.64 02.69 02.61 02.60 02.90 02.90 02.40 01.16 01.82 02.13 02.38 02.95 04.86 03.71 03.50 03.65 03.62 03.46 03.16 02.87 02.53 02.20 02.00 01.87 01.84 01.94 00.21 01.94 02.43 02.19 01.45 01.96 02.52 02.57 02.68 02.39 01.80 03.02 00.45 00.46 00.50 -1.00 -1.00 -1.00 -1.00 -1.00
-1.00 -1.00 -1.00 -1.00 -1.00 -1.00 -1.00 -1.00 -1.00 -1.00 -1.00 -1.00 02.40 02.33 02.20 02.25 02.44 02.89 03.42 03.66 03.37 02.96 02.44 02.13 02.57 02.15 02.40 02.34 02.60 02.52 02.53 02.53 02.64 02.53 02.59 02.75 02.65 02.33 01.23 01.85 02.14 02.29 02.85 04.69 04.24 03.55 03.61 03.66 03.55 03.30 02.96 02.74 02.48 02.51 02.17 02.29 01.99 02.26 02.20 00.17 01.49 01.85 02.35 02.92 02.80 02.68 02.66 02.26 01.64 03.16 00.45 00.48 00.50 -1.00 -1.00 -1.00 -1.00
-1.00 -1.00 -1.00 -1.00 -1.00 -1.00 -1.00 -1.00 -1.00 -1.00 -1.00 -1.00 02.20 02.31 02.49 02.22 02.36 02.68 03.01 03.09 02.79 02.36 02.29 02.39 02.34 02.83 02.12 02.15 02.40 02.41 02.42 02.41 02.49 02.83 02.50 02.59 02.44 02.61 01.31 01.88 02.14 02.35 02.82 04.28 04.05 03.67 03.58 03.63 03.59 03.40 03.21 02.95 02.79 02.63 02.65 02.53 02.19 02.44 02.45 02.36 01.81 02.07 02.66 03.11 03.05 02.78 02.69 02.57 02.00 02.05 00.41 00.45 00.52 00.48 -1.00 -1.00 -1.00
-1.00 -1.00 -1.00 -1.00 -1.00 -1.00 -1.00 -1.00 -1.00 -1.00 -1.00 02.00 02.18 02.31 02.43 02.23 02.23 02.21 02.58 02.51 02.47 02.26 02.27 02.21 02.33 02.45 01.83 01.99 02.15 02.32 02.36 02.31 02.54 02.53 02.44 02.37 02.32 02.02 01.36 01.88 02.21 02.38 02.92 03.87 03.96 03.32 03.53 03.56 03.49 03.37 03.15 03.05 03.06 02.90 02.79 02.50 02.34 02.41 02.83 02.87 02.58 02.29 03.31 03.53 03.23 02.94 02.78 02.80 02.33 01.98 02.97 00.47 00.50 00.50 -1.00 -1.00 -1.00
-1.00 -1.00 -1.00 -1.00 -1.00 -1.00 -1.00 -1.00 -1.00 -1.00 -1.00 02.18 02.15 02.21 02.16 02.21 02.13 02.19 02.35 02.32 02.19 02.19 02.11 02.11 02.11 02.12 02.03 01.83 02.06 02.21 02.33 02.27 02.41 02.21 02.30 01.99 01.85 01.05 01.55 01.85 02.24 02.46 02.80 03.80 04.07 03.38 03.37 03.37 03.32 03.32 03.21 03.01 02.97 03.00 03.00 02.52 02.35 02.71 02.70 02.79 02.86 02.50 03.86 03.82 03.26 03.16 02.88 03.14 02.82 02.60 03.16 00.51 00.46 00.50 00.46 -1.00 -1.00
-1.00 -1.00 -1.00 -1.00 -1.00 -1.00 -1.00 -1.00 -1.00 01.65 02.04 02.02 02.20 02.11 02.20 02.17 02.19 02.26 02.25 02.16 02.12 02.09 02.05 02.05 02.20 02.20 02.15 02.01 01.96 02.14 02.12 02.21 02.17 02.08 01.88 01.33 01.08 01.57 01.82 01.82 02.34 02.47 02.69 03.46 04.36 03.81 03.42 03.35 03.22 03.06 03.15 03.05 02.95 02.88 02.87 02.48 02.38 02.54 02.61 02.72 02.79 02.88 04.00 03.57 03.26 03.18 02.99 03.18 03.13 03.14 02.22 01.84 00.44 00.47 00.48 -1.00 -1.00
-1.00 -1.00 -1.00 -1.00 -1.00 -1.00 -1.00 01.56 01.63 01.73 02.29 02.67 02.23 02.21 02.19 02.16 02.19 02.31 02.15 02.07 02.07 02.02 02.02 02.15 02.24 02.28 02.25 02.10 01.91 02.04 02.04 02.02 01.90 01.72 01.39 01.23 01.63 01.84 01.99 01.80 02.34 02.45 02.69 03.34 04.35 04.02 03.62 03.42 03.27 03.14 03.03 03.06 02.96 02.90 02.75 02.60 02.46 02.74 02.80 02.86 02.69 03.02 03.69 03.47 03.23 03.10 02.98 03.03 03.24 03.62 02.88 01.96 00.41 00.46 00.49 -1.00 -1.00
-1.00 -1.00 -1.00 -1.00 -1.00 -1.00 01.56 01.60 01.66 01.87 02.34 02.05 02.18 02.23 02.06 02.24 02.18 02.29 02.12 02.07 02.00 01.96 02.07 02.17 02.38 02.38 02.47 02.60 02.13 02.01 01.95 01.76 01.66 01.46 00.91 01.65 01.82 01.94 02.06 01.77 02.19 02.43 02.73 03.21 04.25 04.20 03.78 03.56 03.37 03.18 03.08 03.02 02.99 02.91 02.70 02.65 02.65 02.88 02.88 02.88 02.67 03.07 03.96 03.34 03.12 03.04 02.94 02.83 03.44 03.77 03.29 02.39 01.71 00.45 00.48 -1.00 -1.00
