data/trial2/ashley.toa
NCOLS 382
NROWS 266
XLLCORNER 157819.328125
YLLCORNER 384678.625000
CELLSIZE 30.000000
NODATA_VALUE -1
[rows 130 to 155 of 266, columns 240 to 299 of 382]
00015.702 00015.609 00015.530 00015.462 00015.344 00015.100 00015.019 00015.062 00015.089 00015.121 00015.149 00015.183 00015.217 00015.252 00015.285 00015.301 00015.316 00015.333 00015.354 00015.390 00015.438 00015.516 00015.801 00017.072 00020.464 00024.912 00036.274 00039.186 00041.708 -0001.000 -0001.000 -0001.000 00036.824 00018.724 00014.797 00014.545 00014.506 00014.545 00014.653 00014.754 00014.839 00014.935 00015.053 00015.198 00015.337 00015.433 00015.521 00015.657 00015.862 00016.108 00016.335 00016.524 00016.705 00016.853 00016.975 00017.093 00017.232 00017.423 00017.669 00017.915
00015.525 00015.436 00015.362 00015.303 00015.192 00014.971 00014.910 00014.968 00015.014 00015.062 00015.098 00015.130 00015.161 00015.195 00015.227 00015.246 00015.264 00015.281 00015.304 00015.338 00015.381 00015.494 00015.672 00016.830 00019.825 00032.396 00036.477 00039.452 00041.905 -0001.000 -0001.000 00039.872 00035.268 00018.186 00014.650 00014.420 00014.402 00014.455 00014.572 00014.688 00014.793 00014.899 00015.020 00015.169 00015.310 00015.398 00015.494 00015.638 00015.889 00016.191 00016.439 00016.597 00016.740 00016.876 00016.998 00017.119 00017.312 00017.549 00017.806 00018.048
00015.354 00015.273 00015.205 00015.166 00015.063 00014.849 00014.807 00014.877 00014.938 00014.999 00015.044 00015.076 00015.104 00015.135 00015.163 00015.186 00015.207 00015.227 00015.253 00015.281 00015.337 00015.469 00015.657 00016.615 00020.267 00032.831 00036.822 00039.737 00042.092 -0001.000 -0001.000 00037.348 00022.492 00017.563 00014.431 00014.309 00014.299 00014.361 00014.491 00014.620 00014.752 00014.866 00014.986 00015.138 00015.273 00015.362 00015.461 00015.652 00015.950 00016.266 00016.482 00016.632 00016.766 00016.900 00017.042 00017.206 00017.435 00017.696 00017.939 00018.188
00015.188 00015.120 00015.065 00015.035 00014.941 00014.743 00014.708 00014.786 00014.858 00014.928 00014.985 00015.015 00015.042 00015.071 00015.098 00015.123 00015.147 00015.171 00015.196 00015.225 00015.302 00015.441 00015.656 00017.123 00020.756 00033.635 00037.989 00040.681 -0001.000 00042.345 00041.358 00034.159 00019.070 00015.381 00014.267 00014.211 00014.199 00014.269 00014.412 00014.563 00014.712 00014.839 00014.956 00015.119 00015.239 00015.328 00015.459 00015.702 00016.002 00016.312 00016.521 00016.667 00016.807 00016.963 00017.122 00017.327 00017.585 00017.839 00018.064 00018.401
00015.044 00014.976 00014.937 00014.924 00014.818 00014.646 00014.605 00014.691 00014.773 00014.854 00014.916 00014.947 00014.975 00015.002 00015.030 00015.058 00015.083 00015.107 00015.132 00015.183 00015.264 00015.426 00015.704 00018.330 00024.526 00036.881 00040.259 00039.612 00039.351 00038.883 00037.015 00023.266 00016.852 00014.263 00014.139 00014.115 00014.102 00014.183 00014.332 00014.510 00014.679 00014.815 00014.949 00015.109 00015.214 00015.330 00015.497 00015.755 00016.052 00016.363 00016.574 00016.719 00016.870 00017.048 00017.238 00017.479 00017.728 00017.973 00018.423 00018.936
00014.912 00014.849 00014.817 00014.816 00014.711 00014.568 00014.496 00014.591 00014.682 00014.772 00014.835 00014.874 00014.907 00014.934 00014.962 00014.988 00015.012 00015.037 00015.079 00015.129 00015.221 00015.409 00015.926 00021.816 00035.714 00038.947 00036.913 00036.072 00035.524 00035.105 00024.602 00020.438 00015.340 00014.071 00014.035 00014.019 00014.007 00014.112 00014.253 00014.450 00014.638 00014.794 00014.964 00015.105 00015.227 00015.356 00015.544 00015.811 00016.162 00016.441 00016.627 00016.776 00016.961 00017.159 00017.386 00017.638 00017.973 00018.410 00019.017 00019.458
00014.787 00014.735 00014.712 00014.714 00014.611 00014.491 00014.417 00014.488 00014.587 00014.685 00014.750 00014.797 00014.836 00014.862 00014.888 00014.912 00014.938 00014.975 00015.014 00015.066 00015.195 00015.390 00018.338 00032.770 00037.286 00035.081 00032.257 00024.298 00023.344 00022.524 00019.669 00017.247 00014.140 00013.953 00013.933 00013.920 00013.928 00014.041 00014.181 00014.379 00014.585 00014.802 00014.979 00015.121 00015.246 00015.390 00015.662 00015.967 00016.270 00016.512 00016.684 00016.875 00017.091 00017.319 00017.567 00017.979 00018.733 00019.323 00019.779 00020.083
00014.665 00014.627 00014.616 00014.612 00014.519 00014.411 00014.348 00014.389 00014.488 00014.595 00014.666 00014.722 00014.757 00014.782 00014.807 00014.835 00014.869 00014.906 00014.946 00015.043 00015.170 00015.479 00020.931 00034.992 00033.417 00022.925 00020.668 00020.054 00019.402 00018.426 00016.617 00015.176 00013.969 00013.841 00013.832 00013.824 00013.855 00013.974 00014.113 00014.303 00014.563 00014.813 00014.999 00015.139 00015.325 00015.555 00015.816 00016.105 00016.401 00016.637 00016.827 00017.032 00017.252 00017.669 00018.381 00019.057 00019.706 00020.223 00020.357 00019.559
00014.563 00014.531 00014.525 00014.532 00014.439 00014.333 00014.277 00014.297 00014.389 00014.493 00014.577 00014.641 00014.672 00014.699 00014.727 00014.759 00014.793 00014.829 00014.918 00015.020 00015.191 00017.265 00024.027 00032.667 00021.706 00018.682 00017.688 00017.333 00016.673 00015.873 00014.813 00013.893 00013.783 00013.750 00013.741 00013.732 00013.785 00013.906 00014.059 00014.235 00014.565 00014.826 00015.060 00015.274 00015.495 00015.756 00016.050 00016.331 00016.584 00016.791 00016.991 00017.208 00017.814 00018.585 00019.227 00019.777 00019.878 00019.680 00018.995 00018.316
00014.464 00014.445 00014.437 00014.489 00014.364 00014.265 00014.203 00014.210 00014.295 00014.388 00014.473 00014.541 00014.585 00014.617 00014.647 00014.679 00014.711 00014.792 00014.891 00015.029 00015.306 00020.001 00034.480 00021.085 00018.005 00015.843 00015.541 00015.199 00014.782 00014.268 00013.728 00013.691 00013.694 00013.668 00013.652 00013.637 00013.718 00013.858 00014.016 00014.272 00014.584 00014.953 00015.236 00015.476 00015.730 00016.008 00016.308 00016.586 00016.818 00017.020 00017.204 00017.581 00018.309 00018.994 00019.213 00018.857 00018.668 00018.305 00017.748 00017.217
00014.367 00014.354 00014.350 00014.431 00014.293 00014.194 00014.120 00014.120 00014.201 00014.287 00014.373 00014.447 00014.503 00014.538 00014.568 00014.598 00014.666 00014.758 00014.900 00015.061 00016.842 00021.929 00035.693 00021.351 00015.649 00014.896 00014.645 00014.204 00013.815 00013.677 00013.636 00013.610 00013.608 00013.581 00013.560 00013.540 00013.646 00013.807 00014.017 00014.377 00014.758 00015.224 00015.570 00015.831 00016.193 00016.472 00016.668 00016.860 00017.086 00017.352 00017.844 00018.130 00018.304 00018.213 00017.895 00017.700 00017.530 00017.093 00016.651 00016.192
00014.261 00014.249 00014.289 00014.365 00014.218 00014.111 00014.015 00014.013 00014.102 00014.189 00014.276 00014.361 00014.421 00014.463 00014.496 00014.554 00014.630 00014.770 00014.927 00015.093 00017.720 00023.043 00032.541 00024.411 00015.595 00014.672 00014.376 00013.998 00013.648 00013.538 00013.525 00013.516 00013.512 00013.486 00013.462 00013.435 00013.559 00013.754 00014.110 00014.559 00015.206 00015.814 00015.879 00016.036 00016.221 00016.399 00016.549 00016.712 00016.882 00017.050 00017.167 00017.277 00017.155 00016.880 00016.676 00016.670 00016.296 00015.958 00015.650 00015.305
00014.144 00014.160 00014.220 00014.289 00014.125 00013.997 00013.874 00013.831 00013.959 00014.078 00014.184 00014.289 00014.357 00014.404 00014.458 00014.522 00014.645 00014.797 00014.940 00015.382 00018.317 00020.964 00022.231 00021.745 00017.207 00014.407 00014.194 00013.796 00013.508 00013.398 00013.404 00013.410 00013.435 00013.373 00013.341 00013.308 00013.464 00013.757 00014.355 00014.957 00015.138 00015.138 00015.275 00015.413 00015.553 00015.609 00015.669 00015.764 00015.892 00016.008 00016.135 00016.037 00015.835 00015.639 00015.649 00015.495 00015.283 00015.087 00014.855 00014.482
00013.985 00014.082 00014.148 00014.241 00014.085 00013.833 00013.694 00013.612 00013.745 00013.884 00014.117 00014.226 00014.304 00014.364 00014.425 00014.532 00014.671 00014.809 00014.946 00015.786 00017.874 00018.636 00018.523 00018.072 00015.457 00014.180 00013.975 00013.648 00013.413 00013.280 00013.283 00013.287 00013.301 00013.233 00013.189 00013.142 00013.315 00013.762 00014.479 00014.547 00014.521 00014.560 00014.675 00014.795 00014.837 00014.844 00014.897 00014.982 00015.082 00015.270 00015.095 00014.922 00014.748 00014.790 00014.746 00014.593 00014.488 00014.332 00014.159 00013.768
00013.836 00013.967 00014.096 00014.206 00014.036 00013.710 00013.576 00013.554 00013.596 00013.767 00014.052 00014.171 00014.252 00014.322 00014.424 00014.551 00014.680 00014.811 00014.954 00015.510 00016.144 00016.332 00015.798 00015.219 00014.103 00013.952 00013.716 00013.550 00013.353 00013.219 00013.145 00013.140 00013.140 00013.060 00012.991 00012.901 00012.995 00013.420 00013.823 00013.868 00013.823 00013.960 00014.085 00014.133 00014.116 00014.157 00014.226 00014.294 00014.475 00014.346 00014.206 00014.023 00014.055 00014.080 00013.957 00013.845 00013.763 00013.598 00013.471 00013.376
00013.683 00013.843 00014.053 00014.174 00013.977 00013.623 00013.529 00013.523 00013.563 00013.684 00013.976 00014.106 00014.195 00014.306 00014.431 00014.553 00014.674 00014.817 00014.962 00015.173 00015.163 00014.966 00014.531 00014.069 00013.783 00013.678 00013.553 00013.376 00013.319 00013.162 00013.009 00012.991 00012.963 00012.845 00012.750 00012.616 00012.465 00012.536 00012.761 00012.687 00012.650 00012.927 00013.126 00013.067 00013.110 00013.242 00013.355 00013.584 00013.611 00013.481 00013.277 00013.195 00013.251 00013.172 00013.075 00013.080 00013.081 00013.014 00013.002 00013.054
00013.575 00013.753 00014.003 00014.085 00013.857 00013.572 00013.473 00013.495 00013.539 00013.608 00013.843 00014.027 00014.167 00014.297 00014.421 00014.538 00014.667 00014.825 00014.991 00014.992 00014.865 00014.531 00014.097 00013.750 00013.549 00013.492 00013.462 00013.293 00013.249 00013.121 00012.962 00012.777 00012.727 00012.664 00012.493 00012.338 00012.155 00011.990 00011.913 00011.812 00011.713 00011.660 00011.637 00011.604 00011.674 00011.887 00012.251 00012.509 00012.409 00012.327 00012.150 00012.186 00012.208 00012.194 00012.184 00012.360 00012.564 00012.653 00012.766 00012.984
00013.599 00013.812 00014.016 00013.853 00013.636 00013.485 00013.420 00013.470 00013.517 00013.571 00013.698 00013.981 00014.147 00014.276 00014.401 00014.522 00014.674 00014.854 00014.796 00014.671 00014.490 00014.160 00013.797 00013.551 00013.398 00013.354 00013.386 00013.243 00013.123 00013.080 00012.906 00012.693 00012.450 00012.367 00012.272 00012.104 00011.920 00011.791 00011.664 00011.560 00011.445 00011.342 00011.272 00011.194 00011.194 00011.254 00011.384 00011.493 00011.499 00011.503 00011.574 00011.632 00011.701 00011.890 00011.956 00012.161 00012.347 00012.526 00012.729 00012.946
00013.673 00013.889 00013.776 00013.616 00013.475 00013.400 00013.388 00013.447 00013.498 00013.561 00013.658 00013.946 00014.126 00014.253 00014.402 00014.555 00014.724 00014.595 00014.466 00014.340 00014.183 00013.947 00013.620 00013.447 00013.309 00013.255 00013.311 00013.193 00013.050 00012.979 00012.837 00012.593 00012.333 00012.067 00011.946 00011.869 00011.773 00011.597 00011.471 00011.354 00011.238 00011.147 00011.063 00010.966 00010.961 00010.978 00011.119 00011.214 00011.252 00011.281 00011.422 00011.494 00011.598 00011.753 00011.885 00012.098 00012.289 00012.469 00012.712 00012.922
00013.690 00013.674 00013.555 00013.425 00013.343 00013.341 00013.367 00013.425 00013.489 00013.553 00013.632 00013.913 00014.133 00014.304 00014.449 00014.602 00014.556 00014.273 00014.156 00014.074 00014.042 00013.879 00013.560 00013.390 00013.249 00013.154 00013.208 00013.151 00012.975 00012.839 00012.680 00012.475 00012.186 00011.935 00011.753 00011.597 00011.524 00011.451 00011.285 00011.158 00011.056 00010.975 00010.891 00010.849 00010.837 00010.883 00010.968 00011.055 00011.120 00011.162 00011.316 00011.407 00011.523 00011.670 00011.870 00012.086 00012.268 00012.491 00012.720 00012.976
00013.520 00013.470 00013.346 00013.306 00013.303 00013.303 00013.349 00013.412 00013.480 00013.546 00013.671 00014.031 00014.215 00014.356 00014.483 00014.547 00014.237 00013.999 00013.956 00013.945 00013.946 00013.879 00013.591 00013.341 00013.187 00013.044 00013.088 00013.099 00012.892 00012.716 00012.481 00012.194 00011.986 00011.820 00011.635 00011.445 00011.250 00011.162 00011.102 00010.887 00010.765 00010.788 00010.758 00010.736 00010.762 00010.839 00010.923 00010.974 00011.034 00011.137 00011.253 00011.343 00011.460 00011.601 00011.858 00012.078 00012.290 00012.524 00012.778 00013.026
00013.352 00013.258 00013.218 00013.234 00013.254 00013.267 00013.334 00013.403 00013.472 00013.560 00013.888 00014.133 00014.268 00014.384 00014.505 00014.317 00014.033 00013.834 00013.831 00013.840 00013.858 00013.909 00013.658 00013.339 00013.114 00012.922 00012.914 00012.971 00012.784 00012.540 00012.232 00011.943 00011.764 00011.628 00011.500 00011.315 00011.111 00010.640 00010.541 00010.511 00010.403 00010.548 00010.603 00010.625 00010.720 00010.811 00010.886 00010.924 00010.971 00011.112 00011.193 00011.280 00011.398 00011.626 00011.866 00012.097 00012.318 00012.571 00012.828 00013.076
00013.208 00013.189 00013.187 00013.202 00013.218 00013.254 00013.326 00013.395 00013.499 00013.716 00014.053 00014.215 00014.337 00014.470 00014.353 00014.204 00013.898 00013.715 00013.724 00013.734 00013.751 00013.793 00013.797 00013.353 00013.014 00012.836 00012.636 00012.598 00012.624 00012.289 00011.959 00011.754 00011.582 00011.422 00011.268 00011.117 00010.761 00010.135 00009.841 00009.975 00010.090 00010.235 00010.407 00010.551 00010.656 00010.765 00010.824 00010.863 00010.910 00011.048 00011.120 00011.204 00011.388 00011.657 00011.910 00012.115 00012.353 00012.607 00012.880 00013.143
00013.140 00013.148 00013.157 00013.170 00013.184 00013.248 00013.318 00013.441 00013.579 00013.966 00014.177 00014.315 00014.454 00014.313 00014.238 00014.119 00013.822 00013.593 00013.590 00013.586 00013.594 00013.625 00013.672 00013.312 00012.932 00012.703 00012.474 00012.212 00012.110 00012.081 00011.899 00011.581 00011.389 00011.225 00011.047 00010.580 00010.176 00009.729 00009.456 00009.608 00009.784 00009.972 00010.098 00010.380 00010.558 00010.687 00010.728 00010.775 00010.902 00010.969 00011.029 00011.106 00011.422 00011.707 00011.979 00012.185 00012.388 00012.671 00012.975 00013.237
00013.080 00013.111 00013.124 00013.137 00013.154 00013.243 00013.389 00013.544 00013.907 00014.159 00014.318 00014.413 00014.266 00014.174 00014.128 00014.108 00013.746 00013.415 00013.394 00013.367 00013.361 00013.374 00013.474 00013.091 00012.790 00012.537 00012.286 00012.019 00011.808 00011.640 00011.621 00011.564 00011.291 00011.039 00010.359 00009.962 00009.673 00009.466 00009.357 00009.356 00009.511 00009.684 00009.764 00010.122 00010.402 00010.520 00010.592 00010.744 00010.816 00010.883 00010.940 00011.169 00011.485 00011.821 00012.077 00012.270 00012.505 00012.778 00013.078 00013.346
00012.997 00013.043 00013.080 00013.099 00013.165 00013.294 00013.622 00013.993 00014.239 00014.299 00014.408 00014.210 00014.121 00014.050 00014.012 00013.968 00013.645 00013.171 00013.124 00013.068 00013.056 00013.054 00013.200 00012.895 00012.617 00012.358 00012.108 00011.895 00011.693 00011.450 00011.163 00011.181 00011.197 00010.789 00009.881 00009.588 00009.497 00009.341 00009.221 00009.256 00009.315 00009.440 00009.471 00009.841 00010.181 00010.316 00010.640 00010.639 00010.724 00010.792 00010.911 00011.246 00011.602 00011.937 00012.183 00012.394 00012.615 00012.886 00013.188 00013.523
