data/trial2/ashley.fml
NCOLS 382
NROWS 266
XLLCORNER 157819.328125
YLLCORNER 384678.625000
CELLSIZE 30.000000
NODATA_VALUE -1
[rows 170 to 203 of 266, columns 154 to 230 of 382]
-1.00 -1.00 -1.00 -1.00 -1.00 01.83 01.21 01.86 01.78 01.91 01.34 00.64 01.80 01.81 01.82 01.64 01.63 01.63 01.54 01.53 01.53 01.44 01.42 01.32 01.30 01.38 01.39 01.35 00.90 00.70 01.34 01.49 01.60 01.47 01.36 01.42 01.71 01.76 01.80 01.83 01.86 01.83 01.76 01.72 01.66 01.58 01.60 01.66 01.76 01.82 01.96 02.00 02.03 02.06 02.15 02.24 02.27 02.28 02.27 02.21 02.17 02.23 02.40 02.61 02.79 03.04 03.37 03.67 03.89 03.96 03.94 03.98 04.03 04.06 04.08 03.92 03.65
-1.00 -1.00 -1.00 -1.00 -1.00 -1.00 00.69 01.90 01.92 02.13 01.32 00.37 01.80 01.81 01.82 01.65 01.65 01.64 01.55 01.55 01.54 01.44 01.43 01.40 01.31 01.30 01.41 01.38 00.93 00.52 01.29 01.40 01.53 01.61 01.31 01.38 01.57 01.72 01.75 01.77 01.78 01.86 01.83 01.79 01.74 01.59 01.56 01.61 01.66 01.78 01.83 01.93 01.98 02.03 02.09 02.15 02.21 02.23 02.22 02.18 02.02 02.12 02.30 02.45 02.69 02.97 03.45 03.79 03.99 03.86 03.63 03.46 03.24 03.23 03.24 03.26 02.95
-1.00 -1.00 -1.00 -1.00 -1.00 -1.00 -1.00 01.41 02.04 02.18 01.62 -1.00 01.81 01.82 01.83 01.66 01.66 01.65 01.60 01.56 01.55 01.48 01.44 01.42 01.31 01.30 01.42 01.40 01.23 00.86 00.92 01.31 01.46 01.57 01.29 01.34 01.40 01.69 01.73 01.75 01.76 01.86 01.86 01.79 01.80 01.78 01.69 01.60 01.66 01.72 01.80 01.88 01.96 01.98 02.04 02.09 02.14 02.18 02.18 02.14 02.00 01.99 02.14 02.27 02.54 02.96 03.55 04.22 04.13 03.97 03.79 03.64 03.50 03.36 03.06 02.71 02.16
-1.00 -1.00 -1.00 -1.00 -1.00 -1.00 -1.00 -1.00 -1.00 01.00 -1.00 -1.00 01.66 01.83 01.84 01.71 01.67 01.67 01.65 01.57 01.56 01.55 01.45 01.43 01.32 01.30 01.41 01.41 01.38 00.93 00.52 01.25 01.35 01.48 01.52 01.30 01.36 01.66 01.70 01.73 01.74 01.77 01.85 01.84 01.82 01.81 01.73 01.62 01.63 01.68 01.79 01.83 01.91 01.95 02.00 02.03 02.07 02.12 02.13 02.12 02.00 01.95 01.97 02.10 02.39 02.88 04.71 04.60 04.48 04.33 04.18 04.00 03.76 03.57 03.34 02.97 02.76
-1.00 -1.00 -1.00 -1.00 -1.00 -1.00 -1.00 -1.00 -1.00 -1.00 -1.00 -1.00 00.82 01.84 01.86 01.84 01.69 01.68 01.67 01.58 01.57 01.56 01.46 01.45 01.41 01.31 01.29 01.44 01.41 01.30 00.88 00.82 01.27 01.40 01.50 01.25 01.32 01.38 01.67 01.70 01.73 01.74 01.76 01.85 01.85 01.86 01.84 01.72 01.66 01.66 01.70 01.78 01.85 01.91 01.95 01.99 02.01 02.06 02.08 02.09 02.06 01.90 01.89 01.85 02.15 05.12 05.06 05.00 04.91 04.79 04.67 04.53 04.33 04.07 03.87 04.16 04.11
-1.00 -1.00 -1.00 -1.00 -1.00 -1.00 -1.00 -1.00 -1.00 -1.00 -1.00 -1.00 -1.00 01.40 01.87 01.88 01.70 01.69 01.69 01.59 01.58 01.57 01.49 01.46 01.45 01.32 01.30 01.45 01.43 01.40 00.93 00.47 01.20 01.31 01.43 01.47 01.28 01.34 01.39 01.68 01.77 01.79 01.78 01.86 01.87 01.89 01.88 01.80 01.68 01.65 01.67 01.76 01.79 01.87 01.89 01.96 01.98 01.99 02.01 02.03 02.06 01.88 01.84 01.81 01.82 05.09 05.08 05.06 05.01 04.94 04.89 04.80 04.69 04.56 04.36 04.20 04.06
-1.00 -1.00 -1.00 -1.00 -1.00 -1.00 -1.00 -1.00 -1.00 -1.00 -1.00 -1.00 -1.00 -1.00 01.89 01.90 01.71 01.70 01.70 01.67 01.59 01.59 01.58 01.48 01.47 01.41 01.31 01.30 01.45 01.41 01.34 00.90 00.93 01.38 01.47 01.68 01.38 01.32 01.38 01.68 01.75 01.77 01.78 01.83 01.87 01.88 01.90 01.89 01.76 01.70 01.67 01.70 01.80 01.81 01.87 01.90 01.95 01.97 01.98 02.00 02.00 01.99 01.83 01.79 01.77 01.73 04.76 04.71 04.59 04.51 04.48 04.37 04.19 03.99 03.75 03.52 03.47
-1.00 -1.00 -1.00 -1.00 -1.00 -1.00 -1.00 -1.00 -1.00 -1.00 -1.00 -1.00 -1.00 -1.00 -1.00 01.73 01.78 01.72 01.71 01.70 01.60 01.60 01.60 01.49 01.48 01.47 01.32 01.30 01.42 01.42 01.35 00.92 00.61 01.39 01.50 01.59 01.68 01.34 01.40 01.54 01.73 01.77 01.78 01.80 01.87 01.92 01.93 01.99 01.96 01.86 01.73 01.69 01.70 01.82 01.86 01.90 01.92 01.94 01.97 01.98 01.99 01.98 01.91 01.78 01.75 01.72 01.68 04.42 04.34 04.23 04.13 03.96 03.74 03.50 03.27 04.66 04.58
-1.00 -1.00 -1.00 -1.00 -1.00 -1.00 -1.00 -1.00 -1.00 -1.00 -1.00 -1.00 -1.00 -1.00 -1.00 01.12 01.90 01.73 01.72 01.71 01.62 01.61 01.61 01.60 01.50 01.48 01.43 01.31 01.30 01.42 01.36 00.94 00.40 01.35 01.45 01.58 01.67 01.32 01.39 01.46 01.75 01.79 01.79 01.83 01.90 01.90 01.92 01.94 01.96 01.97 01.93 01.77 01.75 01.84 01.89 01.91 01.92 01.95 01.98 01.99 02.00 01.98 01.98 01.83 01.75 01.73 01.70 01.66 04.07 03.94 03.78 03.60 03.38 04.36 04.66 04.60 04.55
-1.00 -1.00 -1.00 -1.00 -1.00 -1.00 -1.00 -1.00 -1.00 -1.00 -1.00 -1.00 -1.00 -1.00 -1.00 -1.00 -1.00 01.73 01.73 01.73 01.71 01.63 01.63 01.63 01.51 01.49 01.46 01.32 01.30 01.42 01.38 01.30 00.84 01.24 01.39 01.53 01.64 01.28 01.37 01.43 01.73 01.77 01.78 01.82 01.90 01.90 01.91 01.92 01.95 01.93 01.93 01.83 01.77 01.83 01.89 01.91 01.91 01.94 01.97 02.01 02.01 01.98 02.01 02.00 01.85 01.72 01.71 01.67 01.65 01.65 01.66 01.68 04.68 04.61 04.56 04.49 04.42
-1.00 -1.00 -1.00 -1.00 -1.00 -1.00 -1.00 -1.00 -1.00 -1.00 -1.00 -1.00 -1.00 -1.00 -1.00 -1.00 -1.00 -1.00 01.75 01.74 01.74 01.64 01.64 01.64 01.62 01.49 01.44 01.33 01.30 01.36 01.39 01.35 00.90 00.69 01.33 01.49 01.60 01.48 01.35 01.41 01.71 01.75 01.77 01.81 01.85 01.88 01.91 01.92 01.94 01.91 01.91 01.90 01.81 01.78 01.88 01.93 01.93 01.91 01.95 01.97 02.01 02.01 01.99 02.04 02.03 01.96 01.73 01.71 01.68 01.68 01.66 01.65 01.69 04.48 04.43 04.37 04.30
-1.00 -1.00 -1.00 -1.00 -1.00 -1.00 -1.00 -1.00 -1.00 -1.00 -1.00 -1.00 -1.00 -1.00 -1.00 -1.00 -1.00 -1.00 01.03 01.76 01.76 01.73 01.66 01.65 01.63 01.47 01.42 01.40 01.31 01.29 01.41 01.38 00.94 00.41 01.26 01.39 01.52 01.58 01.31 01.38 01.61 01.72 01.75 01.79 01.80 01.87 01.90 01.90 01.93 01.93 01.88 01.89 01.86 01.82 01.75 01.93 01.93 01.90 01.91 01.92 01.98 01.99 01.98 02.01 02.05 02.09 02.08 01.91 01.74 01.72 01.70 01.67 01.65 01.69 04.19 04.11 04.01
-1.00 -1.00 -1.00 -1.00 -1.00 -1.00 -1.00 -1.00 -1.00 -1.00 -1.00 -1.00 -1.00 -1.00 -1.00 -1.00 -1.00 -1.00 -1.00 01.40 01.77 01.77 01.67 01.66 01.61 01.48 01.44 01.42 01.31 01.30 01.42 01.40 01.33 00.88 00.79 01.31 01.44 01.55 01.26 01.34 01.41 01.70 01.72 01.75 01.77 01.87 01.88 01.88 01.89 01.93 01.88 01.87 01.89 01.90 01.87 01.98 01.97 01.93 01.89 01.95 01.99 02.04 02.00 02.01 02.05 02.09 02.14 02.15 02.14 02.02 01.75 01.71 01.67 01.66 01.73 01.80 03.30
-1.00 -1.00 -1.00 -1.00 -1.00 -1.00 -1.00 -1.00 -1.00 -1.00 -1.00 -1.00 -1.00 -1.00 -1.00 -1.00 -1.00 -1.00 -1.00 -1.00 01.53 01.78 01.76 01.55 01.55 01.55 01.45 01.43 01.32 01.30 01.37 01.42 01.39 00.93 00.49 01.26 01.37 01.48 01.53 01.31 01.37 01.65 01.71 01.73 01.76 01.76 01.87 01.89 01.89 01.92 01.92 01.88 01.88 01.90 01.94 01.94 02.05 02.00 01.98 01.98 02.01 02.06 02.07 02.06 02.04 02.09 02.14 02.14 02.16 02.11 01.93 01.86 01.69 01.67 01.75 01.79 01.83
-1.00 -1.00 -1.00 -1.00 -1.00 -1.00 -1.00 -1.00 -1.00 -1.00 -1.00 -1.00 -1.00 -1.00 -1.00 -1.00 -1.00 -1.00 -1.00 -1.00 -1.00 01.75 01.78 01.62 01.57 01.57 01.46 01.45 01.44 01.31 01.30 01.44 01.41 01.32 00.87 00.88 01.31 01.45 01.54 01.26 01.34 01.40 01.70 01.72 01.75 01.77 01.87 01.88 01.89 01.91 01.92 01.86 01.86 01.87 01.91 01.92 02.10 02.08 02.01 02.03 02.05 02.07 02.09 02.08 02.09 02.08 02.13 02.16 02.15 02.08 02.03 01.94 01.90 01.68 01.66 01.67 01.80
-1.00 -1.00 -1.00 -1.00 -1.00 -1.00 -1.00 -1.00 -1.00 -1.00 -1.00 -1.00 -1.00 -1.00 -1.00 -1.00 -1.00 -1.00 -1.00 -1.00 -1.00 -1.00 -1.00 00.52 01.15 01.62 01.54 01.47 01.46 01.32 01.31 01.44 01.45 01.43 00.93 00.57 01.28 01.39 01.50 01.52 01.31 01.37 01.68 01.71 01.74 01.77 01.79 01.87 01.87 01.90 01.91 01.91 01.85 01.84 01.88 01.88 01.89 02.04 02.00 02.00 02.09 02.08 02.08 02.09 02.09 02.12 02.13 02.16 02.16 02.13 02.10 02.08 01.95 01.91 01.80 01.67 01.70
-1.00 -1.00 -1.00 -1.00 -1.00 -1.00 -1.00 -1.00 -1.00 -1.00 -1.00 -1.00 -1.00 -1.00 -1.00 -1.00 -1.00 -1.00 -1.00 -1.00 -1.00 -1.00 -1.00 -1.00 -1.00 -1.00 00.61 01.22 01.48 01.48 01.32 01.35 01.54 00.19 00.58 00.77 01.04 01.31 01.44 01.54 01.27 01.34 01.40 01.69 01.72 01.75 01.77 01.85 01.87 01.86 01.90 01.91 01.87 01.82 01.84 01.86 01.85 01.83 01.98 01.96 02.02 02.05 02.04 02.07 02.07 02.09 02.14 02.17 02.15 02.11 02.14 02.13 02.05 02.00 01.93 01.95 01.97
-1.00 -1.00 -1.00 -1.00 -1.00 -1.00 -1.00 -1.00 -1.00 -1.00 -1.00 -1.00 -1.00 -1.00 -1.00 -1.00 -1.00 -1.00 -1.00 -1.00 -1.00 -1.00 -1.00 -1.00 -1.00 -1.00 -1.00 -1.00 -1.00 01.54 01.36 01.46 01.21 00.77 -1.00 -1.00 00.09 01.26 01.37 01.48 01.49 01.31 01.37 01.66 01.70 01.74 01.76 01.77 01.86 01.86 01.88 01.90 01.92 01.81 01.80 01.83 01.80 01.80 01.80 01.98 02.01 02.04 02.03 02.05 02.06 02.08 02.10 02.13 02.08 02.11 02.11 02.13 02.14 02.09 02.05 02.05 02.08
-1.00 -1.00 -1.00 -1.00 -1.00 -1.00 -1.00 -1.00 -1.00 -1.00 -1.00 -1.00 -1.00 -1.00 -1.00 -1.00 -1.00 -1.00 -1.00 -1.00 -1.00 -1.00 -1.00 -1.00 -1.00 -1.00 -1.00 -1.00 -1.00 -1.00 01.35 01.53 01.54 01.29 -1.00 -1.00 -1.00 00.94 01.28 01.41 01.51 01.25 01.33 01.39 01.67 01.71 01.74 01.75 01.82 01.87 01.89 01.89 01.91 01.92 01.80 01.81 01.81 01.75 01.74 01.81 01.99 02.04 02.05 02.04 02.05 02.07 02.09 02.10 02.16 02.09 02.11 02.13 02.14 02.15 02.14 02.12 02.17
-1.00 -1.00 -1.00 -1.00 -1.00 -1.00 -1.00 -1.00 -1.00 -1.00 -1.00 -1.00 -1.00 -1.00 -1.00 -1.00 -1.00 -1.00 -1.00 -1.00 -1.00 -1.00 -1.00 -1.00 -1.00 -1.00 -1.00 -1.00 -1.00 -1.00 -1.00 -1.00 -1.00 -1.00 -1.00 -1.00 -1.00 00.38 01.23 01.33 01.45 01.48 01.29 01.35 01.62 01.68 01.72 01.74 01.76 01.86 01.87 01.89 01.90 01.92 01.93 01.79 01.78 01.77 01.69 01.68 01.79 02.00 02.01 02.04 02.05 02.05 02.06 02.07 02.07 02.07 02.09 02.09 02.11 02.12 02.13 02.16 02.17
-1.00 -1.00 -1.00 -1.00 -1.00 -1.00 -1.00 -1.00 -1.00 -1.00 -1.00 -1.00 -1.00 -1.00 -1.00 -1.00 -1.00 -1.00 -1.00 -1.00 -1.00 -1.00 -1.00 -1.00 -1.00 -1.00 -1.00 -1.00 -1.00 -1.00 -1.00 -1.00 -1.00 -1.00 -1.00 -1.00 00.69 00.88 00.74 01.25 01.38 01.48 01.23 01.31 01.37 01.66 01.70 01.72 01.74 01.77 01.87 01.88 01.90 01.90 01.93 01.95 01.85 01.71 01.68 01.65 01.72 01.79 01.91 02.00 02.02 02.05 02.05 02.06 02.05 02.05 02.08 02.10 02.09 02.08 02.15 02.14 02.24
-1.00 -1.00 -1.00 -1.00 -1.00 -1.00 -1.00 -1.00 -1.00 -1.00 -1.00 -1.00 -1.00 -1.00 -1.00 -1.00 -1.00 -1.00 -1.00 -1.00 -1.00 -1.00 -1.00 -1.00 -1.00 -1.00 -1.00 -1.00 -1.00 -1.00 -1.00 -1.00 -1.00 -1.00 -1.00 -1.00 00.89 00.89 00.38 01.14 01.27 01.39 01.47 01.26 01.32 01.38 01.67 01.70 01.73 01.75 01.77 01.87 01.88 01.91 01.91 01.95 01.96 01.93 01.68 01.64 01.64 01.69 01.76 01.78 01.98 02.02 02.03 02.05 02.04 02.05 02.05 02.06 02.07 02.07 02.07 02.15 02.20
-1.00 -1.00 -1.00 -1.00 -1.00 -1.00 -1.00 -1.00 -1.00 -1.00 -1.00 -1.00 -1.00 -1.00 -1.00 -1.00 -1.00 -1.00 -1.00 -1.00 -1.00 -1.00 -1.00 -1.00 -1.00 -1.00 -1.00 -1.00 01.71 01.89 -1.00 -1.00 -1.00 -1.00 -1.00 01.35 01.37 01.36 00.90 00.63 01.20 01.30 01.40 01.44 01.28 01.33 01.39 01.68 01.71 01.73 01.75 01.77 01.88 01.90 01.92 01.94 01.95 01.97 01.90 01.69 01.65 01.68 01.70 01.76 01.82 01.86 01.89 02.04 02.03 02.06 02.07 02.05 02.06 02.08 02.09 02.11 02.21
-1.00 -1.00 -1.00 -1.00 -1.00 -1.00 -1.00 -1.00 -1.00 -1.00 -1.00 -1.00 -1.00 -1.00 -1.00 -1.00 -1.00 -1.00 -1.00 -1.00 -1.00 -1.00 -1.00 -1.00 01.02 01.60 01.63 01.73 01.51 00.97 00.84 -1.00 -1.00 -1.00 -1.00 -1.00 01.41 01.41 01.19 00.86 00.74 01.21 01.32 01.42 01.28 01.30 01.34 01.61 01.69 01.71 01.73 01.75 01.77 01.89 01.91 01.92 01.94 01.95 01.92 01.86 01.77 01.70 01.73 01.74 01.78 01.82 01.86 01.86 01.87 02.03 02.06 02.07 02.07 02.06 02.08 02.15 02.17
-1.00 -1.00 -1.00 -1.00 -1.00 -1.00 -1.00 -1.00 -1.00 -1.00 -1.00 -1.00 -1.00 -1.00 -1.00 -1.00 -1.00 -1.00 -1.00 -1.00 01.84 01.19 00.89 01.54 01.59 01.61 01.64 01.69 01.47 00.94 01.81 01.38 -1.00 -1.00 -1.00 -1.00 -1.00 01.44 01.42 00.95 00.57 00.89 01.21 01.33 01.42 01.22 01.30 01.34 01.65 01.68 01.71 01.74 01.76 01.78 01.90 01.91 01.93 01.94 01.95 01.89 01.86 01.88 01.85 01.91 01.84 01.95 02.01 01.94 01.86 01.88 02.03 02.04 02.07 02.08 02.09 02.10 02.21
-1.00 -1.00 -1.00 -1.00 -1.00 -1.00 -1.00 -1.00 -1.00 -1.00 -1.00 -1.00 -1.00 -1.00 -1.00 -1.00 -1.00 -1.00 -1.00 01.93 01.94 01.44 01.67 01.58 01.61 01.62 01.66 01.62 01.60 01.69 01.59 01.02 00.49 -1.00 -1.00 -1.00 -1.00 -1.00 01.46 01.41 00.92 00.44 01.05 01.20 01.41 01.42 01.23 01.30 01.34 01.66 01.69 01.71 01.74 01.76 01.79 01.87 01.91 01.92 01.94 01.90 01.89 01.97 02.10 02.32 02.45 02.49 02.44 02.22 02.00 02.01 01.87 01.88 02.05 02.07 02.09 02.10 02.20
-1.00 -1.00 -1.00 -1.00 -1.00 -1.00 -1.00 -1.00 -1.00 -1.00 -1.00 -1.00 -1.00 -1.00 -1.00 -1.00 -1.00 -1.00 -1.00 01.95 01.65 01.68 01.63 01.60 01.61 01.64 01.59 01.60 01.60 01.64 01.63 01.28 01.64 00.73 01.44 -1.00 -1.00 -1.00 01.42 01.43 01.41 00.72 00.58 00.96 01.58 01.78 01.42 01.23 01.30 01.34 01.66 01.69 01.72 01.74 01.77 01.78 01.79 01.91 01.93 01.95 01.90 01.85 02.03 02.32 02.53 02.70 02.53 02.36 02.28 02.13 01.99 01.90 01.88 01.89 02.09 02.11 02.16
-1.00 -1.00 -1.00 -1.00 -1.00 -1.00 -1.00 -1.00 -1.00 -1.00 -1.00 -1.00 -1.00 -1.00 -1.00 -1.00 -1.00 -1.00 01.94 01.99 01.56 01.64 01.60 01.61 01.62 01.66 01.60 01.60 01.61 01.63 01.64 01.64 01.35 01.47 01.42 01.21 -1.00 -1.00 01.44 01.47 01.60 01.31 01.03 01.15 01.48 01.81 01.93 01.69 01.23 01.30 01.34 01.53 01.69 01.72 01.74 01.76 01.78 01.79 01.89 01.96 01.95 01.87 02.32 02.52 02.63 02.74 02.82 02.06 02.39 02.18 01.95 01.91 01.84 01.87 01.88 01.91 01.98
-1.00 -1.00 -1.00 -1.00 -1.00 -1.00 -1.00 -1.00 -1.00 -1.00 -1.00 -1.00 -1.00 -1.00 -1.00 -1.00 -1.00 -1.00 01.95 01.92 01.67 01.63 01.61 01.61 01.67 01.60 01.60 01.61 01.63 01.66 01.66 01.65 01.47 01.47 01.43 01.39 01.07 00.76 01.27 01.56 01.54 01.46 01.00 00.97 01.15 01.56 01.73 01.93 01.95 01.23 01.30 01.33 01.37 01.69 01.71 01.73 01.76 01.78 01.81 01.84 01.95 01.97 02.17 02.51 02.39 02.38 02.34 02.11 02.26 02.08 01.88 01.82 01.82 01.84 01.86 01.88 01.93
-1.00 -1.00 -1.00 -1.00 -1.00 -1.00 -1.00 -1.00 -1.00 -1.00 -1.00 -1.00 -1.00 -1.00 -1.00 -1.00 -1.00 -1.00 01.95 01.85 01.84 01.62 01.61 01.65 01.69 01.60 01.61 01.62 01.66 01.68 01.68 01.53 01.48 01.48 01.44 01.41 01.40 00.90 01.40 01.54 01.55 01.72 01.76 01.46 00.75 00.96 01.50 01.60 01.92 01.73 01.23 01.28 01.32 01.36 01.68 01.70 01.73 01.75 01.78 01.83 01.94 02.11 02.22 02.32 02.35 02.21 02.21 02.16 02.23 01.95 01.90 01.80 01.81 01.82 01.84 01.87 01.93
-1.00 -1.00 -1.00 -1.00 -1.00 -1.00 -1.00 -1.00 -1.00 -1.00 -1.00 -1.00 -1.00 -1.00 -1.00 -1.00 -1.00 01.67 01.90 01.74 01.93 01.66 01.62 01.68 01.68 01.61 01.62 01.63 01.69 01.70 01.71 01.52 01.51 01.51 01.45 01.45 01.46 01.53 01.67 01.64 01.71 01.81 01.82 01.86 01.50 01.26 00.96 01.43 01.64 01.91 01.53 01.35 01.28 01.30 01.34 01.38 01.70 01.73 01.77 01.86 01.94 02.13 02.27 02.18 02.46 02.09 01.92 01.97 02.16 02.13 01.94 01.98 01.96 01.80 01.82 01.84 01.88
-1.00 -1.00 -1.00 -1.00 -1.00 -1.00 -1.00 -1.00 -1.00 -1.00 -1.00 -1.00 -1.00 -1.00 -1.00 -1.00 -1.00 01.73 01.82 01.62 01.92 01.90 01.64 01.69 01.64 01.62 01.63 01.64 01.71 01.72 01.73 01.55 01.55 01.53 01.48 01.54 01.52 01.75 01.71 01.93 02.00 01.74 01.73 01.93 01.87 01.77 01.41 00.96 01.50 01.64 01.87 01.89 01.94 01.24 01.29 01.33 01.37 01.70 01.74 01.78 01.84 01.97 02.14 02.29 02.07 01.90 01.84 01.83 01.82 01.99 01.93 01.96 02.00 02.05 02.07 01.97 01.87
-1.00 -1.00 -1.00 -1.00 -1.00 -1.00 -1.00 -1.00 -1.00 -1.00 -1.00 -1.00 -1.00 -1.00 -1.00 -1.00 -1.00 01.88 01.91 01.83 01.92 01.90 01.65 01.70 01.62 01.63 01.64 01.70 01.73 01.76 01.75 01.59 01.58 01.58 01.51 01.63 01.67 01.90 02.07 02.15 02.12 02.05 01.97 01.74 01.69 01.85 01.77 01.38 00.94 01.19 01.59 01.67 01.89 01.93 01.32 01.26 01.31 01.35 01.39 01.61 01.81 01.88 01.95 01.95 01.73 01.76 01.76 01.80 01.86 01.88 01.91 01.96 01.99 02.04 02.08 02.14 02.20
-1.00 -1.00 -1.00 -1.00 -1.00 -1.00 -1.00 -1.00 -1.00 -1.00 -1.00 -1.00 -1.00 -1.00 -1.00 -1.00 -1.00 -1.00 01.92 01.68 01.94 01.69 01.67 01.72 01.63 01.64 01.65 01.73 01.75 01.78 01.78 01.62 01.61 01.62 01.57 01.70 01.85 02.00 02.24 02.41 02.28 02.12 02.07 02.02 01.79 01.69 01.84 01.75 01.41 00.83 00.98 01.38 01.53 01.70 01.62 01.45 01.24 01.29 01.34 01.35 01.40 01.41 01.40 01.35 01.57 01.71 01.74 01.76 01.77 01.88 01.90 01.95 01.98 02.02 02.06 02.10 02.17
