data/trial2/ashley.fli
NCOLS 382
NROWS 266
XLLCORNER 157819.328125
YLLCORNER 384678.625000
CELLSIZE 30.000000
NODATA_VALUE -1
[rows 182 to 207 of 266, columns 240 to 299 of 382]
00063.149 00059.411 00055.506 00048.912 00023.758 00024.282 00024.075 00023.585 00023.202 00023.993 00024.765 00025.230 00025.742 00026.504 00026.754 00026.851 00043.384 00053.987 00058.372 00060.687 00062.683 00065.948 00063.654 00056.727 00060.408 00047.405 00066.269 00054.743 00060.592 00059.899 00064.584 00071.198 00068.204 00072.447 00047.470 00041.991 00041.650 00041.742 00042.065 00042.722 00043.087 00043.889 00044.940 00046.578 00048.076 00048.106 00049.355 00051.154 00050.096 00053.935 00086.794 00110.853 00112.449 00092.632 00078.520 00063.320 00055.558 00056.483 00066.374 00062.941
00021.761 00022.159 00022.670 00023.208 00023.714 00024.027 00024.305 00024.837 00024.066 00024.355 00025.287 00026.155 00026.673 00026.990 00039.463 00049.459 00054.455 00057.263 00058.365 00059.261 00060.770 00061.481 00062.834 00065.722 00062.727 00063.994 00061.292 00064.856 00066.930 00070.757 00072.176 00072.373 00071.867 00068.920 00055.129 00049.906 00048.432 00046.335 00037.989 00039.616 00040.751 00041.791 00042.851 00043.697 00044.986 00045.917 00046.490 00046.845 00048.594 00074.444 00079.694 00078.385 00072.266 00053.604 00054.168 00051.410 00052.473 00049.267 00058.680 00067.412
00022.055 00022.349 00022.829 00023.346 00023.874 00024.357 00024.869 00025.234 00025.518 00024.908 00024.924 00028.671 00041.798 00046.971 00049.582 00051.780 00053.560 00055.038 00056.124 00056.788 00056.899 00056.363 00057.680 00058.599 00060.277 00061.551 00062.648 00063.597 00063.360 00063.837 00064.394 00064.428 00064.455 00057.329 00056.406 00056.589 00056.775 00057.570 00059.056 00039.017 00044.062 00041.339 00040.928 00040.937 00041.821 00042.999 00044.610 00046.224 00047.467 00047.522 00051.316 00050.558 00048.948 00046.455 00046.566 00046.736 00042.255 00048.224 00054.969 00051.541
00022.916 00022.695 00023.040 00023.492 00023.978 00024.385 00024.990 00025.427 00025.769 00041.966 00047.850 00043.995 00046.091 00047.748 00049.022 00050.111 00051.086 00052.089 00052.733 00053.167 00053.421 00054.491 00055.015 00055.867 00056.857 00057.624 00058.251 00058.616 00058.846 00058.741 00059.072 00056.926 00051.945 00052.142 00052.288 00052.470 00051.754 00052.149 00052.502 00052.432 00051.120 00049.573 00049.015 00047.929 00039.132 00040.167 00042.607 00042.860 00044.737 00044.227 00040.723 00039.985 00040.000 00038.831 00039.009 00040.065 00037.365 00041.033 00044.141 00045.773
00023.718 00023.495 00023.330 00023.690 00024.092 00024.618 00037.237 00042.532 00045.557 00047.567 00047.079 00048.206 00049.045 00046.787 00047.144 00047.660 00048.531 00049.387 00049.713 00050.361 00051.106 00051.866 00053.528 00055.018 00055.781 00055.305 00055.615 00055.902 00056.165 00056.451 00050.132 00050.130 00050.087 00049.907 00049.549 00049.265 00049.167 00048.834 00048.700 00048.785 00049.149 00049.644 00049.763 00049.666 00046.076 00045.473 00044.968 00044.160 00033.847 00034.004 00029.810 00031.262 00031.532 00032.336 00034.124 00035.670 00035.491 00034.385 00033.952 00034.931
00024.744 00032.787 00037.385 00039.583 00041.022 00042.105 00043.302 00044.564 00045.566 00046.507 00047.326 00047.799 00048.342 00048.528 00048.598 00045.976 00046.627 00047.239 00047.946 00048.767 00049.529 00050.195 00050.845 00051.486 00052.861 00053.719 00053.589 00054.145 00049.038 00048.817 00048.855 00048.944 00048.867 00048.701 00048.590 00048.449 00048.303 00048.230 00048.523 00048.242 00048.225 00048.074 00048.001 00047.834 00047.831 00048.131 00036.815 00034.552 00033.410 00032.359 00031.546 00030.968 00029.134 00029.590 00030.502 00031.363 00031.901 00031.688 00030.308 00049.649
00038.969 00040.367 00041.551 00042.442 00043.610 00043.748 00043.565 00043.247 00043.937 00044.722 00045.323 00046.210 00047.069 00047.659 00047.709 00047.796 00047.928 00045.477 00046.166 00047.184 00047.309 00047.331 00047.896 00048.676 00049.681 00050.797 00047.370 00047.197 00047.539 00046.238 00046.551 00047.291 00047.681 00047.830 00047.821 00047.853 00048.003 00047.953 00047.783 00047.597 00047.527 00047.644 00047.442 00047.842 00045.032 00035.735 00035.548 00035.374 00035.268 00033.945 00033.314 00032.841 00029.976 00029.009 00029.045 00029.560 00030.390 00041.917 00041.959 00045.148
00038.269 00039.312 00040.237 00041.173 00042.089 00043.299 00043.600 00043.259 00043.309 00043.392 00044.033 00044.779 00045.487 00045.999 00046.465 00046.832 00046.780 00047.488 00045.786 00044.850 00045.126 00045.407 00045.765 00044.760 00042.489 00043.139 00043.681 00043.776 00043.566 00044.097 00045.158 00045.909 00046.347 00046.906 00047.222 00047.580 00048.081 00047.540 00047.601 00047.650 00047.617 00047.644 00047.851 00035.178 00033.751 00033.648 00033.697 00033.553 00033.416 00033.310 00033.207 00033.390 00033.704 00031.927 00031.418 00044.878 00064.466 00072.071 00075.610 00069.319
00036.028 00037.792 00038.719 00039.647 00040.661 00041.593 00042.009 00042.058 00042.464 00042.990 00043.540 00044.055 00044.549 00045.355 00045.957 00045.986 00046.124 00046.265 00046.564 00047.367 00045.710 00041.135 00041.120 00041.014 00040.905 00041.396 00041.939 00042.616 00043.489 00043.973 00044.422 00044.451 00045.072 00045.915 00046.710 00046.975 00047.133 00047.193 00047.395 00047.608 00047.850 00035.658 00034.835 00034.843 00034.770 00033.833 00032.640 00032.267 00032.281 00031.956 00032.187 00031.678 00031.467 00031.547 00056.305 00067.836 00070.472 00074.183 00076.746 00073.765
00035.053 00036.354 00037.581 00038.726 00039.739 00040.617 00041.561 00041.909 00041.823 00041.873 00042.289 00042.596 00042.866 00043.485 00044.309 00045.306 00045.800 00044.120 00041.481 00041.941 00041.849 00041.309 00041.026 00040.825 00040.675 00040.500 00040.486 00041.158 00041.790 00041.942 00042.098 00042.635 00043.467 00043.681 00044.176 00044.813 00045.702 00046.354 00046.994 00039.867 00035.339 00034.939 00033.974 00033.800 00033.440 00033.118 00032.798 00032.312 00031.646 00030.642 00030.090 00030.318 00043.185 00062.114 00067.103 00070.203 00074.018 00078.570 00085.241 00088.709
00033.577 00035.050 00036.262 00037.365 00038.324 00039.315 00040.254 00041.146 00041.242 00041.311 00041.321 00041.466 00041.642 00041.732 00039.217 00038.782 00039.236 00039.580 00039.960 00040.402 00041.030 00041.786 00041.779 00040.774 00040.518 00040.341 00040.229 00040.075 00040.036 00040.489 00040.772 00041.461 00042.190 00042.564 00042.922 00043.688 00044.693 00037.975 00033.535 00033.594 00033.060 00032.855 00032.645 00032.648 00032.566 00032.382 00032.316 00031.740 00031.446 00031.387 00040.362 00061.659 00068.431 00072.040 00074.282 00075.613 00077.015 00080.754 00082.850 00077.785
00032.900 00033.984 00035.092 00036.200 00037.165 00038.103 00039.224 00040.138 00040.990 00041.001 00038.563 00038.459 00038.402 00038.187 00037.977 00037.787 00038.102 00038.578 00039.002 00039.397 00039.708 00039.877 00040.283 00040.881 00040.916 00040.556 00040.088 00039.923 00039.872 00039.868 00039.553 00040.246 00041.269 00041.672 00042.264 00031.977 00031.941 00031.972 00032.055 00032.014 00031.962 00031.708 00032.016 00032.075 00032.062 00031.600 00031.642 00031.498 00031.442 00057.577 00067.529 00071.231 00073.138 00073.944 00074.572 00075.919 00076.635 00074.202 00071.878 00067.061
00031.071 00031.742 00032.317 00033.022 00033.751 00034.612 00035.570 00036.389 00036.978 00037.608 00037.952 00037.817 00037.754 00037.777 00037.669 00037.567 00037.492 00037.530 00037.772 00037.893 00038.134 00038.603 00039.261 00039.605 00040.193 00040.700 00040.690 00040.554 00039.807 00039.488 00039.340 00039.278 00033.443 00030.541 00031.408 00031.346 00031.302 00030.772 00030.818 00030.743 00030.605 00030.385 00030.474 00030.558 00030.773 00030.510 00030.486 00051.048 00062.946 00067.828 00070.122 00071.393 00071.777 00071.588 00071.648 00070.900 00070.658 00068.868 00066.658 00065.546
00030.064 00031.060 00031.717 00032.335 00032.950 00033.605 00034.322 00034.972 00035.566 00036.166 00036.835 00037.554 00037.669 00037.620 00037.481 00037.391 00037.124 00036.809 00037.036 00037.420 00037.636 00038.409 00039.519 00039.811 00039.632 00039.923 00040.468 00040.595 00040.574 00032.467 00030.078 00029.808 00029.719 00028.995 00029.476 00029.860 00030.326 00030.279 00030.237 00030.223 00030.123 00030.145 00030.054 00029.979 00029.826 00042.790 00058.268 00064.083 00066.657 00068.178 00068.996 00069.131 00068.999 00068.723 00068.630 00068.036 00066.292 00064.871 00064.952 00065.330
00029.462 00030.364 00031.105 00031.762 00032.325 00032.889 00033.551 00034.445 00035.271 00035.937 00036.302 00036.399 00036.651 00036.517 00036.532 00036.297 00036.048 00036.082 00036.088 00036.112 00036.334 00036.534 00037.191 00038.292 00039.230 00039.230 00036.796 00031.339 00031.041 00031.403 00030.679 00029.549 00028.918 00028.294 00027.644 00028.033 00028.473 00029.036 00029.234 00029.171 00029.503 00030.029 00029.979 00044.077 00056.311 00061.206 00063.451 00064.873 00065.848 00065.703 00065.713 00065.822 00065.874 00065.383 00064.781 00064.081 00063.798 00063.990 00063.855 00064.734
00029.426 00030.000 00030.508 00031.025 00031.469 00032.184 00033.264 00034.107 00034.969 00035.403 00035.144 00034.845 00035.635 00036.680 00036.840 00036.476 00036.193 00035.874 00035.746 00035.740 00035.678 00035.779 00036.099 00028.887 00029.030 00028.900 00029.021 00028.894 00029.018 00029.330 00029.798 00030.353 00029.567 00028.545 00027.833 00026.932 00026.741 00027.093 00027.275 00027.442 00027.998 00045.218 00053.382 00057.509 00059.875 00061.347 00062.133 00062.738 00063.097 00062.130 00062.199 00062.579 00062.203 00061.889 00061.850 00061.479 00061.135 00061.095 00061.265 00061.960
00028.784 00029.511 00030.047 00030.513 00031.185 00032.029 00032.489 00033.022 00034.033 00034.705 00034.815 00034.928 00034.877 00035.435 00036.302 00037.162 00036.995 00036.566 00031.303 00027.893 00027.680 00027.438 00027.370 00027.456 00027.509 00027.519 00027.636 00027.739 00027.872 00027.946 00028.148 00028.513 00028.896 00029.102 00028.900 00027.992 00026.746 00025.966 00039.598 00046.047 00050.140 00052.965 00054.814 00056.185 00057.612 00058.605 00059.307 00059.863 00059.959 00059.171 00058.816 00059.079 00059.194 00059.245 00059.358 00058.875 00058.284 00058.349 00058.705 00059.824
00028.488 00029.100 00029.647 00030.053 00030.524 00031.422 00032.177 00032.686 00033.100 00033.397 00033.727 00034.101 00034.435 00034.805 00034.870 00028.945 00029.771 00029.141 00028.387 00027.713 00027.597 00027.128 00026.544 00026.350 00026.428 00026.544 00026.965 00027.440 00027.503 00027.095 00026.961 00027.035 00027.444 00027.761 00028.216 00038.164 00051.471 00056.550 00059.673 00060.911 00047.807 00049.896 00051.774 00053.202 00053.591 00054.511 00055.041 00055.962 00056.338 00055.294 00055.281 00055.614 00056.108 00056.638 00056.882 00056.050 00056.456 00057.179 00057.761 00058.383
00022.893 00023.358 00023.822 00024.131 00024.444 00024.687 00024.902 00025.259 00025.634 00025.952 00026.274 00026.434 00026.514 00026.577 00026.641 00027.012 00027.814 00028.642 00028.583 00027.912 00027.518 00027.194 00026.482 00025.749 00025.684 00026.176 00026.505 00026.430 00026.326 00026.255 00026.179 00026.220 00038.094 00045.653 00049.755 00050.328 00052.930 00056.138 00058.453 00060.099 00061.408 00055.274 00054.238 00053.635 00052.383 00050.718 00050.589 00051.666 00051.911 00052.481 00053.137 00053.610 00054.349 00054.816 00055.408 00055.241 00055.487 00055.853 00056.348 00056.824
00022.069 00022.583 00023.163 00023.610 00024.014 00024.205 00024.076 00024.108 00024.343 00024.611 00024.959 00025.303 00025.495 00025.693 00025.957 00026.191 00026.610 00026.982 00027.313 00027.111 00026.929 00026.870 00026.608 00025.891 00025.007 00025.033 00025.470 00025.945 00027.359 00038.941 00044.789 00048.265 00050.106 00051.076 00051.515 00051.861 00051.866 00051.522 00051.226 00052.151 00053.319 00054.530 00054.420 00056.462 00058.566 00059.252 00059.217 00053.198 00051.453 00050.505 00050.819 00051.412 00051.854 00052.568 00053.227 00053.282 00052.955 00053.125 00053.532 00053.881
00021.342 00021.827 00022.378 00022.828 00023.259 00023.680 00023.585 00023.492 00023.899 00024.327 00024.568 00024.717 00024.842 00024.980 00025.103 00025.344 00025.619 00025.705 00025.597 00026.454 00027.103 00026.774 00026.730 00026.752 00037.932 00039.041 00040.432 00042.926 00044.827 00046.395 00047.782 00049.008 00050.189 00051.259 00051.771 00051.846 00051.903 00051.849 00051.699 00051.424 00050.689 00049.963 00050.187 00050.993 00051.847 00052.646 00053.820 00054.539 00054.650 00055.008 00055.885 00056.866 00052.220 00051.942 00052.098 00052.202 00052.188 00049.642 00037.754 00037.637
00020.704 00021.171 00021.662 00022.095 00022.529 00022.986 00023.205 00023.311 00023.440 00023.585 00023.730 00023.853 00023.987 00024.103 00024.341 00024.779 00025.117 00025.389 00025.445 00025.695 00026.197 00037.493 00045.140 00048.421 00049.899 00050.622 00050.844 00047.274 00044.650 00045.067 00045.767 00046.218 00046.925 00048.005 00048.985 00050.019 00050.777 00051.533 00051.335 00051.231 00051.132 00050.974 00050.815 00050.576 00049.624 00049.577 00050.237 00050.794 00051.393 00050.786 00051.207 00052.057 00052.243 00052.631 00052.636 00038.235 00037.953 00037.075 00037.141 00036.927
00027.344 00025.325 00021.096 00021.449 00021.725 00022.272 00022.630 00022.837 00023.037 00023.134 00023.232 00023.341 00023.455 00023.565 00023.876 00027.140 00033.314 00037.242 00039.948 00042.558 00044.963 00047.056 00048.795 00050.112 00051.114 00051.765 00051.332 00050.981 00051.060 00050.450 00043.627 00044.526 00044.640 00045.086 00045.769 00046.806 00047.677 00048.616 00048.990 00049.801 00050.580 00050.769 00051.078 00050.340 00050.253 00050.160 00050.303 00049.410 00049.003 00049.487 00049.921 00050.379 00043.521 00037.593 00037.216 00037.590 00037.198 00037.166 00037.498 00037.505
00029.126 00029.761 00030.287 00030.838 00031.223 00031.713 00032.909 00033.663 00034.145 00034.653 00035.255 00035.864 00037.074 00038.454 00039.798 00040.855 00041.462 00042.095 00042.868 00043.790 00044.705 00045.513 00046.260 00047.162 00048.349 00049.519 00050.082 00050.606 00052.581 00052.490 00051.608 00038.962 00040.940 00045.267 00044.878 00044.403 00045.223 00045.967 00046.478 00046.991 00047.660 00048.449 00049.161 00049.468 00049.739 00049.549 00049.457 00049.609 00049.695 00039.198 00037.483 00037.406 00037.290 00037.196 00037.103 00037.033 00037.010 00036.719 00036.870 00036.744
00028.326 00028.828 00029.789 00030.393 00030.802 00031.885 00033.058 00034.583 00035.410 00036.010 00036.608 00037.195 00037.753 00038.372 00039.269 00040.279 00041.401 00041.733 00041.547 00041.548 00042.527 00043.368 00044.120 00044.723 00045.107 00045.580 00046.198 00046.727 00047.817 00049.096 00049.472 00049.815 00049.485 00048.286 00046.663 00044.642 00043.394 00044.294 00045.429 00045.863 00046.186 00046.478 00046.904 00047.520 00047.256 00047.941 00038.491 00036.473 00036.398 00036.364 00036.329 00036.241 00036.638 00036.372 00036.308 00035.899 00035.966 00036.155 00036.291 00036.033
00027.346 00028.072 00028.550 00029.028 00029.625 00030.378 00031.243 00032.633 00034.219 00034.864 00035.354 00035.828 00036.174 00036.517 00037.044 00038.053 00038.932 00039.539 00040.129 00040.551 00040.792 00041.046 00041.774 00042.555 00043.371 00044.016 00044.542 00044.826 00045.405 00046.351 00047.337 00048.199 00048.872 00049.009 00049.490 00050.156 00047.133 00044.117 00041.848 00042.482 00043.043 00043.830 00044.174 00034.244 00034.203 00034.473 00034.731 00034.941 00035.045 00035.057 00035.006 00034.951 00035.033 00035.222 00035.372 00035.392 00035.582 00035.354 00034.957 00034.615
