data/trial2/ashley.toa
NCOLS 382
NROWS 266
XLLCORNER 157819.328125
YLLCORNER 384678.625000
CELLSIZE 30.000000
NODATA_VALUE -1
[rows 130 to 155 of 266, columns 180 to 239 of 382]
00021.679 00020.682 00020.220 00019.871 00019.374 00018.975 00018.711 00018.468 00018.242 00018.023 00017.832 00017.656 00017.481 00017.310 00017.153 00016.997 00016.903 00016.812 00016.733 00016.671 00016.647 00016.814 00017.038 00017.117 00016.785 00016.619 00016.526 00016.443 00016.389 00016.348 00016.377 00016.524 00016.665 00016.796 00016.926 00017.116 00017.281 00018.129 00020.024 00021.307 00019.076 00018.152 00017.781 00017.490 00017.272 00017.120 00017.024 00017.070 00017.303 00017.630 00017.784 00017.222 00016.661 00016.439 00016.302 00016.180 00016.053 00015.948 00015.848 00015.765
00021.857 00020.723 00020.258 00019.929 00019.457 00019.028 00018.743 00018.489 00018.253 00018.031 00017.829 00017.633 00017.456 00017.284 00017.118 00016.964 00016.852 00016.758 00016.673 00016.617 00016.580 00016.724 00016.957 00016.987 00016.719 00016.568 00016.477 00016.393 00016.330 00016.295 00016.280 00016.303 00016.433 00016.562 00016.860 00017.120 00017.282 00018.171 00020.281 00021.529 00018.347 00017.922 00017.557 00017.256 00017.049 00016.913 00016.829 00016.729 00016.793 00017.018 00016.797 00016.581 00016.399 00016.236 00016.114 00015.988 00015.875 00015.773 00015.680 00015.600
00022.019 00020.843 00020.328 00020.030 00019.557 00019.117 00018.793 00018.525 00018.270 00018.039 00017.836 00017.639 00017.443 00017.257 00017.089 00016.936 00016.801 00016.708 00016.619 00016.554 00016.562 00016.634 00016.912 00016.887 00016.714 00016.522 00016.426 00016.342 00016.272 00016.235 00016.213 00016.211 00016.217 00016.528 00016.873 00017.127 00017.295 00018.231 00020.789 00024.204 00018.120 00017.713 00017.346 00017.042 00016.841 00016.736 00016.642 00016.613 00016.652 00016.711 00016.514 00016.359 00016.191 00016.058 00015.940 00015.823 00015.706 00015.604 00015.516 00015.444
00022.241 00020.987 00020.418 00020.113 00019.663 00019.210 00018.852 00018.575 00018.316 00018.074 00017.856 00017.648 00017.454 00017.256 00017.059 00016.908 00016.765 00016.658 00016.564 00016.483 00016.542 00016.631 00016.946 00016.788 00016.654 00016.522 00016.373 00016.292 00016.218 00016.188 00016.168 00016.154 00016.211 00016.545 00016.887 00017.162 00017.350 00018.496 00021.871 00033.499 00018.330 00017.491 00017.139 00016.834 00016.655 00016.558 00016.462 00016.489 00016.520 00016.549 00016.325 00016.157 00015.997 00015.894 00015.777 00015.653 00015.546 00015.446 00015.362 00015.288
00022.545 00021.245 00020.580 00020.226 00019.813 00019.335 00018.929 00018.638 00018.368 00018.119 00017.895 00017.682 00017.472 00017.269 00017.074 00016.882 00016.739 00016.608 00016.513 00016.443 00016.502 00016.661 00016.823 00016.635 00016.594 00016.523 00016.329 00016.242 00016.167 00016.142 00016.123 00016.139 00016.367 00016.756 00017.095 00017.296 00017.547 00018.640 00022.029 00033.681 00021.809 00017.550 00016.942 00016.643 00016.476 00016.377 00016.330 00016.363 00016.393 00016.367 00016.150 00015.986 00015.837 00015.730 00015.611 00015.498 00015.392 00015.300 00015.223 00015.136
00022.629 00021.383 00020.790 00020.372 00020.031 00019.538 00019.081 00018.752 00018.466 00018.205 00017.949 00017.720 00017.495 00017.291 00017.089 00016.889 00016.714 00016.566 00016.455 00016.381 00016.412 00016.489 00016.527 00016.536 00016.541 00016.549 00016.324 00016.191 00016.117 00016.095 00016.072 00016.248 00016.630 00017.011 00017.233 00017.308 00017.460 00018.312 00021.656 00033.452 00034.689 00017.926 00016.747 00016.452 00016.300 00016.175 00016.194 00016.236 00016.274 00016.230 00016.007 00015.842 00015.685 00015.573 00015.459 00015.351 00015.255 00015.167 00015.097 00014.994
00022.651 00021.435 00020.783 00020.509 00020.204 00019.765 00019.276 00018.887 00018.604 00018.308 00018.019 00017.844 00017.661 00017.446 00017.179 00016.900 00016.698 00016.545 00016.414 00016.299 00016.231 00016.198 00016.252 00016.299 00016.394 00016.480 00016.313 00016.141 00016.070 00016.046 00016.061 00016.370 00016.737 00017.075 00017.092 00017.116 00017.257 00017.973 00021.317 00033.546 00037.896 00020.611 00016.590 00016.246 00016.107 00016.020 00016.056 00016.097 00016.146 00016.080 00015.881 00015.699 00015.546 00015.426 00015.314 00015.210 00015.120 00015.046 00014.970 00014.856
00022.672 00021.518 00020.799 00020.505 00020.278 00020.022 00019.657 00019.256 00018.855 00018.453 00018.262 00018.159 00017.994 00017.699 00017.369 00016.924 00016.682 00016.524 00016.376 00016.217 00016.101 00016.019 00015.980 00016.037 00016.148 00016.259 00016.253 00016.084 00016.024 00015.995 00016.088 00016.431 00016.775 00016.923 00016.777 00016.710 00016.598 00017.790 00021.500 00034.199 00036.119 00020.086 00016.249 00016.051 00015.917 00015.908 00015.930 00015.955 00015.994 00015.930 00015.738 00015.554 00015.398 00015.273 00015.160 00015.062 00014.987 00014.925 00014.836 00014.742
00023.068 00021.636 00020.823 00020.508 00020.248 00020.061 00019.725 00019.498 00019.179 00018.806 00018.503 00018.380 00018.222 00018.028 00017.522 00017.050 00016.761 00016.550 00016.354 00016.170 00016.054 00015.965 00015.909 00015.860 00015.934 00016.092 00016.151 00016.009 00015.970 00015.983 00016.115 00016.445 00016.753 00016.611 00016.466 00016.362 00016.347 00017.659 00021.816 00035.123 00033.635 00018.203 00016.026 00015.876 00015.781 00015.794 00015.809 00015.830 00015.867 00015.770 00015.575 00015.392 00015.224 00015.099 00014.988 00014.907 00014.853 00014.810 00014.706 00014.625
00032.688 00022.094 00020.888 00020.518 00020.250 00019.999 00019.627 00019.225 00018.968 00018.612 00018.363 00018.226 00018.069 00018.002 00017.659 00017.172 00016.879 00016.677 00016.406 00016.185 00016.018 00015.933 00015.858 00015.812 00015.794 00015.951 00015.959 00015.889 00015.863 00015.963 00016.068 00016.379 00016.482 00016.300 00016.160 00016.039 00016.157 00017.610 00021.213 00033.449 00021.624 00016.546 00015.833 00015.693 00015.661 00015.680 00015.697 00015.716 00015.741 00015.599 00015.395 00015.207 00015.028 00014.915 00014.805 00014.751 00014.717 00014.662 00014.582 00014.510
00033.215 00032.555 00020.982 00020.559 00020.251 00019.956 00019.536 00019.062 00018.829 00018.522 00018.277 00018.111 00017.920 00017.964 00017.767 00017.454 00017.130 00016.746 00016.446 00016.212 00016.001 00015.905 00015.823 00015.754 00015.707 00015.821 00015.761 00015.669 00015.753 00015.885 00015.991 00016.127 00016.220 00015.998 00015.916 00015.834 00015.808 00016.553 00018.307 00020.132 00018.202 00016.032 00015.646 00015.501 00015.541 00015.573 00015.591 00015.600 00015.611 00015.417 00015.206 00015.007 00014.834 00014.721 00014.616 00014.590 00014.568 00014.509 00014.447 00014.399
00033.118 00032.342 00020.995 00020.611 00020.277 00019.959 00019.497 00019.070 00018.745 00018.482 00018.236 00018.032 00017.860 00017.825 00017.561 00017.341 00017.095 00016.759 00016.349 00016.175 00015.993 00015.880 00015.793 00015.709 00015.653 00015.594 00015.547 00015.495 00015.641 00015.777 00015.921 00015.914 00015.967 00015.809 00015.731 00015.648 00015.564 00015.610 00016.233 00016.420 00016.427 00015.601 00015.381 00015.380 00015.432 00015.473 00015.473 00015.474 00015.551 00015.238 00015.018 00014.808 00014.633 00014.515 00014.438 00014.425 00014.405 00014.351 00014.311 00014.278
00033.012 00022.106 00020.916 00020.622 00020.320 00019.988 00019.504 00019.078 00018.737 00018.443 00018.197 00017.960 00017.746 00017.615 00017.354 00017.167 00016.936 00016.673 00016.335 00016.138 00015.986 00015.872 00015.767 00015.676 00015.591 00015.505 00015.448 00015.423 00015.527 00015.759 00015.679 00015.753 00015.731 00015.619 00015.540 00015.453 00015.396 00015.474 00015.478 00015.341 00015.296 00015.258 00015.227 00015.273 00015.331 00015.355 00015.356 00015.369 00015.409 00015.068 00014.840 00014.604 00014.423 00014.309 00014.258 00014.253 00014.227 00014.195 00014.168 00014.151
00032.993 00021.676 00020.853 00020.618 00020.332 00020.044 00019.548 00019.093 00018.747 00018.444 00018.159 00017.923 00017.675 00017.523 00017.257 00017.013 00016.838 00016.585 00016.340 00016.145 00015.980 00015.865 00015.747 00015.651 00015.553 00015.466 00015.409 00015.382 00015.497 00015.771 00015.503 00015.593 00015.525 00015.425 00015.342 00015.250 00015.251 00015.340 00015.300 00015.192 00015.150 00015.118 00015.121 00015.178 00015.229 00015.236 00015.243 00015.345 00015.259 00014.916 00014.675 00014.437 00014.255 00014.122 00014.108 00014.094 00014.062 00014.039 00014.021 00014.003
00032.980 00021.507 00020.812 00020.580 00020.343 00020.063 00019.599 00019.139 00018.767 00018.451 00018.163 00017.894 00017.655 00017.421 00017.227 00016.960 00016.782 00016.587 00016.342 00016.161 00015.991 00015.858 00015.742 00015.627 00015.530 00015.439 00015.374 00015.321 00015.466 00015.442 00015.345 00015.438 00015.331 00015.231 00015.142 00015.040 00015.104 00015.198 00015.116 00015.021 00014.992 00014.969 00015.015 00015.076 00015.105 00015.118 00015.171 00015.194 00015.129 00014.783 00014.531 00014.288 00014.101 00013.934 00013.907 00013.868 00013.814 00013.812 00013.797 00013.770
00032.936 00021.353 00020.789 00020.545 00020.332 00020.076 00019.624 00019.173 00018.794 00018.468 00018.169 00017.893 00017.641 00017.406 00017.199 00016.959 00016.772 00016.598 00016.400 00016.192 00016.002 00015.868 00015.738 00015.617 00015.509 00015.415 00015.342 00015.294 00015.397 00015.208 00015.195 00015.286 00015.138 00015.038 00014.948 00014.874 00014.966 00014.983 00014.921 00014.854 00014.831 00014.840 00014.911 00014.965 00014.984 00015.005 00015.124 00015.055 00014.999 00014.691 00014.392 00014.144 00013.924 00013.706 00013.675 00013.628 00013.592 00013.578 00013.560 00013.583
00032.796 00021.276 00020.768 00020.517 00020.303 00020.084 00019.649 00019.202 00018.813 00018.484 00018.176 00017.892 00017.632 00017.389 00017.165 00016.959 00016.765 00016.586 00016.414 00016.229 00016.042 00015.880 00015.745 00015.614 00015.489 00015.392 00015.298 00015.238 00015.155 00015.041 00015.049 00015.059 00014.951 00014.860 00014.758 00014.755 00014.838 00014.837 00014.734 00014.686 00014.664 00014.720 00014.794 00014.834 00014.865 00014.957 00014.974 00014.919 00014.863 00014.641 00014.243 00013.992 00013.769 00013.560 00013.520 00013.455 00013.461 00013.470 00013.480 00013.529
00032.696 00021.205 00020.758 00020.504 00020.276 00020.063 00019.656 00019.230 00018.834 00018.496 00018.184 00017.892 00017.621 00017.368 00017.138 00016.933 00016.757 00016.571 00016.398 00016.230 00016.047 00015.904 00015.752 00015.615 00015.483 00015.369 00015.267 00015.176 00015.056 00014.978 00014.944 00014.866 00014.766 00014.695 00014.625 00014.663 00014.656 00014.685 00014.549 00014.517 00014.523 00014.602 00014.659 00014.694 00014.778 00014.885 00014.842 00014.823 00014.774 00014.668 00014.207 00013.842 00013.658 00013.514 00013.442 00013.380 00013.416 00013.438 00013.476 00013.519
00032.738 00021.266 00020.756 00020.493 00020.258 00020.029 00019.617 00019.218 00018.877 00018.510 00018.193 00017.895 00017.614 00017.345 00017.104 00016.905 00016.729 00016.556 00016.380 00016.211 00016.046 00015.892 00015.757 00015.613 00015.477 00015.352 00015.242 00015.128 00015.023 00014.937 00014.851 00014.776 00014.702 00014.642 00014.588 00014.532 00014.484 00014.509 00014.371 00014.345 00014.404 00014.481 00014.515 00014.572 00014.708 00014.719 00014.702 00014.686 00014.653 00014.508 00014.229 00013.778 00013.622 00013.482 00013.408 00013.357 00013.390 00013.425 00013.475 00013.547
00032.802 00021.334 00020.768 00020.499 00020.258 00019.989 00019.564 00019.171 00018.841 00018.542 00018.202 00017.897 00017.608 00017.328 00017.067 00016.872 00016.701 00016.534 00016.362 00016.191 00016.024 00015.887 00015.746 00015.610 00015.470 00015.339 00015.220 00015.100 00014.998 00014.904 00014.817 00014.739 00014.669 00014.610 00014.557 00014.487 00014.405 00014.306 00014.240 00014.197 00014.286 00014.335 00014.368 00014.496 00014.564 00014.560 00014.544 00014.527 00014.483 00014.424 00014.339 00013.898 00013.605 00013.463 00013.364 00013.325 00013.367 00013.415 00013.486 00013.598
00032.895 00021.400 00020.783 00020.505 00020.259 00019.982 00019.505 00019.129 00018.809 00018.519 00018.228 00017.906 00017.601 00017.313 00017.042 00016.838 00016.669 00016.505 00016.343 00016.171 00016.002 00015.871 00015.729 00015.601 00015.463 00015.325 00015.201 00015.083 00014.972 00014.875 00014.787 00014.708 00014.638 00014.578 00014.524 00014.445 00014.360 00014.266 00014.202 00014.165 00014.145 00014.185 00014.284 00014.400 00014.405 00014.401 00014.386 00014.361 00014.318 00014.255 00014.257 00014.154 00013.655 00013.441 00013.304 00013.280 00013.321 00013.395 00013.485 00013.567
00033.077 00032.205 00021.099 00020.606 00020.262 00019.999 00019.522 00019.093 00018.783 00018.495 00018.204 00017.914 00017.598 00017.297 00017.021 00016.808 00016.637 00016.477 00016.316 00016.151 00015.985 00015.852 00015.725 00015.584 00015.455 00015.315 00015.184 00015.064 00014.946 00014.848 00014.759 00014.677 00014.606 00014.545 00014.491 00014.412 00014.319 00014.235 00014.165 00014.115 00014.080 00014.070 00014.202 00014.240 00014.249 00014.241 00014.227 00014.195 00014.148 00014.057 00014.154 00014.241 00013.821 00013.415 00013.219 00013.226 00013.237 00013.339 00013.452 00013.404
00033.387 00032.959 00021.889 00021.185 00020.453 00020.022 00019.549 00019.065 00018.763 00018.475 00018.178 00017.880 00017.588 00017.283 00016.999 00016.791 00016.606 00016.447 00016.289 00016.128 00015.968 00015.832 00015.705 00015.573 00015.440 00015.307 00015.168 00015.046 00014.926 00014.820 00014.731 00014.645 00014.573 00014.512 00014.458 00014.381 00014.286 00014.205 00014.126 00014.074 00014.037 00014.035 00014.063 00014.078 00014.089 00014.075 00014.061 00014.005 00013.898 00013.845 00014.039 00014.174 00013.947 00013.355 00013.163 00013.177 00013.196 00013.259 00013.279 00013.247
00033.382 00032.537 00022.688 00020.980 00020.642 00020.231 00019.647 00019.043 00018.744 00018.459 00018.155 00017.844 00017.548 00017.264 00016.987 00016.775 00016.586 00016.417 00016.261 00016.100 00015.951 00015.815 00015.685 00015.563 00015.424 00015.297 00015.160 00015.028 00014.905 00014.790 00014.701 00014.614 00014.541 00014.479 00014.424 00014.347 00014.253 00014.170 00014.091 00014.036 00013.992 00013.936 00013.904 00013.884 00013.841 00013.829 00013.803 00013.812 00013.791 00013.786 00013.896 00014.138 00013.956 00013.301 00013.110 00013.109 00013.106 00013.103 00013.111 00013.120
00033.200 00032.172 00021.729 00020.858 00020.510 00020.300 00019.872 00019.100 00018.733 00018.443 00018.140 00017.817 00017.509 00017.233 00016.975 00016.765 00016.571 00016.387 00016.229 00016.072 00015.930 00015.797 00015.664 00015.538 00015.408 00015.276 00015.151 00015.013 00014.885 00014.764 00014.670 00014.583 00014.508 00014.446 00014.390 00014.312 00014.218 00014.134 00014.053 00013.995 00013.935 00013.884 00013.843 00013.815 00013.789 00013.771 00013.758 00013.766 00013.720 00013.731 00013.829 00014.058 00013.965 00013.316 00013.055 00013.046 00013.037 00013.037 00013.042 00013.054
00033.145 00032.178 00021.209 00020.719 00020.381 00020.037 00019.668 00019.212 00018.738 00018.443 00018.124 00017.807 00017.491 00017.203 00016.958 00016.759 00016.557 00016.370 00016.196 00016.043 00015.907 00015.778 00015.643 00015.512 00015.392 00015.253 00015.133 00015.000 00014.864 00014.743 00014.639 00014.552 00014.476 00014.413 00014.354 00014.275 00014.181 00014.095 00014.012 00013.947 00013.886 00013.835 00013.794 00013.765 00013.740 00013.722 00013.713 00013.719 00013.656 00013.646 00013.658 00013.804 00014.013 00013.327 00013.004 00012.991 00012.978 00012.973 00012.981 00012.989
