data/trial2/ashley.ros
NCOLS 382
NROWS 266
XLLCORNER 157819.328125
YLLCORNER 384678.625000
CELLSIZE 30.000000
NODATA_VALUE -1
[rows 68 to 101 of 266, columns 154 to 230 of 382]
-1.00 -1.00 -1.00 -1.00 -1.00 -1.00 -1.00 -1.00 -1.00 -1.00 -1.00 -1.00 -1.00 -1.00 -1.00 -1.00 -1.00 -1.00 -1.00 -1.00 -1.00 -1.00 -1.00 -1.00 -1.00 -1.00 -1.00 -1.00 -1.00 -1.00 -1.00 -1.00 -1.00 -1.00 -1.00 -1.00 -1.00 -1.00 -1.00 -1.00 -1.00 -1.00 -1.00 -1.00 -1.00 -1.00 -1.00 -1.00 -1.00 -1.00 -1.00 -1.00 -1.00 -1.00 -1.00 -1.00 -1.00 -1.00 -1.00 -1.00 -1.00 -1.00 -1.00 -1.00 -1.00 -1.00 -1.00 -1.00 -1.00 -1.00 -1.00 -1.00 -1.00 -1.00 -1.00 -1.00 -1.00
-1.00 -1.00 -1.00 -1.00 -1.00 -1.00 -1.00 -1.00 -1.00 -1.00 -1.00 -1.00 -1.00 -1.00 -1.00 -1.00 -1.00 -1.00 -1.00 -1.00 -1.00 -1.00 -1.00 -1.00 -1.00 -1.00 -1.00 -1.00 -1.00 -1.00 -1.00 -1.00 -1.00 -1.00 -1.00 -1.00 -1.00 -1.00 -1.00 -1.00 -1.00 -1.00 -1.00 -1.00 -1.00 -1.00 -1.00 -1.00 -1.00 -1.00 -1.00 -1.00 -1.00 -1.00 -1.00 -1.00 -1.00 -1.00 -1.00 -1.00 -1.00 -1.00 -1.00 -1.00 -1.00 -1.00 -1.00 -1.00 -1.00 -1.00 -1.00 -1.00 -1.00 -1.00 -1.00 -1.00 -1.00
-1.00 -1.00 -1.00 -1.00 -1.00 -1.00 -1.00 -1.00 -1.00 -1.00 -1.00 -1.00 -1.00 -1.00 -1.00 -1.00 -1.00 -1.00 -1.00 -1.00 -1.00 -1.00 -1.00 -1.00 -1.00 -1.00 -1.00 -1.00 -1.00 -1.00 -1.00 -1.00 -1.00 -1.00 -1.00 -1.00 -1.00 -1.00 -1.00 -1.00 -1.00 -1.00 -1.00 -1.00 -1.00 -1.00 -1.00 -1.00 -1.00 -1.00 -1.00 -1.00 -1.00 -1.00 -1.00 -1.00 -1.00 -1.00 -1.00 -1.00 -1.00 -1.00 -1.00 -1.00 -1.00 -1.00 -1.00 -1.00 -1.00 -1.00 -1.00 -1.00 -1.00 -1.00 -1.00 -1.00 -1.00
-1.00 -1.00 -1.00 -1.00 -1.00 -1.00 -1.00 -1.00 -1.00 -1.00 -1.00 -1.00 -1.00 -1.00 -1.00 -1.00 -1.00 -1.00 -1.00 -1.00 -1.00 -1.00 -1.00 -1.00 -1.00 -1.00 -1.00 -1.00 -1.00 -1.00 -1.00 -1.00 -1.00 -1.00 -1.00 -1.00 -1.00 -1.00 -1.00 -1.00 -1.00 -1.00 -1.00 -1.00 -1.00 -1.00 -1.00 -1.00 -1.00 -1.00 -1.00 -1.00 -1.00 -1.00 -1.00 -1.00 -1.00 -1.00 -1.00 -1.00 -1.00 -1.00 -1.00 -1.00 -1.00 -1.00 -1.00 -1.00 -1.00 -1.00 -1.00 -1.00 -1.00 -1.00 -1.00 -1.00 -1.00
-1.00 -1.00 -1.00 -1.00 -1.00 -1.00 -1.00 -1.00 -1.00 -1.00 -1.00 -1.00 -1.00 -1.00 -1.00 -1.00 -1.00 -1.00 -1.00 -1.00 -1.00 -1.00 -1.00 -1.00 -1.00 -1.00 -1.00 -1.00 -1.00 -1.00 -1.00 -1.00 -1.00 -1.00 -1.00 -1.00 -1.00 -1.00 -1.00 -1.00 -1.00 -1.00 -1.00 -1.00 -1.00 -1.00 -1.00 -1.00 -1.00 -1.00 -1.00 -1.00 -1.00 -1.00 -1.00 -1.00 -1.00 -1.00 -1.00 -1.00 -1.00 -1.00 -1.00 -1.00 -1.00 -1.00 -1.00 -1.00 -1.00 -1.00 -1.00 -1.00 -1.00 -1.00 -1.00 -1.00 -1.00
-1.00 -1.00 -1.00 -1.00 -1.00 -1.00 -1.00 -1.00 -1.00 -1.00 -1.00 -1.00 -1.00 -1.00 -1.00 -1.00 -1.00 -1.00 -1.00 -1.00 -1.00 -1.00 -1.00 -1.00 -1.00 -1.00 -1.00 -1.00 -1.00 -1.00 -1.00 -1.00 -1.00 -1.00 -1.00 -1.00 -1.00 -1.00 -1.00 -1.00 -1.00 -1.00 -1.00 -1.00 -1.00 -1.00 -1.00 -1.00 -1.00 -1.00 -1.00 -1.00 -1.00 -1.00 -1.00 -1.00 -1.00 -1.00 -1.00 -1.00 -1.00 -1.00 -1.00 -1.00 -1.00 -1.00 -1.00 -1.00 -1.00 -1.00 -1.00 -1.00 -1.00 -1.00 -1.00 -1.00 -1.00
-1.00 -1.00 -1.00 -1.00 -1.00 -1.00 -1.00 -1.00 -1.00 -1.00 -1.00 -1.00 -1.00 -1.00 -1.00 -1.00 -1.00 -1.00 -1.00 -1.00 -1.00 -1.00 -1.00 -1.00 -1.00 -1.00 -1.00 -1.00 -1.00 -1.00 -1.00 -1.00 -1.00 -1.00 -1.00 -1.00 -1.00 -1.00 -1.00 -1.00 -1.00 -1.00 -1.00 -1.00 -1.00 -1.00 -1.00 -1.00 -1.00 -1.00 -1.00 -1.00 -1.00 -1.00 -1.00 -1.00 -1.00 -1.00 -1.00 -1.00 -1.00 -1.00 -1.00 -1.00 -1.00 -1.00 -1.00 -1.00 -1.00 -1.00 -1.00 -1.00 -1.00 -1.00 -1.00 -1.00 -1.00
-1.00 -1.00 -1.00 -1.00 -1.00 -1.00 -1.00 -1.00 -1.00 -1.00 -1.00 -1.00 -1.00 -1.00 -1.00 -1.00 -1.00 -1.00 -1.00 -1.00 -1.00 -1.00 -1.00 -1.00 -1.00 -1.00 -1.00 -1.00 -1.00 -1.00 -1.00 -1.00 -1.00 -1.00 -1.00 -1.00 -1.00 -1.00 -1.00 -1.00 -1.00 -1.00 -1.00 -1.00 -1.00 -1.00 -1.00 -1.00 -1.00 -1.00 -1.00 -1.00 -1.00 -1.00 -1.00 01.06 01.13 01.21 01.29 01.35 01.48 -1.00 -1.00 -1.00 -1.00 -1.00 -1.00 -1.00 -1.00 -1.00 -1.00 -1.00 10.25 -1.00 -1.00 -1.00 -1.00
-1.00 -1.00 -1.00 -1.00 -1.00 -1.00 -1.00 -1.00 -1.00 -1.00 -1.00 -1.00 -1.00 -1.00 -1.00 -1.00 -1.00 -1.00 -1.00 -1.00 -1.00 -1.00 -1.00 -1.00 -1.00 -1.00 -1.00 -1.00 -1.00 -1.00 -1.00 -1.00 -1.00 -1.00 -1.00 -1.00 -1.00 -1.00 -1.00 -1.00 -1.00 -1.00 -1.00 -1.00 -1.00 -1.00 -1.00 -1.00 -1.00 -1.00 -1.00 -1.00 -1.00 00.92 00.97 01.04 01.11 01.23 01.46 01.59 01.71 01.48 -1.00 -1.00 -1.00 -1.00 -1.00 -1.00 -1.00 -1.00 -1.00 02.81 06.67 09.68 09.12 -1.00 -1.00
-1.00 -1.00 -1.00 -1.00 -1.00 -1.00 -1.00 -1.00 -1.00 -1.00 -1.00 -1.00 -1.00 -1.00 -1.00 -1.00 -1.00 -1.00 -1.00 -1.00 -1.00 -1.00 -1.00 -1.00 -1.00 -1.00 -1.00 -1.00 -1.00 -1.00 -1.00 -1.00 -1.00 -1.00 -1.00 -1.00 -1.00 -1.00 -1.00 -1.00 -1.00 -1.00 -1.00 -1.00 -1.00 -1.00 -1.00 -1.00 -1.00 00.99 01.07 01.05 00.98 00.95 00.99 01.06 01.11 01.14 01.31 01.47 01.23 01.43 01.10 -1.00 -1.00 -1.00 -1.00 -1.00 -1.00 -1.00 -1.00 01.71 05.55 08.31 09.06 09.61 -1.00
-1.00 -1.00 -1.00 -1.00 -1.00 -1.00 -1.00 -1.00 -1.00 -1.00 -1.00 -1.00 -1.00 -1.00 -1.00 -1.00 -1.00 -1.00 -1.00 -1.00 -1.00 -1.00 -1.00 -1.00 -1.00 -1.00 -1.00 -1.00 -1.00 -1.00 -1.00 -1.00 -1.00 -1.00 -1.00 -1.00 -1.00 -1.00 -1.00 -1.00 -1.00 -1.00 -1.00 -1.00 -1.00 -1.00 -1.00 00.97 01.04 01.08 01.04 01.00 00.97 00.94 00.96 01.05 01.16 00.86 00.87 01.36 00.53 -1.00 -1.00 -1.00 -1.00 -1.00 -1.00 -1.00 -1.00 -1.00 -1.00 18.80 09.89 08.60 08.75 08.09 -1.00
-1.00 -1.00 -1.00 -1.00 -1.00 -1.00 -1.00 -1.00 -1.00 -1.00 -1.00 -1.00 -1.00 -1.00 -1.00 -1.00 -1.00 -1.00 -1.00 -1.00 -1.00 -1.00 -1.00 -1.00 -1.00 -1.00 -1.00 -1.00 -1.00 -1.00 -1.00 -1.00 -1.00 -1.00 -1.00 -1.00 -1.00 -1.00 -1.00 -1.00 -1.00 -1.00 -1.00 -1.00 -1.00 00.95 01.02 01.04 01.02 01.01 00.97 00.93 00.92 01.02 06.35 14.59 19.66 01.82 00.60 01.03 00.70 00.76 00.69 -1.00 -1.00 00.75 00.69 -1.00 -1.00 -1.00 00.84 12.32 12.46 08.53 08.63 07.72 -1.00
-1.00 -1.00 -1.00 -1.00 -1.00 -1.00 -1.00 -1.00 -1.00 -1.00 -1.00 -1.00 -1.00 -1.00 -1.00 -1.00 -1.00 -1.00 -1.00 -1.00 -1.00 -1.00 -1.00 -1.00 -1.00 -1.00 -1.00 -1.00 -1.00 -1.00 -1.00 -1.00 -1.00 -1.00 -1.00 -1.00 -1.00 -1.00 -1.00 -1.00 -1.00 -1.00 -1.00 -1.00 00.98 01.03 01.00 01.01 01.05 00.96 01.08 01.08 04.99 16.50 21.72 22.49 24.08 25.66 00.65 00.78 00.90 00.91 00.75 00.54 -1.00 00.85 25.69 03.46 00.61 -1.00 00.82 06.48 09.89 07.73 07.74 07.10 -1.00
-1.00 -1.00 -1.00 -1.00 -1.00 -1.00 -1.00 -1.00 -1.00 -1.00 -1.00 -1.00 -1.00 -1.00 -1.00 -1.00 -1.00 -1.00 -1.00 -1.00 -1.00 -1.00 -1.00 -1.00 -1.00 -1.00 -1.00 -1.00 -1.00 -1.00 -1.00 -1.00 -1.00 -1.00 -1.00 -1.00 -1.00 -1.00 -1.00 -1.00 -1.00 01.50 01.68 01.64 01.00 01.03 00.94 01.00 01.09 03.38 13.37 21.05 20.89 23.06 23.54 25.32 28.59 30.80 18.09 00.93 00.93 00.96 00.90 00.60 -1.00 00.94 23.85 23.68 12.32 11.42 00.92 03.01 08.81 06.82 06.84 06.39 -1.00
-1.00 -1.00 -1.00 -1.00 -1.00 -1.00 -1.00 -1.00 -1.00 -1.00 -1.00 -1.00 -1.00 -1.00 -1.00 -1.00 -1.00 -1.00 -1.00 -1.00 -1.00 -1.00 -1.00 -1.00 -1.00 -1.00 -1.00 -1.00 -1.00 01.14 -1.00 01.10 01.09 01.13 01.19 01.26 01.35 01.39 01.43 01.49 01.53 01.57 01.72 01.95 01.08 00.96 01.02 01.04 12.15 16.87 25.21 27.41 26.22 32.02 29.26 27.28 28.99 30.33 29.69 19.10 01.00 01.04 00.92 00.71 00.52 01.12 30.43 23.81 13.77 10.80 10.08 04.20 08.00 06.67 06.02 06.02 -1.00
-1.00 -1.00 -1.00 -1.00 -1.00 -1.00 -1.00 -1.00 -1.00 -1.00 -1.00 -1.00 -1.00 -1.00 -1.00 -1.00 -1.00 -1.00 -1.00 -1.00 -1.00 01.05 00.99 01.10 01.13 01.16 01.18 01.19 01.21 01.25 01.23 01.15 01.16 01.18 01.20 01.23 01.21 01.26 01.29 01.24 01.40 01.60 01.94 02.30 00.98 00.78 01.07 13.89 15.15 17.89 25.82 26.50 27.89 32.53 30.14 27.59 26.28 28.24 29.41 29.19 01.05 01.00 01.02 00.68 00.52 01.28 30.50 21.75 17.15 10.75 09.71 08.66 07.77 06.53 06.02 06.24 06.13
-1.00 -1.00 -1.00 -1.00 -1.00 -1.00 -1.00 -1.00 -1.00 -1.00 -1.00 -1.00 -1.00 -1.00 -1.00 -1.00 -1.00 -1.00 02.79 03.09 02.35 03.89 02.98 04.14 04.32 04.56 04.09 03.91 02.15 01.08 01.10 01.10 01.11 01.08 01.04 01.10 01.14 01.16 01.16 01.15 01.24 01.62 01.74 01.66 00.80 00.72 08.69 15.27 13.56 15.99 21.52 22.37 23.76 26.84 26.12 25.35 25.04 25.36 26.52 27.20 27.25 01.26 01.10 00.91 00.49 01.02 14.07 07.48 15.39 09.81 08.75 07.80 07.29 06.64 06.11 06.41 -1.00
-1.00 -1.00 -1.00 -1.00 -1.00 -1.00 -1.00 -1.00 -1.00 -1.00 -1.00 -1.00 -1.00 -1.00 -1.00 -1.00 -1.00 02.96 03.17 03.77 03.92 04.11 04.00 04.11 04.16 04.02 03.88 03.33 02.15 03.80 04.09 04.10 03.98 03.74 03.61 03.75 03.86 04.10 04.44 03.59 02.99 01.78 01.14 01.07 00.67 01.43 11.42 12.17 11.47 10.28 14.17 16.58 18.19 20.18 21.29 21.14 21.40 22.00 21.53 22.71 24.66 10.67 01.24 01.18 00.80 00.39 02.12 04.26 10.84 08.31 07.38 06.84 06.47 06.40 06.28 06.09 -1.00
-1.00 -1.00 -1.00 -1.00 -1.00 -1.00 -1.00 -1.00 -1.00 -1.00 -1.00 -1.00 -1.00 -1.00 -1.00 -1.00 -1.00 03.06 03.39 03.74 03.96 03.84 03.79 03.43 03.56 03.31 03.07 03.02 03.19 03.85 04.33 04.19 04.57 03.90 04.04 03.89 03.19 03.50 03.09 03.02 03.06 02.96 02.50 01.47 01.21 05.03 09.02 09.45 08.69 07.43 10.49 13.61 14.93 19.63 20.34 20.19 19.78 20.20 20.02 18.72 19.65 21.07 16.26 04.65 00.71 00.46 01.21 02.94 06.94 06.88 06.20 05.88 05.97 05.78 06.57 04.07 -1.00
-1.00 -1.00 -1.00 -1.00 -1.00 -1.00 -1.00 -1.00 -1.00 -1.00 -1.00 -1.00 -1.00 -1.00 -1.00 -1.00 03.56 03.43 03.51 03.71 03.60 03.39 02.98 04.60 03.27 03.90 03.70 03.25 03.72 05.12 05.91 04.99 05.48 05.83 05.87 05.23 02.75 02.46 02.18 02.13 02.18 01.88 01.16 04.36 03.59 01.73 03.38 05.92 06.28 03.81 05.96 11.72 15.98 19.40 20.82 20.27 20.26 19.81 19.76 18.78 15.92 14.63 16.80 14.61 00.81 00.57 01.45 07.66 04.37 03.65 03.12 02.97 04.08 06.00 01.52 -1.00 -1.00
-1.00 -1.00 -1.00 -1.00 -1.00 -1.00 -1.00 -1.00 -1.00 -1.00 -1.00 -1.00 -1.00 -1.00 -1.00 03.74 03.87 03.58 03.47 03.49 03.03 04.22 03.77 04.41 12.04 06.96 04.97 05.29 05.59 05.37 07.48 06.36 06.49 07.12 06.62 04.78 09.07 03.91 05.84 04.72 03.06 00.26 02.85 03.35 04.39 05.07 04.59 04.12 04.00 04.24 03.87 05.56 13.54 16.72 19.24 18.71 17.80 18.52 19.00 16.95 14.02 14.66 15.88 17.76 00.93 00.65 00.61 03.76 02.34 01.07 01.23 01.27 01.09 -1.00 -1.00 -1.00 -1.00
-1.00 -1.00 -1.00 -1.00 -1.00 -1.00 -1.00 -1.00 -1.00 -1.00 -1.00 -1.00 -1.00 -1.00 -1.00 03.76 04.11 03.74 03.34 02.90 03.11 04.52 07.57 07.98 10.41 07.71 06.33 06.36 06.20 06.23 07.29 06.37 06.61 07.03 07.69 08.83 06.24 07.22 05.04 03.59 02.60 04.14 05.07 05.47 05.31 06.36 06.34 05.77 05.29 05.24 04.09 01.67 08.78 14.14 17.28 16.19 16.34 15.40 16.64 14.69 14.19 14.30 16.22 18.20 13.51 03.16 00.62 00.63 01.34 00.96 -1.00 -1.00 -1.00 -1.00 -1.00 -1.00 -1.00
-1.00 -1.00 -1.00 -1.00 -1.00 -1.00 -1.00 -1.00 -1.00 -1.00 -1.00 -1.00 -1.00 -1.00 03.24 03.67 04.29 04.29 03.30 02.57 03.35 06.40 08.34 09.17 07.88 08.92 06.24 06.37 06.47 06.40 07.47 06.34 06.80 07.31 08.01 08.94 06.80 06.78 04.85 02.75 04.07 04.25 08.30 08.66 06.99 07.46 07.90 07.92 06.63 06.25 05.02 03.91 03.27 17.14 18.44 14.66 13.99 13.29 13.99 13.07 14.16 13.43 16.52 18.66 05.54 00.81 00.59 00.50 00.49 00.44 -1.00 -1.00 -1.00 -1.00 -1.00 -1.00 -1.00
-1.00 -1.00 -1.00 -1.00 -1.00 -1.00 -1.00 -1.00 -1.00 -1.00 -1.00 -1.00 -1.00 -1.00 03.13 03.69 04.21 03.73 03.73 03.04 04.02 08.46 08.32 06.79 05.77 07.26 06.22 06.27 06.42 07.34 07.28 07.04 06.51 07.07 07.91 09.19 07.64 06.70 04.18 04.01 05.26 07.02 09.02 09.70 09.88 11.28 11.46 11.20 08.73 07.18 06.33 04.71 04.08 10.56 13.45 14.24 12.39 11.54 11.52 12.19 13.64 12.74 14.78 10.09 00.64 13.73 13.64 00.46 00.45 00.39 01.23 -1.00 -1.00 -1.00 -1.00 -1.00 -1.00
-1.00 -1.00 -1.00 -1.00 -1.00 -1.00 -1.00 -1.00 -1.00 -1.00 -1.00 -1.00 -1.00 03.65 03.49 03.36 04.24 04.94 05.28 03.77 06.33 06.36 06.80 05.72 04.42 05.78 05.97 07.00 06.99 07.38 06.80 07.15 06.16 06.70 07.46 09.23 09.12 05.70 01.32 04.33 05.27 06.88 09.22 13.29 10.72 11.48 13.70 13.17 11.63 09.57 07.16 06.39 04.96 04.62 04.03 12.19 08.46 09.73 11.00 11.50 12.77 13.68 07.39 00.48 06.11 08.22 08.22 12.46 00.38 00.41 00.40 -1.00 -1.00 -1.00 -1.00 -1.00 -1.00
-1.00 -1.00 -1.00 -1.00 -1.00 -1.00 -1.00 -1.00 -1.00 -1.00 -1.00 -1.00 -1.00 04.05 03.75 04.03 04.55 05.43 06.04 11.62 03.91 04.99 05.19 04.68 03.63 04.63 05.73 06.69 07.16 06.97 06.49 06.66 06.45 06.59 06.79 08.78 09.57 06.36 02.37 04.27 05.19 06.65 09.53 16.51 14.61 13.95 14.53 13.97 12.59 11.61 08.44 07.12 05.99 05.60 05.12 06.11 10.79 07.27 10.38 11.74 12.90 10.49 04.34 07.09 08.97 10.65 07.25 06.49 10.75 00.35 00.41 -1.00 -1.00 -1.00 -1.00 -1.00 -1.00
-1.00 -1.00 -1.00 -1.00 -1.00 -1.00 -1.00 -1.00 -1.00 -1.00 -1.00 -1.00 -1.00 04.29 04.07 04.00 05.04 06.15 10.51 12.91 11.69 10.53 05.42 03.59 03.38 04.14 05.14 05.50 06.93 06.02 06.04 06.15 06.48 06.32 06.49 08.40 08.70 06.41 02.56 04.33 05.23 06.15 09.23 26.18 15.22 13.66 15.23 15.26 14.08 11.73 09.78 07.82 06.26 05.73 05.66 05.90 07.05 12.49 07.87 09.94 08.24 04.38 06.44 09.79 10.45 11.77 10.09 06.37 09.06 00.36 00.37 00.43 -1.00 -1.00 -1.00 -1.00 -1.00
-1.00 -1.00 -1.00 -1.00 -1.00 -1.00 -1.00 -1.00 -1.00 -1.00 -1.00 -1.00 04.87 04.49 03.93 04.07 04.79 06.74 09.77 11.29 09.54 07.31 04.69 03.54 05.30 03.64 04.67 04.49 05.71 05.45 05.60 05.65 06.25 05.80 06.49 07.71 07.68 06.55 02.67 04.32 05.17 05.57 08.44 24.01 19.69 13.77 14.54 15.17 14.38 12.52 10.19 08.80 07.58 07.35 06.13 06.64 06.21 08.19 07.80 00.69 04.38 05.68 08.32 12.09 11.39 11.17 11.59 09.09 05.94 09.30 00.36 00.40 00.44 -1.00 -1.00 -1.00 -1.00
-1.00 -1.00 -1.00 -1.00 -1.00 -1.00 -1.00 -1.00 -1.00 -1.00 -1.00 -1.00 03.96 04.37 05.12 03.94 04.44 05.72 07.36 07.83 06.21 04.34 04.13 04.54 04.37 06.63 03.57 03.74 04.82 04.97 05.07 05.10 05.59 07.49 06.13 06.95 07.23 09.79 02.78 04.32 05.11 05.78 08.14 19.39 17.36 14.49 13.92 14.57 14.39 12.99 11.00 09.61 09.01 07.99 07.77 07.28 06.17 08.32 09.20 08.43 05.27 06.30 09.71 13.02 12.76 11.22 11.24 10.96 07.58 04.00 00.30 00.36 00.46 00.41 -1.00 -1.00 -1.00
-1.00 -1.00 -1.00 -1.00 -1.00 -1.00 -1.00 -1.00 -1.00 -1.00 -1.00 03.24 03.87 04.30 04.84 04.00 03.93 03.76 05.24 05.01 04.91 04.03 04.06 03.85 04.35 04.90 02.61 03.16 03.79 04.59 04.84 04.74 05.94 05.96 05.78 06.21 07.50 07.10 02.86 04.20 05.33 05.84 08.65 15.39 16.23 11.31 13.19 13.44 12.63 11.77 10.32 09.69 09.79 09.33 08.50 06.89 06.46 07.44 11.03 10.93 08.22 06.84 13.84 16.12 13.63 11.55 11.14 11.49 09.17 07.45 07.96 00.39 00.43 00.42 -1.00 -1.00 -1.00
-1.00 -1.00 -1.00 -1.00 -1.00 -1.00 -1.00 -1.00 -1.00 -1.00 -1.00 04.13 03.67 03.96 03.76 03.93 03.52 03.70 04.27 04.25 03.79 03.79 03.50 03.53 03.57 03.65 03.30 02.66 03.51 04.15 04.73 04.67 05.32 04.79 05.49 05.01 05.34 01.74 03.23 03.95 05.30 06.21 07.78 14.64 16.95 11.64 11.28 11.26 11.11 10.90 10.30 09.10 09.02 09.40 09.57 06.82 06.27 09.86 09.24 09.71 09.48 07.52 17.81 17.51 13.01 11.83 10.95 12.62 11.88 09.84 09.73 00.50 00.38 00.42 00.37 -1.00 -1.00
-1.00 -1.00 -1.00 -1.00 -1.00 -1.00 -1.00 -1.00 -1.00 11.22 07.78 03.27 03.86 03.58 03.82 03.73 03.67 03.94 03.88 03.67 03.53 03.46 03.33 03.38 03.96 03.99 03.80 03.25 03.12 03.90 03.97 04.45 04.49 04.72 04.16 03.07 02.41 03.30 04.05 03.68 05.47 06.15 07.04 11.86 19.40 14.72 11.58 10.81 09.95 08.98 09.72 09.16 08.69 08.46 08.54 06.47 06.33 07.85 08.15 08.77 08.76 08.97 18.03 14.17 12.17 11.16 10.66 12.28 13.11 13.20 07.30 04.93 00.36 00.39 00.40 -1.00 -1.00
-1.00 -1.00 -1.00 -1.00 -1.00 -1.00 -1.00 10.05 10.95 11.32 08.66 06.10 03.99 03.87 03.76 03.57 03.68 04.13 03.59 03.34 03.37 03.23 03.28 03.77 04.15 04.31 04.21 03.61 03.00 03.59 03.75 03.81 03.84 03.91 02.80 02.58 03.61 04.14 04.48 03.42 05.28 05.97 06.90 10.83 19.15 16.01 12.73 11.24 10.18 09.34 08.76 09.11 08.62 08.37 07.70 07.05 06.62 08.57 08.92 09.33 07.83 09.70 14.68 12.83 11.32 10.39 09.98 10.82 13.23 17.15 10.91 05.25 00.32 00.38 00.40 -1.00 -1.00
-1.00 -1.00 -1.00 -1.00 -1.00 -1.00 10.10 10.60 11.34 10.96 07.93 03.36 03.78 03.92 03.28 03.91 03.66 04.01 03.48 03.36 03.17 03.05 03.49 03.89 04.77 04.81 05.21 05.84 03.85 03.54 03.52 03.24 03.04 03.32 01.66 03.57 03.99 04.24 04.67 03.18 04.62 05.76 06.90 09.82 17.97 17.50 13.80 12.16 10.82 09.53 08.98 08.68 08.68 08.28 07.28 07.21 07.46 09.08 09.12 09.16 07.44 09.86 16.79 11.64 10.24 09.82 09.54 09.13 14.78 18.42 13.99 07.58 04.21 00.37 00.38 -1.00 -1.00
