data/trial2/ashley.fli
NCOLS 382
NROWS 266
XLLCORNER 157819.328125
YLLCORNER 384678.625000
CELLSIZE 30.000000
NODATA_VALUE -1
[rows 182 to 207 of 266, columns 300 to 359 of 382]
00051.781 00050.495 00102.854 00157.101 00227.939 00294.864 00091.328 00087.087 00077.915 00071.249 00062.567 00094.957 00090.419 00087.476 00090.958 00086.342 00091.387 00090.733 00095.174 00102.793 00099.373 00110.203 00120.655 00114.142 00067.948 00053.969 00036.216 00028.548 00025.523 00022.226 00000.515 00000.815 00001.555 00000.812 00000.644 00000.737 00000.724 00000.929 00060.284 00084.105 00106.809 00116.602 00150.888 00067.930 00032.829 00037.161 00031.206 00024.716 00012.138 00054.684 00124.511 00100.682 00100.923 00099.091 00117.706 00107.548 00105.624 00113.622 00119.677 00120.905
00085.829 00115.433 00146.985 00218.977 00267.300 00076.210 00078.317 00073.060 00099.876 00141.278 00122.543 00093.995 00088.162 00083.540 00085.007 00076.173 00081.701 00088.008 00094.099 00094.202 00111.238 00133.036 00142.418 00118.271 00055.966 00035.195 00005.667 00000.503 00000.408 00000.583 00000.859 00000.756 00000.633 00000.841 00000.897 00002.112 00065.700 00104.657 00106.596 00109.370 00120.072 00103.405 00113.704 00039.210 00034.072 00033.048 00025.264 00008.097 00114.790 00128.736 00102.406 00100.677 00092.945 00095.929 00112.072 00104.637 00107.008 00113.042 00119.153 00110.731
00077.314 00115.475 00164.068 00215.196 00078.428 00091.004 00201.453 00212.393 00154.132 00136.288 00123.580 00093.414 00088.466 00073.884 00075.683 00084.256 00094.858 00108.985 00130.181 00144.799 00180.279 00194.381 00143.878 00135.907 00030.137 00000.767 00000.673 00001.876 00001.132 00001.002 00000.559 00000.786 00001.147 00003.047 00069.635 00134.063 00149.397 00150.202 00105.120 00112.027 00107.842 00120.359 00053.043 00022.965 00034.642 00026.766 00012.928 00049.694 00110.259 00102.975 00094.797 00089.557 00088.836 00102.347 00107.076 00102.731 00101.002 00109.638 00109.975 00105.621
00053.850 00114.444 00153.436 00067.236 00136.777 00170.982 00204.179 00191.600 00138.500 00131.106 00124.577 00094.266 00084.429 00077.413 00082.750 00103.246 00121.369 00153.465 00184.150 00186.888 00211.381 00210.479 00149.225 00108.261 00001.001 00000.865 00002.091 00000.853 00000.682 00001.001 00001.618 00002.888 00004.088 00035.324 00108.553 00146.513 00165.707 00176.410 00155.679 00089.095 00121.994 00070.058 00026.416 00035.860 00027.975 00025.978 00014.834 00000.446 00097.980 00088.103 00084.294 00082.727 00084.230 00107.156 00103.256 00098.138 00096.322 00100.781 00110.567 00104.716
00079.070 00082.780 00083.537 00075.186 00104.512 00172.899 00164.640 00143.222 00124.596 00132.546 00125.394 00109.895 00108.379 00096.244 00109.782 00145.311 00172.084 00192.556 00221.710 00233.597 00263.407 00185.320 00094.460 00062.010 00001.016 00001.340 00000.845 00000.943 00001.857 00003.314 00005.353 00087.929 00185.707 00180.776 00079.712 00134.072 00152.691 00163.222 00156.570 00105.124 00085.094 00033.066 00018.335 00036.704 00032.632 00028.414 00022.600 00002.281 00084.584 00075.706 00079.827 00080.144 00085.157 00099.708 00102.968 00091.112 00100.472 00109.473 00124.401 00117.304
00059.696 00063.176 00067.251 00080.088 00092.163 00079.642 00113.836 00129.243 00160.541 00146.251 00156.816 00137.135 00116.527 00136.636 00186.188 00197.807 00196.802 00202.594 00215.662 00214.144 00219.255 00121.687 00038.500 00001.185 00000.926 00001.472 00001.871 00045.103 00249.240 00182.928 00197.157 00087.397 00161.474 00151.700 00146.412 00147.202 00150.510 00120.532 00154.958 00085.883 00049.581 00024.723 00045.384 00041.890 00037.567 00022.693 00015.287 00025.858 00071.772 00075.060 00076.147 00074.725 00089.586 00099.705 00094.100 00101.558 00110.248 00122.332 00126.719 00100.366
00058.523 00057.003 00064.668 00088.128 00079.637 00121.307 00175.419 00185.830 00161.302 00156.942 00148.855 00155.166 00166.262 00223.525 00151.574 00127.632 00135.923 00133.855 00167.681 00160.833 00173.660 00170.583 00048.478 00001.447 00002.640 00062.547 00264.445 00265.288 00248.736 00210.845 00170.431 00166.650 00168.716 00178.206 00176.697 00194.626 00181.609 00143.083 00098.755 00057.792 00025.463 00033.843 00044.833 00040.378 00029.076 00017.639 00009.870 00061.779 00072.853 00072.427 00072.003 00079.456 00098.549 00096.511 00135.943 00112.369 00121.974 00120.963 00106.750 00090.912
00074.007 00078.288 00088.224 00096.009 00102.064 00105.825 00102.468 00141.553 00162.131 00133.064 00133.823 00128.171 00137.701 00117.529 00116.753 00074.128 00092.596 00117.055 00128.188 00121.698 00128.262 00111.702 00023.315 00007.566 00097.659 00060.752 00248.017 00177.888 00220.208 00211.040 00202.484 00131.947 00136.868 00211.805 00192.326 00191.451 00138.637 00113.559 00053.574 00029.212 00019.084 00047.242 00044.289 00040.651 00024.283 00017.487 00009.679 00067.972 00071.799 00071.075 00074.874 00097.869 00130.552 00125.211 00111.877 00115.362 00112.233 00114.829 00091.109 00085.002
00083.601 00095.805 00094.466 00082.391 00077.526 00075.576 00078.468 00077.622 00071.069 00080.152 00092.770 00090.579 00098.356 00100.296 00090.327 00073.466 00083.992 00101.688 00099.543 00085.852 00073.669 00037.269 00020.955 00074.067 00099.548 00109.413 00161.909 00136.787 00175.402 00174.658 00174.518 00119.353 00089.199 00141.033 00115.490 00169.469 00086.276 00069.321 00026.254 00019.713 00052.386 00050.543 00045.397 00036.792 00021.548 00009.490 00030.696 00072.608 00070.812 00075.935 00091.822 00123.288 00119.498 00112.333 00110.629 00106.390 00110.297 00098.867 00086.145 00083.093
00083.464 00082.285 00075.565 00065.431 00059.709 00061.473 00058.284 00059.944 00082.485 00080.284 00073.952 00091.215 00088.855 00097.139 00072.851 00077.327 00087.097 00074.769 00068.632 00044.023 00020.816 00065.180 00064.028 00079.078 00102.415 00119.403 00116.432 00128.391 00149.092 00156.210 00139.800 00069.462 00057.280 00058.147 00100.518 00129.462 00082.841 00040.395 00021.755 00036.545 00055.296 00051.149 00044.261 00026.090 00019.321 00009.216 00067.489 00071.804 00073.475 00080.484 00098.029 00112.332 00107.552 00106.948 00105.091 00108.311 00106.962 00086.660 00084.732 00083.077
00073.091 00070.239 00062.907 00062.032 00056.131 00062.771 00074.263 00085.163 00081.077 00074.483 00090.328 00082.856 00088.880 00090.634 00075.678 00076.152 00074.071 00050.836 00035.251 00047.573 00067.764 00058.615 00069.706 00085.051 00102.551 00108.784 00115.426 00126.061 00132.275 00121.280 00081.387 00041.377 00046.487 00050.824 00072.999 00087.618 00048.006 00024.609 00022.743 00058.484 00053.427 00046.972 00043.378 00025.726 00013.950 00011.411 00074.274 00073.271 00078.743 00075.986 00099.550 00100.631 00102.154 00098.430 00099.271 00103.653 00094.629 00084.709 00084.123 00077.666
00065.753 00064.666 00064.795 00063.214 00073.879 00083.741 00089.346 00086.488 00089.238 00093.538 00085.665 00084.087 00092.229 00066.765 00068.812 00065.143 00045.254 00040.039 00044.450 00059.200 00072.778 00068.452 00077.888 00089.959 00095.767 00098.242 00110.675 00111.588 00102.783 00080.830 00042.314 00039.218 00052.204 00057.837 00053.054 00044.861 00032.786 00023.530 00035.694 00054.087 00045.229 00043.141 00029.014 00025.762 00009.934 00016.675 00071.491 00072.789 00070.521 00069.523 00092.710 00096.717 00092.610 00092.135 00093.919 00101.692 00081.987 00077.247 00074.261 00073.567
00065.441 00066.277 00070.821 00079.230 00087.198 00086.968 00089.870 00088.816 00089.983 00084.831 00084.915 00086.575 00065.428 00061.166 00055.721 00043.354 00039.409 00050.896 00054.455 00070.524 00069.382 00075.974 00080.566 00086.137 00089.016 00093.412 00091.394 00086.244 00071.474 00046.258 00040.078 00046.055 00057.670 00051.245 00031.592 00037.140 00026.262 00028.792 00052.499 00043.984 00040.273 00034.663 00027.841 00013.821 00014.333 00010.972 00066.076 00064.718 00062.278 00066.735 00083.935 00084.621 00086.708 00087.681 00094.102 00080.080 00071.845 00073.298 00075.299 00078.415
00067.670 00071.453 00076.578 00079.543 00081.061 00082.496 00079.789 00081.926 00080.575 00084.776 00082.710 00078.275 00057.167 00049.035 00045.149 00048.438 00053.906 00063.037 00065.477 00071.204 00072.714 00074.011 00076.639 00077.322 00076.669 00076.667 00072.631 00063.819 00047.365 00042.238 00043.920 00054.183 00054.179 00014.828 00023.186 00026.891 00030.847 00044.235 00045.152 00045.180 00041.172 00024.933 00019.253 00019.061 00015.553 00014.941 00056.720 00056.310 00054.801 00070.395 00077.187 00080.809 00087.121 00082.844 00080.340 00075.079 00080.992 00078.268 00083.970 00094.161
00066.186 00068.042 00069.603 00070.098 00070.811 00072.029 00072.283 00074.592 00077.755 00074.272 00054.955 00053.540 00051.060 00050.908 00055.531 00059.106 00061.984 00058.099 00064.515 00066.617 00070.344 00071.373 00068.978 00068.010 00062.353 00059.997 00058.083 00034.830 00036.127 00038.409 00041.987 00038.365 00024.186 00017.539 00033.206 00025.809 00031.399 00043.591 00044.861 00039.513 00022.879 00018.033 00016.421 00012.247 00006.927 00042.877 00050.549 00044.066 00067.528 00076.852 00075.956 00088.259 00085.133 00087.531 00071.602 00082.220 00081.114 00084.715 00090.518 00097.058
00062.740 00063.492 00064.556 00065.115 00064.818 00064.244 00064.628 00065.767 00067.063 00048.570 00049.295 00050.777 00052.388 00052.504 00052.034 00054.551 00055.235 00058.051 00060.236 00063.376 00064.042 00060.875 00060.379 00056.375 00053.571 00053.207 00023.580 00024.041 00028.060 00032.100 00033.712 00027.696 00020.481 00019.763 00026.223 00027.041 00042.282 00041.208 00035.685 00020.882 00016.523 00014.186 00009.602 00004.790 00036.992 00037.907 00034.864 00064.891 00075.753 00084.680 00093.372 00099.036 00093.251 00080.756 00078.353 00082.363 00082.007 00084.895 00091.510 00086.255
00060.768 00061.257 00061.505 00061.305 00061.409 00061.146 00061.333 00043.365 00043.355 00043.610 00044.281 00045.721 00045.466 00046.516 00048.460 00050.249 00051.660 00053.280 00053.014 00053.234 00052.823 00052.933 00052.077 00049.451 00049.384 00021.959 00021.535 00021.459 00024.341 00028.658 00029.570 00027.621 00016.983 00016.725 00024.236 00042.192 00036.545 00030.132 00019.509 00010.732 00013.678 00007.526 00024.519 00031.754 00027.197 00031.932 00068.926 00076.431 00083.955 00092.865 00099.958 00104.021 00104.250 00068.696 00081.179 00081.096 00081.462 00081.292 00093.243 00089.853
00058.806 00058.930 00058.860 00058.718 00058.632 00041.706 00041.781 00042.100 00041.606 00041.429 00042.598 00043.136 00042.981 00043.789 00044.500 00045.517 00046.480 00045.244 00045.841 00046.283 00045.865 00046.429 00047.014 00044.640 00020.764 00019.636 00018.617 00019.797 00018.545 00017.979 00019.887 00013.932 00005.862 00019.065 00040.707 00030.467 00028.492 00017.169 00010.588 00012.706 00003.469 00026.285 00025.914 00028.716 00065.758 00072.798 00078.180 00084.184 00089.787 00098.587 00098.495 00102.852 00076.970 00075.151 00076.818 00075.985 00076.974 00087.545 00084.936 00080.245
00056.903 00056.934 00052.442 00040.373 00040.541 00040.592 00040.175 00040.133 00039.948 00039.704 00040.166 00040.632 00040.809 00040.992 00041.077 00040.937 00041.132 00041.636 00042.027 00041.044 00040.213 00040.820 00019.710 00019.080 00018.726 00018.148 00017.460 00016.504 00015.719 00014.724 00009.463 00006.801 00004.331 00022.736 00028.018 00028.915 00013.718 00011.556 00014.483 00007.550 00028.263 00030.766 00081.389 00084.994 00081.186 00085.554 00090.544 00093.042 00093.148 00092.806 00099.678 00085.497 00065.595 00068.487 00069.202 00070.665 00079.725 00094.721 00088.384 00051.926
00039.344 00039.441 00039.231 00039.307 00039.362 00039.543 00039.618 00039.452 00039.357 00039.320 00039.595 00038.765 00039.127 00039.200 00039.240 00039.220 00039.536 00039.733 00039.657 00038.518 00021.171 00018.334 00017.637 00017.440 00016.983 00016.492 00015.002 00013.545 00012.296 00010.050 00008.740 00006.832 00007.529 00025.543 00018.039 00016.025 00017.305 00018.758 00013.145 00025.718 00032.197 00046.952 00090.609 00093.286 00090.257 00082.101 00089.802 00082.356 00087.223 00091.892 00068.776 00057.719 00058.081 00060.774 00063.944 00070.708 00094.229 00097.249 00091.467 00064.663
00037.773 00037.990 00038.012 00038.081 00038.459 00038.697 00038.756 00038.447 00038.320 00037.489 00037.214 00037.138 00037.261 00037.026 00037.160 00037.418 00037.422 00036.849 00021.857 00018.023 00017.551 00017.169 00016.368 00016.134 00015.194 00014.391 00013.842 00012.655 00010.854 00009.475 00008.027 00007.293 00009.328 00009.934 00015.111 00017.661 00022.212 00017.070 00024.110 00027.826 00030.306 00086.491 00096.561 00107.152 00110.089 00103.728 00111.704 00102.040 00071.943 00051.710 00053.058 00053.232 00052.391 00054.904 00071.693 00089.602 00093.671 00092.045 00082.670 00073.459
00036.940 00037.009 00037.119 00036.865 00036.942 00036.979 00037.112 00036.827 00036.699 00036.508 00036.375 00035.933 00035.902 00035.768 00035.441 00035.294 00017.778 00017.382 00016.919 00016.818 00016.159 00015.765 00015.069 00014.344 00013.784 00013.008 00011.956 00011.121 00009.842 00008.730 00007.031 00003.693 00001.965 00001.807 00009.798 00016.019 00017.926 00012.490 00025.866 00018.220 00062.585 00077.763 00107.700 00107.522 00115.876 00126.321 00124.018 00111.400 00073.265 00066.838 00096.871 00091.820 00068.249 00086.322 00100.250 00092.164 00087.458 00078.989 00078.864 00058.650
00035.944 00035.853 00035.803 00035.992 00036.003 00035.365 00035.401 00034.941 00034.936 00035.019 00035.131 00034.524 00034.725 00027.629 00017.097 00016.648 00016.177 00016.049 00015.532 00015.356 00014.637 00013.977 00013.495 00012.936 00011.871 00010.936 00009.643 00008.823 00007.072 00006.389 00004.192 00000.989 00007.822 00004.897 00006.999 00005.203 00004.699 00005.267 00007.812 00018.628 00038.686 00057.493 00075.249 00089.704 00107.267 00125.515 00131.486 00108.919 00067.459 00073.776 00069.240 00047.200 00041.403 00102.896 00105.767 00101.545 00103.338 00087.174 00045.764 00042.531
00036.337 00035.953 00035.502 00034.629 00034.986 00034.915 00034.553 00034.422 00034.017 00033.813 00034.168 00017.347 00016.436 00016.137 00015.905 00015.584 00015.319 00014.952 00014.134 00013.451 00013.299 00012.647 00011.871 00011.017 00009.835 00008.718 00007.422 00006.567 00005.017 00002.679 00004.399 00007.234 00008.162 00019.852 00019.555 00014.168 00015.546 00017.201 00019.215 00022.341 00025.210 00028.458 00033.345 00046.879 00061.018 00070.895 00073.773 00059.132 00038.755 00057.623 00021.167 00022.461 00053.056 00084.839 00081.223 00086.636 00083.594 00066.892 00040.931 00036.765
00035.629 00035.113 00034.679 00034.516 00034.291 00033.748 00033.363 00033.055 00021.774 00016.038 00015.670 00015.493 00015.387 00014.936 00014.765 00014.180 00013.636 00013.047 00013.012 00012.294 00011.416 00010.524 00009.483 00008.554 00007.447 00006.558 00005.294 00003.292 00000.124 00006.506 00007.680 00009.318 00028.612 00031.780 00032.357 00031.815 00015.500 00017.318 00020.156 00021.097 00020.768 00021.464 00025.859 00028.775 00029.250 00033.574 00027.889 00024.761 00032.262 00023.266 00019.923 00024.014 00051.390 00052.059 00054.997 00062.734 00054.180 00044.001 00035.251 00034.013
00034.476 00034.246 00033.997 00033.950 00033.630 00031.536 00016.556 00016.207 00015.804 00015.428 00014.816 00014.539 00014.179 00013.601 00013.036 00012.917 00012.504 00011.811 00010.972 00010.161 00009.112 00008.280 00006.680 00006.379 00005.168 00003.507 00001.440 00005.835 00006.970 00007.887 00021.235 00029.019 00031.452 00032.825 00034.605 00035.944 00036.252 00035.633 00024.664 00024.188 00024.760 00023.341 00022.400 00021.210 00017.082 00016.492 00018.654 00019.900 00019.218 00017.721 00020.532 00025.075 00025.003 00026.458 00033.917 00035.766 00030.778 00030.713 00031.042 00031.600
