data/trial2/ashley.hpa
NCOLS 382
NROWS 266
XLLCORNER 157819.328125
YLLCORNER 384678.625000
CELLSIZE 30.000000
NODATA_VALUE -1
[rows 208 to 233 of 266, columns 300 to 359 of 382]
00085.245 00084.825 00084.334 00084.535 00083.557 00082.726 00081.961 00081.121 00080.070 00079.287 00077.443 00075.766 00073.508 00071.282 00069.535 00067.365 00065.106 00062.218 00059.090 00057.710 00053.223 00050.556 00044.127 00034.210 00020.619 00073.847 00078.325 00082.254 00085.051 00086.377 00087.326 00087.896 00088.609 00089.418 00090.103 00090.293 00090.455 00090.759 00091.228 00091.359 00091.478 00091.136 00091.694 00092.326 00092.605 00092.961 00093.308 00093.786 00094.599 00096.046 00096.429 00096.477 00096.718 00096.244 00096.299 00097.080 00099.083 00099.943 00100.320 00100.634
00084.447 00083.471 00082.608 00081.735 00081.206 00080.040 00079.510 00078.196 00076.559 00074.715 00071.770 00069.817 00067.563 00065.376 00062.995 00060.149 00058.297 00055.148 00051.801 00048.087 00041.753 00031.565 00059.498 00075.263 00080.153 00083.425 00085.171 00085.661 00086.533 00087.860 00088.527 00088.915 00089.405 00090.089 00090.478 00090.358 00090.369 00090.846 00091.392 00091.747 00091.777 00091.770 00091.958 00092.235 00092.671 00092.858 00093.239 00093.973 00094.640 00095.332 00096.039 00096.681 00097.250 00097.005 00097.073 00098.307 00099.258 00099.845 00100.143 00100.645
00081.632 00081.081 00080.237 00079.449 00078.520 00077.057 00075.674 00073.448 00070.900 00068.762 00066.196 00063.474 00060.319 00058.396 00055.464 00052.264 00049.860 00044.727 00037.128 00025.922 00071.419 00077.227 00080.842 00084.000 00085.470 00085.939 00086.362 00087.340 00088.348 00089.250 00089.465 00089.490 00089.808 00090.486 00090.879 00090.978 00090.780 00091.435 00091.742 00092.013 00092.115 00092.024 00092.140 00092.361 00092.730 00093.098 00093.391 00093.833 00094.586 00095.531 00096.421 00097.062 00097.344 00097.320 00097.717 00098.543 00100.264 00099.988 00283.158 00507.572
00079.333 00078.527 00077.174 00075.932 00074.435 00071.772 00069.711 00067.504 00065.457 00062.402 00059.061 00057.143 00052.594 00049.832 00044.579 00037.905 00028.198 00068.628 00079.187 00081.417 00082.323 00084.837 00085.476 00086.019 00086.507 00087.065 00087.695 00088.396 00089.255 00089.666 00089.680 00089.943 00090.538 00090.972 00091.052 00091.060 00091.215 00091.661 00092.014 00092.306 00092.152 00092.214 00092.407 00092.801 00093.062 00093.391 00093.873 00094.138 00094.429 00095.334 00096.418 00097.429 00097.735 00098.426 00099.280 00099.468 00107.765 00425.387 00505.605 00507.595
00075.361 00073.806 00071.999 00070.201 00068.354 00066.114 00063.458 00060.071 00058.310 00055.459 00051.782 00047.446 00040.086 00028.595 00064.669 00074.677 00079.499 00081.084 00083.548 00085.241 00085.945 00086.609 00086.792 00087.196 00087.638 00088.062 00088.638 00089.270 00089.793 00090.015 00090.319 00090.786 00091.238 00091.375 00091.293 00091.017 00091.792 00092.061 00092.358 00092.490 00092.569 00092.657 00093.159 00093.273 00093.427 00093.766 00094.501 00096.682 00096.239 00097.333 00097.724 00098.087 00098.590 00098.754 00097.280 00109.293 00159.931 00224.710 00200.834 00461.027
00068.985 00067.241 00065.690 00063.828 00060.986 00058.733 00056.784 00052.567 00049.533 00044.494 00037.802 00025.577 00074.573 00079.510 00082.124 00085.165 00086.293 00086.544 00087.078 00087.691 00087.406 00087.397 00087.923 00088.225 00088.525 00088.831 00089.220 00089.933 00090.518 00090.906 00091.219 00091.308 00091.363 00091.212 00091.212 00091.622 00092.188 00092.637 00092.691 00092.875 00093.125 00093.380 00093.451 00093.533 00093.764 00094.884 00096.751 00186.011 00140.275 00098.021 00099.752 00098.588 00098.607 00096.661 00096.828 00096.994 00112.233 00142.737 00097.838 00124.950
00061.785 00059.449 00058.398 00056.831 00053.239 00050.876 00046.441 00039.898 00028.906 00069.808 00078.473 00081.646 00084.076 00086.059 00086.270 00086.946 00087.389 00087.383 00087.456 00087.880 00088.326 00088.477 00088.656 00088.924 00089.200 00089.454 00090.158 00090.842 00091.343 00091.374 00091.378 00091.464 00091.532 00091.471 00091.341 00091.578 00092.576 00092.840 00093.020 00093.323 00093.484 00093.629 00093.713 00093.941 00094.548 00096.577 00497.676 00339.031 00206.362 00119.457 00096.895 00097.697 00096.973 00096.765 00096.929 00097.107 00097.308 00104.239 00097.856 00098.185
00053.676 00051.559 00049.129 00045.328 00040.684 00031.894 00022.771 00076.695 00080.815 00082.936 00085.381 00086.480 00086.638 00086.818 00087.334 00087.984 00088.255 00088.327 00088.491 00088.709 00088.910 00089.099 00089.291 00089.590 00089.920 00090.167 00090.412 00090.839 00091.264 00091.788 00091.903 00091.864 00091.812 00091.817 00092.217 00092.549 00093.079 00093.412 00093.445 00093.572 00093.758 00093.911 00094.104 00095.871 00495.794 00493.078 00499.521 00098.077 00107.535 00096.721 00096.723 00096.812 00096.812 00096.885 00097.078 00097.236 00097.411 00097.667 00097.874 00098.121
00042.111 00034.401 00025.636 00073.694 00078.824 00080.387 00083.050 00085.152 00086.786 00087.036 00087.175 00087.438 00087.535 00087.768 00088.101 00088.481 00088.820 00089.118 00089.318 00089.520 00089.605 00089.835 00090.042 00090.239 00090.381 00090.768 00091.573 00091.896 00092.200 00092.171 00092.168 00092.168 00092.205 00092.133 00092.548 00092.920 00093.179 00093.557 00093.793 00093.957 00094.183 00096.593 00496.980 00493.233 00495.180 00496.943 00156.806 00097.131 00097.022 00096.924 00097.016 00097.106 00097.145 00097.147 00097.260 00097.318 00097.501 00097.833 00098.041 00098.113
00079.562 00082.946 00085.115 00085.895 00085.617 00086.853 00087.150 00087.435 00087.585 00087.687 00087.805 00088.116 00088.505 00088.620 00088.815 00089.083 00089.384 00089.672 00090.147 00090.342 00090.335 00090.429 00090.519 00090.661 00091.149 00091.908 00092.106 00092.280 00092.506 00092.598 00092.638 00092.706 00092.827 00092.938 00092.992 00093.462 00093.864 00094.002 00098.875 00115.801 00496.600 00493.809 00495.637 00497.236 00454.709 00229.453 00127.519 00097.369 00097.372 00097.254 00097.351 00097.418 00097.474 00097.385 00097.327 00097.365 00097.733 00098.099 00098.201 00098.282
00086.054 00087.054 00087.801 00087.490 00087.421 00087.693 00088.115 00088.441 00088.552 00088.601 00088.636 00088.755 00089.083 00089.360 00089.688 00089.859 00090.049 00090.359 00090.513 00090.588 00090.699 00090.868 00091.277 00091.872 00092.141 00092.316 00092.482 00092.643 00092.820 00093.001 00093.054 00093.179 00093.217 00093.078 00093.289 00094.006 00495.046 00497.346 00497.179 00495.067 00496.276 00311.449 00111.421 00169.499 00333.975 00150.330 00151.115 00108.222 00097.600 00097.460 00097.538 00097.641 00097.593 00097.415 00097.539 00097.654 00097.953 00098.203 00098.321 00098.433
00087.970 00088.328 00088.636 00088.768 00088.748 00089.102 00089.390 00089.366 00089.367 00089.421 00089.557 00089.802 00090.160 00090.354 00090.540 00090.677 00090.636 00090.718 00091.019 00091.083 00091.230 00091.516 00092.194 00092.560 00092.771 00092.847 00092.922 00092.862 00093.110 00093.346 00093.549 00093.687 00093.777 00094.039 00116.040 00495.298 00498.896 00497.681 00498.658 00499.649 00438.914 00234.231 00138.706 00109.815 00135.302 00098.085 00098.085 00097.832 00097.780 00097.953 00097.840 00097.897 00097.736 00097.809 00097.909 00098.025 00098.123 00098.315 00098.442 00098.619
00088.970 00089.230 00089.364 00089.503 00089.626 00089.796 00089.817 00089.840 00089.955 00090.074 00090.305 00090.573 00090.778 00090.876 00090.932 00090.988 00091.176 00091.349 00091.636 00091.868 00092.082 00092.399 00092.714 00093.076 00093.330 00093.326 00093.260 00093.296 00093.493 00093.771 00093.925 00097.114 00297.153 00498.376 00498.679 00496.639 00497.249 00500.386 00391.066 00220.248 00126.721 00168.214 00118.438 00107.313 00100.652 00098.137 00098.441 00098.219 00098.024 00098.316 00098.187 00098.108 00098.078 00098.082 00097.946 00098.019 00098.262 00098.491 00098.599 00098.670
00089.680 00089.760 00089.851 00090.009 00090.143 00090.184 00090.256 00090.622 00090.808 00090.934 00090.994 00091.066 00091.127 00091.246 00091.369 00091.477 00091.647 00091.794 00092.030 00092.251 00092.344 00092.619 00093.077 00093.369 -0001.000 -0001.000 00093.766 00094.045 00094.054 -0001.000 00491.004 00490.433 00494.434 00498.100 00499.044 00499.671 00500.104 00502.944 00125.972 00245.296 00124.575 00098.510 00098.096 00098.089 00098.108 00098.155 00098.507 00098.522 00098.377 00098.417 00098.432 00098.208 00098.076 00098.404 00098.120 00098.173 00098.366 00098.551 00098.445 00098.659
00090.046 00090.202 00090.296 00090.343 00090.470 00090.688 00091.025 00091.135 00091.126 00091.150 00091.305 00091.553 00091.679 00091.768 00091.916 00092.020 00092.098 00092.352 00092.730 00092.951 00093.031 00093.159 00093.482 00093.960 -0001.000 -0001.000 -0001.000 -0001.000 -0001.000 -0001.000 -0001.000 -0001.000 -0001.000 00503.548 00502.608 00503.673 00505.683 -0001.000 00099.093 00099.105 00105.482 00098.961 00098.680 00098.457 00098.298 00098.164 00098.532 00098.650 00098.672 00098.593 00098.878 00098.530 00098.205 00098.395 00098.431 00098.251 00098.500 00098.439 00098.455 00098.865
00090.693 00090.761 00090.785 00090.837 00090.924 00091.093 00091.261 00091.435 00091.535 00091.626 00091.862 00091.979 00092.085 00092.240 00092.373 00092.469 00092.872 00093.103 00093.188 00093.297 00093.304 00093.599 00093.916 -0001.000 -0001.000 -0001.000 -0001.000 -0001.000 -0001.000 -0001.000 -0001.000 -0001.000 -0001.000 -0001.000 -0001.000 -0001.000 -0001.000 -0001.000 -0001.000 -0001.000 00099.454 00099.496 -0001.000 00098.698 00098.654 00098.552 00098.552 00098.682 00098.772 00098.849 00099.130 00099.029 00098.937 00098.744 00098.601 00098.770 00098.750 00098.749 00098.802 00098.810
00091.079 00091.122 00091.202 00091.355 00091.477 00091.622 00091.706 00091.821 00092.007 00092.046 00092.295 00092.446 00092.642 00092.867 00093.001 00093.157 00093.285 00093.444 00093.637 00093.811 00093.961 00094.252 00094.626 -0001.000 -0001.000 -0001.000 -0001.000 -0001.000 -0001.000 -0001.000 -0001.000 -0001.000 -0001.000 -0001.000 -0001.000 -0001.000 -0001.000 -0001.000 -0001.000 -0001.000 -0001.000 -0001.000 -0001.000 -0001.000 00098.932 00098.807 00098.830 00098.902 00099.097 00099.245 00099.298 00099.174 00099.028 00098.860 00098.765 00098.781 00098.785 00098.828 00098.845 00098.942
00091.571 00091.654 00091.749 00091.856 00091.956 00092.048 00092.150 00092.354 00092.466 00092.492 00092.702 00092.932 00093.151 00093.194 00093.339 00093.542 00093.716 00093.873 00094.037 00094.205 00094.426 00094.644 00094.820 -0001.000 -0001.000 -0001.000 -0001.000 -0001.000 -0001.000 -0001.000 -0001.000 -0001.000 -0001.000 -0001.000 -0001.000 -0001.000 -0001.000 -0001.000 -0001.000 -0001.000 -0001.000 -0001.000 -0001.000 -0001.000 -0001.000 00099.329 00099.330 00099.213 00099.257 00099.839 00099.898 00099.466 00099.372 00099.294 00099.244 00099.199 00099.082 00099.169 00099.610 00099.893
00092.000 00092.110 00092.210 00092.317 00092.435 00092.541 00092.708 00092.956 00092.941 00092.880 00093.003 00093.303 00093.536 00093.579 00093.801 00093.991 00094.120 00094.271 00094.473 00094.632 00094.768 00094.939 -0001.000 -0001.000 -0001.000 -0001.000 -0001.000 -0001.000 -0001.000 -0001.000 -0001.000 -0001.000 -0001.000 -0001.000 -0001.000 -0001.000 -0001.000 -0001.000 -0001.000 -0001.000 -0001.000 -0001.000 -0001.000 -0001.000 -0001.000 -0001.000 00100.191 00099.635 00099.363 00100.101 00100.309 00100.649 00100.481 00100.306 00100.087 00100.012 00099.964 00099.795 00099.744 00099.674
00092.410 00092.573 00092.812 00092.872 00092.890 00092.923 00093.108 00093.259 00093.365 00093.408 00093.521 00093.728 00093.834 00093.878 00094.153 00094.440 00094.581 00094.676 00094.787 00094.976 00095.159 00095.332 00096.605 -0001.000 -0001.000 -0001.000 -0001.000 -0001.000 -0001.000 -0001.000 -0001.000 -0001.000 -0001.000 -0001.000 -0001.000 -0001.000 -0001.000 -0001.000 -0001.000 -0001.000 -0001.000 -0001.000 -0001.000 -0001.000 -0001.000 -0001.000 00099.624 00099.839 00099.979 00099.975 00100.194 00100.449 00100.314 00100.044 00099.824 00099.924 00099.959 00099.741 00099.495 00099.406
00092.999 00093.082 00093.171 00093.247 00093.358 00093.491 00093.610 00093.699 00093.777 00093.836 00093.934 00094.082 00094.320 00094.567 00094.665 00094.772 00094.929 00095.076 00095.220 00095.359 00095.495 00095.825 00096.317 -0001.000 -0001.000 -0001.000 -0001.000 -0001.000 -0001.000 -0001.000 -0001.000 -0001.000 -0001.000 -0001.000 -0001.000 -0001.000 -0001.000 -0001.000 -0001.000 -0001.000 -0001.000 -0001.000 -0001.000 -0001.000 -0001.000 -0001.000 -0001.000 -0001.000 00099.782 00099.948 00100.033 00100.100 -0001.000 -0001.000 00099.553 00099.561 00099.673 00099.593 00099.462 00099.352
00093.261 00093.473 00093.545 00093.602 00093.738 00093.936 00094.158 00094.251 00094.300 00094.340 00094.406 00094.531 00094.672 00094.896 00095.096 00095.197 00095.301 00095.417 00095.595 00095.798 00095.993 00096.089 00096.203 00096.655 -0001.000 -0001.000 -0001.000 -0001.000 -0001.000 -0001.000 -0001.000 -0001.000 -0001.000 -0001.000 -0001.000 -0001.000 -0001.000 -0001.000 -0001.000 -0001.000 -0001.000 -0001.000 -0001.000 -0001.000 -0001.000 -0001.000 -0001.000 -0001.000 -0001.000 -0001.000 -0001.000 -0001.000 -0001.000 -0001.000 00099.219 00099.322 00099.446 00099.543 00105.047 00331.977
00093.622 00093.867 00094.005 00094.097 00094.270 00094.447 00094.584 00094.706 00094.782 00094.876 00094.994 00095.100 00095.220 00095.382 00095.518 00095.643 00095.918 00096.005 00096.064 00096.159 00096.251 00096.373 00096.514 00096.638 -0001.000 -0001.000 -0001.000 -0001.000 -0001.000 -0001.000 -0001.000 -0001.000 -0001.000 -0001.000 -0001.000 -0001.000 -0001.000 -0001.000 -0001.000 -0001.000 -0001.000 -0001.000 -0001.000 -0001.000 -0001.000 -0001.000 -0001.000 -0001.000 -0001.000 -0001.000 -0001.000 -0001.000 -0001.000 -0001.000 00098.793 00099.262 00099.302 00099.339 00117.377 00498.127
00094.159 00094.281 00094.363 00094.450 00094.696 00094.923 00095.054 00095.134 00095.185 00095.232 00095.312 00095.519 00095.719 00095.930 00096.017 00096.043 00096.147 00096.256 00096.286 00096.373 00096.480 00096.556 00096.680 00096.842 00097.260 -0001.000 -0001.000 -0001.000 -0001.000 -0001.000 -0001.000 -0001.000 -0001.000 -0001.000 -0001.000 -0001.000 -0001.000 -0001.000 -0001.000 -0001.000 -0001.000 -0001.000 -0001.000 -0001.000 -0001.000 -0001.000 -0001.000 -0001.000 -0001.000 -0001.000 -0001.000 -0001.000 -0001.000 -0001.000 00098.616 00098.970 00138.315 00252.058 00450.827 00497.951
00094.557 00094.780 00094.972 00095.088 00095.197 00095.319 00095.472 00095.605 00095.711 00095.850 00095.976 00096.025 00096.055 00096.122 00096.179 00096.267 00096.396 00096.504 00096.547 00096.594 00096.667 00096.743 00096.889 00097.099 00097.393 -0001.000 -0001.000 -0001.000 -0001.000 -0001.000 -0001.000 -0001.000 -0001.000 -0001.000 -0001.000 -0001.000 -0001.000 -0001.000 -0001.000 -0001.000 -0001.000 -0001.000 -0001.000 -0001.000 -0001.000 -0001.000 -0001.000 -0001.000 -0001.000 -0001.000 -0001.000 -0001.000 -0001.000 00097.463 00098.356 00098.695 00124.436 00114.730 00163.402 00287.372
00094.974 00095.150 00095.337 00095.522 00095.665 00095.828 00095.956 00096.058 00096.067 00096.076 00096.179 00096.272 00096.276 00096.340 00096.425 00096.486 00096.590 00096.777 00096.849 00096.858 00096.915 00097.010 00097.138 00097.337 -0001.000 -0001.000 -0001.000 -0001.000 -0001.000 -0001.000 -0001.000 -0001.000 -0001.000 -0001.000 -0001.000 -0001.000 -0001.000 -0001.000 -0001.000 -0001.000 -0001.000 -0001.000 -0001.000 -0001.000 -0001.000 -0001.000 -0001.000 -0001.000 -0001.000 -0001.000 -0001.000 -0001.000 00092.196 00097.681 00098.214 00098.509 00098.683 00098.557 00098.431 00140.031
