data/trial2/ashley.hpa
NCOLS 382
NROWS 266
XLLCORNER 157819.328125
YLLCORNER 384678.625000
CELLSIZE 30.000000
NODATA_VALUE -1
[rows 234 to 259 of 266, columns 240 to 299 of 382]
00095.013 00094.879 00094.742 00094.555 00094.339 00094.208 00094.092 00094.096 00094.094 00093.922 00093.658 00093.594 00093.546 00093.542 00093.540 00093.544 00093.596 00093.648 00093.721 00093.854 00093.988 00094.112 00094.257 00094.493 00094.776 00094.928 00095.077 00095.248 00095.402 00095.342 00095.281 00095.302 00095.324 00181.020 00172.317 00167.192 00491.855 00488.627 00269.568 00127.496 00093.474 00093.330 00093.386 00093.475 00093.536 00093.621 00093.665 00093.728 00093.983 00094.233 00094.404 00094.506 00094.615 00094.707 00094.804 00094.891 00094.931 00094.962 00095.072 00095.219
00095.345 00095.202 00095.070 00095.001 00094.916 00094.817 00094.677 00094.505 00094.330 00094.290 00094.185 00094.078 00094.009 00093.989 00093.985 00093.985 00094.007 00094.064 00094.121 00094.193 00094.296 00094.477 00094.696 00094.837 00094.960 00095.105 00095.256 00095.434 00095.613 00095.679 00095.611 00095.595 00095.621 00108.809 00099.970 00096.356 00134.432 00318.179 00138.902 00139.571 00093.960 00093.823 00093.744 00093.831 00093.919 00094.005 00094.100 00094.130 00094.257 00094.466 00094.674 00094.829 00094.977 00095.121 00095.209 00095.326 00095.407 00095.482 00095.627 00095.832
00095.689 00095.547 00095.404 00095.363 00095.258 00095.170 00095.108 00095.056 00094.914 00094.806 00094.743 00094.637 00094.527 00094.441 00094.430 00094.425 00094.425 00094.499 00094.594 00094.685 00094.783 00094.861 00094.940 00095.047 00095.158 00095.290 00095.447 00095.605 00095.790 00095.998 00095.963 00095.892 00095.927 00095.964 00096.239 00096.826 00111.736 00112.659 00103.503 00094.884 00094.498 00094.315 00094.200 00094.209 00094.275 00094.375 00094.512 00094.649 00094.680 00094.917 00095.152 00095.373 00095.564 00095.739 00095.822 00095.850 00095.887 00095.944 00095.982 00096.017
00096.042 00095.971 00095.862 00095.731 00095.704 00095.556 00095.398 00095.289 00095.211 00095.125 00095.050 00094.999 00094.950 00094.899 00094.889 00094.884 00094.885 00094.894 00094.937 00094.980 00095.021 00095.097 00095.175 00095.262 00095.383 00095.502 00095.637 00095.797 00095.963 00096.125 00096.226 00096.167 00096.319 00096.628 00096.976 00097.372 00136.875 00096.313 00095.544 00095.217 00094.954 00094.871 00094.912 00094.737 00095.027 00095.210 00094.990 00094.958 00095.199 00095.407 00095.724 00096.029 00096.085 00096.091 00096.097 00096.140 00096.179 00096.134 00096.096 00096.232
00096.270 00096.243 00096.246 00096.188 00096.072 00095.849 00095.747 00095.626 00095.507 00095.434 00095.364 00095.308 00095.254 00095.201 00095.172 00095.166 00095.165 00095.166 00095.196 00095.241 00095.287 00095.347 00095.428 00095.510 00095.606 00095.728 00095.852 00095.998 00096.113 00096.220 00096.565 00096.870 00096.970 00097.345 00097.651 00097.849 00114.230 00097.107 00096.169 00095.575 00095.360 00095.834 00095.929 00096.003 00096.158 00096.247 00096.250 00096.333 00096.381 00096.376 00096.390 00096.404 00096.415 00096.423 00096.432 00096.398 00096.283 00096.274 00096.467 00096.606
00096.814 00096.684 00096.549 00096.430 00096.285 00096.173 00096.022 00095.929 00095.840 00095.764 00095.690 00095.631 00095.576 00095.523 00095.475 00095.469 00095.464 00095.465 00095.472 00095.517 00095.563 00095.610 00095.682 00095.766 00095.851 00095.962 00096.066 00096.146 00096.243 00096.497 00096.735 00097.363 00097.481 00097.691 00097.785 00097.906 00098.201 00097.806 00097.083 00096.414 00095.658 00096.002 00096.364 00095.809 00095.739 00096.157 00096.534 00096.547 00096.646 00096.662 00096.620 00096.622 00096.623 00096.501 00096.350 00096.197 00096.367 00096.620 00096.819 00096.878
00097.333 00097.148 00096.948 00096.931 00096.660 00096.400 00096.248 00096.189 00096.130 00096.080 00096.031 00095.966 00095.906 00095.850 00095.795 00095.775 00095.768 00095.767 00095.769 00095.797 00095.844 00095.893 00095.945 00096.030 00096.085 00096.141 00096.217 00096.363 00096.576 00096.775 00096.957 00097.144 00098.000 00097.671 00097.382 00097.595 00098.293 00098.119 00097.528 00096.817 00095.988 00095.941 00096.016 00096.018 00095.706 00096.047 00096.444 00096.649 00096.839 00096.807 00096.760 00096.747 00096.734 00096.683 00096.538 00096.412 00096.436 00096.761 00097.068 00097.140
00097.673 00097.500 00097.274 00097.059 00096.944 00096.844 00096.744 00096.648 00096.506 00096.371 00096.252 00096.206 00096.168 00096.131 00096.096 00096.070 00096.066 00096.063 00096.064 00096.067 00096.097 00096.127 00096.159 00096.200 00096.256 00096.398 00096.552 00096.724 00096.859 00096.998 00097.197 00097.678 00098.125 00097.906 00097.718 00097.681 00097.755 00097.954 00097.887 00097.165 00096.274 00096.189 00096.175 00096.147 00096.070 00096.165 00096.518 00096.848 00096.854 00096.782 00096.839 00096.801 00096.815 00096.829 00096.783 00096.715 00096.651 00096.852 00097.118 00097.330
00098.087 00097.746 00097.627 00097.440 00097.306 00097.201 00097.098 00097.001 00096.906 00096.822 00096.746 00096.668 00096.584 00096.492 00096.402 00096.308 00096.288 00096.275 00096.274 00096.278 00096.325 00096.405 00096.486 00096.568 00096.682 00096.773 00096.863 00096.980 00097.118 00097.259 00097.479 00097.800 00098.048 00097.905 00097.944 00097.982 00098.125 00098.199 00098.221 00097.526 00096.797 00096.608 00096.431 00096.289 00096.248 00096.203 00096.385 00096.518 00096.513 00096.427 00096.769 00096.898 00096.974 00097.232 00097.464 00097.444 00097.424 00097.439 00097.469 00097.391
00098.312 00098.162 00097.979 00097.815 00097.684 00097.574 00097.465 00097.362 00097.266 00097.173 00097.095 00097.016 00096.950 00096.890 00096.835 00096.780 00096.754 00096.746 00096.742 00096.743 00096.752 00096.799 00096.847 00096.899 00096.964 00097.057 00097.151 00097.246 00097.385 00097.531 00097.679 00097.919 00098.102 00098.308 00098.300 00098.331 00098.406 00098.642 00098.678 00097.899 00097.172 00096.965 00096.857 00096.777 00096.701 00096.575 00096.572 00096.653 00096.717 00096.769 00096.819 00097.022 00097.171 00097.468 00098.011 00098.013 00097.936 00097.854 00097.644 00097.551
00098.513 00098.440 00098.350 00098.218 00098.074 00097.961 00097.850 00097.741 00097.640 00097.540 00097.456 00097.375 00097.303 00097.240 00097.181 00097.125 00097.084 00097.075 00097.067 00097.068 00097.070 00097.107 00097.155 00097.208 00097.263 00097.350 00097.446 00097.546 00097.662 00097.812 00097.962 00098.145 00098.378 00098.469 00098.507 00098.530 00098.552 00099.026 00099.069 00098.289 00097.555 00097.336 00097.266 00097.285 00097.102 00096.979 00096.937 00096.971 00097.001 00097.037 00097.083 00097.245 00097.498 00097.823 00097.403 00097.221 00097.326 00097.486 00097.741 00097.937
00099.152 00098.860 00098.580 00098.486 00098.400 00098.335 00098.244 00098.131 00098.026 00097.924 00097.835 00097.750 00097.670 00097.605 00097.542 00097.482 00097.424 00097.415 00097.405 00097.404 00097.406 00097.425 00097.475 00097.528 00097.585 00097.653 00097.754 00097.856 00097.959 00098.103 00098.286 00098.423 00098.519 00098.612 00099.047 00099.041 00099.119 00099.455 00099.389 00098.692 00097.954 00097.807 00097.683 00097.725 00097.644 00097.435 00097.239 00097.249 00097.285 00097.324 00097.380 00097.438 00097.556 00097.730 00097.787 00097.854 00098.208 00098.512 00098.744 00098.526
00099.015 00099.070 00099.143 00099.044 00098.685 00098.560 00098.496 00098.432 00098.372 00098.312 00098.224 00098.137 00098.050 00097.983 00097.917 00097.857 00097.796 00097.771 00097.761 00097.756 00097.758 00097.760 00097.809 00097.860 00097.918 00097.977 00098.069 00098.172 00098.277 00098.353 00098.459 00098.559 00098.674 00099.322 00099.382 00099.167 00099.416 00099.721 00099.746 00099.148 00098.366 00098.220 00098.151 00097.993 00097.930 00097.783 00097.621 00097.564 00097.604 00097.648 00097.703 00097.762 00097.862 00097.851 00097.959 00098.421 00098.640 00098.774 00098.919 00098.932
00098.857 00098.895 00098.949 00099.023 00099.104 00099.168 00099.058 00098.823 00098.596 00098.537 00098.481 00098.432 00098.382 00098.342 00098.302 00098.240 00098.178 00098.137 00098.127 00098.116 00098.119 00098.121 00098.151 00098.203 00098.258 00098.313 00098.352 00098.410 00098.469 00098.529 00098.609 00099.420 00099.848 00099.574 00099.269 00098.982 00099.266 00099.515 00099.867 00099.679 00098.980 00098.710 00098.624 00098.363 00098.096 00098.006 00097.942 00097.892 00097.940 00097.987 00098.034 00098.084 00098.139 00098.208 00098.155 00098.474 00098.832 00099.181 00099.266 00099.264
00098.705 00098.727 00098.780 00098.846 00098.918 00098.977 00099.027 00099.080 00099.137 00099.178 00098.998 00098.812 00098.605 00098.561 00098.523 00098.486 00098.452 00098.419 00098.413 00098.407 00098.406 00098.408 00098.413 00098.442 00098.472 00098.506 00098.540 00098.592 00099.118 00099.769 00100.247 00100.021 00099.772 00099.482 00099.062 00099.000 00099.215 00099.277 00099.468 00099.623 00099.758 00099.296 00099.049 00098.748 00098.409 00098.391 00098.343 00098.277 00098.289 00098.303 00098.298 00098.313 00098.347 00098.495 00098.526 00098.712 00099.045 00099.299 00099.426 00099.407
00098.555 00098.569 00098.615 00098.677 00098.746 00098.809 00098.857 00098.905 00098.952 00098.998 00099.043 00099.087 00099.131 00099.175 00099.121 00099.004 00098.879 00098.734 00098.678 00098.648 00098.629 00098.637 00098.646 00098.746 00098.868 00098.982 00099.089 00099.259 00099.790 00100.128 00099.975 00099.524 00099.268 00099.195 00098.862 00099.259 00099.479 00099.217 00099.442 00099.405 00099.891 00099.508 00099.301 00099.131 00098.822 00098.681 00098.724 00098.697 00098.650 00098.571 00098.476 00098.431 00098.496 00098.974 00099.414 00099.531 00099.663 00099.783 00099.888 00099.931
00098.485 00098.423 00098.451 00098.510 00098.578 00098.646 00098.693 00098.740 00098.786 00098.830 00098.874 00098.914 00098.951 00098.988 00099.019 00099.048 00099.077 00099.107 00099.129 00099.135 00099.140 00099.140 00099.138 00099.132 00099.107 00099.082 00099.161 00099.223 00099.361 00099.688 00099.589 00099.051 00098.852 00098.794 00098.756 00099.178 00099.690 00099.341 00099.379 00099.937 00099.118 00099.457 00099.392 00099.027 00099.066 00099.355 00099.734 00099.973 00100.040 00099.897 00099.710 00099.486 00099.645 00099.809 00099.962 00099.975 00099.954 00099.921 00099.925 00099.882
00098.520 00098.276 00098.289 00098.345 00098.413 00098.480 00098.532 00098.578 00098.624 00098.669 00098.711 00098.760 00098.878 00098.853 00099.061 00099.346 00099.170 00098.955 00098.960 00098.968 00098.972 00098.975 00098.973 00098.971 00098.958 00098.937 00098.918 00098.904 00098.886 00098.863 00098.813 00098.776 00098.785 00099.041 00098.971 00099.336 00099.794 00099.795 00099.705 00099.775 00099.981 00098.776 00098.768 00098.848 00099.559 00100.050 00100.054 00100.341 00100.390 00100.203 00099.878 00099.799 00099.752 00099.739 00099.726 00099.698 00099.701 00099.652 00099.639 00099.647
00098.112 00098.132 00098.144 00098.183 00098.248 00098.315 00098.373 00098.420 00098.465 00098.510 00098.551 00098.593 00098.769 00099.011 00099.266 00099.753 00100.076 00099.551 00099.072 00098.818 00098.822 00098.826 00098.826 00098.824 00098.822 00098.802 00098.783 00098.760 00098.730 00098.705 00098.807 00099.054 00099.284 00099.481 00099.652 00099.638 00099.665 00099.683 00099.645 00099.566 00099.710 00099.895 00099.678 00098.957 00099.108 00099.977 00100.135 00099.941 00099.865 00099.819 00099.766 00099.706 00099.607 00099.552 00099.526 00099.501 00099.502 00099.485 00099.459 00099.437
00097.974 00097.997 00098.014 00098.033 00098.089 00098.152 00098.214 00098.260 00098.306 00098.352 00098.514 00098.681 00098.690 00098.769 00098.981 00099.378 00099.871 00099.680 00099.182 00098.690 00098.677 00098.681 00098.684 00098.682 00098.680 00098.664 00098.624 00098.576 00098.574 00098.583 00098.678 00098.854 00099.024 00099.190 00099.300 00099.308 00099.496 00099.567 00099.510 00099.393 00099.526 00099.684 00099.528 00099.351 00099.203 00099.427 00099.686 00099.582 00099.532 00099.529 00099.516 00099.510 00099.456 00099.386 00099.374 00099.369 00099.332 00099.306 00099.308 00099.273
00097.834 00097.853 00097.870 00097.880 00097.932 00098.003 00098.063 00098.104 00098.149 00098.194 00098.284 00098.501 00098.729 00098.854 00098.885 00099.002 00099.441 00099.628 00099.187 00098.748 00098.533 00098.537 00098.541 00098.541 00098.539 00098.538 00098.487 00098.431 00098.404 00098.451 00098.514 00098.630 00098.725 00098.814 00098.867 00099.089 00099.345 00099.407 00099.376 00099.276 00099.269 00099.319 00099.421 00099.213 00099.045 00099.214 00099.402 00099.356 00099.336 00099.326 00099.316 00099.343 00099.334 00099.264 00099.229 00099.179 00099.097 00099.032 00099.027 00099.031
00097.825 00097.987 00098.207 00098.113 00097.988 00097.845 00097.901 00097.957 00098.006 00097.985 00098.004 00098.231 00098.433 00098.668 00098.908 00099.172 00099.292 00099.532 00099.447 00098.963 00098.395 00098.461 00098.494 00098.501 00098.517 00098.533 00098.565 00098.552 00098.424 00098.342 00098.250 00098.222 00098.469 00098.699 00098.875 00099.018 00099.142 00099.255 00099.262 00099.167 00099.092 00099.031 00099.072 00098.963 00098.912 00098.908 00099.055 00099.106 00099.118 00099.131 00099.150 00099.153 00099.153 00099.099 00098.996 00098.946 00098.904 00098.833 00098.806 00098.793
00098.210 00098.367 00098.314 00098.391 00098.518 00098.400 00097.884 00097.812 00097.849 00097.887 00097.836 00097.939 00098.303 00098.613 00099.046 00099.220 00099.360 00099.375 00099.418 00099.543 00099.096 00098.906 00099.050 00099.225 00099.284 00099.283 00099.283 00098.984 00098.604 00098.285 00098.368 00098.322 00098.350 00120.797 00235.178 00239.780 00144.188 00099.150 00099.078 00098.907 00098.407 00098.708 00098.718 00098.767 00098.770 00098.797 00098.832 00098.880 00098.923 00098.939 00098.945 00098.950 00098.925 00098.899 00098.919 00098.900 00098.808 00098.718 00098.619 00098.604
00198.683 00099.238 00098.195 00098.032 00098.084 00098.304 00098.400 00098.106 00098.093 00098.136 00097.851 00097.905 00098.170 00098.439 00098.931 00099.144 00099.174 00099.269 00099.345 00099.244 00099.030 00098.732 00098.822 00098.904 00098.972 00099.018 00099.065 00099.088 00099.045 00099.002 00119.480 00226.634 00488.686 00527.216 00527.626 00407.029 00228.527 00116.011 00098.829 00098.682 00098.552 00098.265 00098.452 00098.517 00098.577 00098.607 00098.668 00098.710 00098.715 00098.752 00098.790 00098.828 00098.768 00098.691 00098.689 00098.745 00098.685 00098.599 00098.506 00098.494
00524.799 00525.448 00238.456 00119.776 00097.990 00098.155 00098.250 00098.260 00098.292 00098.351 00098.339 00098.056 00098.162 00098.334 00098.668 00099.004 00099.022 00099.102 00099.169 00099.014 00098.822 00098.824 00098.723 00098.571 00098.395 00102.268 00111.401 00125.997 00182.942 00287.854 00451.172 00528.345 00527.011 00517.140 00351.215 00126.592 00100.513 00106.438 00098.744 00098.470 00098.185 00098.035 00098.185 00098.288 00098.348 00098.424 00098.516 00098.571 00098.560 00098.551 00098.586 00098.620 00098.620 00098.562 00098.502 00098.554 00098.581 00098.516 00098.455 00098.391
00523.571 00523.850 00524.492 00524.868 00525.013 00525.083 00525.244 00525.585 00333.221 00299.472 00293.806 00375.516 00225.086 00098.343 00098.472 00098.690 00098.711 00098.687 00098.708 00098.713 00098.603 00098.639 00113.676 00221.168 00258.291 00251.049 00258.152 00196.093 00113.101 00258.296 00426.866 00528.235 00527.270 00526.323 00525.900 00526.609 00527.231 00488.091 00199.126 00098.080 00098.000 00097.895 00097.946 00098.020 00098.092 00098.196 00098.319 00098.408 00098.428 00098.424 00098.443 00098.471 00098.497 00098.424 00098.331 00098.324 00098.418 00098.399 00098.325 00098.253
