data/trial2/ashley.ros
NCOLS 382
NROWS 266
XLLCORNER 157819.328125
YLLCORNER 384678.625000
CELLSIZE 30.000000
NODATA_VALUE -1
[rows 204 to 237 of 266, columns 231 to 307 of 382]
20.73 22.34 24.11 25.07 15.35 16.58 17.33 18.10 18.52 17.94 16.59 13.78 13.99 14.15 14.48 14.70 14.84 14.98 15.06 15.14 15.23 15.32 15.41 15.60 17.72 21.74 24.32 26.11 27.83 29.42 30.79 31.96 32.85 33.54 33.99 33.74 33.52 33.58 33.21 28.73 29.37 29.46 29.78 30.25 30.97 31.56 32.19 32.43 32.98 33.50 33.65 33.88 33.40 33.37 33.32 33.46 32.87 32.62 32.97 33.30 33.62 29.06 25.13 24.90 25.20 24.97 25.00 25.28 25.40 24.51 24.57 24.61 24.72 24.76 24.27 24.35 24.08
19.59 21.17 22.35 23.75 25.39 15.97 17.01 17.93 18.90 19.19 19.59 19.91 20.25 20.46 20.74 21.53 22.04 22.40 22.76 23.15 23.55 24.33 25.20 26.06 26.74 27.16 27.58 28.10 28.70 29.31 29.86 30.40 31.05 31.84 32.59 33.02 33.40 34.67 34.64 34.10 25.79 27.11 29.99 29.74 29.41 29.96 30.45 30.80 31.16 31.63 32.18 32.67 32.88 33.09 32.99 32.95 33.06 33.12 26.14 25.02 25.00 24.96 24.94 24.93 24.93 24.96 24.81 24.99 25.03 24.95 24.81 24.62 24.03 24.14 24.15 24.02 24.00
18.42 19.76 21.41 23.40 23.11 17.05 16.88 17.53 18.30 18.74 19.04 19.64 20.00 20.23 20.97 21.71 22.70 23.27 23.70 24.12 24.51 24.89 25.28 25.79 26.44 27.18 27.42 27.31 27.33 27.99 28.57 29.11 29.52 29.78 30.11 30.52 30.88 31.58 32.46 32.76 33.01 32.83 32.07 31.00 29.63 28.82 29.43 30.15 30.46 30.70 30.93 31.23 31.68 31.51 31.99 25.71 24.38 24.36 24.36 24.36 24.33 24.64 24.53 24.53 24.29 24.37 24.55 24.75 24.70 24.59 24.36 24.15 24.08 24.02 23.62 23.42 23.26
17.44 18.27 19.95 20.29 19.56 18.64 17.06 17.33 17.69 18.16 18.61 18.89 19.16 19.55 20.04 20.62 21.54 22.59 23.02 23.35 23.66 23.87 24.07 24.40 25.07 25.65 26.06 26.46 26.75 26.92 27.12 27.61 28.16 28.72 29.15 29.50 29.68 30.07 30.71 31.39 31.99 32.47 32.59 32.92 33.37 31.39 29.40 27.90 28.35 28.77 29.31 29.53 22.91 22.90 23.11 23.31 23.47 23.57 23.61 23.61 23.61 23.69 23.83 23.98 24.05 24.26 24.19 24.03 23.97 24.03 24.01 23.92 23.93 23.80 22.27 11.77 11.62
14.05 14.27 15.29 16.50 16.35 15.86 17.12 17.44 17.79 18.18 18.19 18.37 18.77 19.16 19.50 19.70 19.91 21.05 22.24 22.67 23.08 23.48 23.67 23.86 24.08 24.59 25.08 25.69 26.38 26.55 26.65 26.72 26.97 27.44 27.94 28.45 28.87 28.96 29.01 29.31 29.86 30.58 31.30 31.76 31.66 32.08 32.50 28.01 22.87 21.05 21.35 21.66 21.89 22.13 22.35 22.59 22.78 22.97 23.07 23.07 22.96 22.86 22.87 22.50 22.42 22.48 22.86 23.41 23.67 23.78 23.67 23.71 12.52 11.91 11.66 11.42 11.20
14.30 14.33 14.79 15.46 16.18 15.81 14.19 14.96 18.35 18.22 18.43 18.59 18.62 18.76 19.06 19.39 19.67 19.99 20.77 21.70 22.73 23.20 23.07 23.28 23.52 23.91 24.05 24.07 24.49 25.23 25.77 26.08 26.29 26.45 26.42 26.57 27.34 27.71 28.26 28.81 28.82 28.71 28.99 29.45 22.62 22.74 23.09 23.57 24.07 24.80 21.03 21.12 21.22 21.38 21.60 21.77 21.90 22.05 22.24 22.34 22.37 22.34 22.32 22.10 21.85 21.87 22.11 22.17 22.37 16.55 11.76 11.68 11.58 11.50 11.31 11.17 10.86
14.16 14.08 14.20 14.28 15.34 15.40 13.37 14.44 15.47 15.56 15.52 15.59 18.55 18.58 18.73 18.90 19.23 19.69 20.27 20.87 21.54 22.44 22.79 22.37 22.31 22.44 22.83 23.13 23.49 23.99 24.63 25.18 25.37 26.08 26.10 26.16 26.17 26.43 27.06 23.44 21.48 21.74 21.71 21.64 21.77 21.93 22.09 22.36 22.70 23.29 23.06 22.41 21.69 21.39 20.89 20.91 21.15 21.36 21.55 21.67 21.72 21.80 21.88 21.72 21.51 21.08 12.76 11.19 11.24 11.04 11.09 11.09 11.04 10.94 10.65 10.37 10.48
14.33 14.29 14.32 14.31 14.98 16.01 13.03 13.87 14.69 15.13 15.46 15.73 15.95 15.87 15.76 15.63 15.60 15.70 18.77 19.85 20.67 21.33 21.99 22.43 22.28 21.94 21.57 21.49 21.57 21.97 22.37 21.50 20.38 19.57 20.01 20.19 20.12 20.21 20.46 20.68 20.84 21.04 21.25 21.39 21.34 21.33 21.45 21.57 21.69 21.98 22.30 22.93 22.55 21.82 21.24 20.73 20.28 20.49 20.69 20.85 20.97 21.12 21.26 11.26 10.91 10.71 10.48 10.43 10.37 10.39 10.38 10.26 10.24 10.12 10.48 10.12 09.86
08.68 10.19 14.03 14.04 14.25 14.64 13.68 13.43 14.00 14.57 15.12 15.44 15.71 15.82 15.81 15.80 15.75 15.72 15.77 15.85 16.23 17.10 17.54 17.93 18.26 18.45 18.22 17.91 17.58 17.17 16.93 16.71 17.32 17.94 18.61 19.28 19.24 19.20 19.36 19.73 20.02 20.32 20.60 20.81 20.97 20.99 20.91 20.94 21.07 21.19 21.14 21.40 21.69 21.95 21.89 21.32 20.64 20.06 19.87 11.99 10.80 10.90 11.08 10.85 10.66 10.41 10.20 09.80 09.57 09.55 09.74 10.26 10.15 09.74 09.44 09.07 08.57
08.16 08.34 08.47 08.56 08.66 08.84 10.20 13.11 13.69 14.21 14.64 15.01 15.32 15.60 15.72 15.79 16.20 16.44 08.24 05.67 14.12 16.62 17.36 17.73 18.10 18.42 18.66 18.83 18.94 18.41 17.79 17.08 16.45 16.62 16.78 17.34 18.31 19.26 19.31 19.32 19.37 19.57 19.84 20.10 20.26 20.38 20.49 20.46 20.41 20.46 20.51 20.56 20.62 21.00 21.41 14.37 11.14 10.75 10.24 10.13 10.19 10.16 10.15 10.19 10.01 09.91 09.79 10.16 09.89 09.63 09.54 09.33 09.04 08.63 08.32 08.02 07.42
07.56 07.77 07.97 08.14 08.18 08.41 08.62 08.14 08.45 13.82 14.17 14.56 14.85 15.13 15.58 16.00 13.70 07.98 05.03 04.64 03.98 06.09 12.36 17.28 17.59 17.92 18.21 18.45 18.82 19.15 18.59 18.01 17.10 16.33 16.34 16.35 16.71 17.36 18.00 18.42 18.80 18.96 19.14 19.35 19.55 19.70 19.82 19.94 19.97 19.91 19.89 12.19 10.65 10.59 10.55 10.52 10.53 10.39 10.02 09.72 09.50 09.43 09.32 09.32 10.00 09.94 09.68 09.45 09.14 08.70 08.34 08.19 07.91 07.36 07.31 06.69 05.71
08.83 09.01 09.10 08.80 07.56 07.83 08.09 07.76 08.02 08.26 08.47 08.69 09.42 14.64 15.06 16.30 17.21 14.56 08.40 05.97 02.45 07.67 12.08 15.01 16.42 17.58 17.68 17.88 18.12 18.58 19.07 19.00 19.08 17.88 16.73 16.40 16.07 16.13 16.42 16.67 17.37 18.18 18.60 19.11 19.23 19.32 15.14 10.59 10.52 10.44 10.37 10.18 10.13 10.04 09.99 10.02 09.92 09.87 09.83 09.96 09.93 09.76 09.68 09.47 09.29 09.07 08.65 08.24 08.04 07.27 07.21 06.95 06.40 05.69 04.44 00.72 04.75
02.74 02.75 02.76 04.91 08.67 08.92 09.08 08.17 07.48 07.79 08.02 08.19 08.37 08.54 08.76 09.06 09.71 10.94 11.76 03.65 04.50 02.46 10.80 14.23 15.38 16.36 17.05 17.28 17.51 17.74 18.18 18.62 18.91 19.21 18.51 13.64 12.16 10.76 09.50 09.31 09.12 09.39 09.73 09.81 09.89 09.92 09.94 09.99 09.94 10.02 10.12 09.87 09.60 09.44 09.32 09.39 10.13 10.10 09.92 09.75 09.26 08.77 08.52 08.26 08.11 07.92 07.29 07.25 06.80 05.99 04.77 03.50 03.38 04.81 04.95 05.26 05.49
02.50 02.52 02.53 02.57 03.70 06.61 08.12 08.54 08.97 09.10 08.22 07.59 07.80 08.03 08.30 08.67 09.08 07.03 08.65 11.83 04.93 03.25 02.46 06.45 08.89 09.19 09.50 09.65 09.75 09.82 09.90 10.01 10.11 10.17 10.21 09.84 09.54 09.37 09.17 08.80 08.44 08.20 08.52 08.83 09.12 09.36 09.38 09.32 09.27 09.28 09.28 09.54 09.89 09.65 09.41 09.17 08.98 08.71 08.36 08.10 07.97 07.21 06.91 07.02 06.96 06.42 05.75 04.72 03.35 04.85 05.24 05.43 05.50 05.42 09.24 16.48 17.90
01.05 01.17 01.20 02.19 02.87 04.66 06.87 07.43 07.86 08.22 08.49 08.77 08.99 09.11 08.98 08.24 08.28 08.72 10.11 10.72 07.61 03.39 03.15 02.44 02.56 02.71 02.75 02.77 02.77 02.77 02.75 03.96 06.49 09.33 09.51 09.68 09.16 09.08 09.05 08.81 08.37 07.92 07.69 07.60 07.85 08.42 09.16 09.48 09.45 09.37 09.23 09.01 08.85 08.60 08.25 07.91 07.73 07.41 06.84 07.04 06.94 06.21 05.33 04.51 03.58 02.47 04.76 05.15 05.37 05.51 05.62 13.20 17.22 17.80 18.57 18.88 19.15
01.79 01.75 01.44 01.17 01.17 00.54 03.89 05.10 06.16 06.95 07.36 07.56 07.86 08.17 08.41 08.62 08.83 09.05 07.01 05.05 04.03 03.52 03.02 03.02 03.06 03.09 03.11 03.12 03.12 03.11 03.07 05.24 08.60 07.13 08.35 09.24 09.76 09.57 09.53 09.52 09.07 08.62 08.17 07.97 07.98 08.30 08.62 08.57 08.45 08.21 07.98 07.81 07.74 07.34 07.01 07.03 06.78 06.29 05.59 04.58 03.48 03.71 04.84 04.74 04.94 05.09 05.29 07.67 13.55 17.40 18.44 19.26 19.50 19.26 19.33 19.55 19.61
03.15 03.07 02.99 01.94 02.62 03.54 04.29 03.73 03.07 04.33 05.17 05.81 06.28 06.78 07.31 07.41 07.53 07.95 07.42 06.01 06.31 04.02 02.67 04.96 04.48 03.34 02.97 02.99 04.54 06.13 02.54 06.26 08.40 08.69 08.89 08.87 08.85 08.57 08.51 08.45 08.16 07.95 07.84 07.24 06.62 06.87 07.13 07.30 07.04 06.93 07.02 06.99 06.59 06.14 05.37 04.28 03.33 03.56 04.65 04.91 05.13 05.27 05.45 12.82 15.85 16.60 17.39 18.20 18.54 18.95 19.34 19.59 19.83 20.07 19.94 19.79 19.85
03.81 05.02 08.24 06.26 08.17 07.63 11.72 04.41 04.15 04.08 03.87 00.70 03.37 04.39 05.12 05.60 05.96 06.35 06.75 06.24 04.59 05.11 04.90 04.02 00.59 01.30 02.71 02.90 03.25 03.83 00.50 06.42 07.22 07.49 07.62 07.69 07.74 07.50 07.04 06.88 06.90 06.86 06.69 06.25 05.69 05.64 05.77 05.83 05.57 05.21 04.53 03.73 00.73 04.42 04.86 05.15 05.22 05.18 05.33 09.34 15.83 17.20 18.10 18.93 18.91 17.87 18.12 18.35 18.67 19.01 19.32 19.59 19.90 20.18 20.38 20.27 20.28
18.95 19.04 06.94 11.03 11.59 12.70 12.41 12.47 11.61 10.71 04.72 04.39 04.33 04.24 04.15 03.91 02.61 01.56 01.25 02.05 05.37 05.96 03.85 08.23 04.44 04.58 04.72 04.71 04.61 04.39 05.11 02.78 04.28 05.39 06.17 06.28 06.25 05.96 05.33 05.12 04.90 04.27 03.39 02.39 04.26 04.04 03.99 03.93 04.21 04.54 04.78 04.99 05.14 05.31 05.51 09.63 16.43 17.23 17.80 18.31 18.47 18.63 18.79 19.14 19.48 19.46 18.25 18.45 18.65 18.94 19.30 19.58 19.80 20.10 20.44 20.85 20.91
13.66 14.79 11.65 10.44 11.28 12.45 12.71 12.46 12.48 12.69 12.94 12.90 12.48 11.70 07.10 04.64 04.70 04.76 04.50 04.17 02.29 04.00 07.16 04.11 03.78 06.34 11.59 14.42 14.20 13.09 11.70 03.95 03.96 03.90 00.57 00.58 02.82 04.46 04.74 04.76 04.84 04.92 05.02 05.18 05.34 05.20 05.62 04.93 04.77 07.87 11.15 15.08 16.16 16.90 17.64 18.32 18.58 18.84 18.93 18.84 18.93 18.99 19.07 19.19 19.45 19.76 19.95 18.65 18.87 19.12 19.37 19.62 19.89 20.14 18.95 14.30 11.75
11.09 12.33 09.82 07.17 09.50 12.34 12.96 12.69 12.73 12.89 13.19 13.38 13.50 13.60 13.72 13.90 14.24 14.92 13.09 08.53 13.71 19.31 04.45 11.40 02.72 07.43 13.72 14.61 15.16 15.34 13.45 10.94 10.33 04.51 04.62 04.75 04.96 05.16 05.27 07.92 09.99 12.13 14.74 16.21 16.93 17.64 15.65 15.49 15.57 15.83 16.43 17.02 17.45 17.89 18.29 18.54 18.64 18.96 19.39 19.53 19.25 19.27 19.36 19.48 19.61 19.89 20.14 20.35 18.89 19.12 16.97 13.59 10.87 11.03 11.14 11.50 11.89
10.25 09.64 10.27 07.28 07.66 07.77 07.98 11.81 13.08 13.21 13.42 13.66 13.83 13.93 14.07 14.30 14.54 15.90 17.35 18.73 20.66 07.29 24.05 27.50 20.80 03.39 06.87 13.82 15.07 15.65 14.85 11.61 12.22 12.83 13.62 14.05 14.89 15.83 16.72 17.21 16.78 17.04 17.30 17.57 17.90 18.23 18.58 16.21 16.19 16.18 16.43 16.97 17.55 18.19 18.75 18.87 19.01 19.17 19.46 19.79 19.95 19.73 19.77 19.87 19.96 20.04 17.13 12.94 11.26 10.37 10.47 10.58 10.71 10.87 11.02 11.19 11.64
10.39 11.47 14.83 08.16 07.85 08.02 08.09 08.09 08.05 10.40 13.69 13.94 14.11 14.22 14.26 14.54 14.95 15.61 17.16 18.70 17.08 18.41 25.73 24.26 18.77 11.78 02.29 02.31 03.17 07.22 09.21 11.08 12.40 12.97 13.71 14.58 15.46 16.17 16.88 17.45 17.79 17.30 17.54 17.78 18.05 18.37 18.66 18.92 16.42 16.30 16.19 16.61 17.31 18.02 18.59 19.03 19.15 19.37 19.82 20.14 20.34 20.44 17.77 13.83 11.02 11.03 11.09 11.16 11.24 11.20 10.83 10.82 10.81 10.85 11.00 11.09 11.20
15.62 16.59 16.00 15.52 13.09 09.77 08.33 08.23 08.24 08.25 08.28 08.35 09.06 12.87 14.58 14.69 14.93 15.22 15.93 16.91 20.52 23.94 25.51 18.67 17.14 18.07 14.18 12.93 02.56 02.48 02.53 02.36 03.02 12.67 13.78 14.49 15.24 15.98 16.65 17.30 17.80 18.15 17.64 17.84 18.02 18.30 18.90 19.35 19.69 16.87 16.65 16.43 16.98 17.69 18.31 18.72 18.98 19.21 17.72 15.04 11.38 11.49 11.59 11.47 11.44 11.42 11.42 11.36 11.28 11.32 11.37 11.06 13.18 15.30 17.39 17.85 18.12
15.30 16.41 16.67 16.46 14.50 12.97 13.10 12.03 08.56 08.30 08.40 08.43 08.47 08.52 08.58 08.67 08.81 10.77 13.44 14.40 15.47 15.19 13.54 14.22 15.08 16.48 09.88 15.32 19.19 11.33 10.65 02.53 02.36 02.36 02.47 03.17 04.64 15.40 16.53 17.30 17.81 18.20 18.53 17.95 18.12 18.29 18.71 19.34 18.47 15.21 10.59 09.97 09.37 09.25 09.56 09.86 10.15 10.47 10.85 11.15 11.33 11.50 11.65 11.87 11.82 11.72 11.73 11.69 13.40 16.22 18.53 18.70 18.40 18.50 18.48 18.51 18.55
14.50 15.75 16.83 16.86 16.51 12.85 13.40 13.40 13.27 12.97 10.71 08.52 08.59 08.63 08.69 08.75 08.84 08.97 09.11 09.50 10.00 10.47 10.83 12.08 13.49 14.62 15.32 17.63 21.92 12.13 16.02 11.02 03.57 03.26 02.55 02.43 02.43 02.42 02.46 02.53 04.83 14.06 15.07 13.25 10.88 10.36 10.48 10.78 11.12 11.01 10.54 10.17 09.70 09.48 09.65 09.82 10.05 10.28 10.56 10.86 11.11 11.36 11.61 11.81 12.03 14.80 17.56 18.84 19.07 19.31 19.38 19.38 19.36 18.79 18.70 18.61 18.65
14.42 14.85 16.65 17.67 17.30 12.68 13.18 13.44 13.31 13.41 13.51 13.64 13.65 12.89 10.55 08.86 08.90 08.97 09.19 09.41 09.81 10.22 10.73 11.27 12.31 12.49 15.87 20.88 22.73 21.52 21.73 23.29 23.79 07.01 03.36 03.37 03.37 03.34 02.51 02.78 02.54 02.53 02.57 02.62 02.82 07.08 10.27 10.68 11.00 11.26 11.24 10.92 10.55 10.15 09.99 09.93 09.92 10.27 10.62 10.86 11.89 13.91 16.10 18.41 18.81 19.19 19.49 19.57 19.59 19.66 19.73 19.74 19.69 19.69 19.06 18.96 18.81
16.51 15.94 16.20 17.49 17.81 12.32 13.02 13.55 13.48 13.56 13.65 13.84 14.03 14.17 14.28 14.31 14.29 14.27 13.08 11.81 11.75 12.01 12.41 14.59 16.84 18.59 19.43 20.66 21.81 22.71 23.42 23.88 23.31 24.01 23.66 05.45 11.20 03.71 03.48 03.51 03.54 03.54 03.51 03.43 03.34 05.56 09.35 10.06 10.81 11.15 11.56 13.77 15.83 16.20 16.15 16.30 16.36 16.59 17.01 17.43 17.85 18.26 18.69 19.04 19.28 19.45 19.62 19.75 19.85 19.92 19.95 19.95 19.94 19.97 20.01 19.70 19.54
17.29 17.75 18.38 19.49 20.48 21.08 14.74 13.93 13.63 13.69 13.77 13.93 14.13 14.30 14.41 14.55 14.69 14.81 14.89 15.41 15.94 16.41 16.87 17.45 18.08 18.71 19.40 20.13 21.05 21.47 21.99 22.92 23.70 24.27 23.71 17.57 12.80 17.32 14.11 13.79 15.16 05.85 03.63 03.55 03.44 03.25 04.34 14.65 15.36 17.33 17.86 18.40 18.43 18.00 17.32 16.97 17.06 17.15 17.42 17.74 18.06 18.36 18.66 18.98 19.27 19.51 19.72 19.88 20.00 20.09 20.19 20.24 20.24 20.24 20.19 20.38 20.94
17.27 17.79 18.32 19.34 20.39 21.49 15.03 16.14 16.26 15.29 13.89 14.02 14.21 14.40 14.52 14.64 14.81 14.96 15.05 15.36 15.90 16.38 16.84 17.29 17.86 18.45 19.04 19.75 20.40 20.95 21.54 22.30 23.03 23.73 24.14 24.22 19.79 17.17 18.59 19.36 19.46 14.61 06.91 04.27 04.02 03.59 03.03 05.59 10.92 13.25 17.43 18.05 18.78 18.57 18.03 17.25 17.19 17.29 17.43 17.74 18.04 18.35 18.66 18.97 19.28 19.57 19.75 19.94 20.12 20.23 20.33 20.42 21.00 21.79 22.53 22.71 22.74
17.34 17.77 18.29 18.87 19.49 19.52 17.84 16.81 16.58 16.61 16.60 16.46 15.53 14.61 14.62 14.74 14.90 15.06 15.18 15.30 15.68 16.11 16.65 17.27 17.90 18.38 18.86 19.35 19.99 20.61 21.22 21.88 23.16 24.13 24.28 24.10 23.58 18.93 18.05 19.61 20.43 21.33 12.16 13.30 12.58 03.49 03.06 05.12 10.44 14.91 16.71 17.61 18.34 19.08 18.66 17.96 17.28 17.41 17.53 17.74 18.04 18.34 18.65 18.97 19.27 19.52 19.75 19.94 20.24 21.17 22.05 22.77 22.90 23.00 23.08 23.06 23.04
17.21 17.87 18.31 18.80 19.39 19.98 18.34 17.23 16.64 16.70 16.81 16.93 17.13 17.23 17.28 16.81 15.95 15.22 15.24 15.39 15.67 16.03 16.52 17.06 17.70 18.26 18.70 19.14 19.64 20.24 21.59 23.08 23.88 24.35 24.51 24.77 24.53 22.52 21.52 20.27 20.57 22.03 20.72 22.75 24.65 16.45 04.31 09.32 09.22 13.81 15.65 17.20 17.93 18.65 19.18 18.75 17.82 17.46 17.58 17.71 17.99 18.28 18.57 18.90 19.53 20.34 21.14 22.01 22.53 22.80 23.00 -1.00 11.90 23.18 -1.00 -1.00 06.47
17.30 17.79 18.23 18.70 19.25 19.86 19.23 17.58 16.66 16.79 16.82 16.84 17.25 17.44 17.60 17.68 17.72 17.83 17.91 17.98 17.52 17.22 17.14 17.59 18.11 18.71 19.56 20.47 21.36 22.19 22.73 23.26 23.73 24.15 24.50 24.77 25.05 24.09 23.01 21.46 20.27 21.91 23.54 24.64 25.32 19.97 08.58 11.13 13.65 14.31 14.86 16.48 17.55 18.25 19.31 20.23 20.45 19.50 19.70 19.90 20.20 20.71 21.08 21.38 21.70 22.01 22.30 22.56 22.73 22.92 -1.00 -1.00 -1.00 -1.00 -1.00 -1.00 -1.00
19.28 19.61 19.32 19.09 18.84 19.55 20.82 17.98 16.69 16.86 16.94 16.97 17.22 17.61 17.66 17.76 17.92 18.06 18.18 18.34 18.52 18.83 19.09 19.54 20.01 20.54 21.04 21.46 21.85 22.21 22.66 23.11 23.53 23.94 24.34 24.68 24.95 25.23 24.14 22.52 20.86 21.39 22.97 24.53 25.51 17.06 10.06 11.75 13.51 15.31 17.07 18.51 19.65 20.58 21.44 21.93 21.81 20.97 20.54 20.75 20.96 21.16 21.37 21.57 21.84 22.11 22.33 22.53 21.83 08.56 04.79 -1.00 -1.00 -1.00 -1.00 -1.00 -1.00
