data/trial2/ashley.toa
NCOLS 382
NROWS 266
XLLCORNER 157819.328125
YLLCORNER 384678.625000
CELLSIZE 30.000000
NODATA_VALUE -1
[rows 182 to 207 of 266, columns 240 to 299 of 382]
00012.939 00012.951 00012.969 00013.003 00013.075 00013.147 00013.236 00013.312 00013.376 00013.456 00013.535 00013.613 00013.692 00013.771 00013.853 00013.953 00014.041 00014.098 00014.150 00014.200 00014.251 00014.304 00014.359 00014.412 00014.467 00014.517 00014.559 00014.618 00014.672 00014.724 00014.774 00014.822 00014.868 00014.913 00014.948 00014.963 00014.982 00015.028 00015.075 00015.122 00015.170 00015.219 00015.269 00015.320 00015.371 00015.425 00015.484 00015.543 00015.606 00015.671 00015.756 00015.893 00015.976 00015.999 00016.097 00016.167 00016.237 00016.323 00016.468 00016.721
00013.067 00013.105 00013.153 00013.221 00013.289 00013.362 00013.437 00013.519 00013.604 00013.662 00013.737 00013.811 00013.885 00013.963 00014.035 00014.086 00014.132 00014.178 00014.224 00014.272 00014.321 00014.369 00014.421 00014.474 00014.527 00014.579 00014.631 00014.681 00014.729 00014.776 00014.826 00014.874 00014.921 00014.968 00015.018 00015.075 00015.133 00015.194 00015.195 00015.242 00015.288 00015.334 00015.382 00015.432 00015.482 00015.531 00015.583 00015.640 00015.700 00015.772 00015.857 00015.927 00016.004 00016.080 00016.158 00016.236 00016.315 00016.396 00016.560 00016.832
00013.308 00013.346 00013.385 00013.439 00013.506 00013.572 00013.645 00013.719 00013.794 00013.897 00013.940 00014.009 00014.059 00014.100 00014.142 00014.184 00014.227 00014.269 00014.313 00014.358 00014.406 00014.453 00014.502 00014.551 00014.601 00014.651 00014.700 00014.750 00014.797 00014.845 00014.893 00014.940 00014.987 00015.038 00015.092 00015.146 00015.200 00015.255 00015.312 00015.364 00015.411 00015.457 00015.503 00015.549 00015.595 00015.642 00015.691 00015.741 00015.794 00015.859 00015.938 00016.015 00016.087 00016.162 00016.240 00016.320 00016.400 00016.500 00016.635 00016.779
00013.545 00013.583 00013.622 00013.662 00013.720 00013.786 00013.851 00013.923 00013.998 00014.055 00014.100 00014.138 00014.175 00014.211 00014.247 00014.284 00014.320 00014.362 00014.405 00014.449 00014.493 00014.539 00014.584 00014.631 00014.679 00014.727 00014.776 00014.823 00014.871 00014.919 00014.966 00015.015 00015.069 00015.124 00015.178 00015.233 00015.287 00015.340 00015.394 00015.448 00015.504 00015.562 00015.620 00015.678 00015.717 00015.761 00015.805 00015.852 00015.909 00015.970 00016.041 00016.118 00016.194 00016.272 00016.349 00016.425 00016.504 00016.596 00016.697 00016.871
00013.775 00013.815 00013.856 00013.897 00013.938 00013.999 00014.049 00014.089 00014.127 00014.168 00014.208 00014.248 00014.287 00014.321 00014.356 00014.391 00014.428 00014.465 00014.503 00014.542 00014.584 00014.629 00014.674 00014.719 00014.764 00014.810 00014.858 00014.905 00014.953 00015.001 00015.054 00015.108 00015.162 00015.215 00015.269 00015.323 00015.378 00015.432 00015.486 00015.541 00015.596 00015.652 00015.707 00015.762 00015.817 00015.873 00015.927 00015.978 00016.031 00016.092 00016.159 00016.244 00016.329 00016.411 00016.488 00016.560 00016.630 00016.715 00016.816 00016.919
00014.001 00014.031 00014.062 00014.090 00014.116 00014.142 00014.173 00014.208 00014.243 00014.279 00014.314 00014.352 00014.391 00014.429 00014.467 00014.502 00014.537 00014.573 00014.610 00014.648 00014.687 00014.726 00014.765 00014.805 00014.851 00014.896 00014.943 00014.990 00015.041 00015.094 00015.148 00015.202 00015.256 00015.309 00015.364 00015.418 00015.472 00015.527 00015.581 00015.636 00015.691 00015.746 00015.801 00015.856 00015.911 00015.966 00016.028 00016.103 00016.180 00016.259 00016.330 00016.406 00016.487 00016.571 00016.654 00016.730 00016.803 00016.884 00016.981 00017.052
00014.152 00014.171 00014.190 00014.217 00014.244 00014.270 00014.297 00014.326 00014.359 00014.394 00014.429 00014.463 00014.498 00014.533 00014.571 00014.609 00014.648 00014.684 00014.720 00014.755 00014.791 00014.830 00014.870 00014.909 00014.950 00014.992 00015.037 00015.084 00015.134 00015.189 00015.244 00015.298 00015.352 00015.406 00015.460 00015.514 00015.568 00015.622 00015.677 00015.731 00015.786 00015.842 00015.897 00015.952 00016.008 00016.081 00016.155 00016.228 00016.303 00016.380 00016.463 00016.547 00016.638 00016.735 00016.823 00016.906 00016.984 00017.053 00017.105 00017.156
00014.287 00014.304 00014.322 00014.341 00014.367 00014.393 00014.421 00014.450 00014.480 00014.510 00014.545 00014.579 00014.613 00014.647 00014.680 00014.714 00014.753 00014.792 00014.832 00014.869 00014.905 00014.941 00014.976 00015.016 00015.060 00015.104 00015.150 00015.197 00015.246 00015.296 00015.346 00015.395 00015.448 00015.502 00015.556 00015.610 00015.664 00015.719 00015.774 00015.829 00015.884 00015.939 00015.994 00016.064 00016.138 00016.212 00016.286 00016.360 00016.434 00016.512 00016.591 00016.672 00016.755 00016.843 00016.939 00017.025 00017.079 00017.125 00017.167 00017.210
00014.438 00014.438 00014.456 00014.474 00014.493 00014.517 00014.545 00014.573 00014.603 00014.634 00014.664 00014.695 00014.728 00014.761 00014.794 00014.828 00014.863 00014.898 00014.938 00014.979 00015.022 00015.063 00015.102 00015.140 00015.179 00015.222 00015.267 00015.311 00015.357 00015.406 00015.455 00015.504 00015.553 00015.603 00015.653 00015.704 00015.758 00015.812 00015.867 00015.922 00015.977 00016.045 00016.121 00016.199 00016.275 00016.349 00016.425 00016.502 00016.575 00016.650 00016.725 00016.803 00016.888 00016.977 00017.044 00017.088 00017.128 00017.173 00017.216 00017.260
00014.591 00014.588 00014.591 00014.609 00014.627 00014.646 00014.669 00014.698 00014.728 00014.758 00014.788 00014.817 00014.846 00014.877 00014.909 00014.941 00014.974 00015.012 00015.052 00015.093 00015.136 00015.182 00015.228 00015.269 00015.308 00015.347 00015.386 00015.431 00015.475 00015.520 00015.565 00015.613 00015.662 00015.711 00015.760 00015.811 00015.861 00015.912 00015.964 00016.020 00016.091 00016.167 00016.245 00016.323 00016.402 00016.481 00016.561 00016.642 00016.720 00016.797 00016.874 00016.952 00017.023 00017.071 00017.111 00017.151 00017.189 00017.228 00017.267 00017.303
00014.747 00014.740 00014.738 00014.745 00014.763 00014.781 00014.800 00014.820 00014.851 00014.883 00014.915 00014.945 00014.973 00015.001 00015.032 00015.067 00015.102 00015.137 00015.177 00015.218 00015.258 00015.299 00015.342 00015.389 00015.437 00015.477 00015.517 00015.556 00015.596 00015.641 00015.686 00015.730 00015.775 00015.821 00015.870 00015.919 00015.967 00016.020 00016.089 00016.159 00016.230 00016.303 00016.377 00016.452 00016.532 00016.613 00016.694 00016.775 00016.858 00016.940 00017.016 00017.065 00017.104 00017.140 00017.175 00017.210 00017.244 00017.279 00017.315 00017.351
00014.906 00014.894 00014.891 00014.889 00014.900 00014.917 00014.935 00014.955 00014.976 00015.005 00015.040 00015.076 00015.110 00015.141 00015.171 00015.202 00015.237 00015.272 00015.307 00015.343 00015.384 00015.424 00015.466 00015.507 00015.552 00015.599 00015.647 00015.687 00015.726 00015.766 00015.806 00015.851 00015.894 00015.939 00015.984 00016.041 00016.105 00016.170 00016.235 00016.300 00016.371 00016.445 00016.519 00016.594 00016.671 00016.749 00016.829 00016.910 00016.993 00017.049 00017.090 00017.127 00017.162 00017.197 00017.231 00017.265 00017.299 00017.334 00017.370 00017.409
00015.071 00015.056 00015.047 00015.045 00015.043 00015.060 00015.077 00015.096 00015.119 00015.142 00015.171 00015.207 00015.244 00015.280 00015.312 00015.343 00015.374 00015.407 00015.442 00015.478 00015.513 00015.552 00015.593 00015.634 00015.676 00015.717 00015.762 00015.810 00015.858 00015.898 00015.937 00015.976 00016.021 00016.077 00016.132 00016.193 00016.257 00016.322 00016.388 00016.455 00016.522 00016.590 00016.661 00016.737 00016.813 00016.891 00016.971 00017.037 00017.080 00017.118 00017.154 00017.189 00017.223 00017.257 00017.292 00017.326 00017.361 00017.397 00017.435 00017.475
00015.244 00015.226 00015.212 00015.209 00015.207 00015.210 00015.228 00015.245 00015.265 00015.289 00015.312 00015.339 00015.376 00015.413 00015.450 00015.484 00015.516 00015.547 00015.579 00015.614 00015.649 00015.684 00015.718 00015.759 00015.802 00015.844 00015.886 00015.928 00015.973 00016.028 00016.090 00016.140 00016.191 00016.242 00016.296 00016.350 00016.407 00016.474 00016.542 00016.611 00016.679 00016.747 00016.816 00016.886 00016.958 00017.026 00017.072 00017.110 00017.146 00017.181 00017.216 00017.251 00017.285 00017.320 00017.354 00017.389 00017.425 00017.462 00017.501 00017.540
00015.421 00015.396 00015.382 00015.373 00015.372 00015.371 00015.380 00015.398 00015.415 00015.435 00015.458 00015.482 00015.507 00015.545 00015.584 00015.623 00015.662 00015.693 00015.723 00015.752 00015.787 00015.822 00015.856 00015.888 00015.926 00015.968 00016.012 00016.066 00016.122 00016.177 00016.239 00016.309 00016.368 00016.419 00016.470 00016.523 00016.576 00016.629 00016.693 00016.763 00016.833 00016.902 00016.971 00017.031 00017.073 00017.110 00017.145 00017.179 00017.213 00017.248 00017.282 00017.317 00017.351 00017.386 00017.421 00017.456 00017.493 00017.530 00017.567 00017.604
00015.598 00015.568 00015.553 00015.539 00015.537 00015.536 00015.535 00015.549 00015.566 00015.583 00015.604 00015.629 00015.655 00015.681 00015.716 00015.757 00015.798 00015.840 00015.873 00015.901 00015.928 00015.961 00015.996 00016.038 00016.078 00016.121 00016.176 00016.232 00016.288 00016.343 00016.398 00016.451 00016.525 00016.601 00016.653 00016.704 00016.757 00016.810 00016.864 00016.920 00016.990 00017.043 00017.081 00017.117 00017.150 00017.183 00017.216 00017.248 00017.282 00017.317 00017.352 00017.386 00017.421 00017.457 00017.492 00017.528 00017.564 00017.601 00017.638 00017.675
00015.774 00015.745 00015.725 00015.711 00015.703 00015.701 00015.700 00015.702 00015.718 00015.735 00015.755 00015.778 00015.803 00015.829 00015.856 00015.887 00015.929 00015.972 00016.020 00016.069 00016.101 00016.134 00016.173 00016.219 00016.263 00016.305 00016.347 00016.403 00016.460 00016.516 00016.571 00016.625 00016.679 00016.739 00016.820 00016.892 00016.944 00016.996 00017.040 00017.073 00017.104 00017.134 00017.164 00017.195 00017.228 00017.260 00017.292 00017.325 00017.358 00017.392 00017.427 00017.462 00017.496 00017.531 00017.565 00017.601 00017.637 00017.673 00017.710 00017.747
00015.953 00015.922 00015.898 00015.884 00015.871 00015.867 00015.864 00015.865 00015.873 00015.888 00015.906 00015.927 00015.950 00015.976 00016.003 00016.038 00016.072 00016.126 00016.185 00016.246 00016.302 00016.332 00016.362 00016.402 00016.449 00016.494 00016.537 00016.579 00016.631 00016.689 00016.748 00016.806 00016.859 00016.912 00016.964 00017.025 00017.072 00017.111 00017.149 00017.185 00017.199 00017.227 00017.254 00017.283 00017.312 00017.341 00017.371 00017.401 00017.435 00017.470 00017.505 00017.540 00017.575 00017.610 00017.645 00017.680 00017.716 00017.752 00017.788 00017.823
00016.161 00016.123 00016.088 00016.071 00016.053 00016.044 00016.038 00016.039 00016.040 00016.056 00016.075 00016.100 00016.127 00016.158 00016.190 00016.225 00016.260 00016.294 00016.347 00016.408 00016.471 00016.534 00016.565 00016.594 00016.635 00016.682 00016.727 00016.769 00016.813 00016.864 00016.925 00016.985 00017.035 00017.070 00017.100 00017.128 00017.157 00017.186 00017.216 00017.246 00017.277 00017.315 00017.354 00017.381 00017.407 00017.434 00017.462 00017.493 00017.524 00017.556 00017.589 00017.622 00017.656 00017.691 00017.726 00017.761 00017.796 00017.831 00017.867 00017.902
00016.384 00016.345 00016.307 00016.287 00016.268 00016.256 00016.252 00016.251 00016.252 00016.259 00016.277 00016.296 00016.323 00016.350 00016.382 00016.415 00016.450 00016.486 00016.522 00016.572 00016.636 00016.701 00016.765 00016.803 00016.831 00016.871 00016.916 00016.960 00017.005 00017.042 00017.072 00017.103 00017.134 00017.165 00017.195 00017.226 00017.255 00017.281 00017.307 00017.336 00017.366 00017.396 00017.426 00017.457 00017.488 00017.519 00017.557 00017.590 00017.615 00017.644 00017.677 00017.711 00017.745 00017.780 00017.813 00017.846 00017.880 00017.914 00017.948 00017.982
00016.612 00016.572 00016.532 00016.506 00016.487 00016.468 00016.468 00016.468 00016.469 00016.470 00016.484 00016.502 00016.522 00016.550 00016.578 00016.610 00016.643 00016.680 00016.719 00016.759 00016.803 00016.868 00016.933 00016.997 00017.038 00017.056 00017.077 00017.103 00017.127 00017.151 00017.177 00017.203 00017.228 00017.254 00017.281 00017.312 00017.343 00017.374 00017.404 00017.435 00017.462 00017.487 00017.516 00017.546 00017.577 00017.607 00017.638 00017.669 00017.701 00017.732 00017.764 00017.798 00017.834 00017.865 00017.900 00017.934 00017.968 00018.004 00018.051 00018.097
00016.846 00016.804 00016.762 00016.730 00016.710 00016.689 00016.684 00016.686 00016.688 00016.688 00016.691 00016.710 00016.729 00016.753 00016.781 00016.810 00016.842 00016.873 00016.914 00016.954 00016.997 00017.033 00017.068 00017.103 00017.136 00017.167 00017.199 00017.217 00017.234 00017.258 00017.281 00017.305 00017.330 00017.354 00017.379 00017.405 00017.432 00017.460 00017.491 00017.522 00017.554 00017.585 00017.616 00017.645 00017.670 00017.698 00017.729 00017.759 00017.790 00017.821 00017.854 00017.886 00017.919 00017.952 00017.986 00018.030 00018.079 00018.124 00018.172 00018.218
00017.070 00017.035 00016.996 00016.959 00016.938 00016.916 00016.902 00016.904 00016.906 00016.907 00016.908 00016.921 00016.941 00016.961 00016.988 00017.012 00017.035 00017.057 00017.078 00017.101 00017.124 00017.147 00017.173 00017.199 00017.224 00017.251 00017.282 00017.313 00017.344 00017.376 00017.388 00017.411 00017.435 00017.459 00017.483 00017.507 00017.531 00017.558 00017.586 00017.614 00017.642 00017.673 00017.704 00017.735 00017.767 00017.798 00017.829 00017.854 00017.883 00017.914 00017.946 00017.977 00018.012 00018.056 00018.102 00018.149 00018.197 00018.245 00018.295 00018.343
00017.241 00017.203 00017.174 00017.145 00017.128 00017.115 00017.097 00017.092 00017.094 00017.096 00017.097 00017.099 00017.108 00017.121 00017.133 00017.147 00017.162 00017.178 00017.196 00017.214 00017.233 00017.254 00017.276 00017.299 00017.324 00017.350 00017.376 00017.403 00017.429 00017.459 00017.491 00017.520 00017.543 00017.567 00017.590 00017.614 00017.637 00017.662 00017.687 00017.713 00017.741 00017.769 00017.798 00017.826 00017.856 00017.887 00017.919 00017.951 00017.982 00018.018 00018.053 00018.091 00018.135 00018.179 00018.225 00018.272 00018.320 00018.368 00018.416 00018.463
00017.410 00017.366 00017.337 00017.309 00017.282 00017.269 00017.253 00017.236 00017.233 00017.234 00017.236 00017.238 00017.240 00017.246 00017.258 00017.270 00017.281 00017.297 00017.312 00017.328 00017.347 00017.365 00017.382 00017.405 00017.428 00017.452 00017.477 00017.503 00017.530 00017.556 00017.583 00017.610 00017.641 00017.675 00017.701 00017.724 00017.747 00017.769 00017.791 00017.817 00017.843 00017.870 00017.897 00017.926 00017.955 00017.984 00018.017 00018.056 00018.099 00018.141 00018.183 00018.225 00018.262 00018.299 00018.346 00018.395 00018.443 00018.492 00018.541 00018.588
00017.582 00017.538 00017.503 00017.474 00017.448 00017.425 00017.408 00017.390 00017.372 00017.371 00017.373 00017.375 00017.377 00017.379 00017.383 00017.396 00017.408 00017.419 00017.432 00017.449 00017.466 00017.483 00017.501 00017.518 00017.536 00017.559 00017.583 00017.607 00017.632 00017.658 00017.683 00017.709 00017.737 00017.765 00017.794 00017.823 00017.859 00017.883 00017.906 00017.927 00017.949 00017.974 00018.001 00018.036 00018.071 00018.111 00018.151 00018.191 00018.231 00018.270 00018.312 00018.353 00018.395 00018.435 00018.476 00018.520 00018.566 00018.615 00018.664 00018.714
