data/trial2/ashley.hpa
NCOLS 382
NROWS 266
XLLCORNER 157819.328125
YLLCORNER 384678.625000
CELLSIZE 30.000000
NODATA_VALUE -1
[rows 130 to 155 of 266, columns 300 to 359 of 382]
00446.761 00449.041 00444.665 00442.948 00436.962 00435.367 00428.551 00422.940 00800.500 00448.209 01187.293 00602.004 00472.726 00471.759 00470.985 00470.696 00454.596 00162.765 00160.850 00174.872 00172.193 -0001.000 -0001.000 -0001.000 -0001.000 -0001.000 -0001.000 -0001.000 -0001.000 -0001.000 -0001.000 -0001.000 -0001.000 -0001.000 -0001.000 -0001.000 -0001.000 -0001.000 -0001.000 -0001.000 -0001.000 -0001.000 -0001.000 -0001.000 -0001.000 -0001.000 -0001.000 -0001.000 -0001.000 -0001.000 -0001.000 -0001.000 -0001.000 -0001.000 -0001.000 -0001.000 -0001.000 -0001.000 -0001.000 -0001.000
00450.232 00446.399 00444.352 00441.465 00438.656 00443.752 00463.093 00510.131 00801.486 01177.153 01211.219 00775.272 00472.996 00471.520 00470.624 00469.952 00468.045 00162.522 00160.890 00171.922 00176.111 00168.228 00165.377 -0001.000 -0001.000 -0001.000 -0001.000 -0001.000 -0001.000 -0001.000 -0001.000 -0001.000 -0001.000 -0001.000 -0001.000 -0001.000 -0001.000 -0001.000 -0001.000 -0001.000 -0001.000 -0001.000 -0001.000 -0001.000 -0001.000 -0001.000 -0001.000 -0001.000 -0001.000 -0001.000 -0001.000 -0001.000 -0001.000 -0001.000 -0001.000 -0001.000 -0001.000 -0001.000 -0001.000 -0001.000
00451.830 00448.669 00444.873 00440.258 00439.058 00745.574 00688.919 01005.517 01187.162 01224.036 01239.022 01001.837 00522.195 00475.779 00471.903 00469.556 00466.915 00165.141 00160.554 00168.088 00176.073 00175.939 00174.585 00171.201 00167.164 -0001.000 -0001.000 -0001.000 -0001.000 -0001.000 -0001.000 -0001.000 -0001.000 -0001.000 -0001.000 -0001.000 -0001.000 -0001.000 -0001.000 -0001.000 -0001.000 -0001.000 -0001.000 -0001.000 -0001.000 -0001.000 -0001.000 -0001.000 -0001.000 -0001.000 -0001.000 -0001.000 -0001.000 -0001.000 -0001.000 -0001.000 -0001.000 -0001.000 -0001.000 -0001.000
01176.478 01165.896 01161.181 01157.231 01155.647 01153.911 01165.167 01197.686 01226.778 01247.904 01264.703 01077.975 00475.278 00475.031 00474.287 00472.412 00468.404 00167.389 00152.740 00163.571 00175.564 00178.772 00184.073 00180.687 00178.036 00172.809 00165.853 -0001.000 -0001.000 -0001.000 -0001.000 -0001.000 -0001.000 -0001.000 -0001.000 -0001.000 -0001.000 -0001.000 -0001.000 -0001.000 -0001.000 -0001.000 -0001.000 -0001.000 -0001.000 -0001.000 -0001.000 -0001.000 -0001.000 -0001.000 -0001.000 -0001.000 -0001.000 -0001.000 -0001.000 -0001.000 -0001.000 -0001.000 -0001.000 -0001.000
01160.155 01151.760 01141.160 01144.290 01162.314 01185.459 01216.141 01228.599 01248.496 01270.243 01263.300 00578.502 00474.772 00474.640 00474.399 00473.422 00469.417 00169.257 00159.643 00160.897 00167.695 00177.107 00183.676 00185.102 00184.902 00179.098 00172.991 -0001.000 -0001.000 -0001.000 -0001.000 -0001.000 -0001.000 -0001.000 -0001.000 -0001.000 -0001.000 -0001.000 -0001.000 -0001.000 -0001.000 -0001.000 -0001.000 -0001.000 -0001.000 -0001.000 -0001.000 -0001.000 -0001.000 -0001.000 -0001.000 -0001.000 -0001.000 -0001.000 -0001.000 -0001.000 -0001.000 -0001.000 -0001.000 -0001.000
01153.361 01141.853 01156.687 01175.659 01207.296 01230.101 01239.364 01256.692 01257.028 01259.222 01120.725 00478.938 00474.903 00474.870 00474.403 00473.336 00470.302 00424.450 00166.226 00154.156 00161.418 00167.077 00180.379 00185.170 00185.513 00182.668 00174.559 -0001.000 -0001.000 -0001.000 -0001.000 -0001.000 -0001.000 -0001.000 -0001.000 -0001.000 -0001.000 -0001.000 -0001.000 -0001.000 -0001.000 -0001.000 -0001.000 -0001.000 -0001.000 -0001.000 -0001.000 -0001.000 -0001.000 -0001.000 -0001.000 -0001.000 -0001.000 -0001.000 -0001.000 -0001.000 -0001.000 -0001.000 -0001.000 -0001.000
01144.875 01167.624 01197.837 01218.935 01242.852 01253.644 01262.020 01258.352 01255.731 00930.218 00573.172 00474.758 00474.974 00475.002 00474.430 00473.517 00471.017 00467.667 00171.704 00161.119 00152.848 00160.919 00171.884 00182.922 00184.999 00185.366 00173.641 -0001.000 -0001.000 -0001.000 -0001.000 -0001.000 -0001.000 -0001.000 -0001.000 -0001.000 -0001.000 -0001.000 -0001.000 -0001.000 -0001.000 -0001.000 -0001.000 -0001.000 -0001.000 -0001.000 -0001.000 -0001.000 -0001.000 -0001.000 -0001.000 -0001.000 -0001.000 -0001.000 -0001.000 -0001.000 -0001.000 -0001.000 -0001.000 -0001.000
01180.458 01212.743 01228.298 01246.528 01265.595 01270.417 01260.390 01258.906 01257.760 00882.529 00523.955 00474.033 00475.179 00475.087 00474.411 00473.478 00471.294 00468.510 00451.347 00168.339 00161.004 00152.579 00162.585 00173.339 00181.745 00185.065 00172.143 -0001.000 -0001.000 -0001.000 -0001.000 -0001.000 -0001.000 -0001.000 -0001.000 -0001.000 -0001.000 -0001.000 -0001.000 -0001.000 -0001.000 -0001.000 -0001.000 -0001.000 -0001.000 -0001.000 -0001.000 -0001.000 -0001.000 -0001.000 -0001.000 -0001.000 -0001.000 -0001.000 -0001.000 -0001.000 -0001.000 -0001.000 -0001.000 -0001.000
01220.751 01242.456 01255.263 01269.800 01268.527 01269.781 01264.469 00835.939 00493.049 00746.242 00474.246 00474.311 00475.404 00475.137 00474.347 00473.246 00471.532 00468.748 00466.497 00429.724 00168.071 00159.537 00159.953 00165.128 00179.000 00184.262 00169.530 -0001.000 -0001.000 -0001.000 -0001.000 -0001.000 -0001.000 -0001.000 -0001.000 -0001.000 -0001.000 -0001.000 -0001.000 -0001.000 -0001.000 -0001.000 -0001.000 -0001.000 -0001.000 -0001.000 -0001.000 -0001.000 -0001.000 -0001.000 -0001.000 -0001.000 -0001.000 -0001.000 -0001.000 -0001.000 -0001.000 -0001.000 -0001.000 -0001.000
01259.835 01268.638 01267.426 01266.433 01266.909 01267.323 01264.864 00786.376 00473.521 00494.083 00474.129 00474.602 00475.016 00474.939 00479.931 00473.169 00475.809 00468.622 00469.996 00465.365 00428.850 00164.738 00154.632 00160.299 00181.628 00183.969 00166.151 -0001.000 -0001.000 -0001.000 -0001.000 -0001.000 -0001.000 -0001.000 -0001.000 -0001.000 -0001.000 -0001.000 -0001.000 -0001.000 -0001.000 -0001.000 -0001.000 -0001.000 -0001.000 -0001.000 -0001.000 -0001.000 -0001.000 -0001.000 -0001.000 -0001.000 -0001.000 -0001.000 -0001.000 -0001.000 -0001.000 -0001.000 -0001.000 -0001.000
01271.103 01264.742 01265.997 01266.696 01266.835 00825.047 00474.645 00633.045 00473.607 00473.645 00473.783 00474.728 00475.042 00476.580 00491.051 00480.019 00485.079 00473.942 00474.082 00474.000 00469.389 00168.979 00159.205 00160.188 00181.835 00178.918 -0001.000 -0001.000 -0001.000 -0001.000 -0001.000 -0001.000 -0001.000 -0001.000 -0001.000 -0001.000 -0001.000 -0001.000 -0001.000 -0001.000 -0001.000 -0001.000 -0001.000 -0001.000 -0001.000 -0001.000 -0001.000 -0001.000 -0001.000 -0001.000 -0001.000 -0001.000 -0001.000 -0001.000 -0001.000 -0001.000 -0001.000 -0001.000 -0001.000 -0001.000
01264.386 01263.825 01267.613 01268.250 00556.512 00690.831 00474.361 00473.811 00473.636 00473.684 00474.033 00474.685 00475.018 00485.301 00494.900 00489.692 00477.637 00478.379 00468.918 00473.443 00469.654 00445.512 00162.201 00160.031 00177.225 00178.700 00167.494 -0001.000 -0001.000 -0001.000 -0001.000 -0001.000 -0001.000 -0001.000 -0001.000 -0001.000 -0001.000 -0001.000 -0001.000 -0001.000 -0001.000 -0001.000 -0001.000 -0001.000 -0001.000 -0001.000 -0001.000 -0001.000 -0001.000 -0001.000 -0001.000 -0001.000 -0001.000 -0001.000 -0001.000 -0001.000 -0001.000 -0001.000 -0001.000 -0001.000
01266.683 01261.963 01257.346 00748.668 00506.787 00514.355 00488.843 00474.188 00474.361 00473.732 00474.197 00474.752 00474.545 00494.811 00494.101 00491.510 00485.114 00480.941 00474.948 00472.917 00470.016 00462.675 00162.488 00159.795 00169.208 00176.307 00177.325 00173.845 -0001.000 -0001.000 -0001.000 -0001.000 -0001.000 -0001.000 -0001.000 -0001.000 -0001.000 -0001.000 -0001.000 -0001.000 -0001.000 -0001.000 -0001.000 -0001.000 -0001.000 -0001.000 -0001.000 -0001.000 -0001.000 -0001.000 -0001.000 -0001.000 -0001.000 -0001.000 -0001.000 -0001.000 -0001.000 -0001.000 -0001.000 -0001.000
00806.505 00599.061 00695.929 00597.931 00505.323 00508.195 00502.473 00476.457 00475.325 00474.318 00474.682 00475.197 00480.223 00495.803 00493.035 00489.217 00486.797 00477.298 00475.124 00473.808 00471.564 00456.997 00159.558 00159.487 00164.871 00171.883 00176.026 00176.712 00173.869 -0001.000 -0001.000 -0001.000 -0001.000 -0001.000 -0001.000 -0001.000 -0001.000 -0001.000 -0001.000 -0001.000 -0001.000 -0001.000 -0001.000 -0001.000 -0001.000 -0001.000 -0001.000 -0001.000 -0001.000 -0001.000 -0001.000 -0001.000 -0001.000 -0001.000 -0001.000 -0001.000 -0001.000 -0001.000 -0001.000 -0001.000
00558.111 00501.720 00513.998 00505.190 00505.147 00509.319 00507.219 00491.899 00478.083 00475.445 00488.187 00480.731 00496.138 00493.572 00492.518 00490.235 00485.639 00480.674 00477.019 00474.918 00472.516 00432.103 00157.720 00153.391 00161.418 00165.799 00172.420 00177.317 00175.654 00168.250 -0001.000 -0001.000 -0001.000 -0001.000 -0001.000 -0001.000 -0001.000 -0001.000 -0001.000 -0001.000 -0001.000 -0001.000 -0001.000 -0001.000 -0001.000 -0001.000 -0001.000 -0001.000 -0001.000 -0001.000 -0001.000 -0001.000 -0001.000 -0001.000 -0001.000 -0001.000 -0001.000 -0001.000 -0001.000 -0001.000
00832.829 00502.715 00503.372 00505.826 00508.244 00511.841 00510.289 00507.110 00498.617 00489.262 00493.440 00494.423 00494.739 00494.654 00493.401 00489.166 00483.919 00481.441 00478.542 00475.656 00472.090 00169.042 00156.563 00143.963 00156.647 00161.771 00168.213 00174.319 00177.060 00174.263 -0001.000 -0001.000 -0001.000 -0001.000 -0001.000 -0001.000 -0001.000 -0001.000 -0001.000 -0001.000 -0001.000 -0001.000 -0001.000 -0001.000 -0001.000 -0001.000 -0001.000 -0001.000 -0001.000 -0001.000 -0001.000 -0001.000 -0001.000 -0001.000 -0001.000 -0001.000 -0001.000 -0001.000 -0001.000 -0001.000
00629.733 00499.420 00502.434 00506.395 00509.824 00512.331 00511.865 00508.303 00500.845 00498.445 00497.601 00494.392 00492.619 00492.981 00491.849 00489.262 00485.139 00482.083 00477.568 00454.656 00169.820 00156.168 00089.792 00152.802 00155.801 00160.099 00165.411 00172.591 00177.974 00175.052 00166.996 -0001.000 -0001.000 -0001.000 -0001.000 -0001.000 -0001.000 -0001.000 -0001.000 -0001.000 -0001.000 -0001.000 -0001.000 -0001.000 -0001.000 -0001.000 -0001.000 -0001.000 -0001.000 -0001.000 -0001.000 -0001.000 -0001.000 -0001.000 -0001.000 -0001.000 -0001.000 -0001.000 -0001.000 -0001.000
00497.199 00499.120 00501.289 00506.855 00510.473 00513.752 00512.389 00505.936 00500.932 00496.398 00497.346 00493.543 00493.251 00492.020 00491.705 00488.471 00484.158 00482.326 00171.625 00158.071 00153.181 00126.304 00148.209 00155.417 00159.132 00162.557 00168.102 00173.015 00176.800 00175.899 00171.138 -0001.000 -0001.000 -0001.000 -0001.000 -0001.000 -0001.000 -0001.000 -0001.000 -0001.000 -0001.000 -0001.000 -0001.000 -0001.000 -0001.000 -0001.000 -0001.000 -0001.000 -0001.000 -0001.000 -0001.000 -0001.000 -0001.000 -0001.000 -0001.000 -0001.000 -0001.000 -0001.000 -0001.000 -0001.000
00498.215 00498.924 00502.764 00507.924 00511.792 00513.227 00511.677 00508.637 00496.407 00495.119 00492.730 00493.077 00492.928 00492.493 00489.977 00490.626 00486.925 00172.092 00158.953 00152.829 00152.560 00156.701 00156.965 00158.445 00161.870 00166.490 00171.520 00175.122 00177.346 00175.455 00171.366 -0001.000 -0001.000 -0001.000 -0001.000 -0001.000 -0001.000 -0001.000 -0001.000 -0001.000 -0001.000 -0001.000 -0001.000 -0001.000 -0001.000 -0001.000 -0001.000 -0001.000 -0001.000 -0001.000 -0001.000 -0001.000 -0001.000 -0001.000 -0001.000 -0001.000 -0001.000 -0001.000 -0001.000 -0001.000
00499.365 00500.264 00503.616 00508.866 00512.822 00513.798 00511.762 00502.921 00496.774 00494.015 00494.755 00494.078 00494.282 00493.146 00491.137 00456.368 00174.553 00164.385 00158.598 00154.821 00128.402 00155.891 00161.756 00166.694 00165.913 00171.140 00174.130 00177.091 00176.461 00174.687 00167.513 -0001.000 -0001.000 -0001.000 -0001.000 -0001.000 -0001.000 -0001.000 -0001.000 -0001.000 -0001.000 -0001.000 -0001.000 -0001.000 -0001.000 -0001.000 -0001.000 -0001.000 -0001.000 -0001.000 -0001.000 -0001.000 -0001.000 -0001.000 -0001.000 -0001.000 -0001.000 -0001.000 -0001.000 -0001.000
00500.120 00501.709 00504.568 00510.551 00513.623 00512.604 00510.129 00503.793 00494.379 00492.569 00495.818 00498.568 00496.091 00495.442 00392.840 00176.570 00169.080 00162.114 00158.413 00155.220 00152.261 00152.769 00159.468 00166.987 00173.630 00175.027 00176.748 00176.682 00175.348 00173.152 -0001.000 -0001.000 -0001.000 -0001.000 -0001.000 -0001.000 -0001.000 -0001.000 -0001.000 01183.562 01170.483 01161.182 01154.976 01150.260 -0001.000 -0001.000 -0001.000 -0001.000 -0001.000 -0001.000 -0001.000 -0001.000 -0001.000 -0001.000 -0001.000 -0001.000 -0001.000 -0001.000 -0001.000 -0001.000
00500.582 00503.658 00508.315 00511.634 00513.342 00512.061 00507.861 00502.533 00496.488 00495.032 00496.328 00498.049 00499.189 00500.730 00178.704 00175.177 00168.677 00161.546 00158.330 00156.068 00152.591 00150.086 00157.694 00163.182 00171.094 00176.373 00175.812 00175.649 00174.067 00166.149 -0001.000 -0001.000 -0001.000 -0001.000 -0001.000 -0001.000 -0001.000 01186.410 01206.084 01215.699 01201.986 01193.428 01181.717 01174.622 01161.443 01148.195 -0001.000 -0001.000 -0001.000 -0001.000 -0001.000 -0001.000 -0001.000 -0001.000 -0001.000 -0001.000 -0001.000 -0001.000 -0001.000 -0001.000
00502.251 00506.196 00509.586 00514.569 00512.465 00511.012 00507.514 00502.665 00498.401 00488.907 00491.720 00474.046 00178.966 00176.733 00175.231 00173.981 00168.363 00161.772 00158.343 00155.500 00152.083 00150.359 00157.607 00162.861 00170.345 00174.479 00176.652 00174.597 00167.236 -0001.000 -0001.000 -0001.000 -0001.000 -0001.000 -0001.000 -0001.000 01170.550 01225.558 01217.253 01217.582 01218.616 01217.783 01202.891 01190.948 01177.623 01162.472 -0001.000 -0001.000 -0001.000 -0001.000 -0001.000 -0001.000 -0001.000 -0001.000 -0001.000 -0001.000 -0001.000 -0001.000 -0001.000 -0001.000
00505.439 00510.420 00513.874 00515.994 00513.215 00513.978 00506.249 00506.136 00500.896 00481.040 00178.857 00176.046 00175.226 00174.802 00171.566 00167.378 00164.181 00161.336 00158.353 00153.358 00148.641 00152.484 00157.821 00162.882 00170.680 00175.233 00176.594 00174.693 -0001.000 -0001.000 -0001.000 -0001.000 -0001.000 -0001.000 -0001.000 -0001.000 00672.236 01205.507 01175.256 01199.050 01211.015 01212.017 01212.798 01204.873 01189.999 01175.766 01152.019 -0001.000 -0001.000 -0001.000 -0001.000 -0001.000 -0001.000 -0001.000 -0001.000 -0001.000 -0001.000 -0001.000 -0001.000 -0001.000
00508.071 00513.729 00519.014 00515.901 00516.049 00508.002 00508.141 00502.569 00182.438 00179.247 00176.333 00172.921 00169.357 00167.141 00165.253 00162.650 00159.989 00158.575 00157.129 00152.156 00109.834 00154.514 00159.984 00165.293 00171.427 00176.204 00176.032 00169.275 -0001.000 -0001.000 -0001.000 -0001.000 -0001.000 -0001.000 00169.182 00171.941 00204.114 00999.863 01160.431 01177.775 01194.236 01210.369 01210.279 01212.367 01199.254 01139.550 01149.957 -0001.000 -0001.000 -0001.000 -0001.000 -0001.000 -0001.000 -0001.000 -0001.000 -0001.000 -0001.000 -0001.000 -0001.000 -0001.000
00513.390 00517.354 00509.716 00503.993 00504.181 00185.807 00184.311 00181.734 00179.248 00177.461 00171.167 00166.722 00163.612 00161.114 00159.782 00158.872 00157.506 00156.229 00153.315 00147.345 00144.851 00156.118 00162.579 00170.671 00174.589 00177.813 00173.912 -0001.000 -0001.000 00177.706 00177.725 00177.849 00176.440 00169.848 00169.510 00168.986 00834.817 01114.193 01147.796 01166.913 01181.103 01199.556 01210.413 01212.969 01213.092 01194.693 00763.810 -0001.000 -0001.000 -0001.000 -0001.000 -0001.000 -0001.000 -0001.000 -0001.000 -0001.000 -0001.000 -0001.000 -0001.000 -0001.000
