data/trial2/ashley.toa
NCOLS 382
NROWS 266
XLLCORNER 157819.328125
YLLCORNER 384678.625000
CELLSIZE 30.000000
NODATA_VALUE -1
[rows 182 to 207 of 266, columns 300 to 359 of 382]
00016.999 00017.183 00017.203 00017.171 00017.165 00017.162 00017.253 00017.437 00017.618 00017.810 00018.008 00018.205 00018.389 00018.563 00018.747 00018.940 00018.953 00018.941 00018.929 00018.949 00018.922 00018.907 00018.904 00018.980 00019.081 00019.422 00019.759 00020.197 00020.731 00021.233 00023.616 00035.599 00038.629 00038.145 00034.309 00024.468 00022.538 00020.954 00020.263 00020.334 00020.403 00020.470 00020.525 00020.698 00020.996 00021.329 00021.634 00021.964 00032.047 00032.336 00032.474 00032.626 00032.782 00032.952 00033.102 00033.257 00033.420 00033.576 00033.716 00033.854
00017.068 00017.176 00017.145 00017.138 00017.137 00017.224 00017.402 00017.575 00017.770 00017.853 00017.998 00018.184 00018.365 00018.545 00018.755 00018.756 00018.748 00018.739 00018.737 00018.758 00018.748 00018.746 00018.797 00018.870 00019.102 00019.450 00020.395 00021.633 00024.678 00034.833 00037.543 00036.961 00034.980 00024.339 00022.020 00020.285 00020.048 00020.053 00020.112 00020.206 00020.296 00020.390 00020.508 00020.757 00021.194 00021.517 00021.865 00022.445 00032.247 00032.334 00032.506 00032.665 00032.842 00033.011 00033.159 00033.317 00033.481 00033.629 00033.770 00033.911
00017.043 00017.088 00017.097 00017.120 00017.217 00017.397 00017.603 00017.640 00017.717 00017.854 00017.992 00018.164 00018.340 00018.591 00018.584 00018.556 00018.550 00018.545 00018.606 00018.601 00018.615 00018.632 00018.720 00018.820 00019.159 00021.451 00034.130 00036.950 00036.124 00034.876 00032.893 00023.487 00022.183 00020.539 00019.946 00019.897 00019.912 00019.937 00019.995 00020.114 00020.223 00020.304 00020.527 00021.017 00021.373 00021.736 00022.191 00032.086 00032.187 00032.369 00032.543 00032.723 00032.897 00033.065 00033.216 00033.373 00033.533 00033.683 00033.826 00033.967
00017.006 00017.050 00017.105 00017.175 00017.390 00017.461 00017.509 00017.599 00017.724 00017.855 00017.987 00018.196 00018.400 00018.452 00018.367 00018.373 00018.381 00018.425 00018.466 00018.496 00018.524 00018.573 00018.658 00018.822 00019.975 00024.114 00034.875 00033.376 00024.569 00022.350 00021.098 00020.351 00019.970 00019.782 00019.756 00019.771 00019.788 00019.812 00019.896 00020.038 00020.142 00020.355 00020.710 00021.201 00021.586 00021.944 00022.412 00032.001 00032.214 00032.407 00032.588 00032.779 00032.965 00033.125 00033.272 00033.423 00033.587 00033.747 00033.915 00034.091
00017.039 00017.094 00017.142 00017.242 00017.294 00017.364 00017.486 00017.608 00017.740 00017.909 00018.050 00018.179 00018.314 00018.226 00018.204 00018.230 00018.246 00018.340 00018.376 00018.413 00018.446 00018.517 00018.629 00018.847 00021.697 00032.301 00023.308 00021.360 00020.221 00019.776 00019.568 00019.434 00019.431 00019.484 00019.575 00019.619 00019.680 00019.753 00019.838 00019.954 00020.166 00020.457 00021.010 00021.386 00021.739 00022.080 00022.493 00032.005 00032.257 00032.449 00032.652 00032.846 00033.031 00033.183 00033.319 00033.496 00033.687 00033.863 00033.984 00034.122
00017.105 00017.155 00017.206 00017.246 00017.313 00017.367 00017.532 00017.680 00017.785 00017.895 00018.005 00018.114 00018.139 00018.056 00018.089 00018.121 00018.197 00018.260 00018.300 00018.338 00018.376 00018.437 00018.600 00019.805 00021.972 00020.771 00019.766 00019.082 00019.071 00019.128 00019.183 00019.280 00019.333 00019.381 00019.443 00019.514 00019.587 00019.676 00019.771 00019.961 00020.224 00020.741 00021.224 00021.546 00021.881 00022.310 00022.872 00032.069 00032.314 00032.522 00032.722 00032.918 00033.095 00033.263 00033.439 00033.613 00033.761 00033.892 00034.027 00034.193
00017.209 00017.257 00017.300 00017.341 00017.380 00017.478 00017.554 00017.643 00017.743 00017.866 00017.937 00017.998 00017.990 00017.955 00018.005 00018.030 00018.143 00018.180 00018.252 00018.278 00018.334 00018.379 00018.435 00019.685 00019.074 00018.967 00018.942 00018.967 00018.999 00019.040 00019.097 00019.160 00019.224 00019.283 00019.346 00019.410 00019.477 00019.599 00019.791 00020.028 00020.535 00021.100 00021.432 00021.759 00022.119 00022.650 00023.234 00032.169 00032.388 00032.593 00032.805 00033.033 00033.217 00033.391 00033.513 00033.660 00033.797 00033.940 00034.094 00034.274
00017.259 00017.304 00017.346 00017.384 00017.421 00017.466 00017.505 00017.608 00017.701 00017.762 00017.830 00017.919 00017.894 00017.947 00017.989 00018.051 00018.116 00018.178 00018.229 00018.272 00018.325 00018.368 00018.451 00018.681 00018.783 00018.835 00018.876 00018.901 00018.954 00018.980 00018.997 00019.074 00019.122 00019.187 00019.260 00019.359 00019.467 00019.619 00019.875 00020.322 00021.001 00021.336 00021.639 00021.934 00022.357 00022.832 00023.432 00032.249 00032.476 00032.720 00032.967 00033.168 00033.274 00033.415 00033.562 00033.707 00033.852 00033.996 00034.180 00034.377
00017.304 00017.343 00017.381 00017.420 00017.464 00017.513 00017.570 00017.623 00017.680 00017.751 00017.804 00017.863 00017.919 00017.960 00018.010 00018.069 00018.129 00018.182 00018.236 00018.287 00018.355 00018.435 00018.628 00018.730 00018.775 00018.809 00018.854 00018.892 00018.932 00018.963 00018.995 00019.042 00019.107 00019.189 00019.252 00019.350 00019.519 00019.722 00020.072 00020.753 00021.218 00021.496 00021.771 00022.063 00022.484 00023.026 00032.086 00032.359 00032.620 00032.878 00033.034 00033.170 00033.316 00033.465 00033.613 00033.766 00033.921 00034.087 00034.275 00034.469
00017.338 00017.380 00017.423 00017.470 00017.525 00017.578 00017.633 00017.694 00017.748 00017.791 00017.847 00017.890 00017.934 00017.982 00018.033 00018.096 00018.147 00018.209 00018.269 00018.349 00018.458 00018.599 00018.670 00018.728 00018.769 00018.815 00018.856 00018.894 00018.933 00018.967 00019.002 00019.070 00019.146 00019.229 00019.305 00019.426 00019.588 00019.861 00020.484 00021.091 00021.362 00021.603 00021.858 00022.180 00022.675 00023.284 00032.222 00032.499 00032.682 00032.859 00033.053 00033.211 00033.367 00033.522 00033.685 00033.845 00033.995 00034.176 00034.362 00034.549
00017.390 00017.433 00017.482 00017.533 00017.587 00017.643 00017.693 00017.735 00017.777 00017.825 00017.865 00017.911 00017.958 00018.006 00018.068 00018.124 00018.181 00018.250 00018.350 00018.495 00018.550 00018.610 00018.677 00018.726 00018.776 00018.823 00018.864 00018.907 00018.944 00018.982 00019.035 00019.121 00019.217 00019.303 00019.371 00019.471 00019.735 00020.237 00020.904 00021.219 00021.454 00021.706 00021.991 00022.427 00022.922 00032.031 00032.292 00032.470 00032.654 00032.897 00033.095 00033.260 00033.427 00033.600 00033.764 00033.920 00034.084 00034.263 00034.449 00034.665
00017.451 00017.496 00017.544 00017.596 00017.644 00017.685 00017.723 00017.767 00017.807 00017.845 00017.894 00017.936 00017.986 00018.042 00018.099 00018.158 00018.241 00018.363 00018.443 00018.503 00018.557 00018.628 00018.682 00018.736 00018.789 00018.836 00018.881 00018.923 00018.961 00019.013 00019.096 00019.197 00019.273 00019.337 00019.407 00019.616 00020.016 00020.634 00021.070 00021.340 00021.616 00021.904 00022.265 00022.657 00023.226 00032.045 00032.255 00032.457 00032.711 00032.950 00033.149 00033.323 00033.496 00033.669 00033.841 00033.995 00034.187 00034.389 00034.595 00034.800
00017.516 00017.559 00017.603 00017.645 00017.685 00017.723 00017.761 00017.795 00017.841 00017.882 00017.928 00017.971 00018.016 00018.074 00018.149 00018.234 00018.325 00018.394 00018.455 00018.517 00018.586 00018.640 00018.699 00018.754 00018.806 00018.855 00018.899 00018.945 00018.998 00019.077 00019.163 00019.240 00019.314 00019.385 00019.514 00019.860 00020.402 00020.940 00021.248 00021.522 00021.817 00022.140 00022.544 00023.052 00023.499 00023.993 00032.266 00032.521 00032.776 00033.024 00033.211 00033.387 00033.563 00033.753 00033.939 00034.130 00034.331 00034.551 00034.775 00034.997
00017.580 00017.619 00017.657 00017.693 00017.730 00017.767 00017.806 00017.843 00017.883 00017.923 00017.960 00018.002 00018.072 00018.141 00018.217 00018.287 00018.353 00018.410 00018.487 00018.551 00018.610 00018.669 00018.724 00018.776 00018.826 00018.877 00018.937 00018.995 00019.070 00019.153 00019.231 00019.298 00019.360 00019.481 00019.721 00020.203 00020.774 00021.155 00021.442 00021.722 00022.020 00022.460 00022.942 00023.374 00023.852 00032.046 00032.338 00032.588 00032.853 00033.092 00033.306 00033.505 00033.689 00033.880 00034.082 00034.315 00034.531 00034.719 00034.911 00035.095
00017.642 00017.678 00017.713 00017.748 00017.784 00017.820 00017.855 00017.893 00017.932 00017.972 00018.020 00018.076 00018.138 00018.200 00018.261 00018.320 00018.396 00018.468 00018.529 00018.588 00018.644 00018.697 00018.747 00018.808 00018.869 00018.929 00018.989 00019.080 00019.168 00019.249 00019.319 00019.389 00019.476 00019.697 00019.976 00020.561 00021.042 00021.363 00021.647 00021.944 00022.386 00022.903 00023.397 00023.909 00024.659 00032.212 00032.516 00032.828 00033.105 00033.293 00033.471 00033.635 00033.805 00034.003 00034.230 00034.422 00034.616 00034.818 00035.009 00035.183
00017.712 00017.747 00017.782 00017.816 00017.851 00017.886 00017.922 00017.957 00017.994 00018.043 00018.096 00018.150 00018.207 00018.267 00018.333 00018.396 00018.457 00018.514 00018.568 00018.629 00018.688 00018.747 00018.806 00018.863 00018.922 00018.982 00019.098 00019.224 00019.320 00019.392 00019.454 00019.520 00019.633 00019.804 00020.303 00020.900 00021.292 00021.598 00021.906 00022.340 00022.879 00023.428 00024.023 00024.897 00032.290 00032.576 00032.879 00033.118 00033.283 00033.439 00033.588 00033.732 00033.890 00034.087 00034.305 00034.499 00034.701 00034.896 00035.082 00035.278
00017.782 00017.817 00017.852 00017.887 00017.921 00017.956 00017.991 00018.037 00018.087 00018.138 00018.189 00018.243 00018.298 00018.354 00018.412 00018.470 00018.528 00018.585 00018.641 00018.697 00018.753 00018.810 00018.868 00018.929 00018.991 00019.119 00019.257 00019.378 00019.474 00019.540 00019.594 00019.657 00019.808 00020.203 00020.824 00021.255 00021.598 00021.951 00022.416 00023.034 00023.556 00024.310 00032.166 00032.448 00032.724 00032.976 00033.136 00033.279 00033.422 00033.560 00033.693 00033.825 00033.960 00034.170 00034.376 00034.575 00034.773 00034.972 00035.161 00035.357
00017.858 00017.892 00017.926 00017.960 00017.995 00018.041 00018.090 00018.140 00018.191 00018.241 00018.292 00018.343 00018.395 00018.448 00018.501 00018.555 00018.609 00018.662 00018.716 00018.770 00018.827 00018.885 00018.944 00019.005 00019.142 00019.284 00019.430 00019.562 00019.688 00019.801 00019.897 00019.979 00020.262 00020.785 00021.233 00021.602 00021.979 00022.493 00023.140 00023.670 00024.822 00032.383 00032.709 00032.990 00033.127 00033.234 00033.335 00033.433 00033.539 00033.668 00033.803 00033.935 00034.112 00034.319 00034.513 00034.706 00034.900 00035.079 00035.248 00035.453
00017.936 00017.970 00018.005 00018.053 00018.102 00018.151 00018.200 00018.249 00018.298 00018.347 00018.397 00018.448 00018.499 00018.551 00018.603 00018.656 00018.710 00018.764 00018.819 00018.872 00018.927 00018.982 00019.080 00019.201 00019.328 00019.460 00019.601 00019.746 00019.880 00020.011 00020.187 00020.439 00020.899 00021.327 00021.726 00021.991 00022.597 00023.181 00023.636 00024.440 00032.360 00032.796 00033.111 00033.232 00033.332 00033.421 00033.507 00033.597 00033.694 00033.800 00033.912 00034.067 00034.274 00034.474 00034.669 00034.860 00035.041 00035.200 00035.364 00035.600
00018.023 00018.070 00018.118 00018.166 00018.214 00018.263 00018.311 00018.360 00018.410 00018.459 00018.509 00018.558 00018.608 00018.657 00018.708 00018.762 00018.815 00018.869 00018.922 00018.977 00019.066 00019.181 00019.301 00019.425 00019.555 00019.691 00019.836 00019.991 00020.153 00020.336 00020.551 00020.832 00021.160 00021.586 00022.142 00022.748 00023.269 00023.736 00024.080 00032.221 00032.655 00033.031 00033.206 00033.352 00033.490 00033.614 00033.686 00033.760 00033.864 00033.967 00034.117 00034.290 00034.467 00034.649 00034.844 00035.029 00035.178 00035.313 00035.469 00035.704
00018.142 00018.186 00018.232 00018.280 00018.329 00018.378 00018.427 00018.475 00018.525 00018.574 00018.624 00018.674 00018.723 00018.773 00018.824 00018.874 00018.925 00018.977 00019.061 00019.175 00019.291 00019.410 00019.533 00019.661 00019.794 00019.933 00020.081 00020.238 00020.417 00020.618 00020.857 00021.146 00021.541 00022.088 00022.640 00023.008 00023.395 00023.875 00032.137 00032.557 00032.985 00033.170 00033.309 00033.440 00033.561 00033.689 00033.816 00033.960 00034.099 00034.227 00034.401 00034.578 00034.764 00034.938 00035.074 00035.183 00035.312 00035.450 00035.599 00035.781
00018.265 00018.310 00018.355 00018.400 00018.446 00018.493 00018.543 00018.593 00018.643 00018.693 00018.742 00018.792 00018.842 00018.892 00018.943 00018.994 00019.090 00019.194 00019.301 00019.409 00019.524 00019.649 00019.778 00019.912 00020.048 00020.189 00020.340 00020.499 00020.672 00020.888 00021.160 00021.534 00032.068 00023.864 00023.660 00023.686 00023.774 00024.111 00032.365 00032.876 00033.131 00033.275 00033.416 00033.547 00033.670 00033.784 00033.896 00034.020 00034.217 00034.436 00034.564 00034.692 00034.924 00035.097 00035.252 00035.421 00035.517 00035.606 00035.766 00035.975
00018.387 00018.433 00018.479 00018.525 00018.571 00018.619 00018.667 00018.716 00018.765 00018.815 00018.865 00018.915 00018.965 00019.031 00019.131 00019.233 00019.339 00019.448 00019.559 00019.671 00019.787 00019.907 00020.037 00020.173 00020.315 00020.467 00020.629 00020.809 00021.011 00021.231 00021.523 00032.033 00032.530 00032.927 00032.734 00032.487 00032.595 00032.722 00032.860 00033.052 00033.191 00033.321 00033.455 00033.596 00033.730 00033.847 00033.949 00034.056 00034.156 00034.296 00034.549 00034.791 00034.989 00035.149 00035.304 00035.467 00035.633 00035.827 00036.054 00036.386
00018.510 00018.558 00018.606 00018.651 00018.698 00018.746 00018.794 00018.843 00018.893 00018.942 00018.991 00019.077 00019.180 00019.282 00019.386 00019.492 00019.599 00019.708 00019.826 00019.947 00020.069 00020.189 00020.315 00020.447 00020.603 00020.775 00020.963 00021.167 00021.405 00021.722 00032.147 00032.496 00032.873 00033.097 00033.234 00033.203 00033.152 00033.204 00033.263 00033.320 00033.373 00033.434 00033.490 00033.598 00033.721 00033.826 00033.906 00033.988 00034.201 00034.429 00034.663 00034.887 00035.062 00035.220 00035.382 00035.533 00035.682 00035.862 00036.049 00036.246
00018.636 00018.683 00018.730 00018.778 00018.826 00018.873 00018.923 00018.974 00019.051 00019.153 00019.250 00019.346 00019.440 00019.546 00019.654 00019.764 00019.877 00019.994 00020.108 00020.227 00020.353 00020.486 00020.626 00020.778 00020.943 00021.134 00021.359 00021.634 00032.004 00032.392 00032.704 00032.987 00033.107 00033.191 00033.295 00033.413 00033.437 00033.487 00033.533 00033.578 00033.628 00033.679 00033.728 00033.782 00033.865 00033.960 00034.068 00034.211 00034.368 00034.551 00034.780 00034.980 00035.144 00035.306 00035.459 00035.587 00035.725 00035.890 00036.046 00036.197
00018.762 00018.811 00018.859 00018.907 00018.955 00019.007 00019.108 00019.209 00019.311 00019.420 00019.531 00019.633 00019.730 00019.829 00019.936 00020.052 00020.165 00020.281 00020.403 00020.531 00020.668 00020.822 00020.996 00021.173 00021.368 00021.599 00021.974 00032.337 00032.643 00032.919 00033.077 00033.168 00033.248 00033.326 00033.410 00033.499 00033.590 00033.680 00033.766 00033.803 00033.846 00033.895 00033.952 00034.026 00034.127 00034.225 00034.346 00034.471 00034.606 00034.766 00034.940 00035.107 00035.263 00035.415 00035.545 00035.668 00035.811 00035.976 00036.147 00036.318
