data/trial8/ashley.fli
NCOLS 382
NROWS 266
XLLCORNER 157819.328125
YLLCORNER 384678.625000
CELLSIZE 30.000000
NODATA_VALUE -1
[rows 182 to 207 of 266, columns 180 to 239 of 382]
00042.388 00044.546 00046.201 00047.402 00048.353 00049.132 00049.793 00050.426 00051.176 00051.728 00052.143 00052.495 00052.873 00053.213 00053.701 00054.198 00054.649 00055.127 00055.110 00054.928 00055.630 00056.117 00056.120 00055.676 00055.898 00056.181 00056.083 00056.387 00056.996 00057.731 00058.458 00042.203 00041.330 00042.385 00042.958 00044.552 00045.826 00045.333 00044.303 00042.714 00038.748 00039.046 00039.432 00039.075 00040.741 00039.607 00039.979 00034.636 00022.528 00017.064 00015.807 00016.766 00017.212 00017.510 00016.068 00014.641 00013.033 00011.532 00010.306 00006.014
00043.905 00044.611 00045.461 00046.273 00046.568 00047.196 00047.862 00048.518 00049.199 00049.841 00050.310 00050.634 00051.043 00051.509 00051.912 00052.151 00052.422 00052.809 00052.853 00052.478 00052.697 00053.321 00053.737 00054.141 00054.234 00054.623 00055.195 00055.184 00053.722 00040.760 00041.987 00042.445 00041.870 00042.227 00042.844 00044.494 00045.607 00046.083 00046.093 00046.060 00046.273 00045.810 00043.359 00042.529 00041.928 00042.716 00034.356 00019.890 00018.576 00018.262 00017.922 00014.871 00015.508 00015.201 00013.726 00012.406 00011.085 00010.081 00006.619 00003.896
00040.214 00042.366 00043.297 00044.269 00044.830 00045.340 00045.839 00046.377 00046.964 00047.533 00048.099 00048.639 00049.129 00049.532 00050.096 00050.462 00050.812 00050.759 00051.083 00051.452 00051.884 00052.166 00052.467 00053.171 00053.381 00053.367 00039.133 00039.208 00039.694 00039.890 00040.208 00040.571 00040.783 00041.571 00043.344 00043.570 00043.608 00043.441 00043.858 00043.945 00043.855 00043.484 00043.533 00043.742 00044.737 00033.828 00019.426 00019.565 00019.704 00018.047 00014.786 00014.789 00013.945 00012.435 00011.343 00009.735 00008.872 00005.788 00003.807 00000.102
00037.410 00040.073 00041.000 00041.907 00042.839 00043.730 00044.208 00044.674 00045.124 00045.587 00046.112 00046.606 00047.091 00047.648 00048.182 00048.751 00049.074 00049.222 00049.567 00049.833 00050.134 00050.374 00050.434 00041.497 00037.429 00037.959 00038.203 00037.504 00037.806 00038.536 00038.606 00037.983 00038.746 00038.065 00037.810 00039.037 00039.690 00040.141 00040.188 00040.417 00040.147 00040.076 00040.013 00036.098 00025.567 00018.909 00018.477 00018.162 00016.554 00014.867 00011.943 00011.743 00010.438 00010.312 00017.437 00015.660 00006.525 00002.667 00003.284 00007.861
00011.098 00022.413 00034.785 00037.522 00040.562 00041.461 00042.310 -0001.000 -0001.000 00004.529 00015.686 00038.348 00039.922 00042.050 00044.864 00046.024 00046.556 00047.012 00047.052 00047.750 00038.318 00036.510 00036.546 00035.978 00036.108 00036.481 00036.592 00036.779 00036.741 00037.107 00037.400 00037.100 00036.076 00034.462 00034.767 00035.987 00035.592 00035.800 00036.539 00036.690 00036.602 00033.930 00025.553 00017.967 00017.579 00017.225 00017.108 00015.527 00014.090 00011.955 00010.724 00009.514 00008.600 00011.070 00017.850 00017.086 00002.072 00007.162 00008.152 00008.748
-0001.000 -0001.000 -0001.000 00002.165 00023.406 00036.509 00044.048 -0001.000 -0001.000 -0001.000 -0001.000 00007.951 00033.603 00037.704 00041.604 00043.156 00038.392 00034.154 00034.248 00034.626 00035.006 00035.210 00035.305 00035.841 00035.879 00035.736 00035.716 00035.343 00035.139 00035.147 00035.135 00034.899 00034.700 00033.081 00033.001 00033.849 00033.031 00033.028 00033.495 00029.960 00023.089 00017.167 00016.584 00016.238 00016.224 00015.914 00014.921 00014.124 00012.477 00011.247 00010.126 00009.347 00006.625 00004.554 00019.768 00000.895 00009.091 00011.767 00037.600 00027.880
-0001.000 -0001.000 -0001.000 00009.642 00010.593 00025.092 -0001.000 -0001.000 -0001.000 -0001.000 -0001.000 00019.188 00019.485 00025.594 00027.754 00030.305 00031.729 00032.252 00032.789 00033.064 00033.344 00033.587 00033.745 00034.157 00034.491 00034.523 00034.582 00034.656 00034.922 00035.021 00035.090 00033.833 00033.187 00032.024 00032.506 00032.890 00031.097 00024.045 00016.722 00015.894 00015.508 00015.144 00014.947 00014.594 00014.007 00013.847 00014.096 00013.447 00012.139 00010.906 00009.636 00007.595 00004.720 00001.592 00005.118 00007.757 00007.859 00009.875 00036.620 00039.628
-0001.000 -0001.000 -0001.000 -0001.000 -0001.000 -0001.000 -0001.000 -0001.000 -0001.000 -0001.000 00000.910 00004.462 00021.205 00023.835 00026.540 00029.171 00029.740 00030.414 00031.051 00031.545 00032.149 00032.504 00032.741 00032.904 00033.251 00033.374 00033.310 00033.309 00033.456 00033.843 00033.829 00033.364 00032.333 00031.968 00024.963 00018.056 00015.931 00015.295 00014.824 00014.432 00013.868 00013.338 00012.824 00012.750 00012.816 00012.138 00011.422 00010.651 00010.047 00008.917 00007.789 00004.884 00001.954 00005.851 00006.415 00029.737 00012.005 00009.205 00035.697 00039.025
-0001.000 -0001.000 -0001.000 -0001.000 -0001.000 -0001.000 -0001.000 -0001.000 -0001.000 00008.359 00006.696 00014.768 00018.837 00022.298 00024.185 00026.304 00027.887 00028.782 00029.527 00030.059 00030.297 00030.611 00031.003 00031.427 00031.700 00031.788 00031.884 00032.089 00032.170 00032.339 00032.472 00030.359 00023.491 00015.728 00015.057 00014.513 00014.158 00013.786 00013.067 00012.361 00012.100 00012.073 00011.407 00010.857 00010.395 00009.775 00008.957 00008.194 00007.295 00005.635 00004.176 00002.190 00000.734 00006.745 00018.616 00023.146 00035.568 00023.906 00031.991 00038.459
-0001.000 -0001.000 -0001.000 -0001.000 -0001.000 -0001.000 -0001.000 -0001.000 -0001.000 00002.425 00011.863 00017.320 00018.886 00020.783 00022.790 00024.828 00026.175 00027.085 00027.819 00028.494 00028.928 00029.127 00029.462 00029.843 00029.978 00030.123 00030.373 00030.737 00028.293 00023.390 00018.271 00016.221 00015.365 00014.570 00013.749 00012.836 00012.112 00011.430 00011.360 00011.056 00010.530 00009.746 00009.293 00008.707 00007.799 00007.505 00006.648 00005.359 00004.048 00002.211 00002.878 00006.814 00008.432 00015.974 00035.283 00033.471 00022.951 00027.352 00026.743 00030.713
-0001.000 -0001.000 -0001.000 -0001.000 -0001.000 -0001.000 -0001.000 -0001.000 -0001.000 00008.932 00009.989 00011.210 00015.459 00019.079 00021.144 00022.565 00024.047 00025.135 00026.148 00026.776 00027.348 00027.953 00028.259 00028.579 00026.331 00022.914 00018.990 00015.718 00015.333 00014.939 00014.808 00014.695 00014.354 00013.583 00012.124 00012.086 00010.911 00010.049 00009.269 00008.830 00008.582 00007.976 00007.505 00006.542 00005.572 00004.577 00003.458 00001.786 00003.268 00006.659 00007.786 00008.476 00024.892 00037.762 00039.772 00032.572 00029.565 00028.226 00024.486 00029.596
00003.262 00017.494 00007.256 00020.036 -0001.000 -0001.000 -0001.000 -0001.000 -0001.000 -0001.000 00008.828 00009.915 00010.657 00012.673 00016.081 00018.135 00019.377 00020.291 00020.393 00020.414 00019.095 00017.451 00015.673 00014.890 00014.547 00014.235 00014.047 00013.981 00013.859 00013.583 00013.093 00012.477 00012.048 00012.544 00011.256 00010.227 00009.320 00008.780 00007.771 00007.350 00006.465 00005.582 00004.652 00003.386 00001.853 00001.815 00005.531 00006.666 00007.583 00010.032 00024.925 00028.801 00031.436 00039.983 00042.906 00034.822 00032.464 00017.445 00019.824 00022.291
00016.580 00016.283 00017.245 00015.691 00002.350 -0001.000 -0001.000 -0001.000 -0001.000 -0001.000 -0001.000 00010.262 00009.434 00010.654 00011.249 00011.758 00012.192 00012.441 00012.666 00012.883 00013.086 00013.112 00013.104 00013.093 00012.997 00012.802 00012.546 00012.188 00011.966 00012.048 00012.526 00012.014 00011.197 00010.289 00009.665 00009.231 00008.176 00007.349 00005.771 00018.865 00016.396 00014.674 00010.661 00000.956 00006.652 00008.163 00008.077 00017.645 00025.921 00028.145 00029.194 00030.404 00035.068 00040.993 00043.424 00033.863 00029.448 00015.687 00012.239 00012.729
00016.191 00016.568 00016.755 00016.149 00001.193 00009.753 00003.290 00002.894 -0001.000 -0001.000 -0001.000 -0001.000 00000.932 00009.025 00009.504 00009.999 00010.588 00010.903 00011.183 00011.245 00011.302 00011.263 00011.215 00011.193 00011.224 00011.814 00012.033 00011.713 00011.224 00010.697 00010.051 00009.594 00009.242 00008.184 00007.613 00007.078 00006.416 00015.145 00018.101 00009.046 00006.407 00003.722 00006.097 00010.285 00021.083 00026.521 00026.945 00027.153 00028.018 00029.243 00030.098 00031.469 00037.664 00042.480 00035.493 00036.117 00038.770 00019.191 00011.633 00012.571
00016.476 00016.521 00016.551 00007.577 00012.517 00011.957 00006.201 00005.345 00007.954 -0001.000 -0001.000 -0001.000 00004.786 00010.051 00010.222 00010.429 00010.726 00010.918 00011.064 00011.093 00011.068 00011.031 00010.848 00010.655 00010.440 00010.168 00009.829 00009.398 00009.004 00008.383 00007.724 00007.506 00007.100 00006.237 00005.425 00004.575 00009.339 00006.949 00006.327 00007.076 00004.413 00014.946 00016.511 00027.338 00027.160 00024.276 00025.063 00024.780 00026.169 00028.079 00030.407 00034.139 00038.404 00042.584 00036.126 00037.052 00033.169 00031.686 00014.814 00012.475
00016.807 00017.092 00013.383 00013.015 00012.750 00012.007 00011.669 00012.880 00006.300 00001.861 -0001.000 -0001.000 00007.400 00007.506 00007.897 00011.454 00019.905 00022.111 00022.181 00022.177 00022.084 00021.941 00016.896 00008.476 00008.061 00007.563 00007.414 00007.253 00006.875 00006.144 00005.331 00004.526 00003.722 00002.625 00001.476 00002.781 00005.311 00006.428 00002.188 00014.048 00016.018 00027.977 00029.086 00028.880 00026.319 00021.452 00019.880 00022.223 00025.716 00027.943 00030.394 00033.034 00037.524 00040.707 00036.193 00036.946 00038.831 00035.980 00017.437 00019.050
00017.438 00017.397 00013.735 00013.487 00012.767 00012.209 00011.944 00011.847 00010.539 00011.370 00003.924 00002.569 00000.993 00002.643 00013.225 00021.053 00020.699 00020.396 00020.310 00020.142 00019.775 00019.399 00015.159 00007.686 00005.429 00005.183 00004.679 00004.135 00003.479 00002.607 00001.578 00001.791 00005.058 00006.488 00006.996 00007.745 00008.044 00024.257 00024.553 00026.407 00028.019 00029.239 00025.140 00020.375 00017.735 00014.074 00017.145 00020.100 00023.333 00026.564 00029.048 00032.178 00035.739 00031.743 00035.859 00036.801 00030.744 00035.203 00018.289 00020.031
00017.845 00016.751 00014.202 00013.861 00012.785 00012.626 00012.337 00011.461 00011.220 00011.723 00008.859 00011.012 00011.525 00004.137 00001.271 00016.609 00011.207 00008.316 00008.393 00008.470 00008.270 00008.076 00005.419 00005.694 00001.756 00001.288 00001.075 00003.462 00005.897 00006.579 00007.133 00007.567 00007.763 00011.918 00020.783 00028.233 00033.910 00033.416 00027.885 00028.251 00027.940 00022.776 00024.611 00022.533 00014.183 00013.336 00011.584 00011.857 00013.336 00021.037 00020.660 00017.000 00019.755 00028.071 00033.608 00039.249 00033.202 00036.828 00035.090 00024.047
00018.340 00016.102 00014.709 00014.268 00013.217 00013.142 00012.941 00011.656 00011.744 00010.787 00010.345 00012.279 00013.227 00013.251 00008.982 00004.488 00006.535 00007.083 00006.272 00007.041 00006.940 00005.985 00004.881 00009.434 00008.497 00007.425 00007.666 00007.724 00007.732 00014.003 00021.819 00024.995 00026.316 00027.316 00029.549 00033.366 00037.975 00036.547 00034.787 00031.331 00028.269 00030.834 00034.809 00034.622 00034.809 00029.826 00011.337 00011.997 00012.907 00014.146 00015.484 00020.573 00025.570 00029.618 00030.546 00037.655 00035.728 00037.112 00037.396 00032.488
00018.861 00015.509 00015.294 00015.094 00013.656 00013.675 00013.630 00012.201 00012.273 00010.352 00010.301 00013.123 00014.600 00019.314 00023.486 00013.576 00014.190 00015.318 00015.921 00015.798 00015.856 00016.222 00016.577 00021.751 00030.032 00030.422 00030.077 00029.721 00028.890 00027.412 00026.333 00026.854 00027.986 00029.127 00030.639 00029.872 00035.555 00037.878 00039.153 00034.669 00032.589 00032.192 00033.309 00033.640 00033.486 00034.268 00016.934 00012.965 00013.046 00014.231 00015.532 00018.141 00023.334 00028.671 00033.815 00035.963 00036.808 00037.327 00037.586 00035.538
00019.417 00015.846 00015.991 00015.853 00014.211 00014.262 00014.296 00012.678 00012.955 00012.796 00010.420 00012.895 00017.527 00022.511 00028.383 00026.755 00027.327 00028.519 00029.671 00029.870 00029.610 00030.176 00030.809 00031.429 00031.688 00031.893 00030.735 00027.619 00025.850 00019.928 00023.800 00025.832 00027.465 00028.836 00030.248 00032.269 00034.977 00039.787 00042.569 00039.748 00030.917 00031.329 00033.708 00033.832 00031.475 00032.572 00034.582 00024.278 00022.498 00021.061 00021.601 00023.277 00028.200 00032.294 00034.402 00035.939 00036.845 00037.390 00037.833 00037.600
00019.980 00016.254 00016.641 00016.538 00014.802 00014.888 00014.861 00013.208 00013.311 00014.153 00010.919 00010.985 00018.178 00021.598 00022.492 00021.927 00028.628 00027.425 00023.426 00022.410 00023.053 00023.454 00022.201 00022.917 00023.536 00023.658 00023.907 00020.246 00017.180 00020.761 00021.931 00025.187 00026.857 00028.470 00029.843 00029.873 00030.398 00033.819 00034.527 00025.570 00027.132 00027.826 00028.552 00028.001 00027.948 00032.250 00035.676 00036.548 00032.377 00022.794 00023.513 00025.417 00028.964 00031.902 00033.475 00035.469 00036.748 00036.955 00037.636 00038.577
00020.521 00017.117 00017.019 00017.195 00016.510 00015.678 00015.515 00015.651 00014.126 00014.499 00016.417 00014.909 00017.954 00023.469 00030.428 00033.481 00020.430 00022.277 00023.612 00023.191 00023.048 00023.013 00023.109 00023.470 00024.278 00032.530 00035.192 00020.890 00010.900 00014.177 00020.311 00023.105 00025.816 00027.355 00028.927 00030.434 00025.917 00018.433 00019.881 00021.169 00021.862 00022.943 00024.317 00025.087 00029.285 00035.609 00036.664 00034.916 00034.864 00034.929 00023.267 00025.440 00027.726 00030.046 00032.160 00033.938 00035.250 00036.844 00037.376 00038.866
00021.016 00019.501 00017.326 00017.926 00017.950 00016.319 00016.227 00016.600 00014.933 00015.733 00016.706 00019.370 00025.786 00033.765 00037.353 00036.285 00029.886 00031.115 00033.280 00033.499 00033.138 00032.962 00033.253 00033.795 00034.601 00035.235 00034.376 00021.905 00010.690 00010.951 00011.683 00013.102 00014.549 00015.660 00016.006 00017.189 00018.078 00018.829 00018.945 00019.673 00020.358 00021.566 00022.526 00029.219 00034.384 00035.764 00036.403 00037.176 00036.844 00036.839 00021.902 00023.992 00026.313 00028.499 00030.663 00032.584 00034.672 00035.881 00037.412 00039.565
00021.481 00021.401 00017.826 00018.412 00018.713 00016.743 00017.006 00017.513 00018.219 00016.595 00017.769 00021.074 00025.803 00034.373 00040.471 00042.397 00035.154 00031.720 00033.665 00034.954 00035.815 00034.880 00034.439 00035.946 00037.298 00038.453 00026.746 00018.207 00019.728 00011.588 00012.137 00012.946 00013.933 00014.905 00015.679 00016.416 00017.043 00017.628 00018.238 00019.118 00019.844 00023.219 00031.107 00033.370 00034.443 00035.039 00035.849 00036.637 00037.615 00038.540 00033.294 00029.138 00026.447 00026.793 00028.334 00031.735 00034.209 00036.009 00038.921 00039.823
00021.924 00022.361 00018.298 00018.652 00019.211 00019.136 00017.566 00017.981 00019.474 00020.066 00018.245 00021.699 00025.622 00032.293 00039.090 00040.782 00038.940 00036.048 00037.666 00039.305 00039.024 00038.735 00038.541 00039.104 00039.842 00041.568 00020.446 00015.905 00014.558 00017.255 00016.431 00013.058 00013.764 00014.549 00015.440 00016.456 00017.238 00017.633 00019.788 00024.985 00028.940 00030.797 00032.144 00032.226 00033.054 00034.452 00035.300 00036.081 00037.186 00038.080 00038.862 00034.741 00031.085 00028.719 00029.923 00032.356 00035.423 00037.997 00038.821 00039.420
