data/trial8/ashley.toa
NCOLS 382
NROWS 266
XLLCORNER 157819.328125
YLLCORNER 384678.625000
CELLSIZE 30.000000
NODATA_VALUE -1
[rows 104 to 129 of 266, columns 180 to 239 of 382]
00015.029 00015.070 00015.117 00015.275 00015.410 00015.478 00015.522 00015.570 00015.657 00015.744 00015.810 00015.867 00015.864 00015.883 00015.831 00015.827 00015.811 00015.544 00015.362 00015.317 00015.383 00015.435 00015.465 00015.550 00015.642 00015.736 00015.856 00015.974 00016.173 00016.469 00016.564 00016.625 00016.669 00016.695 00016.734 00016.701 00016.608 00016.685 00016.789 00016.916 00017.062 00017.185 00017.314 00017.458 00017.657 00017.802 00017.968 00020.047 00033.447 00038.580 -0001.000 -0001.000 -0001.000 -0001.000 -0001.000 -0001.000 -0001.000 -0001.000 -0001.000 -0001.000
00014.913 00014.944 00015.081 00015.259 00015.419 00015.405 00015.449 00015.500 00015.585 00015.658 00015.731 00015.752 00015.732 00015.688 00015.677 00015.693 00015.732 00015.474 00015.274 00015.200 00015.249 00015.299 00015.326 00015.410 00015.509 00015.611 00015.735 00015.854 00016.089 00016.386 00016.360 00016.420 00016.475 00016.521 00016.575 00016.582 00016.523 00016.607 00016.717 00016.847 00017.030 00017.182 00017.343 00017.534 00017.669 00017.793 00017.990 00020.248 00033.765 00039.231 -0001.000 -0001.000 -0001.000 -0001.000 -0001.000 -0001.000 -0001.000 -0001.000 -0001.000 -0001.000
00014.791 00014.882 00015.048 00015.239 00015.267 00015.331 00015.382 00015.464 00015.507 00015.566 00015.648 00015.616 00015.580 00015.509 00015.520 00015.533 00015.621 00015.386 00015.198 00015.096 00015.122 00015.162 00015.185 00015.268 00015.380 00015.494 00015.617 00015.771 00016.004 00016.128 00016.164 00016.223 00016.283 00016.489 00016.453 00016.469 00016.439 00016.514 00016.632 00016.770 00016.974 00017.188 00017.408 00017.570 00017.617 00017.803 00018.114 00022.584 00037.098 00042.667 -0001.000 -0001.000 -0001.000 -0001.000 -0001.000 -0001.000 -0001.000 -0001.000 -0001.000 -0001.000
00014.700 00014.844 00015.008 00015.072 00015.173 00015.252 00015.353 00015.384 00015.419 00015.498 00015.502 00015.473 00015.440 00015.377 00015.370 00015.362 00015.445 00015.285 00015.125 00015.033 00015.037 00015.040 00015.051 00015.136 00015.251 00015.379 00015.501 00015.710 00015.930 00015.932 00015.976 00016.029 00016.087 00016.294 00016.281 00016.310 00016.305 00016.395 00016.496 00016.654 00016.914 00017.211 00017.378 00017.396 00017.610 00017.967 00022.565 00034.659 00038.159 00041.954 -0001.000 -0001.000 -0001.000 -0001.000 -0001.000 -0001.000 -0001.000 -0001.000 -0001.000 -0001.000
00014.652 00014.794 00014.859 00014.975 00015.079 00015.241 00015.261 00015.300 00015.349 00015.366 00015.347 00015.320 00015.285 00015.240 00015.219 00015.207 00015.276 00015.192 00015.048 00014.971 00014.954 00014.940 00014.936 00015.017 00015.128 00015.259 00015.414 00015.647 00015.747 00015.767 00015.814 00015.862 00015.953 00016.040 00016.045 00016.076 00016.093 00016.190 00016.294 00016.448 00016.871 00017.092 00017.139 00017.349 00017.600 00018.132 00020.229 00024.504 00036.217 00040.672 -0001.000 -0001.000 -0001.000 -0001.000 -0001.000 -0001.000 -0001.000 -0001.000 -0001.000 -0001.000
00014.594 00014.661 00014.766 00014.882 00015.060 00015.111 00015.168 00015.240 00015.362 00015.222 00015.191 00015.219 00015.116 00015.092 00015.076 00015.091 00015.137 00015.085 00014.968 00014.882 00014.865 00014.849 00014.839 00014.918 00015.014 00015.138 00015.348 00015.553 00015.570 00015.600 00015.643 00015.688 00015.855 00015.815 00015.841 00015.845 00015.868 00015.936 00016.009 00016.346 00016.699 00016.778 00017.050 00017.325 00017.584 00017.849 00018.322 00021.494 00034.222 00039.294 -0001.000 -0001.000 -0001.000 -0001.000 -0001.000 -0001.000 -0001.000 -0001.000 -0001.000 -0001.000
00014.482 00014.565 00014.677 00014.861 00014.931 00015.004 00015.099 00015.229 00015.164 00015.104 00015.055 00015.058 00014.963 00014.959 00014.955 00014.996 00015.012 00015.000 00014.882 00014.785 00014.771 00014.759 00014.755 00014.828 00014.913 00015.044 00015.278 00015.370 00015.389 00015.424 00015.463 00015.535 00015.637 00015.596 00015.623 00015.618 00015.654 00015.721 00015.848 00016.237 00016.380 00016.530 00017.013 00017.303 00017.566 00017.828 00018.126 00019.150 00024.406 00037.713 00042.572 -0001.000 -0001.000 -0001.000 -0001.000 -0001.000 -0001.000 -0001.000 -0001.000 -0001.000
00014.422 00014.489 00014.663 00014.751 00014.820 00014.917 00015.069 00015.153 00015.038 00015.004 00014.940 00014.928 00014.831 00014.842 00014.860 00014.897 00014.901 00014.912 00014.788 00014.681 00014.667 00014.660 00014.662 00014.731 00014.814 00014.978 00015.166 00015.181 00015.201 00015.236 00015.272 00015.403 00015.408 00015.377 00015.402 00015.391 00015.441 00015.501 00015.776 00015.963 00016.048 00016.475 00016.964 00017.281 00017.544 00017.807 00018.098 00018.493 00021.913 00036.717 00041.321 -0001.000 -0001.000 -0001.000 -0001.000 -0001.000 -0001.000 -0001.000 -0001.000 -0001.000
00014.422 00014.489 00014.594 00014.654 00014.740 00014.890 00015.024 00015.006 00014.940 00014.900 00014.910 00014.794 00014.747 00014.740 00014.772 00014.777 00014.787 00014.800 00014.682 00014.575 00014.541 00014.538 00014.552 00014.618 00014.724 00014.913 00014.972 00014.985 00015.006 00015.036 00015.094 00015.214 00015.177 00015.188 00015.176 00015.176 00015.220 00015.390 00015.664 00015.725 00015.932 00016.423 00016.933 00017.259 00017.522 00017.810 00018.145 00019.768 00034.265 00039.312 -0001.000 -0001.000 -0001.000 -0001.000 -0001.000 -0001.000 -0001.000 -0001.000 -0001.000 -0001.000
00014.441 00014.483 00014.516 00014.572 00014.734 00014.861 00014.929 00014.875 00014.826 00014.778 00014.803 00014.718 00014.679 00014.641 00014.701 00014.683 00014.685 00014.677 00014.572 00014.500 00014.500 00014.499 00014.509 00014.544 00014.666 00014.771 00014.783 00014.795 00014.820 00014.846 00014.950 00014.983 00014.941 00014.955 00014.947 00014.957 00015.022 00015.327 00015.430 00015.547 00015.911 00016.394 00016.904 00017.244 00017.577 00017.913 00018.669 00032.107 00037.438 00041.323 -0001.000 -0001.000 -0001.000 -0001.000 -0001.000 -0001.000 -0001.000 -0001.000 -0001.000 -0001.000
00014.454 00014.485 00014.524 00014.572 00014.713 00014.807 00014.839 00014.732 00014.697 00014.688 00014.692 00014.625 00014.575 00014.579 00014.599 00014.593 00014.585 00014.554 00014.494 00014.486 00014.485 00014.489 00014.501 00014.534 00014.634 00014.645 00014.655 00014.674 00014.704 00014.782 00014.876 00014.893 00014.952 00014.912 00014.915 00014.939 00014.975 00015.154 00015.202 00015.534 00015.890 00016.387 00016.904 00017.238 00017.740 00018.821 00024.061 00036.324 00039.980 -0001.000 -0001.000 -0001.000 -0001.000 -0001.000 -0001.000 -0001.000 -0001.000 -0001.000 -0001.000 -0001.000
00014.471 00014.508 00014.545 00014.615 00014.672 00014.704 00014.702 00014.659 00014.628 00014.605 00014.579 00014.542 00014.521 00014.515 00014.502 00014.502 00014.504 00014.482 00014.474 00014.472 00014.471 00014.483 00014.494 00014.523 00014.552 00014.566 00014.584 00014.607 00014.671 00014.772 00014.824 00014.898 00014.900 00014.892 00014.920 00014.948 00014.992 00015.045 00015.148 00015.523 00015.928 00016.422 00016.906 00017.280 00019.829 00032.288 00036.248 00039.251 00041.742 -0001.000 -0001.000 -0001.000 -0001.000 -0001.000 -0001.000 -0001.000 -0001.000 -0001.000 -0001.000 -0001.000
00014.497 00014.549 00014.610 00014.655 00014.656 00014.677 00014.668 00014.630 00014.596 00014.563 00014.535 00014.516 00014.497 00014.482 00014.473 00014.468 00014.462 00014.461 00014.460 00014.459 00014.465 00014.477 00014.488 00014.503 00014.525 00014.535 00014.571 00014.599 00014.660 00014.717 00014.828 00014.893 00014.869 00014.900 00014.929 00014.966 00015.006 00015.078 00015.203 00015.601 00015.983 00016.555 00017.563 00021.522 00033.284 00036.392 00039.087 00041.297 -0001.000 -0001.000 -0001.000 -0001.000 -0001.000 -0001.000 -0001.000 -0001.000 -0001.000 -0001.000 -0001.000 -0001.000
00014.561 00014.599 00014.634 00014.638 00014.659 00014.683 00014.637 00014.599 00014.565 00014.536 00014.511 00014.492 00014.475 00014.461 00014.456 00014.450 00014.447 00014.446 00014.445 00014.447 00014.459 00014.471 00014.484 00014.498 00014.513 00014.544 00014.578 00014.613 00014.647 00014.731 00014.877 00014.846 00014.876 00014.911 00014.952 00015.001 00015.066 00015.141 00015.259 00015.675 00016.064 00017.141 00021.436 00034.035 00037.180 00039.219 00040.997 -0001.000 -0001.000 -0001.000 -0001.000 -0001.000 -0001.000 -0001.000 -0001.000 -0001.000 -0001.000 -0001.000 -0001.000 -0001.000
00014.587 00014.615 00014.616 00014.642 00014.664 00014.652 00014.605 00014.570 00014.537 00014.509 00014.487 00014.469 00014.452 00014.444 00014.438 00014.433 00014.432 00014.431 00014.432 00014.442 00014.454 00014.467 00014.481 00014.495 00014.526 00014.560 00014.596 00014.637 00014.684 00014.758 00014.806 00014.851 00014.896 00014.942 00015.002 00015.085 00015.168 00015.273 00015.629 00015.997 00017.828 00020.873 00024.772 00036.461 00039.500 00041.315 -0001.000 -0001.000 -0001.000 -0001.000 -0001.000 -0001.000 -0001.000 -0001.000 -0001.000 -0001.000 -0001.000 -0001.000 -0001.000 -0001.000
00014.592 00014.594 00014.621 00014.646 00014.676 00014.622 00014.575 00014.543 00014.511 00014.483 00014.464 00014.446 00014.432 00014.426 00014.420 00014.418 00014.417 00014.417 00014.425 00014.437 00014.450 00014.463 00014.478 00014.511 00014.544 00014.584 00014.632 00014.678 00014.728 00014.780 00014.834 00014.884 00014.929 00015.065 00015.326 00015.437 00015.535 00015.751 00016.180 00019.761 00024.258 00034.048 00036.025 00038.018 00040.662 -0001.000 -0001.000 -0001.000 -0001.000 -0001.000 -0001.000 -0001.000 -0001.000 -0001.000 -0001.000 -0001.000 -0001.000 -0001.000 -0001.000 -0001.000
00014.568 00014.601 00014.639 00014.680 00014.646 00014.592 00014.548 00014.515 00014.484 00014.459 00014.440 00014.423 00014.415 00014.409 00014.405 00014.404 00014.403 00014.408 00014.420 00014.433 00014.446 00014.460 00014.495 00014.533 00014.582 00014.631 00014.678 00014.727 00014.778 00014.828 00014.874 00014.931 00015.059 00015.315 00015.574 00015.857 00016.199 00016.347 00018.085 00023.059 00035.598 00038.112 00039.219 00040.265 00042.022 -0001.000 -0001.000 -0001.000 -0001.000 -0001.000 -0001.000 -0001.000 -0001.000 -0001.000 -0001.000 -0001.000 -0001.000 -0001.000 -0001.000 -0001.000
00014.583 00014.634 00014.684 00014.678 00014.616 00014.563 00014.520 00014.487 00014.458 00014.436 00014.417 00014.403 00014.397 00014.391 00014.390 00014.390 00014.390 00014.403 00014.416 00014.429 00014.442 00014.485 00014.538 00014.585 00014.632 00014.681 00014.733 00014.788 00014.842 00014.896 00014.948 00015.027 00015.306 00015.574 00015.820 00016.103 00016.475 00016.843 00018.087 00022.667 00035.491 00039.603 00042.048 -0001.000 -0001.000 -0001.000 -0001.000 -0001.000 -0001.000 -0001.000 -0001.000 -0001.000 -0001.000 -0001.000 -0001.000 -0001.000 -0001.000 -0001.000 -0001.000 -0001.000
00014.651 00014.730 00014.739 00014.647 00014.585 00014.533 00014.492 00014.460 00014.432 00014.412 00014.395 00014.385 00014.380 00014.377 00014.376 00014.375 00014.386 00014.399 00014.412 00014.426 00014.487 00014.566 00014.620 00014.669 00014.717 00014.767 00014.817 00014.868 00014.920 00014.971 00015.045 00015.153 00015.404 00015.648 00015.894 00016.222 00016.596 00016.997 00018.103 00022.011 00034.388 00038.575 00041.907 -0001.000 -0001.000 -0001.000 -0001.000 -0001.000 -0001.000 -0001.000 -0001.000 -0001.000 -0001.000 -0001.000 -0001.000 -0001.000 -0001.000 00042.283 -0001.000 -0001.000
00014.760 00014.781 00014.722 00014.615 00014.554 00014.504 00014.465 00014.434 00014.408 00014.389 00014.373 00014.368 00014.363 00014.362 00014.361 00014.369 00014.382 00014.396 00014.409 00014.455 00014.574 00014.653 00014.712 00014.761 00014.810 00014.859 00014.908 00014.957 00015.007 00015.066 00015.133 00015.291 00015.549 00015.812 00016.110 00016.498 00016.709 00016.877 00017.802 00021.336 00033.632 00037.772 00040.946 -0001.000 -0001.000 -0001.000 -0001.000 -0001.000 00040.938 00040.118 00040.695 00041.298 00041.894 00042.822 00041.840 00041.130 00040.371 00040.471 00041.034 00042.041
00014.737 00014.770 00014.708 00014.595 00014.524 00014.474 00014.437 00014.407 00014.384 00014.365 00014.356 00014.350 00014.348 00014.347 00014.352 00014.366 00014.379 00014.392 00014.411 00014.533 00014.694 00014.910 00014.908 00014.911 00014.917 00014.963 00015.014 00015.075 00015.122 00015.183 00015.260 00015.502 00015.755 00015.999 00016.147 00016.383 00016.584 00016.819 00018.332 00021.979 00033.677 00037.390 00040.165 00042.848 -0001.000 00042.719 00039.383 00038.565 00038.036 00038.493 00039.037 00039.662 00040.440 00040.182 00039.388 00038.603 00037.984 00038.195 00038.364 00038.608
00014.674 00014.760 00014.703 00014.577 00014.494 00014.443 00014.410 00014.381 00014.360 00014.343 00014.338 00014.334 00014.333 00014.334 00014.348 00014.362 00014.375 00014.393 00014.416 00014.562 00014.711 00014.885 00015.013 00015.158 00015.184 00015.247 00015.263 00015.259 00015.291 00015.429 00015.633 00015.702 00015.771 00015.876 00016.052 00016.281 00016.477 00016.990 00019.061 00022.783 00034.091 00037.471 00040.020 -0001.000 00039.349 00036.709 00036.350 00036.097 00036.350 00036.799 00037.339 00038.104 00039.102 00037.672 00036.814 00035.916 00035.827 00036.282 00036.651 00036.849
00014.623 00014.755 00014.754 00014.558 00014.464 00014.414 00014.384 00014.356 00014.336 00014.326 00014.321 00014.319 00014.317 00014.330 00014.344 00014.358 00014.376 00014.394 00014.441 00014.586 00014.743 00014.912 00014.996 00015.089 00015.236 00015.380 00015.600 00015.523 00015.452 00015.449 00015.524 00015.601 00015.685 00015.833 00015.982 00016.188 00016.413 00017.396 00019.225 00022.121 00033.297 00035.216 00038.140 00034.540 00033.767 00034.327 00034.118 00034.244 00034.569 00034.895 00035.935 00037.264 00036.378 00035.129 00034.166 00033.021 00034.012 00034.667 00034.919 00034.988
00014.599 00014.741 00014.893 00014.527 00014.434 00014.387 00014.357 00014.333 00014.315 00014.309 00014.305 00014.303 00014.312 00014.327 00014.341 00014.359 00014.377 00014.396 00014.454 00014.607 00014.712 00014.810 00014.887 00015.031 00015.208 00015.384 00015.474 00015.369 00015.283 00015.352 00015.429 00015.508 00015.640 00015.791 00015.945 00016.218 00016.491 00017.404 00019.017 00021.087 00024.328 00032.145 00024.517 00024.228 00024.921 00024.695 00024.630 00024.948 00032.644 00033.742 00034.764 00035.043 00033.897 00032.785 00024.529 00023.671 00023.355 00023.334 00033.828 00034.130
00014.580 00014.724 00014.751 00014.460 00014.403 00014.360 00014.330 00014.308 00014.297 00014.292 00014.289 00014.295 00014.309 00014.323 00014.341 00014.359 00014.380 00014.403 00014.456 00014.555 00014.640 00014.696 00014.841 00014.991 00015.159 00015.331 00015.297 00015.245 00015.252 00015.273 00015.330 00015.445 00015.586 00015.784 00015.996 00016.306 00016.579 00017.412 00018.921 00020.327 00021.128 00021.877 00022.503 00023.560 00022.613 00022.389 00022.273 00022.606 00023.608 00024.774 00033.374 00032.272 00024.253 00023.400 00022.591 00022.313 00022.331 00022.345 00022.540 00034.002
00014.563 00014.767 00014.595 00014.427 00014.372 00014.332 00014.305 00014.286 00014.280 00014.276 00014.278 00014.292 00014.306 00014.324 00014.341 00014.363 00014.386 00014.410 00014.444 00014.490 00014.527 00014.664 00014.807 00014.946 00015.104 00015.201 00015.151 00015.161 00015.228 00015.254 00015.318 00015.363 00015.608 00015.832 00016.061 00016.360 00016.626 00017.427 00018.893 00020.072 00020.604 00021.311 00022.021 00021.462 00020.983 00020.728 00020.545 00020.808 00021.348 00022.722 00023.321 00022.667 00022.034 00021.631 00021.486 00021.772 00021.925 00022.038 00022.135 00022.701
