data/trial8/ashley.hpa
NCOLS 382
NROWS 266
XLLCORNER 157819.328125
YLLCORNER 384678.625000
CELLSIZE 30.000000
NODATA_VALUE -1
[rows 234 to 259 of 266, columns 240 to 299 of 382]
00097.658 00097.585 00097.527 00097.407 00097.311 00097.370 00097.633 00098.243 00098.129 00097.545 00097.323 00097.231 00097.211 00097.188 00097.164 00097.128 00097.090 00097.047 00097.003 00096.947 00096.875 00096.794 00096.718 00096.655 00096.553 00096.458 00096.285 00095.979 00095.609 00095.019 00094.628 00094.222 00093.827 00093.567 00113.113 00486.809 00408.352 00486.615 00419.786 00106.801 00102.485 00094.965 00094.854 00094.754 00094.647 00094.518 00094.385 00094.467 00094.538 00094.485 00094.316 00094.095 00093.854 00093.669 00093.474 00093.184 00093.112 00093.151 00092.957 00092.741
00097.592 00097.547 00097.423 00097.369 00097.326 00097.339 00097.239 00097.751 00098.161 00097.729 00097.120 00097.110 00097.101 00097.073 00097.043 00097.010 00096.974 00096.942 00096.904 00096.862 00096.804 00096.724 00096.664 00096.576 00096.490 00096.416 00096.159 00095.804 00095.435 00095.058 00094.781 00094.433 00093.996 00093.545 00093.294 00260.769 00214.286 00099.903 00092.849 00096.491 00094.428 00094.657 00094.557 00094.459 00094.344 00094.225 00094.082 00093.935 00094.028 00094.141 00094.144 00093.925 00093.704 00093.444 00093.237 00093.049 00093.062 00092.909 00092.723 00092.619
00097.523 00097.423 00097.391 00097.312 00097.565 00097.597 00097.269 00097.222 00097.468 00097.285 00096.980 00096.972 00096.964 00096.954 00096.929 00096.903 00096.871 00096.834 00096.791 00096.741 00096.709 00096.674 00096.586 00096.497 00096.425 00096.233 00095.971 00095.635 00095.260 00094.911 00094.671 00094.384 00094.080 00093.659 00093.296 00093.245 00097.948 00092.719 00092.667 00093.523 00093.862 00094.264 00094.215 00094.120 00094.019 00093.902 00093.805 00093.694 00093.582 00093.693 00093.780 00093.614 00093.133 00093.038 00092.969 00092.897 00092.813 00092.717 00092.607 00092.468
00097.394 00097.350 00097.375 00097.786 00097.726 00097.579 00097.024 00097.131 00097.017 00096.909 00096.875 00096.845 00096.836 00096.826 00096.808 00096.775 00096.742 00096.718 00096.690 00096.655 00096.605 00096.552 00096.502 00096.431 00096.253 00096.001 00095.712 00095.414 00095.094 00094.810 00094.551 00094.273 00093.965 00093.441 00093.242 00093.234 00100.853 00092.907 00092.531 00093.023 00093.406 00093.573 00093.780 00093.708 00093.678 00093.680 00093.584 00093.490 00093.412 00093.243 00093.145 00092.960 00092.923 00092.946 00092.874 00092.783 00092.738 00092.651 00092.429 00091.983
00097.294 00097.385 00097.644 00097.781 00097.732 00097.321 00096.993 00096.936 00096.770 00096.787 00096.747 00096.720 00096.701 00096.694 00096.688 00096.673 00096.640 00096.608 00096.568 00096.522 00096.484 00096.441 00096.377 00096.252 00096.021 00095.737 00095.448 00095.143 00094.886 00094.695 00094.436 00094.154 00093.781 00093.333 00093.152 00093.170 00093.157 00093.016 00092.704 00092.560 00092.809 00093.174 00093.288 00093.368 00093.415 00093.444 00093.426 00093.394 00093.321 00093.062 00092.920 00092.850 00092.882 00092.863 00092.792 00092.743 00092.638 00092.458 00092.278 00091.947
00097.199 00097.183 00097.521 00097.666 00097.447 00097.049 00096.901 00096.810 00096.721 00096.682 00096.649 00096.611 00096.567 00096.547 00096.536 00096.525 00096.500 00096.474 00096.445 00096.414 00096.312 00096.203 00096.054 00095.890 00095.725 00095.462 00095.162 00094.905 00094.721 00094.506 00094.284 00094.026 00093.573 00093.253 00093.014 00093.103 00092.976 00092.802 00092.589 00092.496 00092.364 00092.597 00092.863 00093.004 00093.057 00093.076 00092.987 00092.818 00092.783 00092.720 00092.610 00092.515 00092.620 00092.714 00092.683 00092.518 00092.444 00092.322 00091.807 00091.631
00097.400 00097.477 00097.596 00097.475 00097.001 00096.859 00096.801 00096.738 00096.682 00096.587 00096.503 00096.475 00096.445 00096.410 00096.385 00096.360 00096.329 00096.251 00096.176 00096.078 00095.946 00095.811 00095.658 00095.490 00095.315 00095.142 00094.910 00094.732 00094.528 00094.313 00094.079 00093.804 00093.438 00093.167 00093.019 00092.965 00092.811 00092.631 00092.486 00092.525 00092.045 00092.228 00092.468 00092.658 00092.743 00092.791 00092.751 00092.712 00092.527 00092.375 00092.342 00092.401 00092.531 00092.509 00092.389 00092.335 00092.197 00091.721 00091.575 00091.428
00097.393 00097.509 00097.491 00097.143 00096.810 00096.752 00096.709 00096.664 00096.600 00096.521 00096.429 00096.252 00096.175 00096.071 00095.958 00095.933 00095.895 00095.836 00095.733 00095.629 00095.524 00095.381 00095.235 00095.080 00094.924 00094.820 00094.708 00094.532 00094.321 00094.100 00093.881 00093.620 00093.339 00093.082 00093.056 00092.874 00092.719 00092.525 00092.434 00092.509 00092.251 00091.828 00092.132 00092.313 00092.468 00092.489 00092.486 00092.337 00092.236 00092.181 00092.133 00092.199 00092.280 00092.295 00092.215 00092.003 00091.715 00091.488 00091.326 00091.268
00097.115 00096.932 00096.790 00096.742 00096.710 00096.674 00096.617 00096.553 00096.492 00096.437 00096.330 00096.012 00095.725 00095.620 00095.517 00095.424 00095.393 00095.347 00095.268 00095.161 00095.061 00094.954 00094.862 00094.775 00094.666 00094.544 00094.418 00094.287 00094.103 00093.887 00093.712 00093.536 00093.114 00092.930 00092.878 00092.810 00092.626 00092.467 00092.459 00092.463 00092.240 00091.831 00091.638 00091.936 00092.179 00092.175 00092.100 00092.030 00091.976 00091.962 00091.979 00092.019 00092.105 00092.073 00091.997 00091.801 00091.482 00091.332 00091.220 00091.111
00096.736 00096.714 00096.692 00096.654 00096.606 00096.556 00096.500 00096.452 00096.383 00096.225 00096.038 00095.828 00095.466 00095.145 00095.048 00094.953 00094.904 00094.882 00094.854 00094.798 00094.733 00094.659 00094.574 00094.472 00094.369 00094.245 00094.113 00093.970 00093.852 00093.713 00093.537 00093.219 00092.849 00092.700 00092.655 00092.631 00092.532 00092.407 00092.354 00092.413 00092.117 00091.769 00091.630 00091.654 00091.724 00091.979 00091.892 00091.821 00091.760 00091.768 00091.778 00091.806 00091.853 00091.830 00091.555 00091.447 00091.336 00091.302 00091.140 00090.915
00096.632 00096.599 00096.564 00096.525 00096.484 00096.443 00096.389 00096.249 00096.095 00095.899 00095.688 00095.472 00095.246 00094.921 00094.715 00094.644 00094.575 00094.542 00094.511 00094.478 00094.401 00094.323 00094.244 00094.147 00094.034 00093.923 00093.822 00093.717 00093.608 00093.495 00093.343 00093.049 00092.738 00092.537 00092.514 00092.547 00092.438 00092.247 00092.415 00092.349 00092.048 00091.717 00091.602 00091.520 00091.498 00091.581 00091.503 00091.465 00091.474 00091.572 00091.594 00091.587 00091.582 00091.506 00091.427 00091.265 00091.012 00090.917 00090.904 00090.778
00096.493 00096.467 00096.438 00096.411 00096.316 00096.202 00096.062 00095.908 00095.722 00095.533 00095.326 00095.107 00094.912 00094.777 00094.555 00094.295 00094.227 00094.157 00094.131 00094.095 00094.047 00093.961 00093.890 00093.826 00093.746 00093.660 00093.572 00093.467 00093.362 00093.248 00093.125 00092.867 00092.555 00092.474 00092.504 00092.454 00092.283 00092.218 00092.337 00092.180 00091.845 00091.689 00091.634 00091.541 00091.385 00091.121 00091.276 00091.334 00091.357 00091.361 00091.341 00091.349 00091.305 00091.226 00091.160 00091.060 00091.011 00090.899 00090.844 00090.656
00096.298 00096.231 00096.156 00096.049 00095.940 00095.815 00095.658 00095.501 00095.337 00095.141 00094.959 00094.826 00094.685 00094.528 00094.366 00094.151 00093.861 00093.810 00093.769 00093.746 00093.718 00093.672 00093.608 00093.542 00093.477 00093.393 00093.306 00093.212 00093.096 00092.987 00092.775 00092.611 00092.454 00092.370 00092.345 00092.238 00092.111 00092.253 00092.208 00092.013 00091.829 00091.714 00091.609 00091.498 00091.280 00091.065 00090.884 00091.009 00091.048 00091.082 00091.094 00091.075 00091.048 00090.966 00090.811 00090.714 00090.651 00090.600 00090.516 00090.448
00095.851 00095.810 00095.707 00095.604 00095.495 00095.379 00095.237 00095.082 00094.932 00094.833 00094.711 00094.574 00094.427 00094.264 00094.093 00093.916 00093.779 00093.507 00093.460 00093.431 00093.406 00093.378 00093.322 00093.256 00093.185 00093.112 00093.020 00092.934 00092.859 00092.792 00092.700 00092.481 00092.324 00092.228 00092.134 00092.080 00092.138 00092.197 00092.052 00091.932 00091.795 00091.690 00091.568 00091.386 00091.128 00091.021 00090.905 00090.768 00090.903 00090.868 00090.835 00090.786 00090.668 00090.569 00090.527 00090.490 00090.440 00090.421 00090.409 00090.377
00095.341 00095.302 00095.240 00095.136 00095.038 00094.932 00094.863 00094.774 00094.668 00094.554 00094.435 00094.292 00094.145 00093.981 00093.836 00093.700 00093.561 00093.419 00093.137 00093.097 00093.076 00093.046 00093.017 00092.953 00092.889 00092.847 00092.802 00092.747 00092.648 00092.524 00092.431 00092.345 00092.216 00092.046 00092.085 00092.013 00092.184 00092.038 00091.948 00091.786 00091.694 00091.588 00091.387 00091.144 00091.040 00090.954 00090.889 00090.837 00090.718 00090.653 00090.443 00090.405 00090.387 00090.384 00090.395 00090.380 00090.341 00090.302 00090.275 00090.183
00094.875 00094.852 00094.829 00094.781 00094.715 00094.640 00094.559 00094.477 00094.367 00094.248 00094.125 00093.989 00093.859 00093.741 00093.617 00093.480 00093.345 00093.196 00093.039 00092.812 00092.803 00092.790 00092.771 00092.747 00092.690 00092.630 00092.568 00092.459 00092.350 00092.289 00092.221 00092.099 00092.055 00092.012 00091.996 00091.992 00091.971 00091.851 00091.592 00091.743 00091.602 00091.289 00091.147 00091.038 00090.957 00090.990 00090.969 00090.857 00090.709 00090.629 00090.361 00090.149 00090.139 00090.135 00090.150 00090.160 00090.123 00090.086 00090.054 00090.002
00094.678 00094.505 00094.478 00094.451 00094.381 00094.304 00094.224 00094.135 00094.043 00093.921 00093.824 00093.727 00093.623 00093.504 00093.386 00093.259 00093.111 00092.970 00092.849 00092.755 00092.514 00092.533 00092.517 00092.500 00092.473 00092.436 00092.326 00092.105 00091.922 00091.867 00091.880 00091.973 00091.893 00091.818 00091.738 00091.688 00091.651 00091.669 00091.691 00091.580 00091.461 00091.320 00091.124 00090.973 00090.851 00090.903 00090.900 00090.787 00090.661 00090.503 00090.152 00089.913 00089.850 00089.867 00089.877 00089.877 00089.874 00089.850 00089.825 00089.786
00094.466 00094.172 00094.090 00094.059 00094.022 00093.938 00093.875 00093.809 00093.739 00093.667 00093.569 00093.470 00093.373 00093.266 00093.136 00093.015 00092.951 00092.899 00092.700 00092.564 00092.476 00092.377 00092.234 00092.187 00092.156 00092.108 00092.058 00091.991 00091.820 00091.848 00091.830 00091.756 00091.633 00091.595 00091.615 00091.589 00091.564 00091.529 00091.440 00091.382 00091.255 00091.210 00090.989 00090.845 00090.816 00090.737 00090.730 00090.581 00090.269 00090.118 00089.996 00089.827 00089.737 00089.663 00089.694 00089.689 00089.675 00089.659 00089.639 00089.619
00093.828 00093.784 00093.740 00093.716 00093.693 00093.654 00093.591 00093.527 00093.458 00093.388 00093.312 00093.208 00093.100 00092.932 00092.717 00092.810 00092.992 00092.918 00092.656 00092.439 00092.299 00092.137 00092.032 00091.925 00091.878 00091.854 00091.788 00091.630 00091.483 00091.486 00091.412 00091.371 00091.363 00091.347 00091.301 00091.293 00091.359 00091.316 00091.271 00091.216 00091.164 00091.100 00090.942 00090.719 00090.521 00090.484 00090.441 00090.273 00090.116 00090.011 00089.864 00089.761 00089.666 00089.552 00089.506 00089.531 00089.507 00089.480 00089.457 00089.436
00093.529 00093.483 00093.439 00093.401 00093.377 00093.353 00093.304 00093.238 00093.169 00093.092 00093.018 00092.924 00092.762 00092.604 00092.507 00092.509 00092.607 00092.710 00092.655 00092.364 00092.154 00092.001 00091.882 00091.784 00091.677 00091.574 00091.488 00091.335 00091.353 00091.406 00091.369 00091.199 00091.098 00091.105 00091.114 00091.135 00091.220 00091.166 00091.112 00091.089 00091.030 00090.925 00090.659 00090.501 00090.379 00090.335 00090.236 00090.129 00089.996 00089.847 00089.769 00089.693 00089.594 00089.495 00089.342 00089.284 00089.329 00089.310 00089.290 00089.258
00093.186 00093.174 00093.125 00093.076 00093.042 00093.019 00092.995 00092.935 00092.878 00092.837 00092.792 00092.747 00092.553 00092.367 00092.325 00092.344 00092.439 00092.511 00092.401 00092.173 00091.939 00091.835 00091.710 00091.624 00091.538 00091.448 00091.348 00091.217 00091.051 00090.993 00090.945 00090.909 00090.885 00090.863 00090.869 00090.903 00090.919 00090.935 00090.936 00090.898 00090.841 00090.704 00090.500 00090.349 00090.207 00090.096 00090.043 00089.924 00089.830 00089.764 00089.662 00089.578 00089.497 00089.391 00089.255 00089.125 00089.069 00089.084 00089.069 00089.056
00092.869 00092.890 00092.899 00092.906 00092.913 00092.869 00092.805 00092.731 00092.673 00092.615 00092.524 00092.371 00092.267 00092.223 00092.217 00092.300 00092.403 00092.375 00092.224 00092.029 00091.822 00091.519 00091.427 00091.434 00091.390 00091.356 00091.237 00090.971 00090.781 00090.938 00090.927 00090.818 00090.696 00090.654 00090.684 00090.729 00090.761 00090.812 00090.788 00090.695 00090.582 00090.465 00090.298 00090.205 00090.098 00089.956 00089.855 00089.791 00089.720 00089.622 00089.525 00089.446 00089.375 00089.289 00089.176 00089.047 00088.892 00088.841 00088.846 00088.835
00092.585 00092.688 00092.779 00092.733 00092.708 00092.690 00092.612 00092.527 00092.439 00092.321 00092.173 00092.041 00091.990 00091.968 00092.098 00092.238 00092.233 00092.165 00092.027 00091.870 00091.629 00091.495 00091.369 00091.319 00091.211 00091.111 00090.934 00090.827 00090.824 00090.752 00090.655 00090.585 00228.359 00377.842 00384.404 00228.648 00126.361 00090.696 00090.644 00090.434 00090.210 00090.130 00090.060 00089.952 00089.871 00089.807 00089.743 00089.682 00089.595 00089.496 00089.410 00089.340 00089.274 00089.173 00089.068 00088.954 00088.801 00088.647 00088.616 00088.602
00169.135 00113.140 00095.096 00092.522 00092.460 00092.390 00092.353 00092.322 00092.248 00092.053 00091.949 00091.875 00091.793 00091.828 00091.918 00092.018 00091.961 00091.857 00091.763 00091.627 00091.417 00091.284 00091.197 00091.112 00091.036 00090.945 00090.866 00090.773 00214.323 00155.235 00108.759 00090.435 00480.440 00480.009 00374.338 00155.761 00144.393 00115.931 00090.362 00090.179 00090.011 00089.917 00089.861 00089.805 00089.739 00089.674 00089.616 00089.553 00089.484 00089.397 00089.312 00089.250 00089.155 00089.046 00088.942 00088.823 00088.717 00088.569 00088.382 00088.346
00490.503 00491.203 00491.758 00380.200 00415.412 00261.446 00156.805 00091.884 00091.855 00091.823 00091.771 00091.687 00091.662 00091.629 00091.635 00091.654 00091.630 00091.516 00091.377 00091.253 00091.167 00091.103 00091.052 00090.980 00090.916 00090.821 00391.190 00481.990 00293.672 00102.966 00468.136 00480.136 00479.533 00437.808 00312.552 00349.059 00277.447 00092.636 00089.948 00089.864 00089.807 00089.751 00089.701 00089.659 00089.601 00089.546 00089.502 00089.451 00089.352 00089.249 00089.176 00089.098 00089.009 00088.922 00088.798 00088.678 00088.570 00088.453 00088.287 00088.061
00486.416 00487.121 00487.734 00488.184 00488.429 00488.528 00488.382 00488.349 00488.351 00488.261 00488.173 00480.416 00266.607 00117.649 00091.399 00091.374 00091.311 00091.240 00091.175 00091.088 00091.002 00090.952 00090.900 00119.892 00482.791 00482.119 00370.179 00226.310 00228.035 00480.116 00479.662 00479.053 00478.477 00478.006 00477.387 00477.500 00477.580 00234.191 00089.725 00089.695 00089.647 00089.587 00089.531 00089.499 00089.460 00089.412 00089.349 00089.278 00089.214 00089.136 00089.032 00088.935 00088.844 00088.746 00088.630 00088.506 00088.389 00088.274 00088.131 00087.942
