data/trial8/ashley.ros
NCOLS 382
NROWS 266
XLLCORNER 157819.328125
YLLCORNER 384678.625000
CELLSIZE 30.000000
NODATA_VALUE -1
[rows 136 to 169 of 266, columns 154 to 230 of 382]
11.17 11.85 07.60 07.77 05.97 05.71 15.34 16.08 05.07 05.76 08.55 14.00 05.03 15.57 48.26 52.45 50.52 46.25 43.36 37.97 39.69 44.36 39.36 22.56 10.58 17.60 20.59 20.48 51.06 80.32 217.57 215.81 179.49 151.78 135.75 115.26 84.25 67.61 33.08 35.32 36.63 33.54 25.61 28.88 32.97 24.27 07.31 08.92 13.50 13.74 13.50 80.21 22.69 50.37 138.11 81.79 77.11 07.39 04.94 04.96 04.74 08.63 09.87 00.55 00.33 00.36 00.47 00.14 04.30 06.17 08.77 11.66 14.68 13.72 11.08 12.55 11.77
10.91 12.25 06.72 07.17 05.50 07.54 15.57 16.21 09.39 11.30 12.80 16.19 17.20 16.01 30.52 45.96 46.39 42.56 40.02 39.40 38.00 38.65 40.78 41.05 21.27 11.18 21.31 23.13 26.31 132.06 203.08 169.86 144.61 131.23 110.58 73.81 21.79 09.16 11.11 23.17 18.60 08.72 16.12 25.68 15.88 24.57 55.86 19.77 141.18 13.14 13.11 18.68 16.56 70.98 91.40 62.97 06.71 07.18 05.67 05.66 09.94 11.32 12.69 00.53 00.32 00.39 00.34 00.16 03.45 06.53 09.35 14.83 15.30 14.00 11.60 09.09 10.74
12.15 08.84 06.79 06.75 05.47 13.91 15.87 16.34 15.63 17.58 15.96 15.97 16.06 15.85 16.37 42.22 42.24 39.49 38.43 37.88 37.02 37.42 37.37 38.64 39.16 18.83 20.80 22.61 78.97 173.47 157.72 135.50 124.58 114.76 39.80 10.03 28.35 46.19 30.14 27.92 22.12 23.04 66.04 69.54 51.79 68.26 106.99 135.08 68.74 14.95 13.10 13.23 13.16 39.27 35.63 06.98 11.33 06.75 06.33 06.45 10.53 12.20 12.47 00.53 00.28 00.37 00.22 00.18 04.57 07.24 12.23 17.09 18.18 13.71 12.20 10.82 08.69
13.73 06.78 07.03 06.74 05.63 14.43 15.77 16.07 16.76 17.45 15.85 15.72 15.80 16.10 17.79 38.43 38.89 37.81 36.90 36.65 36.71 36.09 35.86 35.44 36.63 36.44 70.42 52.65 134.16 139.89 125.43 117.35 110.23 86.71 20.36 40.65 116.82 77.91 141.48 21.53 21.94 21.25 52.64 31.04 47.68 57.14 110.89 148.44 209.56 81.73 12.91 12.71 12.62 16.63 10.62 13.44 12.00 06.87 06.94 06.81 09.08 11.97 11.85 00.68 00.28 00.31 00.20 01.65 02.59 09.03 17.10 17.91 20.02 17.16 13.02 12.70 09.35
12.29 06.76 07.01 06.15 05.64 14.99 15.82 15.93 16.66 17.19 15.62 15.50 15.92 15.98 18.68 35.96 37.05 36.23 36.23 36.08 35.58 34.94 33.94 33.25 33.41 63.39 99.26 109.65 119.55 115.58 110.05 106.08 101.46 97.14 48.05 112.64 102.24 110.05 98.70 17.31 20.06 17.88 22.54 52.42 30.67 72.63 79.34 155.35 171.78 114.71 104.39 10.92 12.08 12.54 13.20 12.77 12.02 06.88 06.70 06.85 06.49 11.40 11.08 07.71 00.36 00.25 00.24 04.12 03.14 09.16 14.90 18.42 20.54 16.81 13.96 13.08 11.22
10.36 06.64 07.03 05.39 05.60 15.36 15.85 16.09 16.68 15.77 15.57 15.53 15.81 15.93 23.11 35.10 35.49 35.75 35.32 34.34 34.18 33.02 32.50 32.33 32.28 76.42 96.23 104.55 106.31 103.28 101.96 98.90 95.40 83.06 96.81 69.17 95.10 88.43 80.28 43.62 17.88 30.22 26.43 25.94 44.49 44.74 113.97 157.40 120.68 99.00 90.05 10.13 11.05 12.20 12.28 12.07 11.19 10.47 06.45 06.13 05.84 10.84 10.36 11.73 00.66 00.55 00.52 00.55 10.27 13.02 13.93 17.12 20.00 19.09 16.41 13.34 13.49
07.32 06.63 07.06 05.49 13.67 15.82 16.01 16.33 16.77 15.65 15.61 15.51 15.86 15.93 29.23 34.27 34.90 34.35 33.46 33.20 31.96 32.16 32.21 31.81 38.63 83.01 94.76 97.98 97.78 97.36 97.11 93.93 91.37 88.73 84.76 85.00 79.82 75.84 61.43 15.87 25.13 23.01 41.58 32.89 117.90 131.90 127.00 100.51 86.78 77.24 69.23 37.02 77.71 27.79 11.01 10.44 09.94 09.53 06.21 05.52 08.34 12.16 12.18 12.41 13.94 16.68 16.46 13.01 18.86 15.02 13.92 16.82 17.80 19.32 17.04 17.76 14.23
07.99 07.40 05.97 05.43 16.00 16.08 16.22 16.51 16.91 15.66 15.57 15.56 15.89 16.03 30.28 33.74 33.48 32.81 32.47 31.66 31.91 32.30 31.53 30.81 62.61 85.17 90.98 93.16 94.00 95.51 92.52 89.33 84.55 80.68 78.12 74.78 71.76 70.42 70.36 58.84 68.39 40.11 79.72 44.41 70.02 98.24 77.03 73.66 68.04 65.02 52.33 54.85 52.04 19.92 30.76 08.75 08.87 05.63 05.06 07.34 06.95 07.24 10.35 12.20 12.70 14.10 16.18 15.78 17.30 15.78 14.20 14.66 17.37 18.55 18.79 20.41 20.98
06.28 05.42 05.32 15.55 16.56 16.37 16.53 16.75 17.00 15.74 15.64 15.64 15.93 16.19 31.17 32.99 32.30 32.27 31.80 31.64 31.67 31.22 30.55 30.13 72.70 83.85 88.92 92.20 93.20 90.94 86.69 81.85 77.48 73.73 71.30 69.17 69.31 66.86 64.48 65.33 61.02 41.48 72.21 64.18 68.42 64.80 62.16 57.86 55.93 46.32 44.36 43.80 41.38 50.17 08.61 08.37 12.46 07.25 07.73 07.51 07.27 07.13 07.14 10.57 12.50 12.93 14.13 13.91 15.92 16.39 16.25 14.70 15.17 16.89 18.81 20.78 25.13
05.84 11.11 18.75 18.44 16.94 16.80 16.84 17.13 16.02 15.80 15.77 15.77 16.17 20.14 31.30 31.93 31.72 31.50 31.03 31.11 30.33 29.69 29.52 53.64 76.82 84.68 90.37 90.25 88.60 83.71 79.05 74.42 70.81 68.30 68.08 66.23 63.05 59.22 57.50 56.26 54.39 54.37 55.20 55.33 52.52 51.50 48.41 47.10 40.06 38.89 38.83 39.60 39.06 09.94 09.25 11.84 13.35 10.27 07.87 07.63 07.53 07.45 07.21 07.17 11.37 12.60 12.86 12.90 13.71 15.85 16.33 12.82 13.40 17.88 15.99 19.24 26.15
26.75 24.19 21.68 19.64 17.73 17.33 17.11 17.46 16.38 16.16 15.91 15.97 16.31 27.19 30.71 31.10 30.95 30.54 30.00 29.26 28.55 28.34 27.93 66.96 80.87 87.62 86.71 84.45 80.12 76.56 72.00 68.02 66.11 65.40 62.94 59.38 55.85 54.37 51.80 49.66 46.85 45.42 44.59 43.76 42.97 41.13 37.98 34.88 35.18 34.42 34.47 33.14 34.73 45.01 34.99 11.70 12.93 13.44 13.49 10.56 13.51 07.83 07.44 07.22 07.17 12.26 12.62 12.73 12.90 14.41 14.07 16.00 11.42 11.77 14.87 21.75 19.11
27.27 25.31 22.46 20.40 18.43 17.53 17.54 16.55 16.64 16.37 16.10 16.23 16.36 28.61 30.05 30.21 30.00 29.48 28.66 28.30 27.34 27.30 50.68 75.25 82.10 81.93 80.15 76.76 73.75 70.45 66.61 63.98 62.55 58.79 55.57 53.20 49.36 47.44 44.29 40.87 39.15 37.94 38.07 37.00 36.31 30.55 29.86 29.43 25.37 47.60 28.50 57.82 44.84 52.54 55.11 27.56 09.26 29.50 12.69 11.07 24.51 09.18 07.40 07.49 07.29 10.07 12.42 12.64 12.58 12.73 13.61 13.40 12.05 10.74 12.45 52.93 07.86
26.74 24.17 22.38 19.83 18.24 17.80 17.82 16.81 16.86 16.62 16.29 16.43 22.72 28.69 29.31 29.24 28.73 28.06 27.80 28.13 26.98 26.69 66.91 75.89 77.38 75.80 73.63 71.33 68.63 65.68 63.09 57.37 53.27 50.83 47.56 44.33 40.43 37.49 35.53 34.25 33.92 33.48 33.09 29.84 37.82 51.76 58.49 67.28 51.70 55.99 55.23 54.64 53.18 51.58 50.45 55.63 33.76 63.32 54.91 24.51 58.40 25.81 06.04 07.18 07.23 07.17 11.52 12.40 12.45 12.36 12.53 12.56 13.05 09.80 09.90 05.75 19.44
25.53 24.82 22.56 20.40 18.79 18.10 17.06 17.05 16.95 16.73 16.53 16.72 26.07 28.09 28.14 27.70 27.20 27.07 27.42 26.58 26.71 52.78 69.27 73.44 72.50 70.65 69.05 66.32 64.13 57.03 50.42 46.95 44.90 41.10 37.27 34.69 34.10 32.25 30.80 30.25 30.18 55.00 148.39 63.22 84.39 58.97 62.59 55.02 54.08 53.28 51.47 49.49 48.35 46.37 46.16 47.50 51.76 47.01 46.91 49.21 46.41 41.96 11.95 21.97 06.30 07.20 06.99 11.80 12.33 12.25 12.32 12.27 12.47 08.98 07.60 08.96 08.12
25.45 24.80 22.58 20.59 19.29 17.66 17.43 17.28 17.20 16.95 16.86 19.80 26.59 26.95 26.67 26.46 26.32 26.44 25.96 26.10 28.47 62.74 69.21 69.42 68.04 65.86 63.86 59.39 48.71 41.44 39.62 36.44 34.50 33.03 32.21 30.31 28.48 27.68 28.08 137.84 105.95 156.20 103.72 79.78 61.18 56.82 52.47 52.06 50.61 48.77 46.93 45.37 43.10 41.71 42.40 41.70 41.91 41.81 41.97 39.93 35.12 21.99 31.17 36.41 11.10 19.16 06.22 06.74 12.26 12.20 12.09 11.98 11.10 07.90 07.63 07.99 10.47
25.45 24.30 23.06 20.95 19.04 18.19 17.62 17.49 17.42 17.24 17.11 24.41 25.79 25.76 25.78 25.72 25.67 25.16 25.07 25.54 54.72 64.20 65.85 65.63 64.34 66.71 36.42 32.23 33.47 29.54 29.12 28.11 28.74 27.38 27.31 25.64 25.74 264.15 128.35 152.25 168.70 96.49 78.83 64.07 56.14 50.91 49.40 47.89 46.32 44.69 43.06 41.95 40.23 38.89 38.34 37.88 37.67 36.84 34.86 26.74 24.58 25.42 28.44 20.19 24.96 34.69 10.36 05.80 12.28 12.15 11.86 11.55 10.97 10.40 10.09 10.08 10.95
25.36 24.16 22.93 20.37 19.23 17.90 17.81 17.71 17.60 17.60 20.90 24.57 24.80 24.87 24.82 24.66 24.49 24.19 24.17 45.48 58.82 61.52 64.93 67.73 71.67 16.00 23.07 52.01 30.96 91.59 34.50 45.26 21.63 22.77 22.43 173.75 245.31 218.20 146.25 161.63 111.85 76.17 59.47 53.07 48.69 46.28 45.32 44.00 43.41 41.08 40.17 38.29 36.56 34.96 34.17 33.30 32.19 31.37 20.78 20.30 20.28 21.18 22.45 24.15 22.96 20.96 24.61 04.92 11.77 12.35 11.73 11.24 10.73 10.24 09.98 10.22 11.99
24.82 24.07 21.82 20.42 19.11 18.27 18.02 17.88 17.82 17.81 23.24 23.88 23.77 23.58 23.57 23.51 23.42 22.96 33.43 53.24 59.00 66.86 71.74 75.14 63.98 23.45 19.64 62.34 79.54 49.46 23.80 13.73 11.69 55.99 130.17 201.15 200.85 175.12 150.58 118.12 75.15 59.27 49.84 45.70 43.15 43.38 43.85 41.63 40.20 37.05 34.09 32.35 30.87 30.05 28.89 27.68 25.05 18.29 17.85 17.56 17.39 16.97 17.47 17.83 19.41 22.82 10.36 24.14 50.70 10.35 21.81 12.11 11.76 21.86 58.47 115.19 12.17
23.66 22.91 21.57 20.95 19.62 18.59 18.26 18.09 17.98 21.83 22.97 22.93 22.83 22.65 22.49 22.36 21.94 22.14 51.91 65.71 70.61 75.79 75.36 70.54 70.14 72.63 37.32 20.20 24.58 18.68 19.14 24.08 22.04 74.44 131.88 170.39 154.08 134.30 107.71 80.70 55.46 47.14 42.78 41.37 42.08 40.74 38.94 34.30 32.09 29.33 27.58 25.83 25.30 24.63 24.02 17.31 16.30 15.19 15.33 15.58 14.91 14.87 15.05 16.26 16.90 24.11 40.85 55.16 24.82 31.87 59.17 89.97 39.40 69.62 107.52 92.19 11.59
23.48 22.69 22.30 21.26 19.56 18.85 18.61 18.35 20.20 22.00 22.09 22.17 22.06 21.98 22.07 22.39 22.63 56.61 71.74 74.02 74.54 73.22 69.35 69.20 67.01 52.31 25.51 57.59 30.74 17.82 22.86 25.99 35.72 51.80 120.25 126.14 113.59 91.03 80.08 52.67 44.51 40.61 39.68 38.13 37.19 35.89 29.79 27.10 23.41 22.67 22.29 21.82 21.67 17.20 16.47 15.87 15.80 15.80 15.62 14.92 15.04 15.44 19.11 28.86 29.99 27.76 32.10 36.96 42.17 51.08 54.08 54.42 59.19 95.24 117.06 143.01 19.78
23.19 22.96 22.54 20.89 19.65 18.96 18.99 19.06 21.02 21.18 21.46 21.67 21.93 22.43 23.31 23.96 55.03 68.08 71.30 71.92 69.24 66.41 64.01 60.91 59.88 62.37 62.06 42.46 67.56 42.50 21.13 21.65 60.18 35.41 93.36 91.42 76.34 71.47 50.17 43.73 38.97 37.57 34.51 31.88 30.05 25.62 22.84 21.66 22.06 22.61 23.88 21.79 18.56 15.87 15.61 17.26 16.92 16.21 15.58 15.18 15.32 29.92 33.59 34.81 32.55 38.34 38.51 33.040 89.71 111.10 121.71 133.60 117.59 137.52 137.86 133.92 69.32
23.21 22.75 21.93 20.34 19.43 19.48 18.93 20.98 21.86 22.71 22.14 22.70 23.28 24.07 24.75 43.85 61.84 66.51 66.93 65.34 62.21 57.43 56.36 55.00 55.44 56.40 56.11 59.35 49.54 33.46 58.92 50.96 81.72 62.69 71.36 66.16 62.78 46.83 43.19 39.37 32.85 29.20 25.95 24.30 22.29 22.09 22.04 22.24 22.72 23.05 19.44 19.33 18.75 17.95 18.13 18.23 18.05 17.30 16.74 32.32 40.81 42.67 43.04 61.50 141.11 153.68 174.08 174.99 159.54 126.42 135.64 143.49 134.58 127.93 123.95 119.69 118.66
22.99 21.99 21.15 20.41 20.14 19.71 20.84 21.95 22.57 21.79 22.17 22.48 23.74 24.64 24.58 54.03 59.87 60.96 59.25 57.35 53.47 52.68 51.82 51.58 52.80 53.70 52.94 53.44 50.32 54.64 54.57 58.64 57.97 58.94 55.60 55.09 45.51 40.87 19.98 22.27 24.37 22.14 21.36 20.33 20.18 20.80 21.11 21.52 21.78 18.81 18.87 18.81 18.40 18.10 17.95 18.97 18.88 16.92 48.94 61.62 73.87 96.41 122.99 142.46 161.63 176.35 169.27 161.06 148.38 142.09 136.44 129.62 120.86 115.20 113.58 110.73 109.34
22.52 21.39 21.58 21.25 20.71 20.19 20.32 20.66 20.97 21.37 21.64 22.37 22.86 23.29 45.19 53.81 53.45 52.53 52.39 50.38 50.15 49.84 50.41 50.49 50.52 49.78 50.58 47.74 47.39 46.55 48.53 50.87 50.19 50.31 49.01 41.12 38.34 10.31 22.90 18.63 21.44 19.90 19.03 18.92 19.42 20.09 22.21 18.77 19.01 19.23 18.58 19.34 20.08 26.60 21.30 21.14 20.75 49.65 62.76 90.27 109.56 128.02 148.20 167.41 167.71 162.50 156.03 146.99 138.23 130.36 122.09 116.22 110.26 108.17 106.10 101.85 96.22
21.60 21.70 22.50 19.47 18.53 19.05 19.42 19.70 20.13 20.57 20.64 20.95 21.48 41.35 47.29 47.95 47.87 47.61 47.62 47.67 47.30 46.93 46.67 46.66 46.78 47.15 45.60 46.21 45.03 45.57 46.50 47.15 46.20 44.82 36.78 36.18 35.26 10.30 11.92 18.33 22.20 19.51 18.51 24.15 24.46 29.52 25.28 25.79 26.93 23.54 24.90 24.94 25.14 23.65 23.64 21.85 44.16 63.45 99.45 115.21 131.21 152.77 159.93 162.12 157.50 149.08 141.41 132.56 125.71 117.48 110.66 106.46 103.12 99.58 92.94 88.36 85.04
21.61 22.75 16.62 17.24 17.89 18.36 18.49 18.97 19.19 19.15 19.59 19.83 38.33 43.18 44.63 45.14 45.25 45.23 45.18 44.44 44.23 44.05 43.91 43.85 43.86 44.04 44.49 43.60 43.97 44.40 44.39 43.83 43.20 34.67 34.13 35.05 34.58 21.83 12.81 12.95 34.24 45.91 51.15 40.82 33.80 25.48 25.48 25.65 25.34 25.10 24.66 23.52 22.88 21.58 20.60 38.60 152.72 137.99 120.49 137.03 142.06 148.46 155.12 155.27 143.70 132.74 125.64 118.94 110.38 104.21 100.88 92.94 86.70 82.71 80.32 78.35 75.72
17.42 16.91 17.17 17.69 17.61 17.91 18.31 18.31 18.64 19.04 27.85 37.61 40.82 42.28 42.86 43.02 43.00 42.90 42.51 42.34 42.21 42.12 42.04 42.00 42.01 42.06 41.96 42.00 42.17 42.61 42.42 42.06 34.56 34.86 34.82 33.33 36.96 18.12 13.13 12.75 28.73 30.62 28.63 26.00 22.83 22.92 22.49 22.06 22.01 21.41 20.20 20.15 19.81 29.23 94.27 131.31 134.22 126.12 132.39 133.49 136.38 141.24 146.68 143.09 127.08 116.78 109.74 102.73 96.28 86.09 79.27 77.17 75.37 73.84 72.76 69.85 68.38
18.14 17.92 18.04 17.59 17.79 18.04 18.19 18.26 18.48 32.09 37.23 39.08 39.81 40.22 40.42 40.48 40.53 40.59 40.60 40.56 40.51 40.48 40.46 40.46 40.57 40.64 40.58 40.56 40.60 40.94 41.18 35.19 35.38 34.62 34.07 34.67 35.29 16.57 13.35 12.52 13.17 10.48 19.36 12.61 15.62 18.66 18.79 19.18 10.94 16.76 17.58 60.73 68.04 63.57 99.02 114.33 119.69 123.68 125.21 126.50 130.33 133.47 133.72 123.22 108.67 100.39 92.03 85.96 76.73 74.05 71.63 70.36 69.07 67.60 66.03 65.42 64.37
17.88 18.30 18.83 18.91 18.73 18.84 18.77 30.47 36.72 38.90 39.49 39.63 39.52 39.32 39.62 39.89 39.96 40.03 40.03 39.92 39.80 39.67 39.45 38.90 38.71 38.45 38.35 38.45 38.63 33.67 33.89 34.34 34.73 34.08 34.58 34.41 31.49 30.38 09.60 09.83 06.59 04.82 13.15 12.44 16.18 09.44 15.93 12.75 77.74 89.76 82.99 64.67 68.00 52.23 92.64 107.69 114.03 116.67 117.74 120.41 119.84 117.43 112.66 100.19 88.12 80.36 75.51 71.58 69.81 68.36 66.81 64.98 63.65 62.37 62.29 60.79 59.52
16.93 17.43 17.80 18.19 19.05 19.51 35.75 40.57 42.11 42.57 42.63 42.41 42.20 41.75 42.26 42.85 42.08 41.94 41.90 41.80 41.64 41.47 41.31 41.40 41.48 41.46 41.38 40.95 35.40 35.44 35.51 35.60 35.85 35.64 35.54 34.61 08.09 11.51 11.48 17.75 15.11 23.48 16.48 16.31 14.99 14.60 12.57 33.38 82.81 78.13 73.47 66.50 54.36 60.65 92.63 102.87 107.67 108.67 108.93 106.38 102.32 95.74 84.36 75.83 71.85 69.76 67.21 66.08 65.67 64.40 63.00 60.62 58.61 57.43 56.72 56.21 54.47
15.48 16.28 16.69 17.67 27.27 34.71 37.27 38.60 39.35 39.52 39.39 39.33 39.25 39.39 39.37 39.36 39.86 40.09 39.35 39.56 39.75 39.81 39.59 39.58 39.58 39.55 34.08 34.10 34.12 34.15 34.18 34.20 34.37 34.09 34.67 35.55 40.94 22.31 15.13 35.93 22.41 28.10 49.40 21.21 25.96 14.84 12.38 51.15 69.44 65.37 60.25 49.55 43.53 75.25 90.86 97.48 99.84 99.26 94.49 89.37 78.64 73.14 69.98 66.88 65.35 64.73 64.50 63.18 61.64 60.11 56.68 54.84 53.51 52.82 51.28 50.64 49.79
15.06 15.80 22.54 27.88 31.03 32.14 34.14 35.50 36.23 36.73 36.51 36.67 36.92 36.93 37.28 37.54 37.19 37.39 37.88 37.59 37.52 37.68 37.58 37.79 36.78 32.85 32.91 32.97 33.02 33.05 33.09 33.19 33.21 33.53 34.48 35.44 38.04 22.71 27.73 52.22 33.96 48.32 44.95 35.67 16.14 27.64 11.26 40.20 55.46 52.10 40.47 39.41 47.70 78.09 86.65 88.76 86.71 82.45 77.80 71.00 67.28 64.74 62.89 62.33 61.76 60.84 59.57 58.64 56.93 54.30 52.20 51.03 51.18 51.85 51.92 51.55 50.14
-1.00 -1.00 -1.00 20.82 24.06 27.01 29.17 30.20 32.62 34.11 34.12 34.26 34.60 34.81 35.00 35.25 34.93 35.07 35.32 35.57 35.69 35.76 36.26 31.49 31.60 31.69 31.76 31.80 31.95 32.03 32.09 32.20 32.37 32.62 33.04 33.58 35.79 31.98 23.58 49.88 51.99 34.69 30.88 30.18 29.89 32.23 20.82 41.98 44.21 36.11 34.33 34.13 64.57 73.84 75.84 74.77 72.76 70.61 66.39 62.69 59.80 59.18 58.35 57.58 56.75 56.08 54.75 52.96 50.43 49.49 50.02 49.98 49.11 48.48 48.11 46.31 44.90
-1.00 -1.00 -1.00 -1.00 04.02 19.86 23.24 26.69 28.25 29.29 31.50 32.24 32.58 32.88 33.19 33.38 33.54 33.67 33.71 33.85 34.04 30.22 30.37 30.52 30.67 30.75 30.85 30.94 31.05 31.12 31.15 31.27 31.11 31.27 31.43 31.83 32.91 35.94 40.64 36.82 28.24 27.59 27.56 29.07 30.24 28.02 33.58 33.97 31.78 29.70 29.02 53.73 63.26 66.28 66.81 66.54 64.11 60.39 57.26 55.99 54.43 53.37 52.26 51.53 50.27 48.85 47.31 46.90 46.24 44.55 44.12 43.48 44.09 44.90 44.56 45.14 47.56
