data/trial8/ashley.rci
NCOLS 382
NROWS 266
XLLCORNER 157819.328125
YLLCORNER 384678.625000
CELLSIZE 30.000000
NODATA_VALUE -1
[rows 156 to 181 of 266, columns 240 to 299 of 382]
00648.926 00179.079 00524.319 00185.948 00642.640 00643.194 00639.049 00630.903 00620.874 00617.651 00583.999 00595.269 00574.267 00536.217 00484.355 00496.439 00363.540 00467.886 00402.376 00461.527 00594.714 00230.433 00324.195 00424.866 00538.499 00192.012 00352.398 00521.010 00207.867 00421.955 00656.497 00473.633 00281.734 00165.214 00166.781 00352.649 00169.157 00166.971 00168.186 00166.099 00169.042 00299.324 00236.329 00495.074 00282.582 00256.435 00624.145 00695.194 00680.823 00680.329 00191.683 00216.401 00318.720 00390.926 00510.847 00638.003 00254.265 00387.529 00540.935 00683.353
00473.975 00389.910 00514.202 00187.823 00643.157 00643.653 00637.619 00637.610 00619.148 00608.536 00595.211 00583.174 00516.867 00443.136 00226.681 00482.471 00382.375 00196.424 00264.720 00364.648 00452.378 00520.281 00618.556 00264.576 00389.315 00515.764 00638.792 00326.767 00657.341 00660.924 00300.030 00166.434 00166.281 00165.969 00165.718 00400.756 00370.248 00169.909 00166.433 00169.129 00167.628 00167.378 00514.515 00181.138 00577.727 00492.410 00434.323 00409.700 00220.182 00243.019 00295.037 00360.835 00428.088 00531.941 00634.684 00220.342 00373.825 00619.071 00665.422 00666.731
00189.455 00421.993 00519.410 00446.777 00166.153 00645.367 00641.200 00639.255 00625.117 00616.513 00577.252 00571.893 00531.048 00458.019 00577.308 00424.058 00407.526 00515.864 00523.309 00205.454 00244.713 00271.658 00256.208 00448.906 00260.440 00265.814 00477.552 00280.108 00546.102 00655.154 00435.794 00313.123 00164.864 00164.592 00164.329 00522.596 00270.286 00167.187 00169.121 00167.613 00166.227 00169.422 00333.151 00387.881 00328.380 00266.785 00226.265 00217.437 00304.988 00373.448 00463.304 00557.454 00641.964 00200.975 00311.221 00429.048 00276.984 00554.804 00302.741 00580.523
00304.756 00269.847 00506.031 00239.207 00564.983 00642.971 00638.961 00637.147 00615.591 00604.748 00593.384 00560.733 00533.100 00404.126 00262.833 00311.026 00245.174 00368.466 00364.656 00348.881 00427.023 00428.091 00379.986 00491.120 00484.684 00560.607 00242.756 00502.449 00326.960 00646.719 00591.838 00163.722 00164.240 00163.889 00168.444 00244.897 00168.910 00166.976 00166.699 00170.224 00167.451 00418.853 00598.691 00580.003 00592.496 00531.593 00435.108 00391.266 00453.840 00586.139 00213.023 00321.126 00412.462 00504.769 00579.277 00215.472 -0001.000 -0001.000 -0001.000 -0001.000
00350.385 00590.521 00331.834 00484.850 00638.488 00646.462 00641.437 00639.233 00623.316 00592.845 00586.876 00556.073 00521.608 00461.285 00346.068 00210.832 00221.411 00218.703 00202.856 00175.072 00570.039 00265.624 00359.973 00159.231 00156.812 00158.551 00284.047 00177.147 00503.629 00162.956 00257.539 00164.506 00164.065 00163.146 00166.557 00164.244 00166.568 00165.158 00168.816 00167.547 00168.931 00337.872 00331.256 00339.521 00285.482 00664.121 00619.381 00563.036 00514.448 00414.796 00648.511 00511.834 00170.995 00280.613 00168.288 00509.909 -0001.000 -0001.000 -0001.000 -0001.000
00199.721 00466.278 00612.650 00307.091 00624.808 00642.438 00638.267 00638.884 00626.391 00611.650 00600.745 00580.245 00559.913 00426.036 00264.114 00381.818 00464.534 00412.954 00364.792 00255.022 00534.479 00595.345 00242.888 00157.555 00158.482 00159.728 00598.968 00445.548 00286.933 00522.882 00200.041 00163.650 00162.855 00166.623 00164.023 00167.625 00169.384 00168.076 00165.797 00171.474 00619.763 00596.831 00585.166 00577.793 00567.824 00524.324 00289.121 00675.146 00570.977 00504.905 00428.115 00364.697 00242.061 00417.940 00289.180 00338.921 -0001.000 -0001.000 -0001.000 -0001.000
00338.978 00393.812 00598.868 00173.775 00309.832 00642.353 00638.908 00635.339 00625.265 00615.278 00601.397 00559.819 00527.348 00456.126 00316.379 00368.745 00340.046 00551.472 00544.311 00351.816 00197.397 00514.727 00156.797 00158.084 00159.066 00157.982 00158.616 00332.787 00630.074 00425.984 00164.887 00162.508 00167.726 00163.479 00167.166 00165.750 00166.621 00167.657 00167.812 00190.388 00411.180 00391.180 00381.936 00369.190 00374.981 00669.435 00497.524 00488.278 00485.506 00176.170 00632.341 00601.116 00561.439 00579.868 00498.142 00213.238 -0001.000 -0001.000 -0001.000 -0001.000
00585.252 00489.757 00274.846 00262.728 00282.392 00370.994 00638.401 00632.072 00623.878 00614.441 00600.797 00579.255 00549.511 00487.243 00369.950 00341.763 00216.341 00335.732 00338.228 00295.634 00260.259 00210.618 00156.373 00158.172 00157.804 00158.716 00159.214 00443.349 00420.178 00163.834 00162.245 00168.331 00165.249 00165.734 00164.449 00164.163 00169.360 00169.790 00168.381 00171.523 00194.284 00187.383 00172.444 00678.000 00655.315 00623.802 00662.027 00218.463 00261.803 00394.309 00460.696 00422.398 00366.466 00342.170 00251.191 00486.783 00195.116 -0001.000 -0001.000 -0001.000
00395.278 00480.729 00386.070 00308.412 00258.100 00198.766 00156.111 00631.252 00622.164 00609.103 00595.106 00578.667 00501.609 00418.034 00260.784 00356.885 00409.876 00150.608 00154.176 00151.987 00154.652 00156.996 00155.579 00157.371 00158.179 00159.156 00159.382 00255.752 00159.773 00163.526 00164.800 00164.026 00162.748 00168.567 00167.683 00165.775 00167.006 00343.854 00167.713 00387.238 00190.945 00303.578 00365.944 00206.100 00288.725 00376.430 00255.493 00394.716 00494.525 00544.966 00628.690 00247.137 00204.469 00538.484 00274.521 00256.757 00466.000 00169.639 00173.284 00176.742
00550.350 00511.168 00325.958 00629.345 00527.676 00294.793 00629.031 00619.864 00609.048 00597.136 00585.540 00543.437 00512.825 00400.955 00560.919 00202.799 00147.441 00150.043 00152.722 00155.411 00151.785 00155.645 00156.645 00157.677 00158.645 00161.526 00161.821 00160.613 00161.221 00161.773 00167.472 00166.987 00166.499 00164.345 00164.825 00168.427 00641.782 00306.596 00532.902 00218.479 00394.534 00574.114 00258.231 00431.354 00596.679 00261.770 00459.113 00659.680 00262.066 00358.481 00360.015 00561.120 00236.015 00176.034 00174.215 00667.254 00173.238 00173.089 00172.669 00215.441
00635.874 00498.752 00569.529 00421.697 00337.410 00625.028 00616.302 00611.084 00605.127 00596.150 00586.014 00565.852 00528.306 00276.578 00323.181 00350.243 00324.721 00227.907 00147.565 00152.444 00154.881 00156.606 00157.605 00158.344 00161.093 00161.896 00159.827 00162.139 00164.120 00163.224 00163.072 00163.697 00165.512 00516.282 00657.077 00335.843 00534.259 00209.646 00397.883 00581.830 00234.437 00663.153 00547.354 00177.605 00343.255 00547.536 00330.183 00463.842 00404.053 00538.736 00225.437 00614.036 00433.803 00172.988 00170.804 00517.225 00406.758 00172.993 00471.608 00462.240
00627.542 00636.684 00505.185 00422.906 00155.106 00376.637 00158.995 00610.360 00552.341 00596.553 00585.538 00361.215 00274.547 00385.496 00134.234 00144.119 00142.057 00144.500 00146.687 00149.047 00153.575 00155.808 00157.849 00159.020 00159.879 00163.698 00161.611 00161.988 00164.231 00163.829 00166.045 00602.281 00239.523 00405.713 00524.149 00196.634 00584.199 00374.144 00171.175 00297.792 00180.178 00490.104 00343.494 00195.474 00554.527 00339.869 00560.648 00597.046 00687.579 00224.670 00616.924 00214.238 00214.079 00171.014 00171.903 00289.527 00203.456 00446.336 00252.173 00666.579
00639.332 00635.706 00630.303 00550.046 00485.292 00224.143 00324.331 00365.848 00598.787 00590.107 00432.884 00233.768 00239.883 00309.167 00157.031 00150.694 00150.215 00150.828 00151.744 00153.087 00155.634 00156.814 00158.134 00159.223 00160.962 00160.554 00164.399 00163.784 00163.204 00163.699 00242.629 00211.475 00578.633 00312.470 00619.620 00470.763 00282.134 00169.070 00169.810 00170.891 00171.811 00295.929 00682.454 00519.310 00300.664 00521.611 00179.193 00439.457 00369.920 00180.650 00421.577 00233.645 00171.040 00172.696 00173.369 00585.744 00287.343 00636.817 00504.709 00407.032
00638.198 00637.821 00632.369 00626.901 00381.609 00491.116 00512.873 00568.615 00256.745 00489.040 00572.539 00143.994 00182.027 00150.848 00130.934 00146.459 00147.001 00147.623 00156.284 00156.421 00157.056 00157.531 00158.652 00159.090 00161.349 00162.422 00161.179 00162.061 00161.816 00162.472 00163.230 00162.421 00456.513 00307.022 00167.569 00305.841 00168.568 00168.560 00168.733 00169.649 00170.654 00614.378 00459.541 00489.711 00476.034 00446.959 00272.290 00181.155 00241.376 00177.047 00174.675 00172.259 00173.234 00174.085 00173.582 00358.721 00404.557 00316.587 00244.654 00199.382
00413.009 00636.047 00635.333 00628.559 00592.327 00285.189 00285.991 00457.627 00139.608 00416.864 00436.179 00454.975 00137.435 00118.658 00155.815 00156.190 00155.797 00155.315 00154.956 00156.629 00157.836 00158.716 00159.768 00160.938 00159.934 00160.900 00162.939 00164.952 00164.668 00163.716 00165.329 00167.752 00168.727 00169.490 00167.166 00168.187 00168.557 00168.141 00168.345 00169.429 00170.579 00465.713 00196.446 00466.537 00188.802 00186.543 00176.353 00176.039 00175.054 00174.831 00173.439 00172.824 00172.568 00173.946 00173.621 00621.773 00584.571 00549.742 00521.603 00314.136
00276.372 00240.147 00190.946 00625.453 00596.998 00606.122 00605.931 00318.514 00411.044 00259.867 00227.302 00098.984 00127.988 00087.185 00130.088 00154.316 00141.254 00147.075 00153.726 00155.904 00156.341 00157.493 00158.891 00159.329 00165.355 00161.228 00162.922 00162.429 00162.855 00163.072 00165.050 00166.167 00167.142 00165.864 00167.232 00167.734 00168.094 00168.478 00168.703 00170.759 00170.320 00291.442 00442.162 00257.138 00180.494 00177.164 00179.561 00178.174 00177.032 00175.016 00173.743 00173.831 00176.354 00178.366 00299.490 00295.298 00296.011 00296.425 00441.177 00455.362
00379.524 00323.865 00225.667 00617.303 00616.271 00516.313 00552.568 00587.757 00089.609 00535.905 00459.191 00140.225 00073.604 00114.743 00122.617 00139.848 00149.880 00154.055 00147.846 00151.879 00155.879 00158.554 00159.019 00160.069 00160.823 00160.634 00165.304 00164.949 00165.922 00166.971 00168.309 00169.575 00165.887 00168.363 00170.222 00171.648 00168.331 00168.563 00170.078 00170.291 00170.086 00171.734 00300.832 00176.248 00181.416 00180.321 00177.949 00176.550 00174.895 00174.425 00177.451 00174.484 00174.189 00467.481 00478.744 00513.453 00538.270 00576.138 00623.374 00668.628
00626.714 00533.995 00445.854 00570.394 00437.089 00382.636 00336.752 00512.593 00432.528 00242.241 00391.201 00119.815 00122.169 00140.831 00147.153 00155.746 00143.472 00155.023 00156.689 00149.118 00155.304 00158.045 00159.605 00161.760 00162.893 00162.552 00162.315 00162.982 00164.003 00165.323 00166.648 00168.168 00169.980 00171.095 00172.304 00168.869 00170.218 00172.134 00174.064 00171.561 00174.348 00173.336 00173.675 00273.769 00178.605 00177.173 00176.639 00175.331 00178.336 00176.681 00175.906 00635.697 00633.486 00656.647 00696.018 00199.762 00237.139 00278.647 00319.213 00355.005
00465.905 00305.251 00576.890 00396.966 00222.210 00546.493 00402.866 00251.286 00204.522 00225.594 00133.863 00137.605 00142.884 00150.048 00149.005 00153.118 00152.122 00153.485 00155.507 00157.273 00158.192 00158.965 00159.436 00159.842 00163.559 00163.899 00163.727 00165.566 00166.822 00168.338 00170.030 00167.229 00168.416 00169.792 00169.350 00173.610 00170.461 00173.442 00171.871 00174.491 00174.183 00172.823 00173.312 00174.120 00178.491 00179.925 00176.094 00177.170 00176.630 00174.707 00174.456 00343.149 00337.583 00339.907 00341.447 00351.100 00346.613 00343.354 00331.733 00361.306
00259.135 00387.382 00402.871 00322.589 00498.152 00301.390 00050.024 00559.323 00326.747 00147.663 00150.607 00154.336 00152.939 00151.143 00150.575 00151.487 00152.642 00154.050 00155.315 00155.998 00157.990 00159.645 00160.609 00161.395 00161.644 00161.957 00161.870 00164.147 00167.018 00166.389 00172.095 00171.073 00173.278 00171.547 00171.818 00169.333 00173.253 00172.134 00173.164 00172.902 00172.742 00172.322 00175.557 00175.526 00392.316 00177.673 00175.835 00176.841 00175.158 00175.954 00178.044 00527.210 00507.406 00483.042 00438.273 00398.373 00331.150 00259.001 00182.292 00656.584
00416.979 00233.113 00158.186 00184.752 00097.720 00184.082 00126.874 00154.554 00154.651 00154.876 00151.992 00151.657 00154.372 00154.690 00155.607 00155.455 00155.409 00155.849 00156.269 00158.934 00159.109 00159.368 00159.520 00160.194 00161.585 00164.733 00164.379 00164.691 00164.875 00168.782 00168.937 00171.306 00171.048 00169.676 00168.451 00172.024 00171.005 00170.724 00170.961 00170.985 00174.588 00174.147 00173.723 00178.094 00179.577 00180.322 00180.305 00175.614 00174.932 00174.993 00180.343 00180.549 00647.348 00609.373 00571.216 00542.119 00513.708 00471.465 00405.892 00339.302
00342.963 00335.141 00472.660 00368.626 00117.320 00355.310 00151.555 00153.243 00155.315 00155.851 00156.102 00155.675 00154.324 00155.641 00156.576 00157.106 00157.646 00158.414 00158.124 00159.852 00159.808 00159.679 00159.426 00159.516 00159.929 00161.606 00162.062 00167.152 00169.214 00167.646 00167.523 00168.914 00168.374 00172.714 00170.453 00168.960 00173.853 00172.679 00172.189 00172.712 00174.697 00177.695 00177.906 00355.669 00177.500 00178.051 00178.289 00178.897 00180.989 00175.053 00176.235 00176.096 00376.878 00343.906 00324.657 00294.034 00278.549 00234.338 00684.253 00595.595
00120.266 00216.411 00166.895 00527.708 00381.622 00250.450 00151.927 00151.684 00153.013 00155.717 00156.466 00157.282 00157.269 00157.497 00157.809 00158.174 00158.308 00159.528 00159.855 00160.379 00160.388 00160.368 00160.280 00160.263 00162.063 00163.548 00164.749 00166.282 00165.882 00165.841 00166.080 00171.432 00170.754 00170.421 00171.931 00171.423 00171.245 00171.368 00173.550 00174.412 00173.881 00175.234 00331.635 00178.965 00180.297 00176.140 00176.585 00177.174 00179.127 00180.082 00183.322 00324.910 00582.431 00580.740 00576.980 00580.822 00611.437 00598.400 00501.812 00394.554
00487.392 00457.980 00322.041 00075.219 00238.972 00148.660 00151.725 00155.143 00155.805 00156.439 00156.892 00157.093 00157.019 00157.206 00157.294 00157.928 00159.235 00159.965 00160.258 00160.597 00160.792 00160.922 00161.857 00162.291 00162.632 00163.830 00165.756 00167.845 00168.509 00169.149 00169.332 00167.607 00168.034 00168.573 00168.327 00174.581 00174.642 00172.247 00172.557 00173.864 00175.632 00219.933 00176.469 00177.561 00178.424 00178.547 00178.850 00175.705 00176.782 00177.040 00180.118 00215.923 00265.956 00305.128 00336.395 00302.319 00334.876 00323.586 00290.093 00212.753
00318.561 00135.473 00456.000 00460.594 00150.926 00152.725 00154.053 00155.047 00152.986 00155.071 00155.609 00157.508 00157.766 00157.976 00158.305 00158.940 00159.753 00160.251 00160.549 00160.947 00161.215 00161.885 00161.982 00162.703 00163.459 00164.722 00166.472 00169.019 00165.661 00166.585 00168.298 00169.295 00170.479 00171.697 00170.482 00172.152 00173.203 00171.629 00172.501 00173.704 00173.001 00449.783 00175.345 00175.744 00176.469 00176.940 00178.129 00180.123 00180.111 00174.395 00311.246 00365.494 00410.689 00470.364 00567.383 00530.214 00437.297 00200.148 00680.666 00566.436
00530.357 00338.148 00273.257 00150.125 00154.226 00155.032 00154.531 00154.899 00156.572 00156.634 00157.051 00157.400 00157.549 00157.726 00157.791 00158.403 00158.867 00159.249 00159.576 00160.092 00160.558 00162.178 00162.541 00163.663 00165.407 00167.112 00168.831 00168.730 00170.179 00170.033 00170.592 00168.833 00168.793 00170.119 00171.022 00170.098 00171.449 00170.075 00171.817 00172.872 00173.067 00173.810 00174.830 00173.935 00174.070 00175.958 00177.033 00178.493 00175.832 00300.863 00583.998 00555.439 00593.208 00337.008 00183.905 00179.123 00178.598 00176.989 00174.906 00334.993
