data/trial8/ashley.toa
NCOLS 382
NROWS 266
XLLCORNER 157819.328125
YLLCORNER 384678.625000
CELLSIZE 30.000000
NODATA_VALUE -1
[rows 182 to 207 of 266, columns 240 to 299 of 382]
00021.700 00032.230 00032.657 00033.012 00033.147 00033.251 00033.351 00033.451 00033.549 00033.647 00033.744 00033.843 00033.943 00034.067 00034.221 00034.374 00034.526 00034.677 00034.827 00034.976 00035.109 00035.230 00035.349 00035.469 00035.584 00035.693 00035.811 00035.932 00036.050 00036.181 00036.323 00036.470 00036.618 00036.672 00036.807 00036.938 00037.069 00037.214 00037.370 00037.523 00037.675 00037.832 00038.009 00038.131 00038.235 00038.339 00038.455 00038.509 00038.555 00038.593 00038.660 00038.796 00038.918 00038.983 00039.036 00039.086 00039.140 00039.204 00039.275 00039.481
00032.119 00032.576 00032.955 00033.125 00033.231 00033.332 00033.431 00033.528 00033.625 00033.722 00033.818 00033.913 00034.012 00034.162 00034.311 00034.461 00034.612 00034.763 00034.912 00035.055 00035.179 00035.298 00035.417 00035.536 00035.655 00035.778 00035.898 00036.011 00036.128 00036.248 00036.376 00036.512 00036.650 00036.785 00036.918 00036.977 00037.110 00037.242 00037.374 00037.526 00037.678 00037.829 00037.981 00038.095 00038.186 00038.290 00038.398 00038.512 00038.628 00038.675 00038.743 00038.824 00038.891 00038.944 00038.993 00039.043 00039.099 00039.161 00039.261 00039.462
00032.489 00032.879 00033.100 00033.210 00033.311 00033.411 00033.509 00033.606 00033.703 00033.799 00033.893 00033.987 00034.129 00034.278 00034.427 00034.576 00034.723 00034.870 00035.014 00035.135 00035.248 00035.367 00035.485 00035.602 00035.718 00035.838 00035.957 00036.077 00036.194 00036.311 00036.426 00036.549 00036.682 00036.815 00036.947 00037.084 00037.150 00037.283 00037.415 00037.545 00037.680 00037.831 00037.982 00038.095 00038.186 00038.276 00038.366 00038.456 00038.559 00038.669 00038.763 00038.825 00038.868 00038.908 00038.947 00038.994 00039.045 00039.103 00039.168 00039.249
00032.869 00033.073 00033.190 00033.291 00033.391 00033.489 00033.586 00033.683 00033.779 00033.875 00033.969 00034.101 00034.250 00034.398 00034.545 00034.692 00034.837 00034.981 00035.108 00035.220 00035.331 00035.441 00035.552 00035.668 00035.784 00035.899 00036.014 00036.134 00036.253 00036.371 00036.486 00036.601 00036.715 00036.844 00036.975 00037.114 00037.254 00037.324 00037.455 00037.585 00037.714 00037.843 00037.982 00038.096 00038.187 00038.274 00038.363 00038.453 00038.542 00038.631 00038.716 00038.789 00038.846 00038.892 00038.934 00038.976 00039.019 00039.066 00039.129 00039.195
00033.115 00033.205 00033.291 00033.374 00033.470 00033.568 00033.664 00033.760 00033.855 00033.950 00034.071 00034.222 00034.371 00034.519 00034.666 00034.811 00034.956 00035.086 00035.196 00035.305 00035.414 00035.523 00035.632 00035.740 00035.850 00035.964 00036.079 00036.193 00036.309 00036.428 00036.545 00036.661 00036.775 00036.889 00037.004 00037.143 00037.283 00037.422 00037.496 00037.627 00037.753 00037.882 00038.007 00038.100 00038.187 00038.275 00038.362 00038.449 00038.539 00038.628 00038.714 00038.792 00038.853 00038.901 00038.943 00038.982 00039.019 00039.059 00039.119 00039.187
00033.237 00033.321 00033.403 00033.485 00033.568 00033.650 00033.742 00033.837 00033.932 00034.042 00034.193 00034.343 00034.490 00034.638 00034.784 00034.929 00035.064 00035.177 00035.285 00035.393 00035.499 00035.605 00035.713 00035.820 00035.927 00036.033 00036.143 00036.257 00036.371 00036.484 00036.601 00036.718 00036.834 00036.948 00037.064 00037.181 00037.312 00037.451 00037.590 00037.672 00037.799 00037.922 00038.036 00038.123 00038.200 00038.276 00038.363 00038.450 00038.537 00038.624 00038.713 00038.795 00038.863 00038.916 00038.961 00039.003 00039.041 00039.079 00039.123 00039.181
00033.359 00033.442 00033.521 00033.596 00033.676 00033.757 00033.838 00033.919 00034.014 00034.166 00034.317 00034.466 00034.614 00034.760 00034.905 00035.041 00035.156 00035.265 00035.373 00035.481 00035.586 00035.691 00035.795 00035.901 00036.007 00036.111 00036.215 00036.321 00036.434 00036.547 00036.659 00036.774 00036.890 00037.006 00037.124 00037.241 00037.358 00037.480 00037.618 00037.755 00037.847 00037.970 00038.068 00038.146 00038.222 00038.298 00038.374 00038.451 00038.538 00038.626 00038.713 00038.800 00038.878 00038.941 00038.992 00039.036 00039.075 00039.112 00039.151 00039.199
00033.411 00033.531 00033.642 00033.717 00033.793 00033.863 00033.944 00034.042 00034.180 00034.318 00034.454 00034.590 00034.738 00034.884 00035.025 00035.141 00035.248 00035.353 00035.460 00035.567 00035.673 00035.778 00035.881 00035.984 00036.086 00036.189 00036.293 00036.395 00036.498 00036.610 00036.722 00036.834 00036.945 00037.063 00037.182 00037.301 00037.417 00037.534 00037.650 00037.783 00037.919 00038.014 00038.101 00038.174 00038.245 00038.319 00038.395 00038.471 00038.547 00038.627 00038.715 00038.802 00038.890 00038.977 00039.035 00039.086 00039.131 00039.171 00039.210 00039.274
00033.408 00033.542 00033.666 00033.787 00033.904 00034.007 00034.127 00034.220 00034.358 00034.495 00034.631 00034.765 00034.898 00035.025 00035.127 00035.234 00035.340 00035.445 00035.549 00035.652 00035.758 00035.863 00035.967 00036.068 00036.168 00036.267 00036.370 00036.472 00036.575 00036.676 00036.785 00036.896 00037.007 00037.121 00037.239 00037.358 00037.476 00037.592 00037.707 00037.823 00037.947 00038.061 00038.132 00038.204 00038.275 00038.345 00038.416 00038.492 00038.568 00038.645 00038.721 00038.804 00038.892 00038.980 00039.059 00039.120 00039.172 00039.219 00039.267 00039.332
00033.528 00033.555 00033.686 00033.808 00033.926 00034.059 00034.222 00034.380 00034.537 00034.680 00034.820 00034.948 00035.059 00035.154 00035.244 00035.333 00035.431 00035.536 00035.639 00035.742 00035.844 00035.947 00036.050 00036.151 00036.251 00036.350 00036.448 00036.549 00036.651 00036.753 00036.854 00036.958 00037.071 00037.185 00037.298 00037.414 00037.532 00037.649 00037.764 00037.879 00037.994 00038.081 00038.164 00038.234 00038.305 00038.376 00038.445 00038.515 00038.590 00038.666 00038.742 00038.819 00038.896 00038.982 00039.064 00039.131 00039.200 00039.255 00039.308 00039.365
00033.722 00033.751 00033.791 00033.835 00033.948 00034.095 00034.260 00034.420 00034.580 00034.738 00034.891 00035.040 00035.173 00035.275 00035.360 00035.448 00035.536 00035.626 00035.729 00035.832 00035.933 00036.034 00036.132 00036.232 00036.333 00036.432 00036.530 00036.628 00036.728 00036.829 00036.930 00037.031 00037.135 00037.248 00037.361 00037.474 00037.588 00037.705 00037.821 00037.936 00038.037 00038.116 00038.186 00038.259 00038.336 00038.406 00038.476 00038.546 00038.616 00038.687 00038.764 00038.840 00038.917 00038.994 00039.070 00039.146 00039.221 00039.285 00039.338 00039.387
00033.907 00033.926 00033.961 00034.015 00034.108 00034.213 00034.333 00034.462 00034.627 00034.790 00034.947 00035.095 00035.226 00035.354 00035.480 00035.563 00035.650 00035.737 00035.824 00035.921 00036.022 00036.120 00036.217 00036.314 00036.413 00036.513 00036.612 00036.710 00036.807 00036.905 00037.006 00037.108 00037.209 00037.312 00037.424 00037.536 00037.648 00037.760 00037.876 00037.991 00038.079 00038.150 00038.219 00038.287 00038.355 00038.434 00038.506 00038.576 00038.646 00038.716 00038.787 00038.862 00038.938 00039.015 00039.090 00039.165 00039.240 00039.307 00039.363 00039.416
00034.071 00034.192 00034.225 00034.288 00034.375 00034.469 00034.582 00034.697 00034.814 00034.938 00035.048 00035.149 00035.279 00035.407 00035.532 00035.656 00035.778 00035.849 00035.935 00036.021 00036.109 00036.206 00036.303 00036.399 00036.495 00036.593 00036.692 00036.791 00036.888 00036.985 00037.082 00037.184 00037.285 00037.386 00037.487 00037.599 00037.710 00037.821 00037.931 00038.034 00038.114 00038.184 00038.252 00038.320 00038.388 00038.456 00038.530 00038.606 00038.676 00038.747 00038.817 00038.887 00038.959 00039.035 00039.110 00039.184 00039.257 00039.327 00039.387 00039.450
00034.464 00034.458 00034.541 00034.575 00034.636 00034.722 00034.807 00034.914 00035.022 00035.109 00035.190 00035.271 00035.351 00035.459 00035.585 00035.709 00035.831 00035.951 00036.045 00036.127 00036.208 00036.292 00036.388 00036.484 00036.580 00036.675 00036.772 00036.870 00036.968 00037.065 00037.163 00037.260 00037.361 00037.462 00037.562 00037.662 00037.772 00037.882 00037.992 00038.076 00038.148 00038.217 00038.285 00038.353 00038.421 00038.489 00038.558 00038.627 00038.706 00038.777 00038.847 00038.918 00038.988 00039.058 00039.129 00039.202 00039.276 00039.348 00039.416 00039.484
00034.850 00034.749 00034.819 00034.884 00034.920 00034.978 00035.048 00035.109 00035.176 00035.249 00035.322 00035.402 00035.481 00035.560 00035.640 00035.762 00035.884 00036.005 00036.130 00036.232 00036.312 00036.391 00036.474 00036.570 00036.665 00036.760 00036.854 00036.950 00037.048 00037.146 00037.243 00037.340 00037.437 00037.537 00037.637 00037.736 00037.835 00037.944 00038.040 00038.116 00038.182 00038.249 00038.317 00038.385 00038.453 00038.522 00038.590 00038.659 00038.727 00038.802 00038.877 00038.948 00039.018 00039.087 00039.156 00039.224 00039.294 00039.367 00039.441 00039.516
00035.156 00035.096 00035.081 00035.121 00035.157 00035.179 00035.220 00035.272 00035.324 00035.388 00035.459 00035.530 00035.608 00035.687 00035.766 00035.846 00035.938 00036.061 00036.181 00036.303 00036.416 00036.495 00036.574 00036.655 00036.750 00036.844 00036.938 00037.032 00037.127 00037.226 00037.324 00037.420 00037.516 00037.612 00037.711 00037.811 00037.909 00038.006 00038.086 00038.154 00038.219 00038.284 00038.350 00038.418 00038.486 00038.555 00038.623 00038.691 00038.760 00038.828 00038.899 00038.978 00039.048 00039.117 00039.185 00039.254 00039.322 00039.390 00039.461 00039.537
00035.384 00035.328 00035.274 00035.299 00035.335 00035.364 00035.388 00035.432 00035.483 00035.533 00035.596 00035.665 00035.734 00035.810 00035.888 00035.967 00036.045 00036.122 00036.238 00036.357 00036.474 00036.598 00036.676 00036.755 00036.835 00036.928 00037.022 00037.116 00037.210 00037.305 00037.403 00037.500 00037.595 00037.690 00037.786 00037.885 00037.983 00038.062 00038.127 00038.191 00038.256 00038.321 00038.386 00038.451 00038.519 00038.587 00038.656 00038.724 00038.793 00038.861 00038.929 00038.997 00039.072 00039.146 00039.215 00039.284 00039.353 00039.422 00039.491 00039.561
00035.616 00035.550 00035.499 00035.475 00035.509 00035.542 00035.569 00035.593 00035.640 00035.689 00035.738 00035.800 00035.868 00035.935 00036.009 00036.083 00036.158 00036.233 00036.309 00036.416 00036.533 00036.649 00036.779 00036.857 00036.935 00037.013 00037.107 00037.200 00037.293 00037.387 00037.481 00037.578 00037.674 00037.769 00037.863 00037.959 00038.043 00038.111 00038.172 00038.231 00038.293 00038.358 00038.423 00038.488 00038.553 00038.620 00038.689 00038.757 00038.826 00038.894 00038.962 00039.031 00039.098 00039.165 00039.240 00039.315 00039.384 00039.453 00039.522 00039.592
00035.963 00035.768 00035.720 00035.671 00035.684 00035.715 00035.746 00035.770 00035.796 00035.845 00035.894 00035.942 00036.002 00036.066 00036.128 00036.198 00036.269 00036.343 00036.419 00036.495 00036.592 00036.709 00036.824 00036.937 00037.036 00037.112 00037.192 00037.284 00037.377 00037.469 00037.562 00037.656 00037.752 00037.848 00037.942 00038.027 00038.096 00038.157 00038.216 00038.275 00038.335 00038.394 00038.459 00038.525 00038.590 00038.655 00038.722 00038.790 00038.859 00038.928 00038.996 00039.064 00039.131 00039.198 00039.266 00039.334 00039.408 00039.483 00039.553 00039.622
00035.986 00035.984 00035.935 00035.889 00035.858 00035.887 00035.916 00035.945 00035.969 00035.999 00036.044 00036.088 00036.131 00036.190 00036.251 00036.312 00036.383 00036.455 00036.529 00036.604 00036.679 00036.769 00036.884 00036.998 00037.114 00037.214 00037.288 00037.369 00037.461 00037.552 00037.644 00037.736 00037.830 00037.925 00038.015 00038.085 00038.144 00038.201 00038.261 00038.319 00038.378 00038.438 00038.497 00038.562 00038.627 00038.692 00038.758 00038.824 00038.892 00038.961 00039.029 00039.096 00039.164 00039.231 00039.299 00039.367 00039.435 00039.502 00039.576 00039.652
00036.003 00036.150 00036.131 00036.090 00036.052 00036.053 00036.080 00036.106 00036.129 00036.150 00036.183 00036.225 00036.267 00036.311 00036.372 00036.434 00036.498 00036.568 00036.638 00036.712 00036.786 00036.862 00036.944 00037.060 00037.177 00037.292 00037.390 00037.462 00037.545 00037.636 00037.726 00037.817 00037.909 00038.002 00038.074 00038.135 00038.192 00038.249 00038.305 00038.363 00038.423 00038.482 00038.541 00038.601 00038.664 00038.730 00038.795 00038.861 00038.927 00038.994 00039.062 00039.129 00039.196 00039.264 00039.332 00039.399 00039.467 00039.534 00039.602 00039.670
00036.019 00036.165 00036.341 00036.266 00036.232 00036.206 00036.230 00036.255 00036.279 00036.300 00036.321 00036.361 00036.403 00036.444 00036.494 00036.555 00036.618 00036.682 00036.751 00036.819 00036.893 00036.968 00037.042 00037.123 00037.239 00037.354 00037.469 00037.565 00037.635 00037.719 00037.809 00037.899 00037.990 00038.061 00038.124 00038.182 00038.239 00038.296 00038.352 00038.408 00038.467 00038.526 00038.585 00038.645 00038.705 00038.767 00038.832 00038.898 00038.964 00039.030 00039.095 00039.162 00039.230 00039.297 00039.364 00039.432 00039.499 00039.567 00039.635 00039.703
00036.106 00036.206 00036.334 00036.521 00036.408 00036.375 00036.379 00036.404 00036.427 00036.449 00036.471 00036.497 00036.538 00036.579 00036.620 00036.674 00036.736 00036.799 00036.863 00036.931 00036.999 00037.073 00037.146 00037.218 00037.302 00037.416 00037.531 00037.644 00037.740 00037.806 00037.892 00037.981 00038.053 00038.116 00038.172 00038.228 00038.285 00038.343 00038.399 00038.456 00038.512 00038.570 00038.629 00038.689 00038.749 00038.809 00038.870 00038.935 00039.001 00039.066 00039.132 00039.197 00039.263 00039.330 00039.397 00039.465 00039.532 00039.599 00039.667 00039.736
00036.193 00036.292 00036.391 00036.489 00036.580 00036.548 00036.528 00036.551 00036.574 00036.596 00036.617 00036.638 00036.672 00036.713 00036.754 00036.795 00036.855 00036.917 00036.978 00037.043 00037.109 00037.176 00037.249 00037.321 00037.393 00037.478 00037.592 00037.706 00037.821 00037.912 00037.975 00038.048 00038.110 00038.166 00038.221 00038.276 00038.332 00038.389 00038.446 00038.503 00038.559 00038.616 00038.674 00038.733 00038.793 00038.853 00038.913 00038.973 00039.039 00039.103 00039.168 00039.234 00039.299 00039.364 00039.431 00039.498 00039.565 00039.632 00039.700 00039.768
00036.278 00036.377 00036.476 00036.574 00036.673 00036.720 00036.689 00036.698 00036.720 00036.742 00036.763 00036.784 00036.806 00036.846 00036.887 00036.929 00036.973 00037.034 00037.094 00037.153 00037.218 00037.282 00037.351 00037.423 00037.495 00037.568 00037.654 00037.768 00037.881 00037.993 00038.065 00038.106 00038.162 00038.216 00038.270 00038.325 00038.380 00038.435 00038.492 00038.550 00038.607 00038.664 00038.720 00038.778 00038.837 00038.897 00038.957 00039.018 00039.078 00039.141 00039.206 00039.271 00039.336 00039.401 00039.467 00039.532 00039.599 00039.666 00039.733 00039.801
00036.374 00036.462 00036.560 00036.657 00036.755 00036.854 00036.859 00036.844 00036.865 00036.886 00036.908 00036.929 00036.950 00036.980 00037.019 00037.059 00037.100 00037.148 00037.207 00037.265 00037.325 00037.389 00037.453 00037.523 00037.594 00037.667 00037.741 00037.828 00037.941 00038.040 00038.117 00038.178 00038.213 00038.267 00038.320 00038.374 00038.429 00038.484 00038.539 00038.596 00038.654 00038.711 00038.768 00038.825 00038.882 00038.942 00039.002 00039.062 00039.122 00039.183 00039.244 00039.308 00039.373 00039.438 00039.504 00039.569 00039.634 00039.700 00039.767 00039.835
