data/trial8/ashley.fml
NCOLS 382
NROWS 266
XLLCORNER 157819.328125
YLLCORNER 384678.625000
CELLSIZE 30.000000
NODATA_VALUE -1
[rows 136 to 169 of 266, columns 154 to 230 of 382]
01.59 01.64 01.36 01.39 01.24 01.22 01.93 01.98 02.05 01.95 02.01 02.08 02.08 02.08 03.35 03.48 03.43 03.29 03.20 03.09 03.22 03.28 03.27 03.32 03.37 04.49 04.82 04.81 03.54 04.87 06.97 06.85 06.29 05.79 05.51 05.10 04.41 03.99 03.49 02.96 02.98 02.94 02.90 02.77 02.79 02.85 02.96 03.24 03.92 03.95 03.92 04.25 03.46 04.25 05.37 04.22 04.10 02.98 02.47 02.47 02.41 03.16 03.36 00.56 00.43 00.44 00.53 00.29 02.22 02.65 03.12 03.55 03.95 03.82 03.46 03.64 03.52
01.54 01.65 01.29 01.34 01.19 01.39 01.94 01.99 02.04 02.09 01.99 02.01 02.09 02.01 02.71 03.28 03.30 03.17 03.09 03.07 03.02 03.08 03.16 03.18 03.26 03.64 04.90 05.00 04.19 06.05 06.69 06.15 05.72 05.45 05.11 04.19 03.51 03.37 03.68 05.16 04.65 03.28 02.74 02.50 02.65 03.00 03.55 04.01 05.54 03.87 03.86 03.98 03.76 04.19 04.72 03.74 02.84 02.95 02.63 02.61 03.38 03.57 03.77 00.54 00.41 00.46 00.46 00.30 02.02 02.73 03.22 03.98 04.03 03.86 03.53 03.15 03.38
01.65 01.44 01.30 01.31 01.19 01.84 01.96 01.99 02.04 02.08 01.99 02.00 02.01 02.01 02.03 03.15 03.16 03.06 03.03 03.01 02.99 03.02 03.03 03.09 03.13 03.25 04.83 05.04 05.47 06.24 05.96 05.56 05.34 05.15 04.38 03.52 05.66 05.79 05.82 05.61 05.03 05.11 03.92 04.83 03.44 04.25 04.80 05.33 04.79 04.11 03.86 03.88 03.87 03.98 03.72 02.89 03.47 02.85 02.76 02.77 03.45 03.69 03.73 00.55 00.39 00.45 00.37 00.32 02.32 02.87 03.65 04.26 04.37 03.83 03.62 03.42 03.08
01.75 01.29 01.33 01.31 01.21 01.88 01.96 01.98 02.02 02.07 01.98 01.98 01.99 02.01 02.11 03.02 03.04 03.00 02.97 02.97 02.98 02.96 02.96 02.97 03.03 03.03 04.73 04.95 05.53 05.67 05.37 05.20 05.06 04.84 04.89 04.99 05.12 05.55 05.59 04.98 05.02 04.93 04.88 04.00 04.80 05.08 04.88 05.57 06.52 04.95 03.84 03.81 03.80 03.82 03.50 03.90 03.56 02.87 02.88 02.84 03.23 03.66 03.64 00.62 00.40 00.41 00.34 01.36 01.75 03.19 04.29 04.37 04.58 04.25 03.73 03.68 03.20
01.66 01.29 01.33 01.25 01.21 01.91 01.96 01.97 02.02 02.05 01.97 01.97 02.00 02.01 02.16 02.93 02.97 02.95 02.95 02.95 02.93 02.91 02.88 02.87 02.90 03.87 04.82 05.04 05.26 05.18 05.08 04.97 04.87 04.79 04.88 05.05 04.84 04.99 04.73 04.50 04.82 04.56 05.07 04.97 05.42 04.41 05.19 06.14 05.97 05.13 04.83 03.55 03.72 03.78 03.87 03.81 03.68 02.87 02.83 02.85 02.77 03.58 03.53 02.96 00.45 00.38 00.37 02.16 01.91 03.20 04.04 04.44 04.66 04.22 03.86 03.74 03.48
01.53 01.28 01.33 01.18 01.21 01.93 01.96 01.98 02.02 01.98 01.97 01.97 01.99 02.00 02.38 02.89 02.91 02.93 02.92 02.89 02.88 02.84 02.83 02.82 02.83 04.23 04.74 04.93 04.99 04.94 04.90 04.81 04.73 04.73 04.76 04.75 04.67 04.53 04.31 04.40 04.57 05.81 05.46 05.41 05.66 05.66 05.77 05.76 05.09 04.62 04.51 03.25 03.57 03.74 03.75 03.72 03.59 03.48 02.78 02.71 02.63 03.50 03.42 03.63 00.61 00.56 00.54 00.56 03.38 03.79 03.91 04.31 04.61 04.50 04.17 03.78 03.79
01.34 01.28 01.33 01.19 01.83 01.96 01.97 02.00 02.03 01.97 01.97 01.97 02.00 02.00 02.66 02.86 02.89 02.87 02.84 02.86 02.79 02.81 02.82 02.80 03.07 04.40 04.70 04.78 04.80 04.77 04.76 04.69 04.63 04.57 04.47 04.48 04.34 04.21 04.14 04.33 05.34 05.13 05.39 05.60 05.12 05.39 05.26 04.71 04.39 04.12 04.01 03.44 04.11 03.47 03.56 03.48 03.40 03.33 02.73 02.57 03.10 03.68 03.69 03.72 03.93 04.27 04.24 03.79 04.51 04.05 03.91 04.28 04.38 04.54 04.25 04.33 03.89
01.41 01.36 01.24 01.19 01.97 01.98 01.99 02.01 02.04 01.97 01.97 01.97 02.00 02.01 02.70 02.84 02.84 02.81 02.81 02.78 02.79 02.84 02.79 02.76 03.84 04.43 04.59 04.67 04.68 04.72 04.65 04.58 04.46 04.37 04.30 04.22 04.13 04.10 04.06 04.11 04.29 04.27 04.28 04.80 04.51 04.70 04.20 04.10 03.92 03.83 03.43 03.50 03.42 03.21 03.44 03.21 03.22 02.61 02.48 02.93 02.85 02.91 03.43 03.69 03.76 03.95 04.21 04.15 04.33 04.15 03.96 04.01 04.34 04.46 04.47 04.63 04.68
01.27 01.19 01.18 01.94 02.00 01.99 02.01 02.02 02.04 01.98 01.98 01.98 02.00 02.02 02.74 02.81 02.79 02.80 02.78 02.78 02.79 02.77 02.75 02.74 04.11 04.39 04.53 04.63 04.65 04.61 04.51 04.39 04.28 04.18 04.12 04.07 04.07 04.00 03.93 03.94 03.79 03.99 04.09 03.93 03.98 03.88 03.80 03.67 03.60 03.29 03.18 03.16 03.14 03.36 03.18 03.14 03.77 02.93 03.01 02.97 02.92 02.90 02.89 03.46 03.73 03.79 03.95 03.91 04.17 04.22 04.21 04.02 04.07 04.27 04.49 04.69 05.12
01.23 01.66 02.11 02.10 02.02 02.02 02.03 02.05 01.99 01.98 01.99 01.99 02.02 02.24 02.74 02.77 02.77 02.77 02.75 02.76 02.73 02.71 02.71 03.57 04.21 04.40 04.55 04.57 04.55 04.44 04.32 04.21 04.11 04.04 04.04 03.98 03.90 03.78 03.73 03.68 03.60 03.59 03.62 03.61 03.52 03.49 03.39 03.35 03.11 03.03 03.01 03.03 02.99 02.91 03.29 03.68 03.89 03.44 03.04 03.00 02.98 02.96 02.91 02.90 03.58 03.75 03.78 03.78 03.89 04.15 04.22 03.77 03.84 03.97 04.17 04.53 05.23
02.49 02.38 02.26 02.16 02.07 02.05 02.05 02.07 02.01 02.01 02.00 02.00 02.03 02.57 02.72 02.74 02.74 02.73 02.71 02.68 02.66 02.65 02.64 03.95 04.31 04.47 04.47 04.42 04.35 04.26 04.14 04.03 04.00 04.00 03.90 03.81 03.68 03.64 03.55 03.47 03.38 03.33 03.29 03.24 03.21 03.15 03.04 02.92 02.93 02.88 02.86 02.78 02.83 03.20 03.33 03.66 03.83 03.90 03.91 03.49 03.91 03.04 02.96 02.91 02.90 03.70 03.75 03.76 03.78 03.97 03.92 04.18 03.57 03.62 04.03 04.27 04.53
02.52 02.43 02.30 02.20 02.11 02.07 02.07 02.02 02.03 02.02 02.01 02.02 02.03 02.63 02.70 02.71 02.70 02.68 02.65 02.64 02.61 02.61 03.48 04.17 04.34 04.33 04.29 04.23 04.19 04.10 03.98 03.92 03.92 03.80 03.70 03.61 03.50 03.41 03.31 03.18 03.11 03.07 03.07 03.00 02.97 02.75 02.72 02.69 02.51 03.34 02.63 03.65 03.22 03.44 03.51 03.39 03.22 03.74 03.80 03.57 03.83 03.27 02.96 02.97 02.92 03.38 03.72 03.75 03.74 03.75 03.87 03.84 03.67 03.47 03.71 03.43 03.01
02.49 02.38 02.30 02.18 02.10 02.08 02.09 02.04 02.04 02.03 02.02 02.03 02.36 02.64 02.67 02.67 02.65 02.63 02.62 02.64 02.59 02.58 03.95 04.18 04.22 04.18 04.12 04.06 04.04 03.93 03.89 03.73 03.62 03.54 03.43 03.34 03.19 03.06 02.99 02.94 02.92 02.88 02.87 02.74 03.04 03.49 03.70 03.93 03.49 03.60 03.59 03.56 03.50 03.44 03.36 03.52 03.40 03.73 03.50 03.41 03.65 03.50 02.70 02.91 02.92 02.90 03.60 03.72 03.72 03.71 03.73 03.73 03.80 03.32 03.34 02.60 02.83
02.45 02.42 02.31 02.21 02.13 02.10 02.05 02.05 02.05 02.04 02.04 02.05 02.52 02.61 02.62 02.60 02.59 02.59 02.61 02.57 02.58 03.54 04.01 04.12 04.09 04.04 04.00 03.93 03.87 03.68 03.49 03.40 03.32 03.21 03.07 02.97 02.95 02.88 02.79 02.77 02.77 03.65 05.75 03.87 04.39 03.71 03.82 03.60 03.56 03.54 03.47 03.40 03.37 03.27 03.25 03.28 03.41 03.26 03.26 03.34 03.29 03.12 02.69 02.93 02.74 02.91 02.86 03.64 03.71 03.69 03.70 03.69 03.72 03.18 02.95 02.83 03.05
02.45 02.42 02.32 02.23 02.16 02.08 02.07 02.07 02.07 02.06 02.06 02.22 02.55 02.57 02.56 02.55 02.55 02.56 02.54 02.55 02.66 03.83 04.00 04.01 03.97 03.91 03.86 03.73 03.40 03.16 03.12 03.01 02.94 02.90 02.86 02.77 02.71 02.67 02.70 05.59 04.92 05.88 04.87 04.28 03.77 03.64 03.52 03.51 03.46 03.40 03.33 03.28 03.20 03.13 03.14 03.10 03.10 03.09 03.10 03.03 02.87 02.57 02.78 02.89 02.70 02.90 02.72 02.81 03.70 03.68 03.67 03.64 03.51 03.00 02.95 03.02 03.44
02.45 02.40 02.35 02.25 02.15 02.11 02.09 02.08 02.08 02.08 02.07 02.45 02.51 02.51 02.52 02.52 02.52 02.51 02.51 02.53 03.60 03.87 03.91 03.90 03.87 03.93 03.75 02.81 02.86 02.71 02.69 02.66 02.71 02.64 02.63 02.57 02.58 07.56 05.41 05.86 06.10 04.71 04.29 03.87 03.62 03.46 03.43 03.39 03.33 03.26 03.21 03.17 03.10 03.03 03.00 02.97 02.96 02.92 02.85 02.52 02.43 02.48 02.59 02.55 02.68 02.80 02.64 02.63 03.70 03.68 03.63 03.59 03.50 03.41 03.37 03.37 03.50
02.45 02.40 02.34 02.22 02.17 02.10 02.10 02.10 02.09 02.10 02.27 02.45 02.47 02.48 02.48 02.48 02.47 02.46 02.47 03.30 03.72 03.79 03.88 03.96 04.06 03.92 05.12 04.11 03.77 04.53 03.84 03.47 02.36 02.42 02.40 06.18 07.27 06.92 05.75 06.02 05.07 04.22 03.73 03.53 03.39 03.32 03.31 03.26 03.23 03.14 03.10 03.02 02.95 02.88 02.84 02.80 02.75 02.71 02.23 02.21 02.22 02.27 02.33 02.40 02.34 02.41 02.53 02.44 03.63 03.71 03.62 03.55 03.47 03.39 03.35 03.39 03.65
02.43 02.40 02.30 02.23 02.16 02.12 02.11 02.11 02.11 02.11 02.39 02.43 02.42 02.42 02.42 02.42 02.43 02.41 02.87 03.55 03.72 03.94 04.06 04.15 04.05 04.20 04.76 04.85 04.25 05.04 04.12 03.52 03.73 03.64 05.36 06.58 06.61 06.24 05.82 05.21 04.23 03.76 03.43 03.29 03.21 03.24 03.26 03.17 03.11 02.99 02.86 02.80 02.73 02.69 02.63 02.57 02.44 02.11 02.08 02.07 02.07 02.05 02.08 02.09 02.15 02.31 02.32 03.21 03.77 03.42 03.77 03.67 03.62 03.69 04.22 04.94 03.68
02.38 02.35 02.29 02.26 02.19 02.14 02.13 02.12 02.12 02.32 02.38 02.38 02.38 02.38 02.37 02.37 02.36 02.37 03.51 03.91 04.04 04.17 04.15 04.03 04.08 04.11 04.41 04.66 04.74 04.64 04.69 05.21 05.00 05.41 05.91 06.09 05.84 05.51 04.99 04.37 03.67 03.37 03.20 03.15 03.18 03.14 03.07 02.88 02.79 02.68 02.61 02.52 02.49 02.45 02.41 02.06 02.00 01.93 01.93 01.95 01.91 01.92 01.93 01.99 02.03 02.38 03.01 03.45 03.25 03.43 03.85 04.30 03.72 03.97 04.66 04.56 03.59
02.38 02.34 02.32 02.27 02.19 02.16 02.15 02.14 02.24 02.33 02.34 02.35 02.35 02.35 02.36 02.38 02.39 03.65 04.07 04.13 04.14 04.10 04.00 03.99 03.93 03.98 04.17 04.24 04.50 04.54 05.09 05.40 05.37 05.03 05.12 05.27 05.08 04.59 04.35 03.59 03.28 03.13 03.09 03.03 03.00 02.96 02.70 02.58 02.41 02.38 02.36 02.34 02.32 02.07 02.02 01.97 01.96 01.96 01.94 01.90 01.91 01.95 02.15 02.60 02.64 02.53 02.70 02.87 03.04 03.32 03.40 03.41 03.54 04.41 04.84 05.31 03.72
02.36 02.36 02.34 02.26 02.20 02.17 02.17 02.18 02.28 02.30 02.31 02.33 02.35 02.37 02.42 02.46 03.60 03.97 04.06 04.07 04.00 03.92 03.85 03.76 03.73 03.82 03.84 04.03 03.94 04.27 04.91 04.97 04.96 05.05 04.56 04.55 04.20 04.12 03.50 03.25 03.07 03.02 02.90 02.79 02.72 02.52 02.38 02.31 02.34 02.37 02.45 02.34 02.15 01.99 01.96 02.04 02.01 01.97 01.93 01.91 01.93 02.63 02.77 02.84 02.75 02.94 02.95 02.73 04.31 04.76 04.95 05.16 04.85 05.21 05.22 05.15 04.35
02.37 02.35 02.31 02.23 02.19 02.20 02.17 02.28 02.33 02.37 02.35 02.38 02.41 02.46 02.49 03.25 03.80 03.93 03.94 03.89 03.80 03.66 03.63 03.59 03.60 03.64 03.62 03.74 03.77 04.03 04.06 04.19 04.29 04.04 04.03 03.92 03.84 03.35 03.24 03.09 02.84 02.68 02.53 02.46 02.36 02.35 02.33 02.34 02.37 02.40 02.22 02.20 02.15 02.10 02.10 02.09 02.07 02.02 01.99 02.70 03.01 03.09 03.11 03.68 05.40 05.60 05.90 05.92 05.64 05.06 05.22 05.34 05.16 05.04 04.97 04.90 04.87
02.36 02.31 02.27 02.24 02.23 02.21 02.27 02.33 02.37 02.33 02.35 02.37 02.44 02.49 02.49 03.57 03.74 03.77 03.72 03.66 03.55 03.52 03.49 03.48 03.51 03.54 03.52 03.54 03.47 03.57 03.56 03.70 03.67 03.69 03.59 03.58 03.27 03.15 03.25 02.86 02.47 02.43 02.31 02.26 02.25 02.28 02.29 02.31 02.33 02.18 02.17 02.16 02.13 02.10 02.08 02.13 02.11 02.00 03.25 03.62 03.94 04.49 05.04 05.41 05.73 05.98 05.83 05.69 05.46 05.35 05.24 05.10 04.91 04.80 04.78 04.71 04.69
02.34 02.29 02.30 02.29 02.26 02.24 02.25 02.27 02.29 02.31 02.32 02.37 02.39 02.43 03.29 03.56 03.55 03.51 03.50 03.44 03.43 03.43 03.44 03.44 03.44 03.41 03.45 03.35 03.34 03.31 03.40 03.47 03.43 03.44 03.39 03.12 03.04 03.35 02.62 03.07 02.45 02.23 02.18 02.18 02.21 02.24 02.34 02.16 02.17 02.19 02.14 02.17 02.20 02.50 02.25 02.23 02.20 03.28 03.65 04.32 04.74 05.14 05.51 05.82 05.82 05.73 05.61 05.46 05.30 05.15 04.98 04.85 04.71 04.67 04.63 04.53 04.42
02.30 02.31 02.35 02.20 02.15 02.19 02.21 02.22 02.25 02.27 02.28 02.30 02.33 03.15 03.35 03.37 03.36 03.35 03.35 03.35 03.34 03.32 03.31 03.31 03.31 03.33 03.27 03.29 03.26 03.28 03.33 03.32 03.32 03.29 02.97 02.97 02.91 03.55 03.53 02.15 02.34 02.20 02.15 02.43 02.45 02.68 02.48 02.49 02.54 02.38 02.44 02.44 02.44 02.37 02.36 02.26 03.11 03.67 04.51 04.84 05.15 05.59 05.72 05.74 05.65 05.51 05.36 05.21 05.08 04.92 04.76 04.66 04.59 04.50 04.34 04.25 04.18
02.30 02.36 02.05 02.08 02.12 02.15 02.16 02.19 02.21 02.21 02.23 02.24 03.04 03.21 03.26 03.27 03.27 03.27 03.27 03.24 03.23 03.22 03.22 03.21 03.21 03.22 03.23 03.20 03.22 03.23 03.23 03.23 03.20 02.91 02.89 02.93 02.98 03.48 03.91 03.91 02.86 03.25 03.48 03.09 02.83 02.48 02.47 02.48 02.46 02.45 02.43 02.37 02.33 02.26 02.21 02.94 05.51 05.26 04.94 05.25 05.36 05.52 05.67 05.63 05.40 05.20 05.07 04.96 04.77 04.66 04.56 04.39 04.23 04.13 04.07 04.02 03.95
02.09 02.06 02.08 02.11 02.11 02.13 02.16 02.16 02.18 02.21 02.63 03.01 03.13 03.18 03.19 03.20 03.20 03.19 03.17 03.17 03.16 03.16 03.15 03.15 03.15 03.15 03.14 03.14 03.15 03.17 03.16 03.15 02.90 02.90 02.90 02.96 03.05 03.46 03.93 03.87 03.80 03.42 03.00 02.50 02.35 02.36 02.33 02.30 02.30 02.26 02.20 02.20 02.17 02.59 04.43 05.15 05.20 05.06 05.18 05.19 05.27 05.39 05.52 05.42 05.11 04.90 04.77 04.61 04.48 04.25 04.09 04.02 03.97 03.92 03.89 03.80 03.78
02.13 02.12 02.13 02.11 02.13 02.14 02.15 02.16 02.18 02.81 03.00 03.06 03.09 03.10 03.11 03.11 03.11 03.11 03.11 03.10 03.10 03.10 03.09 03.09 03.10 03.10 03.09 03.09 03.09 03.11 03.12 02.90 02.90 02.87 02.87 02.91 02.93 03.40 03.96 03.84 03.33 03.05 02.18 02.32 02.26 02.14 02.13 02.15 02.22 02.01 02.06 03.63 03.82 03.70 04.53 04.83 04.93 05.02 05.05 05.08 05.19 05.26 05.31 05.06 04.75 04.56 04.38 04.24 04.03 03.97 03.90 03.86 03.81 03.77 03.72 03.69 03.66
02.12 02.15 02.18 02.19 02.18 02.19 02.19 02.74 02.98 03.06 03.08 03.08 03.08 03.07 03.07 03.08 03.08 03.08 03.08 03.08 03.07 03.07 03.06 03.04 03.03 03.02 03.01 03.01 03.02 02.83 02.84 02.86 02.88 02.86 02.88 02.87 02.88 03.08 03.40 03.43 02.59 02.46 03.92 03.79 04.31 03.31 03.39 01.77 04.07 04.35 04.20 03.74 03.83 03.38 04.39 04.70 04.83 04.89 04.92 04.99 04.99 04.95 04.86 04.59 04.30 04.12 03.99 03.90 03.86 03.82 03.77 03.72 03.67 03.63 03.62 03.56 03.53
02.07 02.10 02.13 02.15 02.20 02.23 02.95 03.12 03.18 03.19 03.19 03.18 03.17 03.15 03.16 03.18 03.15 03.15 03.15 03.14 03.13 03.13 03.12 03.12 03.12 03.12 03.12 03.10 02.90 02.90 02.90 02.90 02.91 02.90 02.90 02.88 03.14 03.72 03.69 04.52 04.20 04.33 04.36 04.34 04.17 04.11 03.80 03.91 04.23 04.08 03.97 03.79 03.45 03.62 04.39 04.61 04.72 04.74 04.77 04.72 04.64 04.50 04.23 04.03 03.92 03.86 03.79 03.77 03.75 03.71 03.67 03.60 03.53 03.49 03.47 03.43 03.38
02.00 02.04 02.07 02.13 02.61 02.91 03.00 03.05 03.08 03.08 03.07 03.07 03.06 03.06 03.06 03.06 03.07 03.08 03.05 03.06 03.07 03.07 03.06 03.05 03.05 03.05 02.85 02.85 02.85 02.85 02.85 02.85 02.86 02.85 02.87 02.90 03.09 03.71 04.21 04.10 04.69 03.98 03.86 04.01 03.60 03.83 03.79 03.66 03.88 03.76 03.62 03.31 03.11 04.00 04.35 04.51 04.56 04.56 04.46 04.35 04.10 03.95 03.87 03.78 03.75 03.72 03.73 03.68 03.64 03.59 03.49 03.43 03.39 03.36 03.30 03.27 03.25
01.98 02.02 02.39 02.63 02.76 02.81 02.88 02.93 02.96 02.98 02.96 02.97 02.98 02.97 02.98 02.99 02.98 02.98 03.00 02.99 02.98 02.99 02.98 02.99 02.95 02.80 02.80 02.80 02.80 02.80 02.80 02.81 02.81 02.82 02.86 02.89 02.98 03.36 03.45 03.44 04.18 03.63 03.30 02.90 03.43 03.45 03.65 03.47 03.52 03.40 03.01 02.97 03.24 04.07 04.27 04.32 04.27 04.18 04.06 03.89 03.79 03.72 03.68 03.66 03.64 03.62 03.58 03.55 03.49 03.42 03.35 03.31 03.31 03.33 03.33 03.30 03.25
-1.00 -1.00 -1.00 02.29 02.45 02.59 02.68 02.72 02.82 02.87 02.87 02.87 02.88 02.89 02.89 02.90 02.89 02.89 02.90 02.91 02.91 02.91 02.93 02.75 02.75 02.75 02.75 02.75 02.76 02.76 02.76 02.76 02.77 02.78 02.80 02.81 02.90 03.14 03.44 03.37 03.44 02.86 02.71 02.88 02.94 03.12 03.31 03.16 03.17 02.88 02.80 02.78 03.73 03.97 04.01 03.98 03.93 03.88 03.76 03.66 03.59 03.58 03.55 03.53 03.50 03.48 03.44 03.38 03.30 03.27 03.28 03.28 03.25 03.22 03.21 03.14 03.09
-1.00 -1.00 -1.00 -1.00 01.07 02.24 02.41 02.57 02.63 02.67 02.76 02.79 02.80 02.81 02.82 02.83 02.83 02.84 02.84 02.84 02.85 02.69 02.70 02.70 02.71 02.71 02.71 02.71 02.72 02.72 02.72 02.72 02.72 02.72 02.73 02.74 02.78 02.90 03.07 02.93 02.59 02.56 02.55 02.62 02.66 02.69 02.80 02.82 02.72 02.63 02.60 03.43 03.70 03.77 03.79 03.78 03.70 03.60 03.51 03.48 03.45 03.41 03.38 03.36 03.32 03.27 03.21 03.19 03.17 03.11 03.09 03.07 03.09 03.11 03.09 03.10 03.18
