data/trial8/ashley.fli
NCOLS 382
NROWS 266
XLLCORNER 157819.328125
YLLCORNER 384678.625000
CELLSIZE 30.000000
NODATA_VALUE -1
[rows 208 to 233 of 266, columns 240 to 299 of 382]
00040.158 00040.779 00041.251 00041.593 00041.903 00040.463 00039.431 00034.851 00035.435 00036.924 00037.757 00038.342 00039.192 00040.048 00040.587 00041.108 00041.657 00042.183 00042.646 00043.003 00043.338 00043.652 00043.941 00044.256 00044.540 00044.829 00044.805 00044.766 00045.252 00068.802 00073.111 00074.390 00074.257 00074.660 00074.626 00074.435 00074.301 00073.961 00073.967 00073.524 00073.325 00073.420 00073.365 00073.161 00072.970 00072.761 00072.234 00072.186 00072.143 00072.016 00071.976 00071.864 00071.771 00071.666 00071.539 00071.449 00071.494 00071.337 00071.077 00070.367
00039.844 00040.627 00041.179 00041.730 00042.035 00042.286 00041.444 00039.166 00037.665 00038.677 00039.489 00039.733 00040.118 00040.503 00040.930 00041.408 00041.924 00042.453 00042.925 00043.223 00043.551 00043.928 00044.242 00044.528 00044.835 00045.118 00045.281 00047.294 00063.789 00071.720 00073.862 00074.381 00074.313 00074.069 00074.162 00074.002 00073.875 00073.994 00073.840 00073.493 00073.264 00073.360 00073.208 00073.007 00072.831 00072.129 00072.022 00071.979 00071.924 00071.796 00071.743 00071.638 00071.574 00071.476 00071.322 00071.359 00071.350 00071.121 00070.934 00069.962
00039.134 00040.146 00040.611 00041.545 00042.151 00042.273 00042.167 00041.438 00037.922 00038.816 00039.679 00039.975 00040.237 00040.651 00041.013 00041.534 00041.956 00042.300 00042.862 00043.281 00043.489 00043.789 00044.493 00044.762 00045.004 00045.346 00052.415 00067.945 00072.063 00073.582 00074.198 00074.430 00074.185 00074.016 00073.691 00073.778 00073.848 00073.780 00073.630 00073.491 00073.403 00073.210 00073.031 00072.867 00072.206 00071.945 00071.883 00071.812 00071.607 00071.564 00071.483 00071.418 00071.330 00071.219 00071.171 00071.241 00071.254 00071.082 00070.825 00070.474
00038.491 00039.395 00040.807 00041.911 00042.483 00042.692 00042.611 00042.377 00038.908 00038.871 00039.709 00040.344 00040.595 00040.881 00041.173 00041.428 00041.543 00041.927 00042.268 00042.143 00042.746 00043.654 00044.483 00044.924 00045.369 00058.594 00068.995 00072.228 00073.586 00074.171 00074.335 00074.424 00074.102 00073.946 00072.889 00073.602 00073.609 00073.504 00073.416 00073.404 00073.156 00072.843 00072.872 00072.386 00071.855 00071.800 00071.713 00071.514 00071.432 00071.309 00071.245 00071.175 00071.082 00071.005 00071.003 00070.987 00071.156 00070.924 00070.640 00070.355
00038.409 00039.818 00041.221 00042.370 00042.158 00042.855 00043.110 00042.787 00042.307 00038.878 00039.875 00040.707 00040.961 00041.119 00041.229 00041.473 00041.742 00042.132 00042.574 00042.650 00043.110 00043.988 00044.563 00053.702 00066.526 00070.152 00072.000 00073.089 00073.882 00073.985 00073.817 00073.778 00074.114 00073.526 00072.622 00072.657 00073.293 00073.281 00073.223 00073.090 00072.699 00072.823 00072.535 00071.696 00071.676 00071.625 00071.439 00071.341 00071.223 00071.128 00071.038 00070.935 00070.840 00070.821 00070.734 00070.696 00070.794 00070.633 00070.481 00073.771
00038.825 00040.327 00041.256 00041.443 00042.689 00043.308 00043.396 00043.171 00043.230 00039.919 00040.423 00040.918 00041.202 00041.183 00041.556 00042.048 00042.530 00042.991 00043.405 00043.286 00043.301 00053.695 00065.000 00068.363 00070.113 00071.204 00072.230 00073.218 00073.518 00072.968 00073.139 00073.617 00073.731 00073.799 00073.165 00072.706 00072.017 00072.769 00072.985 00072.750 00072.711 00072.612 00071.440 00071.406 00071.419 00071.357 00071.285 00071.142 00070.930 00070.935 00070.909 00070.739 00070.669 00070.612 00070.497 00070.505 00070.574 00070.382 00070.303 00079.648
00039.287 00040.358 00041.184 00042.150 00043.030 00043.331 00042.991 00042.845 00043.238 00042.012 00045.117 00043.241 00041.389 00041.343 00041.596 00042.074 00042.291 00042.090 00049.265 00057.506 00064.181 00067.517 00069.373 00070.147 00070.624 00070.983 00071.723 00072.221 00071.811 00072.319 00072.974 00073.266 00073.410 00073.411 00073.648 00073.197 00072.314 00071.629 00072.295 00072.609 00072.565 00070.672 00070.842 00071.044 00071.094 00071.046 00070.997 00070.537 00070.517 00070.731 00070.688 00070.545 00070.494 00070.400 00070.259 00070.267 00070.183 00070.034 00078.845 00083.115
00038.965 00040.104 00041.205 00042.059 00042.431 00042.466 00042.797 00042.987 00043.199 00045.457 00064.073 00058.147 00053.132 00047.534 00049.351 00053.502 00057.623 00060.640 00063.113 00064.963 00067.004 00068.638 00070.060 00070.293 00070.630 00070.800 00071.182 00071.243 00071.349 00070.904 00071.990 00072.902 00073.042 00073.151 00073.258 00073.326 00072.855 00072.217 00071.528 00071.730 00069.919 00070.092 00070.318 00070.492 00070.599 00070.726 00070.597 00070.380 00070.399 00070.566 00070.485 00070.391 00070.334 00070.181 00070.104 00069.939 00069.921 00076.360 00082.305 00084.175
00038.925 00039.940 00040.964 00041.778 00042.212 00042.645 00043.060 00043.289 00043.443 00043.330 00063.937 00061.178 00051.660 00047.936 00054.131 00058.788 00060.651 00063.071 00064.603 00065.634 00066.563 00067.883 00068.076 00068.095 00069.758 00069.149 00070.174 00069.673 00070.761 00070.486 00071.632 00072.253 00072.594 00072.745 00072.681 00072.724 00072.884 00072.607 00071.940 00071.839 00072.160 00070.620 00069.806 00069.907 00070.053 00070.318 00070.418 00070.328 00070.333 00070.357 00070.352 00070.339 00070.013 00070.032 00069.905 00069.802 00073.703 00081.266 00084.078 00084.455
00038.897 00039.895 00040.884 00041.830 00042.383 00042.808 00043.238 00043.522 00043.636 00059.028 00067.054 00059.982 00055.357 00042.598 00043.217 00054.300 00057.396 00060.703 00064.439 00065.118 00065.792 00066.319 00066.646 00066.645 00067.535 00067.864 00068.990 00069.069 00069.374 00070.194 00071.013 00070.991 00071.437 00071.955 00072.074 00072.217 00072.357 00072.558 00072.175 00071.885 00071.979 00072.012 00070.988 00069.372 00069.211 00069.932 00070.148 00070.063 00070.062 00070.145 00070.114 00069.840 00069.932 00069.624 00069.572 00071.604 00080.394 00083.774 00084.594 00083.280
00038.831 00039.881 00040.830 00041.735 00042.487 00042.908 00043.597 00049.232 00063.611 00068.387 00067.687 00059.834 00054.281 00056.961 00043.465 00046.504 00052.738 00056.680 00058.113 00058.729 00058.187 00056.846 00058.083 00060.183 00062.915 00064.607 00067.546 00068.265 00068.599 00069.171 00069.392 00069.947 00070.759 00071.198 00071.390 00071.652 00072.155 00071.096 00070.956 00071.590 00071.702 00071.133 00071.018 00071.176 00067.408 00068.521 00069.472 00069.459 00069.636 00069.745 00069.651 00069.670 00069.372 00068.924 00068.995 00079.432 00083.410 00084.167 00083.362 00082.260
00038.648 00039.731 00040.698 00041.385 00042.084 00042.942 00055.837 00066.248 00069.227 00069.934 00066.113 00060.117 00051.567 00048.929 00033.754 00046.364 00049.922 00054.166 00056.580 00057.722 00054.492 00050.959 00050.637 00048.494 00055.631 00062.421 00065.015 00067.640 00068.000 00068.373 00068.934 00069.518 00070.237 00070.736 00070.843 00071.259 00068.848 00069.145 00069.738 00070.422 00070.709 00070.846 00070.766 00071.107 00070.212 00070.392 00068.617 00068.953 00069.242 00069.331 00069.316 00069.124 00068.568 00068.624 00078.413 00082.776 00083.573 00083.504 00082.693 00081.748
00038.488 00041.820 00045.555 00050.498 00055.930 00061.590 00065.887 00068.932 00070.341 00071.090 00070.153 00063.645 00051.998 00047.719 00035.143 00033.879 00044.162 00047.767 00051.018 00052.631 00043.519 00038.784 00040.616 00045.999 00050.916 00058.761 00062.735 00065.327 00067.377 00067.790 00068.200 00068.838 00069.479 00070.115 00070.065 00067.437 00067.857 00068.325 00068.817 00069.190 00069.677 00070.057 00070.710 00070.877 00070.495 00070.262 00070.516 00068.271 00068.469 00068.666 00068.535 00068.133 00068.358 00077.549 00081.942 00083.077 00083.228 00082.845 00081.943 00081.163
00063.847 00055.832 00058.766 00061.367 00063.173 00064.996 00066.592 00068.561 00070.056 00070.867 00071.336 00069.593 00061.056 00047.133 00047.951 00046.988 00043.535 00047.639 00050.175 00046.117 00050.749 00036.433 00028.897 00036.573 00045.932 00053.536 00060.569 00063.113 00065.572 00067.100 00067.499 00067.964 00068.721 00065.395 00066.123 00066.632 00067.069 00067.570 00067.860 00068.385 00068.794 00069.311 00069.836 00070.289 00070.318 00070.053 00069.864 00069.662 00067.464 00067.556 00067.904 00067.766 00076.569 00081.199 00082.851 00083.073 00082.770 00081.871 00080.931 00080.566
00062.257 00056.199 00058.831 00061.489 00063.394 00064.771 00066.135 00067.505 00068.849 00070.102 00070.325 00069.199 00066.746 00053.821 00052.548 00056.573 00060.945 00057.732 00055.277 00050.620 00059.664 00055.114 00023.660 00030.040 00045.009 00050.600 00056.647 00060.821 00063.279 00065.757 00066.852 00063.137 00063.436 00064.173 00064.936 00065.605 00066.100 00066.522 00067.059 00067.538 00067.954 00068.432 00068.877 00069.094 00069.260 00069.582 00068.834 00069.175 00069.472 00068.174 00068.255 00076.468 00080.511 00082.377 00082.825 00082.626 00081.870 00080.869 00080.427 00080.432
00061.477 00065.002 00057.160 00059.855 00062.562 00063.841 00065.113 00066.463 00068.094 00069.193 00070.071 00068.900 00052.740 00056.459 00056.055 00050.271 00050.224 00058.725 00067.564 00060.616 00055.654 00054.033 00022.924 00028.256 00033.986 00044.001 00054.011 00059.574 00061.198 00058.881 00060.737 00061.718 00062.389 00063.056 00063.718 00064.350 00064.981 00065.652 00066.080 00066.595 00067.087 00067.389 00067.706 00067.954 00068.304 00068.164 00068.128 00068.615 00068.912 00068.393 00075.309 00080.926 00082.364 00082.485 00082.094 00081.679 00081.060 00080.322 00080.120 00079.955
00060.950 00063.374 00055.016 00057.613 00060.235 00062.181 00063.118 00065.047 00067.339 00068.371 00061.542 00055.461 00062.137 00059.806 00050.694 00053.192 00037.980 00041.561 00050.088 00061.878 00065.719 00060.953 00024.801 00028.001 00032.759 00037.861 00043.481 00049.621 00054.943 00056.838 00058.686 00060.484 00061.393 00061.950 00062.597 00063.257 00063.895 00064.512 00065.192 00065.611 00065.941 00066.504 00066.882 00067.199 00067.351 00066.232 00066.890 00067.634 00068.368 00069.846 00079.096 00082.221 00082.856 00082.305 00081.584 00080.973 00080.312 00079.715 00079.337 00078.989
00059.265 00061.957 00064.222 00056.676 00059.363 00062.234 00063.067 00063.407 00065.561 00066.604 00062.181 00066.499 00068.645 00064.756 00043.024 00053.856 00051.885 00043.075 00044.368 00052.446 00059.850 00066.861 00062.335 00028.071 00033.168 00037.106 00040.974 00045.930 00051.224 00055.019 00056.659 00058.414 00060.154 00061.170 00061.700 00062.169 00062.846 00063.491 00064.058 00064.514 00064.969 00065.526 00066.135 00066.331 00065.499 00065.251 00065.545 00066.643 00068.289 00077.409 00081.511 00082.644 00082.543 00081.882 00081.467 00080.565 00079.453 00078.956 00078.584 00078.313
00052.105 00060.861 00065.847 00053.688 00059.016 00061.720 00063.338 00063.728 00065.343 00067.557 00068.745 00069.046 00069.358 00068.399 00061.960 00059.290 00058.100 00044.081 00040.112 00041.302 00043.371 00048.302 00059.177 00041.418 00031.962 00036.460 00039.646 00043.121 00047.154 00051.840 00054.367 00057.533 00059.510 00060.384 00060.934 00061.386 00061.801 00062.374 00062.896 00063.445 00064.037 00064.711 00065.067 00065.362 00065.464 00064.593 00065.196 00068.667 00077.308 00081.052 00082.100 00082.347 00081.861 00081.471 00080.986 00080.111 00079.158 00078.232 00077.831 00077.591
00048.323 00057.898 00063.326 00067.412 00058.960 00059.494 00062.158 00063.810 00064.985 00066.712 00068.511 00069.613 00069.244 00068.048 00067.298 00066.163 00063.923 00058.173 00047.396 00037.166 00031.956 00038.743 00037.816 00046.250 00034.758 00034.116 00038.621 00041.384 00044.538 00047.709 00050.924 00054.600 00058.142 00059.468 00060.133 00060.638 00061.045 00061.443 00061.990 00062.603 00063.192 00063.723 00064.026 00064.222 00064.119 00064.192 00069.536 00076.983 00080.670 00081.782 00081.906 00081.546 00081.221 00080.834 00080.469 00079.691 00078.986 00078.157 00077.292 00076.968
00044.844 00052.998 00059.510 00063.826 00067.847 00057.882 00059.918 00062.866 00063.792 00064.145 00066.118 00068.319 00069.262 00068.587 00068.357 00067.693 00066.750 00065.800 00066.062 00056.074 00042.684 00035.641 00036.267 00036.407 00034.849 00034.169 00038.021 00041.017 00043.442 00046.099 00048.809 00051.732 00054.931 00057.947 00059.117 00059.865 00060.377 00060.750 00061.082 00061.612 00062.127 00062.618 00063.157 00063.392 00062.971 00072.046 00076.090 00079.300 00080.907 00081.452 00080.808 00080.650 00080.471 00080.325 00080.179 00079.091 00078.527 00078.078 00077.315 00076.678
00040.716 00048.685 00056.440 00060.907 00064.653 00056.544 00057.995 00060.836 00062.828 00063.291 00064.434 00066.481 00068.400 00067.239 00067.106 00068.884 00068.539 00067.659 00066.406 00063.409 00060.916 00059.403 00050.455 00051.014 00040.740 00047.372 00044.993 00039.360 00040.457 00042.305 00044.767 00044.233 00046.323 00049.969 00055.191 00056.525 00058.778 00060.024 00060.381 00060.658 00061.217 00061.964 00062.279 00067.501 00073.521 00077.319 00078.287 00079.416 00080.537 00080.123 00080.165 00080.019 00079.623 00079.385 00079.018 00078.563 00078.315 00077.764 00077.335 00077.032
00066.079 00051.951 00051.854 00057.067 00058.646 00061.151 00059.470 00058.855 00061.738 00062.880 00062.474 00059.473 00061.253 00063.113 00064.921 00066.609 00068.013 00069.003 00067.492 00065.244 00064.558 00061.983 00058.224 00058.488 00048.913 00045.480 00056.181 00043.589 00046.114 00047.316 00050.491 00048.398 00044.443 00040.296 00042.700 00046.122 00049.662 00055.392 00056.918 00057.515 00059.755 00066.245 00071.628 00074.659 00076.564 00077.597 00078.318 00079.083 00079.581 00079.246 00079.254 00079.068 00078.628 00078.326 00078.003 00077.831 00078.048 00077.505 00077.080 00076.661
00067.955 00066.992 00045.312 00056.365 00058.553 00056.511 00057.464 00050.486 00052.239 00053.991 00055.762 00057.498 00059.330 00061.131 00062.866 00064.462 00065.961 00067.614 00068.516 00067.903 00067.252 00067.841 00066.343 00063.857 00055.409 00052.063 00045.222 00029.344 00030.696 00046.194 00048.315 00048.660 00044.640 00046.270 00046.507 00044.851 00041.207 00048.860 00052.076 00061.710 00067.571 00072.638 00074.448 00075.382 00076.095 00076.766 00077.143 00077.944 00078.019 00078.117 00078.290 00078.064 00077.785 00077.584 00076.967 00076.775 00076.988 00076.893 00076.587 00076.101
00069.011 00065.945 00067.252 00044.229 00053.683 00054.997 00056.867 00058.691 00050.770 00052.547 00054.291 00055.954 00057.541 00059.252 00060.933 00062.368 00065.093 00066.387 00067.249 00067.933 00068.429 00068.237 00068.036 00067.602 00064.580 00059.117 00057.487 00046.030 00042.170 00037.356 00035.572 00035.818 00034.765 00044.316 00045.446 00043.741 00042.371 00041.197 00046.153 00064.594 00066.871 00070.256 00074.145 00074.880 00074.913 00075.412 00076.419 00076.250 00076.723 00077.372 00077.392 00077.203 00076.980 00076.650 00076.432 00076.199 00075.709 00075.763 00075.821 00075.669
00068.807 00069.413 00069.351 00052.701 00047.025 00053.463 00055.305 00057.158 00058.964 00051.057 00052.820 00054.483 00055.920 00057.194 00057.861 00058.871 00062.003 00064.908 00066.028 00066.658 00067.249 00067.798 00068.029 00067.721 00066.598 00065.585 00070.452 00062.966 00054.290 00049.686 00045.549 00043.845 00042.833 00038.985 00041.277 00037.210 00041.448 00038.534 00034.334 00048.404 00064.291 00067.387 00069.786 00073.196 00073.582 00073.867 00074.385 00075.463 00076.214 00076.217 00076.186 00076.101 00075.790 00075.697 00075.662 00075.371 00074.910 00075.193 00075.183 00074.966
