data/trial8/ashley.fml
NCOLS 382
NROWS 266
XLLCORNER 157819.328125
YLLCORNER 384678.625000
CELLSIZE 30.000000
NODATA_VALUE -1
[rows 102 to 135 of 266, columns 77 to 153 of 382]
-1.00 -1.00 -1.00 -1.00 -1.00 -1.00 -1.00 -1.00 -1.00 -1.00 -1.00 -1.00 -1.00 -1.00 -1.00 -1.00 01.79 01.80 01.80 01.96 02.03 02.07 02.09 01.89 01.84 01.80 01.98 02.11 01.99 02.31 02.35 02.38 02.26 02.27 02.27 02.23 02.11 01.87 01.69 01.58 01.55 00.64 01.15 02.01 02.09 01.71 02.01 02.06 02.24 02.28 02.24 02.52 02.71 02.71 02.86 02.95 03.10 03.18 02.72 02.84 03.06 02.78 02.80 03.27 03.44 03.75 03.87 03.98 04.04 04.11 04.14 04.16 04.17 04.22 04.23 04.23 04.23
-1.00 -1.00 -1.00 -1.00 -1.00 -1.00 -1.00 -1.00 -1.00 -1.00 -1.00 -1.00 -1.00 01.72 01.76 01.81 01.94 01.96 01.95 02.01 01.87 01.89 01.91 01.94 01.93 01.93 01.94 01.94 01.88 01.90 01.91 01.94 02.04 02.46 02.46 02.30 01.89 01.82 01.69 01.58 01.56 01.09 01.13 01.53 02.05 01.69 02.00 02.04 02.22 02.27 02.20 02.40 02.63 02.64 02.82 02.89 03.07 02.60 02.72 02.91 02.99 02.88 02.91 02.75 02.67 02.58 03.10 03.62 03.83 03.99 04.05 04.10 04.17 04.19 04.20 04.21 04.21
-1.00 -1.00 -1.00 -1.00 -1.00 -1.00 -1.00 -1.00 -1.00 -1.00 -1.00 -1.00 -1.00 01.79 01.88 01.97 02.00 01.95 01.80 01.85 01.92 01.90 01.91 01.92 01.93 01.88 01.89 01.89 01.89 01.77 01.77 01.79 01.83 01.88 01.94 02.10 01.93 01.84 01.72 01.58 01.57 01.20 01.03 01.41 02.01 01.66 01.94 02.01 02.19 02.24 02.15 02.20 02.54 02.55 02.72 02.81 02.94 02.52 02.73 02.82 03.02 02.93 02.66 02.60 02.57 02.57 02.50 02.43 03.04 03.71 03.88 03.99 04.10 04.13 04.15 04.17 04.18
-1.00 -1.00 -1.00 -1.00 -1.00 -1.00 -1.00 -1.00 -1.00 -1.00 -1.00 -1.00 01.76 01.82 01.89 01.79 01.79 01.84 01.86 01.81 01.83 01.84 01.78 01.81 01.83 01.84 01.76 01.71 01.73 01.66 01.76 01.83 01.88 01.96 01.97 02.01 01.99 01.74 01.83 01.70 01.36 01.33 00.95 01.37 01.93 01.98 01.73 01.98 02.16 02.19 02.10 02.14 02.45 02.47 02.60 02.72 02.71 02.42 02.54 03.34 03.16 02.88 02.64 02.51 02.49 02.46 02.49 02.44 02.40 02.41 03.30 03.84 03.94 04.02 04.06 04.11 04.13
-1.00 -1.00 -1.00 -1.00 -1.00 -1.00 -1.00 -1.00 -1.00 -1.00 -1.00 -1.00 01.79 01.80 01.77 01.70 01.78 01.65 01.72 01.76 01.64 01.68 01.73 01.70 01.53 01.49 01.45 01.51 01.47 01.46 01.47 01.62 01.83 01.96 02.08 02.04 02.26 01.51 01.89 01.61 01.24 00.92 00.79 00.94 01.86 01.92 01.65 01.90 01.87 02.05 02.01 02.06 02.38 02.38 01.95 02.62 02.22 02.21 03.52 03.48 03.22 02.93 02.79 02.66 02.50 02.46 02.44 02.44 02.40 02.36 02.35 02.93 03.39 03.75 03.86 04.00 04.07
-1.00 -1.00 -1.00 -1.00 -1.00 -1.00 -1.00 -1.00 -1.00 -1.00 -1.00 01.76 01.76 01.80 01.74 01.68 01.63 01.65 01.66 01.67 01.63 01.64 01.68 01.48 01.49 01.48 01.46 01.45 01.43 01.43 01.51 01.59 01.85 01.97 02.04 02.00 02.04 02.31 01.10 01.06 01.04 00.93 00.78 00.91 00.68 01.11 01.79 01.56 01.74 01.74 01.91 01.74 01.91 02.26 01.73 02.47 02.12 01.91 03.26 03.14 02.90 02.86 02.72 02.63 02.53 02.47 02.43 02.41 02.41 02.34 02.33 02.51 02.51 02.49 03.18 03.75 03.93
-1.00 -1.00 -1.00 -1.00 -1.00 -1.00 -1.00 -1.00 -1.00 -1.00 -1.00 01.77 01.72 01.78 01.68 01.63 01.62 01.65 01.63 01.61 01.63 01.67 01.62 01.47 01.49 01.47 01.45 01.44 01.42 01.41 01.48 01.62 01.72 02.01 01.98 01.97 01.84 01.93 02.25 01.17 01.10 01.11 01.07 00.99 00.90 00.80 00.68 01.63 01.50 01.73 01.63 01.39 01.74 01.44 01.10 00.92 01.02 01.02 01.01 01.03 01.45 02.35 02.71 02.61 02.54 02.48 02.44 02.40 02.38 02.36 02.31 02.41 02.48 02.49 02.47 02.68 03.53
-1.00 -1.00 -1.00 -1.00 -1.00 -1.00 -1.00 -1.00 -1.00 -1.00 -1.00 01.77 01.71 01.72 01.69 01.61 01.63 01.65 01.64 01.65 01.66 01.68 01.49 01.48 01.48 01.46 01.44 01.43 01.39 01.39 01.48 01.88 01.77 01.89 02.00 01.99 01.35 01.38 01.21 01.26 -1.00 01.02 01.11 01.08 01.10 01.03 00.75 00.94 01.57 01.50 01.35 01.08 00.95 00.79 00.79 00.77 00.78 00.77 00.96 01.19 01.41 02.39 02.85 02.73 02.56 02.49 02.47 02.43 02.38 02.35 02.32 02.29 02.48 02.46 02.48 02.42 02.37
-1.00 -1.00 -1.00 -1.00 -1.00 -1.00 -1.00 -1.00 -1.00 -1.00 01.62 01.63 01.67 01.68 01.63 01.63 01.64 01.65 01.68 01.69 01.69 01.55 01.50 01.50 01.46 01.45 01.44 01.40 01.38 01.39 01.65 01.80 01.94 02.04 02.06 02.05 02.07 01.05 01.24 01.27 -1.00 -1.00 -1.00 01.06 01.01 01.03 00.90 00.66 01.43 01.54 01.08 00.76 00.77 00.70 00.76 00.87 00.79 00.73 01.03 01.22 01.42 02.74 01.98 02.63 02.54 02.49 02.47 02.45 02.40 02.35 02.31 02.28 02.43 02.45 02.46 02.42 02.36
-1.00 -1.00 -1.00 -1.00 -1.00 -1.00 -1.00 -1.00 -1.00 -1.00 01.64 01.61 01.65 01.69 01.61 01.63 01.64 01.70 01.70 01.71 01.70 01.55 01.53 01.51 01.47 01.45 01.43 01.39 01.37 01.48 01.58 01.69 01.80 02.00 02.07 01.73 01.59 01.06 01.24 00.93 00.95 00.95 00.98 01.00 01.03 00.93 01.02 00.84 00.66 01.48 00.94 00.88 01.00 01.03 01.02 01.04 00.66 00.84 01.04 01.08 02.15 02.90 03.20 03.12 03.00 02.49 02.46 02.46 02.42 02.37 02.34 02.29 02.34 02.42 02.43 02.40 02.34
-1.00 -1.00 -1.00 -1.00 -1.00 -1.00 -1.00 -1.00 -1.00 -1.00 01.65 01.62 01.67 01.70 01.63 01.63 01.64 01.72 01.72 01.73 01.60 01.56 01.55 01.50 01.48 01.45 01.41 01.38 01.42 01.48 01.54 01.61 01.73 01.78 01.53 01.41 01.16 01.07 00.91 00.84 00.83 00.83 00.88 00.88 00.91 00.99 01.03 01.05 00.94 00.83 00.87 01.05 01.17 01.21 01.15 00.93 00.66 00.93 01.22 01.10 01.73 02.54 03.24 03.09 03.04 02.97 02.90 02.70 02.44 02.39 02.35 02.31 02.31 02.40 02.41 02.39 02.33
-1.00 -1.00 -1.00 -1.00 -1.00 -1.00 -1.00 -1.00 -1.00 -1.00 01.67 01.62 01.68 01.64 01.65 01.65 01.64 01.72 01.73 01.74 01.59 01.57 01.56 01.50 01.47 01.44 01.40 01.38 01.42 01.41 01.49 01.51 01.62 01.48 01.21 01.00 00.92 00.79 00.74 00.74 00.81 00.79 00.77 00.77 00.87 00.90 00.91 01.00 01.06 01.11 01.01 01.20 01.21 01.23 00.90 00.78 00.71 00.91 01.21 01.39 02.15 03.23 03.18 03.10 03.05 03.00 02.94 02.89 02.84 02.78 02.35 02.31 02.33 02.38 02.39 02.39 02.32
-1.00 -1.00 -1.00 -1.00 -1.00 -1.00 -1.00 -1.00 -1.00 -1.00 01.67 01.63 01.68 01.66 01.66 01.65 01.71 01.72 01.75 01.75 01.60 01.58 01.55 01.50 01.47 01.42 01.40 01.39 01.39 01.40 01.45 01.43 01.41 00.51 00.98 00.91 00.71 01.18 01.28 01.03 01.06 01.05 01.25 01.23 00.84 00.78 00.88 00.90 00.93 01.02 01.13 01.20 -1.00 -1.00 00.90 00.75 00.90 01.01 01.18 01.40 02.13 03.24 03.15 03.11 03.06 03.03 02.99 02.91 02.85 02.79 02.73 02.48 02.31 02.36 02.38 02.35 02.33
-1.00 -1.00 -1.00 -1.00 -1.00 -1.00 -1.00 -1.00 -1.00 -1.00 01.66 01.63 01.67 01.66 01.66 01.65 01.70 01.71 01.76 01.73 01.60 01.58 01.53 01.50 01.48 01.42 01.40 01.41 01.37 01.38 01.42 01.37 00.96 00.96 01.28 01.83 02.54 01.58 02.19 01.84 02.53 01.85 01.38 01.32 01.08 01.23 00.85 00.78 00.92 00.93 00.91 00.99 01.02 01.06 00.91 00.73 00.92 01.01 01.07 01.52 02.37 03.32 03.25 03.12 03.09 03.06 03.00 02.95 02.87 02.81 02.76 02.68 02.62 02.32 02.38 02.35 02.32
-1.00 -1.00 -1.00 -1.00 -1.00 -1.00 -1.00 -1.00 -1.00 -1.00 01.67 01.63 01.72 01.67 01.66 01.65 01.71 01.73 01.78 01.67 01.60 01.59 01.52 01.50 01.49 01.42 01.40 01.40 01.37 01.41 01.40 01.32 01.00 01.03 01.33 02.23 02.37 01.68 02.24 02.31 02.58 01.86 02.97 01.46 01.52 01.34 01.08 01.22 00.84 00.79 00.87 00.96 00.91 00.92 00.92 00.75 00.72 00.99 00.98 01.82 03.35 03.44 03.30 03.21 03.11 03.07 03.03 02.97 02.92 02.84 02.78 02.72 02.62 02.63 02.70 02.35 02.32
-1.00 -1.00 -1.00 -1.00 -1.00 -1.00 -1.00 -1.00 -1.00 01.62 01.60 01.65 01.79 01.69 01.67 01.67 01.79 01.76 01.80 01.63 01.64 01.60 01.53 01.51 01.49 01.41 01.40 01.39 01.37 01.42 01.41 01.33 00.78 01.17 01.91 02.19 01.78 01.98 02.15 02.38 02.55 02.84 02.42 01.81 01.38 01.58 01.53 01.33 01.07 01.23 00.77 00.84 00.76 00.95 00.93 00.72 00.94 01.06 01.12 01.54 03.35 03.48 03.42 03.30 03.20 03.10 03.04 03.00 02.95 02.90 02.83 02.73 02.67 02.60 02.63 02.67 02.63
-1.00 -1.00 -1.00 -1.00 -1.00 -1.00 -1.00 -1.00 -1.00 01.64 01.60 01.69 01.80 01.72 01.68 01.77 01.86 01.81 01.85 01.66 01.68 01.62 01.54 01.55 01.52 01.42 01.42 01.38 01.36 01.42 01.41 01.30 00.56 01.19 02.10 02.18 01.75 02.07 02.13 02.39 02.45 02.46 02.47 01.86 03.51 01.65 01.39 01.55 01.50 01.33 01.32 01.09 01.23 00.80 00.76 00.73 00.81 01.17 01.05 01.48 03.43 03.45 03.46 03.40 03.34 03.22 03.07 03.01 02.98 02.92 02.86 02.80 02.70 02.62 02.59 02.61 02.64
-1.00 -1.00 -1.00 -1.00 -1.00 -1.00 -1.00 -1.00 -1.00 -1.00 01.74 01.69 01.79 01.77 01.81 01.84 01.92 01.86 01.91 01.78 01.73 01.71 01.56 01.59 01.56 01.52 01.44 01.36 01.35 01.42 01.40 01.02 00.81 01.23 02.09 02.17 01.74 02.05 02.10 02.32 02.38 02.43 02.51 02.36 03.21 02.29 01.67 01.72 01.40 01.38 01.59 01.54 01.32 01.24 01.24 01.23 00.88 01.17 01.43 01.56 03.83 03.47 03.41 03.48 03.41 03.32 03.22 03.04 03.00 02.95 02.91 02.83 02.74 02.65 02.60 02.59 02.60
-1.00 -1.00 -1.00 -1.00 -1.00 -1.00 -1.00 -1.00 -1.00 -1.00 01.78 01.67 01.86 01.87 01.91 01.88 01.94 01.94 01.93 01.93 01.84 01.80 01.75 01.63 01.73 01.68 01.49 01.45 01.42 01.48 01.40 00.99 00.90 01.26 02.07 02.15 01.73 02.04 02.07 02.28 02.33 02.33 02.42 02.94 03.02 02.15 03.27 01.99 01.73 01.73 01.76 01.40 01.54 01.50 01.47 01.30 01.28 01.21 01.42 01.78 03.23 03.59 03.52 03.44 03.45 03.44 03.34 03.23 03.09 02.99 02.93 02.87 02.78 02.69 02.63 02.56 02.58
-1.00 -1.00 -1.00 -1.00 -1.00 -1.00 -1.00 -1.00 -1.00 -1.00 01.81 01.84 01.75 01.92 01.98 02.03 01.95 01.96 01.96 02.05 01.99 01.96 01.97 01.83 01.86 01.85 01.75 01.67 01.56 01.56 01.41 00.99 00.90 01.27 02.04 02.13 01.71 02.02 02.06 02.24 02.23 02.28 02.72 02.76 02.97 02.88 03.20 03.49 02.44 01.85 01.74 01.75 01.44 01.45 01.43 01.35 01.40 01.21 01.38 03.12 03.93 03.76 03.62 03.53 03.46 03.42 03.46 03.36 03.26 03.09 02.95 02.90 02.84 02.73 02.65 02.61 02.55
-1.00 -1.00 -1.00 -1.00 -1.00 -1.00 -1.00 -1.00 -1.00 -1.00 -1.00 01.89 01.83 01.75 01.80 01.95 02.02 02.03 01.98 01.96 01.89 02.01 02.05 02.06 02.01 01.97 01.91 01.80 01.66 01.59 01.44 01.17 00.87 01.26 02.01 02.10 01.70 02.01 02.18 02.22 02.19 02.25 02.66 02.76 02.84 02.96 03.02 03.31 02.17 02.68 01.84 01.85 01.84 01.82 01.73 01.73 01.70 01.05 01.54 02.53 03.80 03.86 03.77 03.69 03.60 03.50 03.40 03.44 03.38 03.25 03.05 02.92 02.86 02.79 02.68 02.62 02.58
-1.00 -1.00 -1.00 -1.00 -1.00 -1.00 -1.00 -1.00 -1.00 -1.00 -1.00 -1.00 01.93 02.01 01.76 01.78 01.80 01.95 02.02 01.94 01.86 01.93 02.16 02.10 02.11 02.08 01.95 01.90 01.73 01.57 01.63 01.54 00.78 01.24 02.00 02.08 01.69 01.99 02.16 02.20 02.15 02.23 02.62 02.67 02.73 02.84 03.02 03.08 02.67 02.46 01.78 01.39 01.38 01.39 01.80 01.81 01.68 01.16 01.50 03.60 04.17 04.04 03.91 03.80 03.70 03.59 03.50 03.43 03.36 03.29 03.20 03.02 02.89 02.83 02.76 02.67 02.58
-1.00 -1.00 -1.00 -1.00 -1.00 -1.00 -1.00 -1.00 -1.00 -1.00 -1.00 -1.00 -1.00 02.00 02.02 02.00 01.77 01.79 01.96 01.88 01.86 01.82 02.06 02.26 02.25 02.10 02.03 01.88 01.76 01.70 01.56 01.57 00.67 01.20 01.99 02.06 01.68 01.97 02.02 02.18 02.13 02.20 02.58 02.62 02.69 02.77 02.84 02.45 02.41 03.08 03.05 02.29 02.88 02.74 01.92 01.12 01.20 01.43 01.96 05.00 04.73 04.44 04.10 03.95 03.81 03.67 03.53 03.39 03.34 03.28 03.22 03.14 03.02 02.87 02.79 02.73 02.62
-1.00 -1.00 -1.00 -1.00 -1.00 -1.00 -1.00 -1.00 -1.00 -1.00 -1.00 -1.00 -1.00 -1.00 -1.00 01.99 01.97 02.03 01.80 01.70 01.82 01.86 01.99 02.21 02.26 02.19 02.01 01.93 01.83 01.68 01.56 01.56 00.52 01.18 01.97 02.05 01.68 01.97 01.99 02.16 02.10 02.18 02.54 02.58 02.65 02.71 02.78 02.37 02.45 03.30 03.24 03.19 03.13 03.00 02.34 02.19 03.61 02.37 04.47 04.83 05.05 04.84 04.57 04.31 04.02 03.67 03.30 03.07 02.84 02.82 02.93 02.90 02.86 02.84 02.74 02.70 02.65
-1.00 -1.00 -1.00 -1.00 -1.00 -1.00 -1.00 -1.00 -1.00 -1.00 -1.00 -1.00 -1.00 -1.00 -1.00 -1.00 -1.00 01.95 02.06 01.66 01.83 01.94 01.97 02.06 02.13 02.12 02.05 01.93 01.75 01.66 01.57 01.56 00.90 01.15 01.77 02.03 01.68 01.96 01.99 02.15 02.08 02.15 02.49 02.53 02.60 02.65 02.71 02.31 02.31 03.37 03.34 03.30 03.27 03.83 03.86 03.83 03.53 03.35 03.95 05.36 05.20 04.99 04.71 04.25 02.77 02.06 02.00 01.94 01.90 01.88 01.86 01.84 01.83 01.81 01.77 02.43 02.53
-1.00 -1.00 -1.00 -1.00 -1.00 -1.00 -1.00 -1.00 -1.00 -1.00 -1.00 -1.00 -1.00 -1.00 -1.00 -1.00 -1.00 -1.00 01.93 01.86 01.68 02.02 02.09 02.05 02.13 01.86 01.89 01.83 01.75 01.67 01.57 01.58 01.31 01.11 01.41 01.98 01.65 01.95 01.98 02.14 02.07 02.12 02.46 02.49 02.58 02.61 02.60 02.26 02.25 03.41 03.39 03.37 03.31 03.88 03.88 03.85 03.82 03.85 04.33 05.50 05.36 05.10 04.68 03.45 02.07 02.05 02.01 01.95 01.89 01.87 01.85 01.83 01.82 01.80 01.78 01.72 01.70
-1.00 -1.00 -1.00 -1.00 -1.00 -1.00 -1.00 -1.00 -1.00 -1.00 -1.00 -1.00 -1.00 -1.00 -1.00 -1.00 -1.00 -1.00 -1.00 01.90 01.86 01.78 02.10 02.04 01.94 01.88 01.95 01.85 01.76 01.68 01.57 01.59 01.33 00.97 01.39 01.94 01.63 01.93 01.96 02.12 02.14 02.11 02.43 02.47 02.55 02.59 02.60 02.21 03.43 03.42 03.41 03.39 03.36 03.93 03.90 03.87 03.84 03.85 04.37 05.49 05.29 04.96 04.14 02.06 02.04 02.03 02.01 01.98 01.94 01.90 01.87 01.86 01.85 01.82 01.78 01.74 01.70
-1.00 -1.00 -1.00 -1.00 -1.00 -1.00 -1.00 -1.00 -1.00 -1.00 -1.00 -1.00 -1.00 -1.00 -1.00 -1.00 -1.00 -1.00 -1.00 -1.00 02.04 01.83 01.87 01.90 02.03 01.91 01.94 01.89 01.79 01.75 01.64 01.60 01.38 00.92 01.33 01.85 01.88 01.77 01.94 02.11 02.15 02.08 02.37 02.43 02.52 02.56 02.58 02.19 03.32 03.42 03.41 03.39 03.38 03.94 03.91 03.88 03.86 03.85 05.04 05.46 05.20 04.70 02.46 02.04 02.03 02.03 02.00 02.23 02.25 02.19 02.12 02.05 02.02 01.98 01.92 01.82 01.72
-1.00 -1.00 -1.00 -1.00 -1.00 -1.00 -1.00 -1.00 -1.00 -1.00 -1.00 -1.00 -1.00 -1.00 -1.00 -1.00 -1.00 -1.00 -1.00 -1.00 01.93 02.12 02.08 01.70 02.05 01.91 01.38 02.01 01.86 01.78 01.68 01.55 01.58 00.56 01.15 01.74 01.87 01.61 01.90 02.09 02.12 02.00 02.34 02.37 02.42 02.50 02.55 02.15 02.15 03.42 03.41 03.40 03.38 03.94 03.92 03.89 03.87 03.85 03.83 05.43 05.09 04.11 02.03 02.03 02.02 02.01 02.18 02.38 02.51 02.43 02.32 02.20 02.18 02.15 02.09 01.99 01.86
-1.00 -1.00 -1.00 -1.00 -1.00 -1.00 -1.00 -1.00 -1.00 -1.00 -1.00 -1.00 -1.00 -1.00 -1.00 -1.00 -1.00 -1.00 -1.00 -1.00 -1.00 02.12 02.23 01.86 00.46 01.66 00.99 02.10 01.45 00.64 01.63 01.56 01.53 00.96 00.94 01.44 01.75 01.41 01.29 01.90 02.08 01.92 01.96 01.69 02.36 02.43 02.51 02.09 02.07 03.39 03.37 03.36 03.38 03.94 03.91 03.87 03.87 03.85 03.82 05.39 04.97 03.31 02.01 02.02 02.01 02.11 02.33 02.52 02.52 02.50 02.39 02.25 02.15 02.14 02.09 02.04 01.96
-1.00 -1.00 -1.00 -1.00 -1.00 -1.00 -1.00 -1.00 -1.00 -1.00 -1.00 -1.00 -1.00 -1.00 -1.00 -1.00 -1.00 -1.00 -1.00 -1.00 -1.00 -1.00 -1.00 -1.00 -1.00 -1.00 -1.00 -1.00 -1.00 -1.00 00.99 01.76 01.49 00.69 00.76 00.77 00.71 01.64 01.14 01.86 02.07 01.91 01.88 01.72 00.61 02.35 02.39 02.02 01.97 03.35 03.32 03.03 02.81 03.86 03.86 03.84 03.86 03.84 04.88 05.33 04.84 02.48 01.97 02.01 01.97 02.21 02.48 02.55 02.52 02.50 02.44 02.30 02.13 02.10 02.09 02.05 01.97
-1.00 -1.00 -1.00 -1.00 -1.00 -1.00 -1.00 -1.00 -1.00 -1.00 -1.00 -1.00 -1.00 -1.00 -1.00 -1.00 -1.00 -1.00 -1.00 -1.00 -1.00 -1.00 -1.00 -1.00 -1.00 -1.00 -1.00 -1.00 -1.00 -1.00 -1.00 -1.00 -1.00 -1.00 -1.00 -1.00 -1.00 -1.00 -1.00 -1.00 -1.00 -1.00 -1.00 -1.00 -1.00 -1.00 00.51 01.83 01.93 01.14 03.06 02.95 01.20 03.65 03.83 03.83 03.86 03.83 05.53 05.24 04.58 01.89 01.91 01.93 01.93 02.25 02.51 02.53 02.53 02.50 02.43 02.32 02.25 02.17 02.08 02.04 01.99
-1.00 -1.00 -1.00 -1.00 -1.00 -1.00 -1.00 -1.00 -1.00 -1.00 -1.00 -1.00 -1.00 -1.00 -1.00 -1.00 -1.00 -1.00 -1.00 -1.00 -1.00 -1.00 -1.00 -1.00 -1.00 -1.00 -1.00 -1.00 -1.00 -1.00 -1.00 -1.00 -1.00 -1.00 -1.00 -1.00 -1.00 -1.00 -1.00 -1.00 -1.00 -1.00 -1.00 -1.00 -1.00 -1.00 -1.00 -1.00 -1.00 -1.00 -1.00 -1.00 -1.00 -1.00 -1.00 -1.00 02.17 02.28 05.00 05.16 04.68 02.18 01.83 01.85 01.99 02.28 02.43 02.44 02.50 02.51 02.41 02.34 02.37 02.25 02.11 02.02 02.00
-1.00 -1.00 -1.00 -1.00 -1.00 -1.00 -1.00 -1.00 -1.00 -1.00 -1.00 -1.00 -1.00 -1.00 -1.00 -1.00 -1.00 -1.00 -1.00 -1.00 -1.00 -1.00 -1.00 -1.00 -1.00 -1.00 -1.00 -1.00 -1.00 -1.00 -1.00 -1.00 -1.00 -1.00 -1.00 -1.00 -1.00 -1.00 -1.00 -1.00 -1.00 -1.00 -1.00 -1.00 -1.00 -1.00 -1.00 -1.00 -1.00 -1.00 -1.00 -1.00 -1.00 -1.00 -1.00 -1.00 -1.00 05.24 05.17 04.99 04.70 03.97 01.69 01.71 01.75 02.15 02.34 02.37 02.46 02.48 02.42 02.39 02.37 02.05 02.01 01.99 02.02
