data/trial8/ashley.ros
NCOLS 382
NROWS 266
XLLCORNER 157819.328125
YLLCORNER 384678.625000
CELLSIZE 30.000000
NODATA_VALUE -1
[rows 68 to 101 of 266, columns 77 to 153 of 382]
-1.00 -1.00 -1.00 -1.00 -1.00 -1.00 -1.00 -1.00 -1.00 -1.00 -1.00 -1.00 -1.00 -1.00 -1.00 -1.00 -1.00 -1.00 -1.00 -1.00 -1.00 -1.00 -1.00 -1.00 -1.00 -1.00 -1.00 -1.00 -1.00 -1.00 -1.00 -1.00 -1.00 -1.00 -1.00 -1.00 -1.00 -1.00 -1.00 -1.00 -1.00 -1.00 -1.00 -1.00 -1.00 -1.00 -1.00 -1.00 -1.00 -1.00 -1.00 -1.00 -1.00 -1.00 -1.00 -1.00 -1.00 -1.00 -1.00 -1.00 -1.00 -1.00 -1.00 -1.00 -1.00 -1.00 -1.00 -1.00 -1.00 -1.00 -1.00 -1.00 -1.00 -1.00 01.13 08.84 13.94
-1.00 -1.00 -1.00 -1.00 -1.00 -1.00 -1.00 -1.00 -1.00 -1.00 -1.00 -1.00 -1.00 -1.00 -1.00 -1.00 -1.00 -1.00 -1.00 -1.00 -1.00 -1.00 -1.00 -1.00 -1.00 -1.00 -1.00 -1.00 -1.00 -1.00 -1.00 -1.00 -1.00 -1.00 -1.00 -1.00 -1.00 -1.00 -1.00 -1.00 -1.00 -1.00 -1.00 -1.00 -1.00 -1.00 -1.00 -1.00 -1.00 -1.00 -1.00 -1.00 -1.00 -1.00 -1.00 -1.00 -1.00 -1.00 -1.00 -1.00 -1.00 -1.00 -1.00 -1.00 -1.00 -1.00 -1.00 -1.00 -1.00 -1.00 -1.00 -1.00 -1.00 -1.00 -1.00 05.10 12.02
-1.00 -1.00 -1.00 -1.00 -1.00 -1.00 -1.00 -1.00 -1.00 -1.00 -1.00 -1.00 -1.00 -1.00 -1.00 -1.00 -1.00 -1.00 -1.00 -1.00 -1.00 -1.00 -1.00 -1.00 -1.00 -1.00 -1.00 -1.00 -1.00 -1.00 -1.00 -1.00 -1.00 -1.00 -1.00 -1.00 -1.00 -1.00 -1.00 -1.00 -1.00 -1.00 -1.00 -1.00 -1.00 -1.00 -1.00 -1.00 -1.00 -1.00 -1.00 -1.00 -1.00 -1.00 -1.00 -1.00 -1.00 -1.00 -1.00 -1.00 -1.00 -1.00 -1.00 -1.00 -1.00 -1.00 -1.00 -1.00 -1.00 -1.00 -1.00 -1.00 -1.00 -1.00 -1.00 -1.00 02.55
-1.00 -1.00 -1.00 -1.00 -1.00 -1.00 -1.00 -1.00 -1.00 -1.00 -1.00 -1.00 -1.00 -1.00 -1.00 -1.00 -1.00 -1.00 -1.00 -1.00 -1.00 -1.00 -1.00 -1.00 -1.00 -1.00 -1.00 -1.00 -1.00 -1.00 -1.00 -1.00 -1.00 -1.00 -1.00 -1.00 -1.00 -1.00 -1.00 -1.00 -1.00 -1.00 -1.00 -1.00 -1.00 -1.00 -1.00 -1.00 -1.00 -1.00 -1.00 -1.00 -1.00 -1.00 -1.00 -1.00 -1.00 -1.00 -1.00 -1.00 -1.00 -1.00 -1.00 -1.00 -1.00 -1.00 -1.00 -1.00 -1.00 -1.00 -1.00 -1.00 -1.00 -1.00 -1.00 -1.00 12.26
-1.00 -1.00 -1.00 -1.00 -1.00 -1.00 -1.00 -1.00 -1.00 -1.00 -1.00 -1.00 -1.00 -1.00 -1.00 -1.00 -1.00 -1.00 -1.00 -1.00 -1.00 -1.00 -1.00 -1.00 -1.00 -1.00 -1.00 -1.00 -1.00 -1.00 -1.00 -1.00 -1.00 -1.00 -1.00 -1.00 -1.00 -1.00 -1.00 -1.00 -1.00 -1.00 -1.00 -1.00 -1.00 -1.00 -1.00 -1.00 -1.00 -1.00 -1.00 -1.00 -1.00 -1.00 -1.00 -1.00 -1.00 -1.00 -1.00 -1.00 -1.00 -1.00 -1.00 -1.00 -1.00 -1.00 -1.00 -1.00 -1.00 -1.00 -1.00 -1.00 -1.00 -1.00 -1.00 -1.00 42.18
-1.00 -1.00 -1.00 -1.00 -1.00 -1.00 -1.00 -1.00 -1.00 -1.00 -1.00 -1.00 -1.00 -1.00 -1.00 -1.00 -1.00 -1.00 -1.00 -1.00 -1.00 -1.00 -1.00 -1.00 -1.00 -1.00 -1.00 -1.00 -1.00 -1.00 -1.00 -1.00 -1.00 -1.00 -1.00 -1.00 -1.00 -1.00 -1.00 -1.00 -1.00 -1.00 -1.00 -1.00 -1.00 -1.00 -1.00 -1.00 -1.00 -1.00 -1.00 -1.00 -1.00 -1.00 -1.00 -1.00 -1.00 -1.00 -1.00 -1.00 -1.00 -1.00 -1.00 -1.00 -1.00 -1.00 -1.00 -1.00 -1.00 -1.00 -1.00 -1.00 -1.00 -1.00 -1.00 -1.00 42.93
-1.00 -1.00 -1.00 -1.00 -1.00 -1.00 -1.00 -1.00 -1.00 -1.00 -1.00 -1.00 -1.00 -1.00 -1.00 -1.00 -1.00 -1.00 -1.00 -1.00 -1.00 -1.00 -1.00 -1.00 -1.00 -1.00 -1.00 -1.00 -1.00 -1.00 -1.00 -1.00 -1.00 -1.00 -1.00 -1.00 -1.00 -1.00 -1.00 -1.00 -1.00 -1.00 -1.00 -1.00 -1.00 -1.00 -1.00 -1.00 -1.00 -1.00 -1.00 -1.00 -1.00 -1.00 -1.00 -1.00 -1.00 -1.00 -1.00 -1.00 -1.00 -1.00 -1.00 -1.00 -1.00 -1.00 -1.00 -1.00 -1.00 -1.00 -1.00 -1.00 -1.00 -1.00 -1.00 -1.00 28.63
-1.00 -1.00 -1.00 -1.00 -1.00 -1.00 -1.00 -1.00 -1.00 -1.00 -1.00 -1.00 -1.00 -1.00 -1.00 -1.00 -1.00 -1.00 -1.00 -1.00 -1.00 -1.00 -1.00 -1.00 -1.00 -1.00 -1.00 -1.00 -1.00 -1.00 -1.00 -1.00 -1.00 -1.00 -1.00 -1.00 -1.00 -1.00 -1.00 -1.00 -1.00 -1.00 -1.00 -1.00 -1.00 -1.00 -1.00 -1.00 -1.00 -1.00 -1.00 -1.00 -1.00 -1.00 -1.00 -1.00 -1.00 -1.00 -1.00 -1.00 -1.00 -1.00 -1.00 -1.00 -1.00 -1.00 -1.00 -1.00 -1.00 -1.00 -1.00 -1.00 -1.00 -1.00 -1.00 -1.00 37.88
-1.00 -1.00 -1.00 -1.00 -1.00 -1.00 -1.00 -1.00 -1.00 -1.00 -1.00 -1.00 -1.00 -1.00 -1.00 -1.00 -1.00 -1.00 -1.00 -1.00 -1.00 -1.00 -1.00 -1.00 -1.00 -1.00 -1.00 -1.00 -1.00 -1.00 -1.00 -1.00 -1.00 -1.00 -1.00 -1.00 -1.00 -1.00 -1.00 -1.00 -1.00 -1.00 -1.00 -1.00 -1.00 -1.00 -1.00 -1.00 -1.00 -1.00 -1.00 -1.00 -1.00 -1.00 -1.00 -1.00 -1.00 -1.00 -1.00 -1.00 -1.00 -1.00 -1.00 -1.00 -1.00 -1.00 -1.00 -1.00 -1.00 -1.00 -1.00 -1.00 -1.00 -1.00 -1.00 -1.00 41.35
-1.00 -1.00 -1.00 -1.00 -1.00 -1.00 -1.00 -1.00 -1.00 -1.00 -1.00 -1.00 -1.00 -1.00 -1.00 -1.00 -1.00 -1.00 -1.00 -1.00 13.75 04.98 -1.00 -1.00 -1.00 -1.00 -1.00 -1.00 -1.00 -1.00 -1.00 -1.00 -1.00 -1.00 -1.00 -1.00 -1.00 -1.00 -1.00 -1.00 -1.00 -1.00 -1.00 -1.00 -1.00 -1.00 -1.00 -1.00 -1.00 -1.00 -1.00 -1.00 -1.00 -1.00 -1.00 -1.00 -1.00 -1.00 -1.00 -1.00 -1.00 -1.00 -1.00 -1.00 -1.00 -1.00 -1.00 -1.00 -1.00 -1.00 -1.00 -1.00 -1.00 -1.00 -1.00 -1.00 37.60
-1.00 -1.00 -1.00 -1.00 -1.00 -1.00 -1.00 -1.00 -1.00 -1.00 -1.00 -1.00 -1.00 -1.00 -1.00 -1.00 00.37 09.02 02.22 11.81 12.19 04.16 10.42 10.51 07.55 01.16 09.30 02.54 07.86 02.71 -1.00 -1.00 -1.00 -1.00 -1.00 -1.00 -1.00 -1.00 -1.00 -1.00 -1.00 -1.00 -1.00 -1.00 -1.00 -1.00 -1.00 -1.00 -1.00 -1.00 -1.00 -1.00 -1.00 -1.00 -1.00 -1.00 -1.00 -1.00 -1.00 -1.00 -1.00 -1.00 -1.00 -1.00 -1.00 -1.00 -1.00 -1.00 -1.00 -1.00 -1.00 -1.00 -1.00 -1.00 -1.00 -1.00 43.51
-1.00 -1.00 -1.00 -1.00 -1.00 -1.00 -1.00 -1.00 -1.00 -1.00 -1.00 -1.00 -1.00 -1.00 -1.00 -1.00 09.30 10.66 10.87 11.92 10.18 10.37 10.53 10.03 06.86 09.58 09.68 09.84 09.72 03.78 08.18 02.40 03.63 00.24 02.61 01.06 00.25 01.49 00.61 02.43 03.13 00.29 02.31 04.80 01.76 -1.00 -1.00 -1.00 -1.00 -1.00 -1.00 -1.00 -1.00 -1.00 -1.00 -1.00 -1.00 -1.00 -1.00 -1.00 -1.00 -1.00 -1.00 -1.00 -1.00 -1.00 -1.00 -1.00 -1.00 -1.00 -1.00 -1.00 -1.00 -1.00 -1.00 -1.00 114.82
-1.00 -1.00 -1.00 -1.00 -1.00 -1.00 -1.00 -1.00 -1.00 -1.00 -1.00 -1.00 -1.00 -1.00 -1.00 02.03 10.46 10.49 10.84 10.64 10.45 10.70 10.91 09.82 09.77 09.45 09.71 10.33 10.07 08.92 04.15 07.26 01.60 00.97 02.53 01.74 00.42 01.52 05.72 05.57 02.67 02.95 03.92 04.70 06.56 06.61 04.08 06.95 18.77 02.29 05.15 00.64 15.35 25.78 19.37 36.51 02.63 -1.00 -1.00 -1.00 -1.00 -1.00 -1.00 -1.00 -1.00 -1.00 -1.00 -1.00 -1.00 -1.00 -1.00 -1.00 -1.00 -1.00 -1.00 66.45 134.01
-1.00 -1.00 -1.00 -1.00 -1.00 -1.00 -1.00 -1.00 -1.00 -1.00 -1.00 -1.00 -1.00 -1.00 -1.00 03.54 10.30 10.48 10.82 10.40 10.77 11.01 10.91 10.01 09.86 09.89 10.24 11.37 11.05 07.20 07.92 06.52 02.30 02.18 02.27 02.10 00.96 01.47 04.66 04.17 02.53 03.63 04.18 05.77 05.67 05.65 03.99 17.99 24.06 01.64 07.27 02.28 23.17 30.94 24.92 29.14 42.05 36.26 31.78 33.34 40.84 59.62 56.67 79.13 86.33 90.61 44.61 56.91 28.66 -1.00 -1.00 88.63 -1.00 -1.00 05.33 32.44 90.01
-1.00 -1.00 -1.00 -1.00 -1.00 -1.00 -1.00 -1.00 -1.00 -1.00 -1.00 -1.00 -1.00 -1.00 02.03 08.32 10.29 10.51 10.73 10.75 11.08 11.27 10.11 10.35 10.29 10.69 11.01 12.27 09.13 06.64 05.76 05.07 02.21 02.43 02.30 01.99 01.04 01.59 03.76 03.89 02.46 03.48 03.66 05.91 05.00 07.99 03.79 15.45 13.30 06.88 07.14 05.22 27.52 28.16 29.51 32.23 36.80 40.05 29.42 32.39 45.03 58.33 67.53 75.67 73.71 58.16 57.59 64.96 74.71 86.97 94.15 94.49 96.88 102.18 95.91 81.03 94.17
-1.00 -1.00 -1.00 -1.00 -1.00 -1.00 -1.00 -1.00 -1.00 -1.00 -1.00 -1.00 -1.00 02.46 11.50 10.46 10.29 10.54 10.69 11.03 11.42 11.60 10.37 10.67 10.71 11.52 15.58 10.83 06.63 04.29 03.90 02.22 02.16 02.45 02.31 01.80 00.95 01.36 03.81 03.65 02.40 03.32 03.76 09.14 18.43 11.97 07.63 15.99 05.77 06.41 06.61 06.15 25.03 26.12 27.20 29.73 33.50 36.82 42.00 46.60 51.49 58.05 66.05 65.95 51.18 54.92 60.28 71.55 80.95 91.18 97.48 100.33 101.88 103.31 100.53 96.17 93.38
-1.00 -1.00 -1.00 -1.00 -1.00 -1.00 -1.00 -1.00 -1.00 -1.00 -1.00 -1.00 -1.00 06.64 11.91 10.46 10.25 10.50 10.71 11.38 11.76 12.03 10.73 11.04 11.14 17.06 16.53 09.12 05.21 04.48 02.17 02.14 02.10 02.43 02.20 01.42 01.27 01.44 04.26 04.09 02.42 03.20 03.78 13.73 13.02 16.34 17.24 15.43 04.44 06.17 06.28 05.95 23.67 24.86 25.38 27.13 29.53 33.75 39.11 45.08 50.58 56.75 58.83 48.07 51.15 54.29 63.56 73.09 82.67 92.60 100.56 105.64 103.27 101.49 97.67 94.51 92.79
-1.00 -1.00 -1.00 -1.00 -1.00 -1.00 -1.00 -1.00 -1.00 -1.00 -1.00 -1.00 10.83 08.77 12.32 10.44 10.23 10.48 10.72 11.74 12.11 12.45 11.14 11.39 11.48 13.03 12.57 06.24 02.49 02.20 02.10 02.07 02.33 02.32 01.72 01.03 01.56 04.83 04.58 04.42 02.49 03.22 03.64 15.65 15.49 16.01 08.08 13.66 04.13 05.94 05.95 10.18 22.65 23.63 24.27 25.05 26.46 30.46 35.69 43.22 49.26 52.56 45.25 47.93 51.01 53.44 64.71 72.82 80.96 90.02 100.24 104.17 104.56 100.19 95.74 91.66 90.26
-1.00 -1.00 -1.00 -1.00 -1.00 -1.00 -1.00 -1.00 -1.00 -1.00 -1.00 -1.00 11.44 12.20 12.76 10.76 10.29 10.54 10.74 12.18 12.48 12.82 11.55 11.36 11.38 10.98 16.65 04.43 02.32 02.16 02.06 02.03 02.33 02.22 01.61 01.20 01.43 04.77 04.80 03.20 02.55 03.44 03.06 14.85 15.60 14.95 06.91 03.24 03.86 05.46 05.65 17.49 22.20 22.63 23.15 23.88 24.33 27.73 32.42 38.94 45.87 41.36 44.86 47.69 51.46 58.65 65.96 73.03 80.35 86.38 92.15 97.77 102.17 98.37 93.94 90.67 88.23
-1.00 -1.00 -1.00 -1.00 -1.00 -1.00 -1.00 -1.00 -1.00 -1.00 -1.00 -1.00 11.99 13.10 13.24 11.20 10.48 10.73 10.85 12.97 12.91 13.18 12.61 11.23 11.21 11.10 09.77 02.64 02.35 02.13 02.02 02.18 02.12 01.74 00.94 01.50 02.75 04.70 04.93 02.57 06.45 05.86 05.50 09.03 16.25 11.01 05.26 03.88 04.25 04.52 04.95 22.28 21.65 21.74 22.12 22.74 23.16 25.12 28.15 35.30 38.04 39.63 44.12 47.50 52.15 59.10 66.33 73.15 79.12 82.35 84.90 87.07 89.89 91.26 89.28 87.80 86.18
-1.00 -1.00 -1.00 -1.00 -1.00 -1.00 -1.00 -1.00 -1.00 -1.00 -1.00 -1.00 12.55 14.02 12.74 14.00 10.95 11.05 11.02 13.77 12.47 13.73 13.37 11.29 11.86 08.04 07.49 02.72 02.45 02.22 02.03 02.09 02.18 00.50 01.32 01.44 04.65 04.29 03.89 02.76 11.43 09.81 10.15 14.18 17.13 13.44 06.51 03.95 03.46 03.70 04.79 05.00 20.88 20.74 21.23 21.60 22.18 22.88 23.96 30.72 31.27 38.12 43.26 47.44 52.02 59.18 66.11 73.07 77.32 79.59 80.92 81.96 82.87 83.46 82.79 84.23 83.77
-1.00 -1.00 -1.00 -1.00 -1.00 -1.00 -1.00 -1.00 -1.00 -1.00 -1.00 -1.00 11.26 15.48 09.03 15.90 04.56 10.56 07.16 14.89 09.45 12.68 11.66 12.85 12.53 05.66 04.52 02.81 02.57 02.34 02.07 02.04 02.11 00.89 01.43 12.41 04.85 03.88 05.44 04.88 13.75 13.46 13.08 13.29 13.51 19.05 09.79 03.99 03.52 03.61 04.88 04.82 20.05 19.80 20.33 20.33 20.77 21.28 21.84 24.89 29.04 35.17 42.69 47.26 51.70 59.04 66.75 73.90 76.64 78.63 80.29 81.56 81.63 81.60 81.54 81.65 81.89
-1.00 -1.00 -1.00 -1.00 -1.00 -1.00 -1.00 -1.00 -1.00 -1.00 -1.00 -1.00 -1.00 15.72 07.58 03.86 04.66 08.34 05.12 03.06 08.07 03.91 06.84 03.20 06.56 11.47 02.93 02.88 02.61 02.37 02.11 02.00 02.05 00.47 01.34 12.32 10.21 04.83 07.64 07.75 11.26 12.84 12.70 13.13 13.40 13.34 12.55 03.97 03.94 03.61 04.87 04.83 16.11 19.45 18.93 19.23 19.44 19.79 18.86 19.56 23.01 34.03 42.13 46.91 51.31 62.05 68.65 72.13 75.65 78.24 80.21 81.14 81.29 81.34 81.26 81.15 81.31
-1.00 -1.00 -1.00 -1.00 -1.00 -1.00 -1.00 -1.00 -1.00 -1.00 -1.00 -1.00 -1.00 15.74 07.96 04.53 04.57 04.55 03.25 03.28 03.31 03.48 04.01 04.01 03.77 03.01 02.88 02.94 02.64 02.40 02.14 01.97 02.08 01.10 01.24 06.12 11.13 07.45 10.34 07.88 08.16 12.09 12.42 12.89 13.11 13.12 08.24 03.91 03.99 03.52 03.58 04.78 18.94 18.33 18.34 18.28 12.93 08.26 09.63 08.40 07.83 33.66 41.13 46.34 51.39 63.54 68.21 72.24 76.24 78.40 80.51 80.81 81.03 81.12 81.05 80.94 81.25
-1.00 -1.00 -1.00 -1.00 -1.00 -1.00 -1.00 -1.00 -1.00 -1.00 -1.00 -1.00 -1.00 -1.00 -1.00 -1.00 04.51 04.35 04.70 04.70 03.34 03.37 03.34 03.67 04.00 02.71 02.67 02.93 02.70 02.45 02.18 01.95 02.10 01.52 01.03 01.91 09.10 09.31 08.99 05.04 07.64 06.55 12.05 12.77 13.32 11.55 04.96 04.04 03.91 03.36 03.39 04.50 14.50 18.04 17.55 12.36 05.52 05.42 05.18 05.20 04.71 30.84 40.97 45.50 53.65 64.00 68.38 72.83 76.67 78.78 80.19 80.55 80.83 80.87 80.82 80.88 81.30
-1.00 -1.00 -1.00 -1.00 -1.00 -1.00 -1.00 -1.00 -1.00 -1.00 -1.00 -1.00 -1.00 -1.00 -1.00 -1.00 -1.00 -1.00 04.13 04.23 04.73 04.62 03.25 02.96 02.68 02.65 02.65 02.86 02.76 02.46 02.37 02.15 02.01 01.61 01.01 01.58 02.86 07.63 06.61 03.82 02.63 04.94 03.48 02.86 05.55 03.47 03.09 03.19 03.83 03.83 03.20 04.28 06.87 09.84 17.14 11.51 05.00 05.48 06.79 06.42 05.47 22.89 41.42 46.75 56.02 64.99 69.64 74.28 77.43 79.87 80.41 80.40 80.61 80.63 80.58 80.84 81.30
-1.00 -1.00 -1.00 -1.00 -1.00 -1.00 -1.00 -1.00 -1.00 -1.00 -1.00 -1.00 -1.00 -1.00 -1.00 -1.00 -1.00 -1.00 -1.00 -1.00 04.48 04.20 04.04 02.61 02.78 02.60 02.62 03.57 03.69 02.58 02.50 02.25 01.93 02.10 01.53 01.05 01.24 03.10 03.95 02.71 02.57 02.62 02.68 02.76 02.44 02.43 02.29 03.20 03.75 03.85 03.80 03.22 03.19 04.59 04.80 06.22 07.74 06.42 06.65 06.62 05.04 16.49 40.43 47.27 57.17 67.15 73.07 78.50 79.11 80.26 80.26 80.28 80.36 80.44 80.48 80.77 81.20
-1.00 -1.00 -1.00 -1.00 -1.00 -1.00 -1.00 -1.00 -1.00 -1.00 -1.00 -1.00 -1.00 -1.00 -1.00 -1.00 -1.00 -1.00 -1.00 -1.00 -1.00 -1.00 02.76 02.59 02.67 02.56 02.72 04.96 04.68 03.36 02.46 03.52 01.93 02.26 02.28 01.65 00.95 01.02 01.26 01.92 02.29 02.32 02.56 03.68 04.43 03.13 02.64 03.49 03.82 04.46 04.27 04.70 04.75 07.17 08.15 08.01 07.81 06.60 06.59 06.58 04.44 32.64 39.65 46.83 58.13 68.41 74.63 79.25 79.83 80.04 79.98 79.99 80.12 80.23 80.37 80.65 81.13
-1.00 -1.00 -1.00 -1.00 -1.00 -1.00 -1.00 -1.00 -1.00 -1.00 -1.00 -1.00 -1.00 -1.00 -1.00 -1.00 -1.00 -1.00 -1.00 -1.00 -1.00 02.53 02.74 02.61 02.74 02.60 02.79 05.38 04.47 04.68 03.15 04.34 03.01 01.98 02.13 02.47 01.71 01.18 00.92 01.19 01.12 01.22 01.21 03.89 04.67 02.64 03.62 03.93 04.78 04.84 04.54 04.63 04.89 07.30 07.80 08.06 09.40 06.80 06.91 06.51 04.43 33.41 38.50 45.40 59.95 69.58 76.41 79.13 79.78 79.81 79.75 79.75 79.88 80.00 80.07 80.33 81.08
-1.00 -1.00 -1.00 -1.00 -1.00 -1.00 -1.00 -1.00 -1.00 -1.00 -1.00 -1.00 -1.00 -1.00 -1.00 -1.00 -1.00 -1.00 -1.00 -1.00 -1.00 02.57 02.39 02.62 02.81 02.67 02.90 05.72 04.86 05.28 04.77 05.32 05.01 04.95 02.04 02.03 02.65 02.64 02.55 01.69 01.54 00.95 01.50 04.12 04.45 02.61 03.70 03.85 04.65 04.78 04.39 04.48 06.16 07.09 07.55 08.18 09.48 09.70 07.23 06.24 04.36 31.06 36.64 43.33 59.04 68.77 77.59 78.90 79.52 79.53 79.49 79.55 79.65 79.56 79.20 80.79 80.83
-1.00 -1.00 -1.00 -1.00 -1.00 -1.00 -1.00 -1.00 -1.00 -1.00 -1.00 -1.00 -1.00 -1.00 -1.00 -1.00 -1.00 -1.00 -1.00 -1.00 -1.00 02.63 02.34 02.59 02.92 02.76 03.05 03.71 04.99 05.60 04.65 05.68 04.61 05.42 03.51 02.67 02.13 02.26 02.67 02.51 01.92 00.96 01.52 04.03 04.27 02.56 03.62 03.80 04.56 04.72 04.32 04.43 06.36 06.82 07.37 07.89 09.01 09.93 10.68 05.95 04.18 28.61 34.45 43.32 68.39 71.40 76.19 78.82 79.31 79.33 79.36 79.30 79.36 79.16 78.83 80.58 80.54
-1.00 -1.00 -1.00 -1.00 -1.00 -1.00 -1.00 -1.00 -1.00 -1.00 -1.00 -1.00 -1.00 -1.00 -1.00 -1.00 -1.00 -1.00 -1.00 -1.00 -1.00 -1.00 02.86 02.52 03.03 02.82 02.90 03.34 03.92 03.05 04.38 03.46 04.62 03.36 03.19 03.01 02.91 02.45 02.01 01.94 01.80 00.97 01.54 03.92 04.17 02.52 03.53 03.71 04.49 04.70 04.37 04.38 06.18 06.57 07.13 07.90 08.72 10.05 10.05 09.38 04.12 25.86 32.59 47.55 67.76 71.73 75.37 78.55 78.69 78.82 79.01 79.13 79.01 78.75 80.32 80.36 80.34
-1.00 -1.00 -1.00 -1.00 -1.00 -1.00 -1.00 -1.00 -1.00 -1.00 -1.00 -1.00 -1.00 -1.00 -1.00 -1.00 -1.00 -1.00 -1.00 -1.00 -1.00 02.37 02.62 02.45 03.04 02.87 02.76 03.54 03.89 03.49 03.46 03.71 03.50 03.68 03.63 03.48 03.24 03.16 02.66 01.92 01.86 00.87 01.49 03.82 04.06 02.48 03.48 03.62 04.36 04.54 04.35 04.43 06.10 06.28 06.79 07.66 08.43 09.73 10.72 10.02 04.60 23.64 27.86 49.14 66.03 70.32 74.78 77.19 77.64 77.96 78.42 78.72 78.60 78.38 80.07 80.12 80.14
-1.00 -1.00 -1.00 -1.00 -1.00 -1.00 -1.00 -1.00 -1.00 -1.00 -1.00 -1.00 -1.00 -1.00 -1.00 -1.00 -1.00 -1.00 -1.00 02.51 02.58 03.09 02.95 03.56 02.60 03.02 02.74 03.21 03.94 04.15 03.90 03.81 03.88 03.95 03.89 03.49 03.17 02.92 02.15 01.93 01.90 00.63 01.37 03.72 03.95 02.43 03.42 03.53 04.26 04.38 04.18 04.96 06.00 06.07 06.77 07.34 08.14 09.25 07.43 06.38 22.79 25.57 18.24 40.48 64.40 68.84 72.89 74.89 75.87 76.82 77.47 78.03 77.93 79.70 79.78 79.84 79.88
