data/trial8/ashley.ros
NCOLS 382
NROWS 266
XLLCORNER 157819.328125
YLLCORNER 384678.625000
CELLSIZE 30.000000
NODATA_VALUE -1
[rows 68 to 101 of 266, columns 154 to 230 of 382]
19.35 19.14 19.00 17.67 15.23 16.60 12.75 12.23 10.83 11.63 12.74 13.69 08.83 06.13 02.27 03.31 03.83 04.52 04.68 00.57 00.51 00.47 00.45 00.60 00.53 00.67 00.81 00.84 01.02 01.03 01.01 01.99 01.95 01.80 01.83 02.34 02.33 -1.00 -1.00 -1.00 -1.00 -1.00 -1.00 02.35 02.77 03.06 03.87 04.50 05.12 05.04 05.07 04.35 04.05 03.54 03.60 03.70 03.45 02.99 03.26 03.77 -1.00 -1.00 -1.00 -1.00 -1.00 -1.00 -1.00 -1.00 00.58 12.25 15.98 19.85 20.85 21.14 21.66 22.84 20.58
20.08 21.53 22.73 21.44 20.17 17.56 17.53 14.80 11.59 13.81 12.05 11.49 05.64 02.38 01.68 00.93 00.67 00.56 00.53 00.47 00.44 00.72 00.71 00.75 00.80 00.85 01.03 01.00 01.36 01.58 01.83 01.69 01.71 02.28 02.43 -1.00 -1.00 -1.00 -1.00 -1.00 -1.00 -1.00 -1.00 -1.00 -1.00 02.39 02.91 03.18 03.94 04.56 04.82 04.95 -1.00 -1.00 -1.00 -1.00 -1.00 -1.00 -1.00 -1.00 -1.00 -1.00 -1.00 -1.00 -1.00 -1.00 -1.00 -1.00 00.54 11.22 19.21 20.61 21.47 21.46 21.60 22.86 20.02
19.86 20.84 21.69 21.14 19.90 18.82 17.35 15.93 12.48 15.17 16.13 16.30 16.17 01.99 01.41 02.19 01.15 01.02 00.74 00.77 00.79 00.84 00.82 01.00 00.92 00.96 01.09 00.96 01.27 01.74 01.93 02.04 02.08 -1.00 -1.00 -1.00 -1.00 -1.00 -1.00 -1.00 -1.00 -1.00 -1.00 -1.00 -1.00 -1.00 -1.00 -1.00 03.23 04.00 04.86 -1.00 -1.00 -1.00 -1.00 -1.00 -1.00 -1.00 -1.00 -1.00 -1.00 -1.00 -1.00 -1.00 -1.00 -1.00 -1.00 -1.00 00.62 06.05 19.13 19.80 21.40 21.29 21.53 22.17 18.30
19.32 18.48 19.34 20.34 19.33 17.82 16.59 14.76 13.58 18.24 18.41 18.44 08.99 01.99 01.47 02.22 01.63 01.36 00.68 00.74 00.92 01.01 00.78 00.85 00.85 00.77 00.74 01.16 01.57 01.43 01.41 -1.00 -1.00 -1.00 -1.00 -1.00 -1.00 -1.00 -1.00 -1.00 -1.00 -1.00 -1.00 -1.00 -1.00 -1.00 -1.00 -1.00 -1.00 -1.00 -1.00 -1.00 -1.00 -1.00 -1.00 -1.00 -1.00 -1.00 -1.00 -1.00 01.19 01.58 01.70 01.74 -1.00 -1.00 -1.00 -1.00 00.69 02.20 06.96 10.84 21.55 23.40 21.74 20.07 16.95
72.66 94.79 36.06 18.94 18.50 17.45 15.36 13.64 14.99 18.65 18.95 19.27 19.04 02.07 01.53 02.29 01.79 01.19 01.46 00.71 00.67 00.90 00.94 00.78 00.77 00.87 00.95 01.54 01.61 01.86 01.78 -1.00 -1.00 -1.00 -1.00 -1.00 01.28 01.37 01.44 01.42 01.41 01.39 -1.00 -1.00 -1.00 -1.00 -1.00 -1.00 -1.00 -1.00 -1.00 -1.00 -1.00 -1.00 -1.00 00.92 00.96 00.97 01.11 01.25 01.37 01.60 01.91 02.19 01.35 -1.00 -1.00 -1.00 00.93 01.32 24.98 08.21 19.15 21.54 22.29 21.47 20.09
70.44 95.81 136.15 69.99 17.62 16.32 14.14 12.54 18.16 18.72 19.08 19.25 17.15 02.13 01.68 02.35 02.39 01.85 01.23 01.50 00.71 00.75 00.90 00.96 01.28 01.31 01.25 01.58 01.66 01.88 02.06 01.68 01.15 01.33 01.35 01.43 01.45 01.45 01.46 01.47 01.51 01.55 01.63 01.56 01.59 -1.00 -1.00 -1.00 -1.00 -1.00 -1.00 01.02 01.02 01.00 01.02 01.01 01.01 01.06 01.13 01.34 01.51 01.61 01.99 01.50 01.87 -1.00 -1.00 00.79 01.12 01.39 17.09 17.73 14.60 17.66 20.09 20.33 20.21
68.95 120.69 102.51 111.48 18.29 14.82 15.07 18.21 18.34 18.98 19.68 18.82 10.38 02.19 02.33 01.82 02.45 01.93 01.89 01.26 01.69 00.94 01.09 00.99 01.67 01.64 01.38 01.40 01.64 01.87 02.29 01.14 01.38 01.39 01.43 01.47 01.50 01.51 01.52 01.57 01.61 01.65 01.68 01.68 01.72 01.71 01.41 01.12 01.04 01.07 01.20 01.16 01.18 01.04 01.00 00.98 00.99 01.02 01.07 01.22 01.41 01.60 01.62 01.39 00.91 -1.00 -1.00 00.96 01.11 01.24 19.37 15.12 13.34 12.91 16.27 19.02 20.26
74.85 145.34 193.02 240.47 108.14 15.15 18.52 18.49 18.76 19.12 18.75 14.41 09.34 03.77 04.22 02.10 02.72 03.24 01.93 02.01 01.96 02.34 01.22 01.30 01.64 01.67 01.35 01.41 01.41 01.59 01.00 01.13 01.28 01.43 01.52 01.60 01.69 01.77 01.76 01.77 01.58 01.64 01.66 01.69 01.63 01.40 01.17 01.14 01.12 01.11 01.10 01.09 01.09 01.01 00.94 00.90 00.99 01.00 01.13 01.18 01.46 01.54 01.10 01.40 00.22 -1.00 -1.00 01.18 01.07 01.13 16.61 09.01 14.27 11.15 12.89 16.26 18.89
92.97 161.01 213.73 201.64 58.62 18.16 17.94 18.05 18.49 18.75 17.52 17.96 18.45 05.00 04.04 03.35 02.59 04.11 02.99 02.83 02.09 02.17 01.23 01.44 01.27 01.70 01.32 01.25 01.12 00.94 01.15 01.30 01.48 01.55 01.64 01.86 02.08 02.20 02.32 02.12 01.65 01.53 01.47 01.41 01.37 01.21 01.21 01.22 00.99 00.99 00.99 00.98 00.94 00.90 00.32 00.79 00.91 00.92 00.88 01.02 01.23 01.28 01.06 00.88 -1.00 -1.00 -1.00 -1.00 01.13 01.10 03.57 04.06 07.55 09.56 10.15 14.73 16.46
123.68 184.37 234.85 249.53 37.90 17.66 17.51 17.78 18.09 17.66 17.35 18.39 18.21 04.63 03.83 03.82 02.70 04.16 03.86 03.09 02.00 01.93 01.28 01.37 01.17 01.52 01.44 01.08 00.86 01.04 01.15 01.30 01.46 01.63 01.87 02.13 02.40 02.55 02.72 02.84 02.27 01.51 01.37 01.30 01.16 01.21 01.26 01.19 00.90 00.93 00.93 00.77 00.73 00.90 00.93 00.94 01.20 01.12 01.23 01.30 00.97 00.64 00.39 00.27 -1.00 -1.00 -1.00 01.13 01.08 01.12 01.07 02.24 06.63 09.09 08.51 10.60 12.89
152.45 212.04 235.46 251.23 261.86 267.04 271.33 243.73 18.27 17.66 17.87 18.53 14.68 04.23 03.81 03.80 02.64 04.20 03.91 02.93 01.90 01.74 01.24 01.32 01.12 01.36 00.88 00.92 01.03 01.11 01.14 01.24 01.40 01.68 01.96 02.32 02.30 02.61 02.93 01.94 02.18 02.03 01.64 01.28 01.27 01.25 01.14 01.03 00.33 00.77 00.87 00.90 00.87 01.23 01.20 01.36 01.46 01.91 00.84 00.70 00.64 00.23 00.42 00.35 00.59 00.69 00.77 01.15 01.35 01.14 05.58 15.84 09.77 08.59 09.10 08.27 10.03
176.70 214.19 233.30 248.38 256.58 263.54 268.72 271.58 265.35 210.31 223.54 87.52 10.93 04.06 03.68 03.62 02.57 03.98 02.87 02.59 01.78 01.37 01.31 01.17 00.70 00.73 00.74 00.96 01.08 01.13 01.18 01.22 01.11 01.34 01.48 02.02 02.31 01.68 01.76 02.12 01.88 01.38 01.24 00.54 01.40 00.61 00.94 00.88 00.95 00.92 01.24 01.09 01.36 01.60 06.61 12.35 17.34 00.95 01.26 00.37 00.41 00.55 00.62 00.43 00.56 00.95 00.84 00.69 00.57 01.30 20.59 13.03 10.28 08.46 08.37 07.85 08.37
177.25 202.59 225.56 238.82 249.53 258.32 265.37 260.64 258.15 256.06 172.31 10.29 07.03 04.05 03.54 03.41 02.84 03.39 02.61 02.33 01.77 01.73 01.14 00.90 00.87 00.91 01.01 01.15 01.24 01.28 01.33 01.36 01.37 01.43 01.59 01.16 01.33 01.45 01.53 01.30 01.53 01.65 01.56 01.68 01.53 01.28 01.07 00.87 01.23 01.15 01.31 01.70 07.88 16.34 24.50 26.07 24.22 06.72 01.03 00.82 00.69 00.67 00.59 00.53 00.50 00.99 01.19 00.93 00.63 00.74 09.09 06.41 09.36 06.94 07.44 07.20 07.12
141.61 179.98 206.19 224.57 238.32 249.94 251.14 252.52 250.88 229.43 32.49 10.91 12.86 03.96 03.41 02.99 02.70 03.03 02.88 02.31 01.73 01.56 01.30 01.26 01.33 01.39 01.43 01.51 01.56 01.61 01.37 01.38 01.43 01.53 01.30 01.37 01.47 01.57 01.45 01.61 01.76 01.61 01.79 02.01 02.18 02.34 00.88 01.08 01.55 02.17 12.40 17.86 21.02 26.11 31.45 33.81 35.58 35.65 01.47 01.10 01.07 00.73 00.59 00.54 00.47 01.22 02.67 21.13 08.35 10.74 00.88 02.59 08.03 06.31 06.52 06.25 06.80
95.01 129.28 175.40 200.88 219.99 230.46 236.70 243.19 244.79 145.27 10.03 11.41 12.22 04.61 04.34 03.18 02.26 02.15 02.40 02.17 01.67 01.49 01.38 01.41 01.43 01.45 01.47 01.50 01.55 01.64 01.75 01.90 01.86 01.58 01.40 01.33 01.39 01.30 01.30 01.30 01.37 01.56 02.01 02.90 02.69 01.54 01.11 01.45 19.94 27.93 29.90 28.89 28.69 28.93 32.38 37.77 40.25 42.97 39.97 01.55 01.23 01.06 00.62 00.42 00.43 01.16 31.09 21.14 15.03 10.22 09.31 03.77 07.45 06.12 05.59 05.87 06.58
93.57 94.69 112.53 163.40 191.89 202.57 213.39 224.40 103.76 80.77 11.26 13.96 12.12 07.66 08.76 05.06 05.41 02.29 01.84 01.62 01.53 01.47 01.52 01.56 01.55 01.55 01.57 01.92 02.26 02.04 01.90 01.67 01.47 01.46 01.47 01.50 01.41 01.42 01.42 01.40 01.61 01.89 02.32 02.32 02.30 01.48 01.52 07.54 23.72 30.31 38.14 40.88 41.78 42.24 39.44 39.45 39.88 41.33 42.82 36.97 01.48 01.22 00.99 00.49 00.41 01.39 20.11 11.78 22.36 10.23 09.27 07.44 07.22 06.49 05.75 06.05 06.38
91.77 92.40 92.46 92.34 125.56 157.23 175.16 159.53 27.13 11.81 14.07 15.11 15.22 15.82 16.23 15.88 14.07 11.60 07.74 05.31 08.15 09.03 06.79 09.12 10.81 08.41 06.92 03.62 02.07 01.95 01.77 01.60 01.57 01.53 01.45 01.42 01.48 01.52 01.51 01.59 01.72 02.06 01.98 02.09 02.18 01.20 02.72 10.55 26.68 29.41 38.38 40.02 41.68 43.27 42.91 41.08 38.88 38.70 39.85 41.94 41.07 01.67 01.33 00.77 00.34 00.37 02.73 05.47 11.85 09.58 08.14 07.00 07.02 06.11 05.89 06.22 06.42
89.23 89.18 89.42 88.01 86.16 85.44 102.29 88.12 14.37 14.54 17.71 17.09 17.66 17.78 18.21 18.64 15.83 14.63 13.58 12.94 11.60 10.49 09.62 10.41 07.74 08.68 07.68 08.45 09.70 07.47 10.11 09.60 08.17 08.75 09.34 09.68 09.39 06.31 07.56 07.64 07.52 02.19 02.09 01.99 01.33 04.65 17.79 12.46 22.98 28.15 33.51 35.19 36.64 39.93 42.66 43.17 41.17 39.10 38.45 36.61 40.43 42.04 01.89 01.30 00.43 00.33 01.10 02.83 08.22 07.77 06.76 06.34 06.32 06.42 06.02 06.36 06.47
86.64 85.86 85.61 85.56 85.41 84.90 82.85 79.45 22.51 16.69 18.77 19.11 20.82 20.18 19.78 21.57 21.62 16.51 15.30 16.58 17.81 09.67 08.27 09.08 11.47 10.62 12.39 08.48 09.09 08.18 09.71 10.59 11.38 14.01 16.54 11.98 10.60 10.21 10.36 11.12 11.83 06.56 07.33 05.20 06.88 10.48 14.50 15.03 17.29 24.60 29.47 32.25 34.83 36.87 39.50 42.99 43.41 42.15 37.73 35.24 35.41 37.88 41.19 01.70 00.99 00.32 01.17 12.57 06.39 06.28 05.58 05.58 05.88 06.12 06.12 06.23 06.40
84.38 84.66 84.19 84.33 84.47 84.31 82.36 79.37 38.73 17.07 19.67 21.39 23.21 21.49 20.61 22.92 24.39 20.05 18.72 13.05 07.51 12.45 13.57 11.57 15.49 13.83 12.39 11.54 18.78 17.12 21.04 24.80 26.11 23.52 27.58 30.63 22.95 11.84 09.21 08.10 07.96 08.44 08.32 07.45 11.72 11.49 10.53 11.54 14.87 20.23 25.13 30.39 34.81 36.50 38.30 41.15 43.36 42.55 40.16 35.12 35.16 35.29 40.48 40.87 01.18 00.39 00.37 07.71 04.16 03.02 02.67 02.57 05.87 03.77 03.28 05.62 06.31
82.94 83.41 83.73 83.75 83.76 83.72 82.92 79.43 38.62 17.18 19.68 20.67 22.92 20.89 21.18 24.75 27.92 24.49 22.74 08.79 13.30 16.00 13.70 16.11 14.17 13.81 18.90 20.04 22.70 27.45 27.83 33.62 31.17 24.43 26.93 33.04 37.70 16.24 13.33 13.92 10.78 10.52 10.47 12.68 12.71 11.53 10.11 08.85 11.86 17.08 21.10 25.65 31.85 34.93 37.27 41.24 45.79 47.28 45.66 40.03 35.24 38.26 40.58 41.37 04.55 00.50 00.31 02.13 02.35 00.97 00.99 01.12 01.12 01.11 00.95 00.93 00.92
82.41 82.74 83.10 83.26 83.21 83.17 82.94 54.04 23.07 15.75 19.28 20.49 22.58 19.73 19.28 19.37 20.67 15.81 10.32 15.24 20.01 13.93 13.40 12.37 13.51 18.86 24.65 27.00 24.74 27.48 28.51 27.03 25.00 23.03 26.23 42.16 24.58 24.81 27.17 17.35 19.01 15.64 10.69 10.91 12.36 11.53 10.28 09.49 10.63 14.31 16.75 21.64 27.18 31.38 34.46 37.19 43.24 43.49 44.29 41.28 38.72 37.60 42.88 39.79 30.71 00.61 00.34 00.94 00.85 01.02 00.89 01.32 01.27 01.08 01.18 01.03 00.92
81.87 82.47 82.77 82.91 83.05 82.99 82.72 67.92 11.92 14.72 19.76 21.74 23.61 20.35 15.24 14.71 13.98 13.90 16.68 19.84 16.35 11.63 10.92 11.84 15.34 21.56 27.45 29.58 27.31 22.54 21.47 19.88 21.98 33.74 38.59 36.22 32.80 41.38 39.82 40.87 35.45 29.04 13.49 10.18 11.45 11.18 10.33 10.25 11.34 12.85 14.61 18.00 23.84 31.27 35.56 38.39 36.02 37.88 37.85 37.57 36.46 38.02 38.12 34.84 14.15 00.71 00.53 00.37 00.77 00.95 00.98 01.68 00.86 01.52 01.31 -1.00 -1.00
81.76 82.29 82.49 82.65 82.67 82.74 82.23 78.79 08.65 17.83 21.20 24.45 18.79 14.26 12.32 11.90 14.03 18.36 22.93 20.60 13.05 10.02 10.85 12.79 16.22 22.07 25.87 28.63 24.83 16.86 19.81 23.25 31.92 36.48 39.26 32.83 39.17 46.13 47.11 46.32 46.84 27.97 09.22 13.07 12.06 11.49 10.74 11.21 11.96 13.37 13.40 15.27 17.53 27.22 33.94 40.07 40.28 35.84 35.67 33.73 32.67 35.40 29.35 26.37 09.34 17.82 00.77 00.51 00.35 00.54 00.77 01.66 01.67 01.08 -1.00 -1.00 -1.00
81.74 82.15 82.34 82.41 82.34 82.38 82.60 72.49 08.40 20.00 25.33 24.66 24.23 22.24 22.19 24.39 24.07 30.38 22.54 21.17 10.32 09.49 10.95 13.32 16.02 21.22 24.37 25.94 15.75 14.04 25.11 30.25 32.09 35.55 30.38 34.41 39.82 45.82 48.99 49.95 42.15 26.38 12.28 13.81 17.22 11.89 11.38 11.84 13.39 12.91 14.54 14.21 16.38 19.72 27.00 33.79 37.98 39.16 35.08 34.47 30.62 32.64 36.86 08.51 18.18 24.74 01.06 00.67 00.41 00.30 00.39 01.43 01.64 01.10 -1.00 -1.00 -1.00
81.76 82.00 82.24 81.98 81.79 81.89 82.14 45.52 13.52 21.38 26.36 32.48 35.65 33.16 28.18 27.34 26.99 23.12 21.50 17.29 11.87 09.23 10.68 12.75 15.62 20.25 20.14 13.84 12.65 27.53 28.42 30.09 30.78 28.96 30.69 35.56 38.39 41.40 43.25 41.12 31.76 08.77 11.36 18.45 24.97 12.76 11.56 10.35 14.18 15.26 14.45 15.22 15.69 16.81 23.78 28.16 33.57 37.34 38.53 33.87 35.51 33.32 36.73 09.45 23.37 28.14 26.80 11.12 00.53 00.30 00.37 00.37 01.06 01.13 -1.00 -1.00 -1.00
81.59 81.75 81.88 81.36 80.90 81.21 81.49 82.09 10.36 12.38 23.69 31.67 35.82 37.94 33.09 26.47 20.75 17.98 20.11 15.62 14.51 09.06 10.31 12.10 14.47 15.38 11.08 15.90 23.13 27.22 28.73 27.67 25.98 25.56 28.80 31.14 34.57 37.89 38.92 29.73 24.39 07.96 10.88 19.55 33.70 14.08 10.61 16.30 16.41 15.92 14.75 14.64 15.18 15.61 17.48 24.42 29.93 34.51 37.84 36.15 34.34 31.68 15.50 10.70 25.55 29.70 30.94 24.99 16.71 00.41 00.27 00.32 00.72 00.45 -1.00 -1.00 -1.00
81.46 81.65 81.42 80.81 80.54 80.84 81.15 81.82 57.22 11.57 17.26 25.24 33.05 37.53 28.80 22.65 19.20 18.62 17.53 14.91 12.09 08.87 10.39 10.73 11.71 09.65 14.21 20.25 23.10 24.88 27.32 25.76 23.37 25.15 27.54 29.98 32.12 34.28 29.44 21.68 19.63 07.28 09.87 18.70 34.15 13.25 09.67 20.20 16.29 15.84 15.19 14.14 14.40 15.41 16.16 18.57 25.94 31.68 35.12 34.24 31.81 16.45 17.17 11.40 30.21 28.44 32.38 31.45 28.66 13.04 00.35 00.27 00.49 00.37 -1.00 -1.00 -1.00
81.24 81.45 81.34 80.81 80.65 80.85 80.93 79.66 76.58 23.08 13.84 19.14 27.36 29.57 24.01 18.49 18.89 17.65 15.72 14.83 14.43 08.32 09.14 09.84 15.86 17.75 19.04 20.83 24.66 29.14 27.64 22.36 21.64 22.91 25.44 27.51 29.56 26.23 20.79 34.72 48.53 07.29 09.63 21.21 34.81 22.86 09.35 19.62 17.62 15.88 15.01 14.06 13.71 15.00 15.87 17.10 18.21 27.84 32.20 32.68 14.21 18.78 16.03 20.43 29.85 27.63 31.90 34.55 32.28 17.11 06.52 00.24 00.38 00.44 00.44 -1.00 -1.00
80.92 81.01 81.18 81.13 81.20 80.78 80.74 77.04 73.61 71.21 32.66 18.20 24.44 22.64 20.25 15.82 16.20 15.90 14.77 14.07 07.55 08.69 09.83 18.56 16.96 12.55 15.37 18.11 22.65 24.89 26.41 25.55 24.05 24.80 25.40 26.99 20.58 18.80 29.07 39.12 39.66 07.64 09.45 20.05 28.08 17.55 09.80 16.69 15.93 15.13 14.15 13.84 12.84 13.54 14.86 15.81 16.52 18.12 28.74 34.12 18.19 19.73 22.35 23.71 25.76 25.97 32.02 36.77 34.40 20.31 10.45 00.25 00.35 00.38 00.42 -1.00 -1.00
80.50 80.38 80.40 80.82 80.90 80.01 78.22 74.31 70.13 68.01 29.98 17.38 21.73 18.32 16.75 13.50 14.56 14.33 13.63 09.25 14.23 13.04 17.45 17.25 17.24 13.82 16.23 17.57 20.04 25.01 24.94 24.00 25.42 24.71 25.32 23.57 17.81 23.96 29.32 33.07 30.36 09.44 09.81 17.53 24.80 23.59 08.06 13.23 13.55 13.38 12.95 12.83 12.72 12.58 13.54 14.16 14.69 16.01 26.07 23.52 21.66 23.64 17.03 32.55 23.26 25.20 31.87 37.86 36.66 32.21 12.23 00.31 00.35 00.35 00.38 -1.00 -1.00
80.19 79.93 79.84 80.42 79.91 78.62 76.55 70.99 66.36 64.45 17.08 15.84 19.81 16.53 13.79 11.32 12.64 12.72 17.82 14.07 15.96 17.57 17.78 16.87 14.18 15.16 16.12 18.07 19.90 18.47 21.57 24.27 25.45 26.20 23.83 20.11 19.44 20.66 23.66 27.35 18.71 10.11 08.80 14.92 20.29 19.57 10.16 14.38 13.11 11.77 11.87 11.99 11.99 11.79 12.49 11.71 13.23 15.78 22.20 20.72 22.36 25.57 13.13 35.40 21.25 24.14 28.74 36.75 38.44 32.06 12.32 00.49 00.47 00.29 00.37 00.36 -1.00
79.99 79.65 79.76 80.21 78.79 77.52 76.30 68.09 62.29 60.03 35.35 13.98 17.75 14.59 11.87 10.31 10.33 10.47 22.41 16.93 17.38 17.58 18.17 14.19 15.90 16.70 17.22 17.83 18.01 19.12 20.84 23.25 25.46 22.59 22.40 19.94 19.30 20.55 19.48 20.75 09.93 10.32 08.01 13.86 20.83 17.52 12.39 15.82 15.16 12.87 11.61 11.66 11.62 11.30 10.83 10.43 11.33 16.64 17.74 18.62 20.22 17.39 19.10 30.40 20.35 23.72 27.51 31.23 37.44 27.96 12.77 01.82 00.79 00.29 00.35 00.35 -1.00
79.86 79.67 79.78 79.08 77.57 76.18 72.84 64.39 58.14 54.97 32.97 10.72 13.04 11.79 09.73 13.53 18.26 28.66 23.11 18.81 18.03 17.94 14.56 16.19 16.87 16.98 17.67 17.93 19.37 21.25 23.21 24.58 21.96 17.05 21.33 23.23 25.29 17.79 16.13 17.82 10.17 11.09 07.66 13.09 27.71 23.36 13.66 16.30 15.66 15.62 14.43 11.74 11.50 11.13 10.14 09.60 10.97 15.62 16.27 17.65 18.99 20.83 22.80 24.93 21.39 22.02 24.94 30.23 32.63 25.42 11.89 05.07 02.46 00.33 00.31 00.35 -1.00
