data/trial8/ashley.rci
NCOLS 382
NROWS 266
XLLCORNER 157819.328125
YLLCORNER 384678.625000
CELLSIZE 30.000000
NODATA_VALUE -1
[rows 104 to 129 of 266, columns 120 to 179 of 382]
00564.194 00598.737 00620.145 00636.580 00644.822 00652.984 00660.494 00672.372 00684.681 00685.843 00689.534 00690.156 00697.131 00694.369 00692.841 00680.300 00679.694 00674.832 00677.931 00672.221 00584.307 00673.243 00415.820 00291.674 00621.781 00374.806 00597.975 00339.488 00595.260 00419.715 00223.097 00506.800 00281.370 00557.353 00339.541 00641.061 00332.582 00507.744 00171.654 00505.742 00252.611 00450.692 00610.223 00682.597 00688.391 00693.084 00690.458 00688.745 00691.266 00690.910 00688.986 00687.529 00687.725 00689.632 00685.077 00685.447 00680.962 00683.705 00685.729 00684.435
00545.422 00592.799 00615.414 00636.731 00643.680 00651.721 00658.712 00666.559 00678.463 00681.735 00692.456 00694.014 00693.424 00700.170 00683.082 00677.969 00672.660 00675.602 00670.331 00364.740 00665.398 00432.115 00205.619 00639.327 00515.692 00367.616 00197.694 00458.682 00234.263 00542.481 00336.989 00624.869 00404.444 00178.745 00478.735 00237.563 00426.848 00606.249 00403.858 00215.651 00447.545 00620.346 00367.919 00683.359 00686.016 00690.265 00693.586 00689.497 00690.229 00691.171 00688.589 00686.793 00690.843 00688.910 00688.831 00686.915 00683.062 00686.251 00683.805 00682.122
00440.368 00588.543 00610.167 00630.251 00638.264 00646.046 00652.163 00655.916 00675.856 00684.412 00687.923 00576.654 00690.027 00693.738 00684.611 00676.491 00673.987 00671.229 00668.744 00333.095 00552.478 00292.588 00574.875 00311.642 00383.938 00277.897 00647.249 00520.118 00358.357 00661.649 00454.542 00242.543 00531.773 00317.805 00617.171 00333.999 00528.112 00219.461 00420.451 00447.045 00647.438 00464.767 00680.155 00344.046 00690.838 00691.992 00690.800 00692.399 00688.568 00691.201 00688.087 00690.643 00687.239 00688.527 00689.688 00682.163 00684.920 00682.738 00681.500 00684.043
00373.578 00404.616 00449.871 00607.966 00625.615 00635.325 00647.530 00650.509 00660.734 00669.053 00668.036 00559.765 00695.324 00650.619 00645.271 00618.160 00604.853 00635.937 00489.838 00121.230 00376.056 00639.550 00442.221 00221.859 00450.033 00669.071 00583.873 00480.238 00219.337 00420.863 00616.589 00370.450 00663.403 00455.978 00227.580 00438.852 00637.666 00377.685 00559.959 00184.873 00406.258 00343.326 00468.750 00479.811 00689.483 00692.224 00688.890 00529.411 00394.233 00688.675 00690.860 00692.474 00689.835 00692.936 00635.340 00689.531 00682.645 00686.232 00682.856 00684.992
00377.244 00226.270 00345.342 00455.257 00600.216 00626.371 00637.397 00606.514 00515.350 00656.997 00571.445 00487.027 00636.856 00529.791 00614.316 00681.390 00473.915 00426.867 00215.996 00111.043 00163.321 00059.458 00123.698 00612.160 00369.513 00603.729 00500.855 00427.330 00515.223 00344.603 00549.907 00268.632 00295.946 00592.807 00332.646 00549.682 00305.417 00550.808 00257.428 00525.357 00565.240 00654.003 00254.703 00501.983 00690.040 00688.333 00688.410 00346.616 00661.051 00691.454 00691.967 00689.239 00690.788 00183.397 00450.686 00693.856 00689.344 00686.325 00686.919 00681.922
00463.617 00464.434 00424.565 00382.120 00557.022 00597.793 00622.088 00567.197 00481.608 00428.902 00575.746 00489.587 00410.319 00497.984 00582.658 00527.796 00499.874 00554.235 00561.051 00242.919 00152.323 00122.031 00088.868 00064.165 00128.754 00532.450 00277.965 00515.418 00383.312 00282.815 00602.923 00193.702 00454.369 00185.734 00446.119 00670.861 00526.161 00289.726 00220.142 00369.415 00647.748 00247.560 00510.560 00477.859 00688.446 00688.525 00279.282 00175.907 00501.435 00306.095 00689.593 00691.106 00687.885 00531.619 00523.402 00543.600 00695.838 00692.487 00689.262 00684.538
00437.729 00455.262 00466.815 00252.785 00350.574 00558.324 00591.376 00463.188 00399.899 00388.953 00223.857 00284.143 00366.536 00327.550 00508.280 00608.585 00569.495 00638.509 00272.265 00538.182 00244.068 00587.396 00452.437 00158.174 00164.626 00071.200 00149.596 00469.705 00279.280 00184.171 00409.223 00626.395 00400.091 00656.723 00493.562 00333.630 00377.641 00541.513 00553.145 00418.040 00622.638 00357.212 00660.680 00335.140 00688.831 00241.328 00262.460 00594.185 00343.754 00677.417 00691.999 00688.175 00693.141 00207.127 00286.454 00672.029 00406.297 00626.948 00397.278 00687.706
00467.154 00463.196 00446.345 00465.291 00184.949 00282.426 00536.585 00440.570 00321.769 00398.905 00410.035 00285.908 00418.480 00331.682 00474.454 00640.364 00641.322 00379.974 00218.675 00157.392 00496.312 00365.015 00259.696 00646.969 00521.663 00354.341 00006.929 00082.310 00161.289 00357.526 00322.156 00556.888 00333.962 00623.825 00471.885 00397.450 00614.632 00382.520 00674.746 00676.234 00676.081 00471.830 00683.883 00625.091 00290.116 00421.116 00272.639 00666.145 00646.855 00410.481 00276.189 00690.003 00689.820 00400.576 00455.315 00324.327 00570.983 00362.724 00658.009 00684.674
00285.960 00421.934 00465.807 00469.319 00464.703 00412.363 00358.892 00207.052 00418.795 00317.910 00466.311 00466.805 00366.623 00385.697 00562.069 00528.176 00683.912 00441.415 00547.502 00288.061 00655.497 00516.185 00064.133 00433.583 00365.139 00241.955 00564.142 00359.262 00102.325 00162.206 00231.406 00482.284 00253.423 00584.688 00439.762 00322.561 00668.593 00670.556 00632.410 00673.223 00673.445 00677.843 00658.813 00688.795 00616.588 00442.449 00369.567 00550.161 00600.286 00577.673 00689.330 00691.141 00691.726 00351.074 00228.162 00496.607 00312.699 00668.236 00502.562 00314.528
00365.646 00291.431 00175.575 00327.240 00465.911 00466.829 00324.430 00192.508 00554.981 00467.588 00463.348 00467.968 00412.350 00437.574 00636.169 00593.029 00388.577 00498.897 00192.864 00452.381 00250.671 00194.449 00602.745 00384.989 00474.296 00034.312 00465.823 00293.621 00583.867 00067.409 00039.635 00087.315 00002.755 00537.996 00410.515 00304.588 00199.857 00519.735 00279.895 00214.577 00469.301 00675.920 00681.750 00688.546 00576.287 00688.364 00688.221 00294.142 00553.950 00650.770 00691.229 00689.651 00692.402 00687.948 00421.175 00234.856 00197.001 00558.162 00383.071 00679.439
00426.024 00436.044 00336.666 00182.113 00365.527 00311.161 00466.238 00467.187 00468.272 -0001.000 -0001.000 00466.940 00266.156 00531.733 00465.425 00632.455 00399.454 00495.641 00261.062 00654.724 00449.460 00224.720 00457.906 00193.702 00463.706 00275.927 00254.423 00159.745 00526.500 00416.593 00409.716 00130.884 00096.711 00061.464 00383.811 00289.736 00195.456 00543.113 00328.257 00521.953 00630.321 00675.425 00683.850 00689.402 00688.393 00689.061 00689.884 00688.726 00669.569 00687.810 00689.960 00687.839 00687.829 00687.975 00688.207 00492.087 00619.730 00489.921 00315.102 00189.021
00479.213 00532.820 00574.009 00414.463 00299.679 00214.866 00377.437 00437.958 00544.044 00466.527 00468.511 00465.647 00369.117 00453.398 00564.997 00472.234 00488.666 00516.442 00190.284 00422.998 00648.310 00463.743 00253.512 00500.015 00265.124 00551.489 00321.387 00567.277 00392.293 00283.287 00264.130 00217.029 00525.750 00126.296 00100.633 00129.004 00190.879 00569.883 00397.134 00622.094 00353.970 00677.262 00684.026 00689.412 00686.439 00686.082 00683.933 00687.255 00686.990 00689.032 00689.656 00691.744 00688.407 00688.363 00488.128 00663.639 00453.955 00484.207 00311.674 00573.914
00537.678 00600.333 00434.871 00487.865 00532.902 00393.834 00234.453 00335.013 00260.939 00185.315 00381.737 00466.014 00191.631 00405.526 00643.190 00505.905 00450.523 00558.631 00360.481 00630.858 00401.718 00652.637 00486.277 00288.404 00547.952 00346.605 00651.089 00433.655 00213.536 00608.295 00334.030 00554.976 00450.623 00253.235 00494.241 00154.198 00159.248 00587.770 00474.084 00299.498 00537.294 00678.068 00679.680 00687.040 00680.030 00679.814 00679.299 00682.915 00682.898 00685.458 00690.595 00691.402 00689.877 00692.731 00486.254 00449.941 00571.483 00437.186 00687.417 00536.696
00664.557 00668.545 00505.721 00559.241 00610.900 00491.045 00418.871 00475.842 00468.070 00352.392 00275.775 00202.908 00345.040 00489.822 00640.769 00485.798 00473.155 00115.213 00082.249 00129.774 00026.919 00090.838 00161.190 00514.171 00328.300 00602.230 00442.587 00270.663 00557.607 00433.194 00362.518 00244.214 00201.535 00202.400 00473.265 00209.646 00079.326 00022.721 00339.854 00454.110 00651.403 00674.848 00676.992 00677.801 00675.116 00676.142 00675.936 00676.472 00678.711 00683.665 00685.942 00688.028 00693.142 00692.206 00690.335 00678.921 00365.501 00294.181 00296.854 00498.704
00675.493 00680.150 00562.671 00626.605 00486.371 00606.452 00480.736 00560.182 00419.193 00481.142 00392.531 00326.070 00261.327 00564.099 00515.780 00652.585 00444.132 00149.063 00126.599 00144.471 00084.645 00025.843 00099.588 00157.599 00035.577 00091.819 00178.920 00561.617 00396.414 00219.861 00169.228 00615.414 00383.743 00619.734 00077.415 00203.110 00425.019 00070.154 00101.781 00563.840 00665.035 00666.841 00674.839 00673.073 00671.629 00673.013 00674.547 00675.786 00676.595 00678.308 00681.189 00684.460 00688.065 00690.363 00689.818 00688.724 00553.994 00623.089 00385.507 00416.770
00680.273 00680.623 00681.559 00465.469 00590.927 00480.983 00565.884 00647.455 00492.552 00548.629 00597.923 00546.672 00493.001 00565.865 00551.255 00667.740 00412.462 00103.899 00131.695 00016.951 00017.976 00104.077 00042.133 00120.889 00153.147 00021.617 00070.860 00115.780 00146.463 00532.172 00461.237 00424.744 00286.581 00538.573 00341.618 00462.670 00422.889 00641.330 00380.665 00021.607 00307.930 00312.834 00671.353 00670.527 00367.512 00672.564 00219.468 00399.598 00209.564 00469.752 00677.253 00678.005 00683.286 00686.377 00691.567 00688.610 00689.282 00687.893 00417.612 00497.825
00681.268 00683.236 00684.810 00684.143 00670.701 00541.281 00635.461 00504.136 00560.778 00617.583 00500.998 00436.433 00512.056 00586.690 00582.790 00477.805 00386.629 00205.765 00159.867 00129.072 00060.074 00078.324 00127.753 00060.205 00153.116 00072.196 00158.016 00041.479 00069.477 00101.238 00154.503 00439.939 00182.455 00452.514 00240.498 00595.345 00383.753 00637.905 00410.185 00644.422 00097.424 00558.752 00278.611 00669.198 00407.538 00632.057 00373.070 00630.842 00372.570 00609.418 00316.835 00675.648 00679.303 00684.326 00689.790 00692.606 00689.320 00687.935 00520.103 00390.517
00682.100 00684.558 00686.625 00687.441 00687.861 00687.994 00476.851 00541.799 00614.013 00474.598 00610.144 00498.305 00570.694 00643.652 00643.025 00464.051 00381.389 00559.875 00307.186 00548.042 00284.611 00494.558 00261.807 00174.965 00407.728 00637.915 00160.518 00132.686 00009.286 00023.195 00053.422 00111.351 00025.937 00359.040 00633.285 00519.717 00341.490 00611.071 00075.795 00202.666 00437.898 00010.176 00444.384 00250.712 00518.416 00275.128 00538.313 00291.599 00539.012 00262.869 00465.098 00672.357 00678.011 00683.902 00689.664 00690.249 00688.475 00687.957 00687.774 00687.124
00683.305 00685.324 00687.901 00687.714 00688.452 00689.914 00686.051 00587.996 00658.623 00544.520 00672.116 00536.802 00612.529 00488.308 00497.126 00504.826 00490.210 00076.386 00113.300 00090.434 00043.578 00154.264 00078.737 00004.596 00047.453 00105.348 00015.504 00457.481 00328.266 00160.688 00137.703 00160.346 00063.625 00131.956 00033.717 00430.782 00295.562 00584.353 00433.531 00132.779 00516.539 00153.385 00090.701 00424.732 00180.253 00477.133 00212.284 00463.646 00200.903 00417.352 00615.234 00358.404 00655.972 00680.696 00684.393 00690.598 00689.768 00688.237 00687.489 00575.373
00683.172 00686.034 00687.721 00688.405 00689.744 00685.988 00680.042 00680.310 00486.491 00601.676 00492.039 00573.958 00649.009 00559.506 00521.626 00163.288 00138.797 00145.962 00087.323 00025.117 00128.832 00076.781 00024.416 00115.834 00034.138 00092.764 00142.089 00032.184 00054.206 00074.616 00281.212 00526.945 00121.393 00009.476 00062.657 00105.796 00244.054 00557.058 00439.020 00299.518 00596.959 00312.011 00150.564 00643.423 00301.473 00439.013 00430.658 00640.162 00364.191 00576.495 00316.452 00592.068 00368.394 00210.664 00682.649 00688.215 00689.885 00687.700 00687.626 00686.969
00683.614 00685.858 00688.066 00688.051 00689.147 00682.634 00673.977 00672.504 00670.676 00668.721 00667.380 00668.151 00654.808 00527.418 00597.159 00002.165 00136.949 00115.276 00137.313 00639.472 00363.596 00580.253 00272.625 00375.785 00404.739 00407.145 00195.921 00386.288 00574.598 00130.070 00020.288 00093.757 00009.581 00495.226 00096.561 00141.697 00154.372 00537.685 00450.922 00352.717 00175.048 00413.354 00590.497 00129.738 00433.578 00564.753 00170.522 00310.887 00532.791 00271.361 00568.075 00283.119 00204.370 00458.218 00680.924 00688.394 00691.067 00687.928 00687.615 00687.098
00683.980 00686.380 00686.870 00688.576 00686.380 00678.762 00672.443 00669.803 00667.326 00563.580 00664.102 00662.295 00658.523 00656.280 00171.630 00375.143 00249.516 00546.240 00437.654 00159.708 00159.919 00159.799 00159.664 00159.565 00159.593 00159.410 00159.432 00159.576 00159.607 00159.625 00159.632 00643.086 00093.240 00110.444 00234.630 00160.426 00018.783 00043.329 00321.202 00423.526 00260.375 00505.597 00220.892 00088.491 00028.280 00203.018 00410.568 00525.544 00219.266 00537.127 00279.705 00453.154 00502.835 00226.022 00682.746 00689.681 00689.201 00690.503 00687.656 00687.144
00683.530 00686.585 00687.340 00689.118 00684.320 00676.717 00672.126 00669.168 00666.797 00264.482 00661.562 00658.701 00656.416 00544.777 00462.853 00589.733 00318.623 00328.602 00159.790 00159.696 00159.555 00158.953 00158.603 00158.571 00158.532 00158.524 00158.487 00158.544 00158.572 00158.370 00158.573 00158.840 00159.482 00159.720 00067.738 00041.166 00340.479 00024.684 00101.578 00578.125 00360.502 00612.807 00391.660 00589.732 00134.049 00367.473 00169.959 00235.092 00497.169 00276.388 00468.680 00617.518 00340.789 00565.667 00685.343 00692.882 00693.127 00691.874 00690.431 00687.456
00683.664 00686.312 00687.288 00689.630 00681.378 00673.994 00671.059 00668.534 00179.209 00663.824 00358.658 00658.557 00656.136 00216.709 00287.105 00166.163 00569.922 00231.860 00159.755 00159.602 00159.104 00158.528 00158.256 00158.149 00158.063 00158.079 00157.995 00157.854 00157.999 00157.544 00157.898 00158.324 00158.445 00158.597 00158.802 00396.338 00114.752 00562.433 00092.638 00009.278 00473.516 00227.471 00578.196 00325.171 00058.826 00549.695 00447.973 00423.853 00263.799 00493.136 00654.991 00495.742 00671.995 00632.846 00685.948 00692.504 00691.919 00690.302 00689.670 00692.061
00683.462 00686.084 00687.017 00689.042 00680.909 00672.258 00670.484 00668.132 00616.604 00663.476 00642.189 00658.443 00655.815 00522.043 00651.550 00589.746 00242.478 00159.741 00159.652 00159.351 00158.710 00158.104 00157.889 00157.465 00157.215 00157.057 00156.959 00156.907 00156.888 00156.899 00157.067 00157.231 00157.858 00158.004 00157.845 00158.402 00159.675 00033.304 00395.875 00148.844 00017.179 00352.018 00289.623 00409.625 00151.840 00294.577 00228.165 00618.019 00530.402 00238.205 00443.662 00396.616 00266.346 00626.428 00685.127 00689.793 00690.952 00689.182 00692.995 00691.121
00683.391 00686.109 00686.891 00688.492 00682.009 00672.590 00670.615 00668.184 00278.778 00663.368 00361.998 00658.169 00655.799 00183.606 00651.509 00649.076 00159.713 00159.673 00159.584 00158.837 00158.424 00158.116 00157.582 00156.925 00156.266 00156.574 00156.346 00156.100 00156.254 00156.179 00156.332 00156.270 00156.578 00156.964 00157.134 00157.888 00158.157 00159.457 00072.634 00269.161 00061.372 00046.918 00607.953 00490.747 00113.273 00515.486 00499.856 00305.313 00436.434 00600.170 00666.635 00426.301 00526.157 00243.709 00682.089 00686.821 00692.542 00692.496 00690.826 00689.395
