data/trial8/ashley.fli
NCOLS 382
NROWS 266
XLLCORNER 157819.328125
YLLCORNER 384678.625000
CELLSIZE 30.000000
NODATA_VALUE -1
[rows 156 to 181 of 266, columns 240 to 299 of 382]
00080.298 00071.765 00066.192 00052.455 00052.860 00079.221 00075.192 00051.512 00053.154 00049.547 00031.293 00016.092 00018.892 00016.192 00012.941 00008.255 00003.098 00008.016 00022.141 00024.844 00031.357 00027.899 00029.195 00028.771 00032.921 00030.372 00032.169 00032.695 00032.863 00035.777 00029.323 00025.367 00017.207 00015.923 00015.936 00034.246 00020.857 00023.161 00030.480 00054.398 00037.735 00050.028 00050.688 00041.040 00037.247 00053.955 00066.801 00089.203 00089.261 00079.894 00074.897 00070.326 00066.479 00066.919 00061.010 00059.304 00059.011 00057.275 00046.354 00051.140
00052.571 00041.343 00058.949 00064.729 00095.661 00089.988 00094.968 00062.945 00048.099 00043.175 00032.060 00030.787 00018.785 00012.208 00002.737 00007.850 00012.147 00022.229 00026.801 00032.054 00028.271 00031.532 00032.433 00032.590 00032.389 00032.240 00032.599 00032.836 00031.560 00020.268 00025.810 00018.686 00022.174 00045.642 00058.574 00076.147 00078.672 00075.267 00058.866 00054.493 00061.301 00041.230 00050.071 00037.524 00032.006 00045.703 00056.611 00065.268 00070.935 00072.882 00068.521 00062.956 00056.188 00058.653 00054.164 00047.792 00050.045 00051.002 00053.936 00020.135
00146.062 00067.522 00062.577 00172.254 00177.334 00095.462 00089.709 00063.296 00040.925 00035.748 00032.161 00031.146 00016.035 00007.687 00008.314 00020.182 00034.381 00044.307 00048.546 00028.596 00039.500 00037.906 00040.065 00036.015 00023.922 00022.804 00022.343 00020.854 00019.784 00016.784 00017.079 00027.635 00037.257 00060.395 00080.379 00083.514 00086.919 00074.299 00070.700 00058.617 00063.717 00043.185 00049.961 00040.762 00031.832 00038.550 00049.617 00057.305 00058.658 00060.443 00057.251 00052.927 00059.049 00060.749 00059.183 00063.805 00001.166 00001.304 00001.390 00002.150
00085.647 00146.937 00161.692 00160.713 00103.314 00088.092 00084.944 00065.064 00037.207 00034.101 00032.509 00032.059 00016.911 00011.207 00003.877 00017.261 00033.713 00045.715 00050.569 00051.043 00042.287 00040.239 00030.074 00020.566 00024.592 00027.746 00024.864 00024.434 00021.514 00015.416 00019.526 00021.753 00030.405 00041.236 00052.714 00065.061 00074.923 00065.584 00063.949 00061.753 00046.015 00049.622 00047.614 00044.363 00035.881 00034.296 00041.797 00043.516 00053.258 00056.534 00060.741 00062.556 00075.322 00077.230 00077.068 00001.738 -0001.000 -0001.000 -0001.000 -0001.000
00125.205 00147.068 00137.168 00118.030 00092.758 00081.701 00079.288 00057.112 00036.913 00035.105 00039.644 00035.334 00018.948 00012.489 00004.810 00014.481 00035.255 00047.069 00052.444 00054.012 00045.272 00042.753 00018.986 00017.107 00034.602 00043.368 00048.499 00033.814 00018.709 00014.408 00017.341 00023.078 00034.523 00059.798 00054.519 00062.830 00064.216 00055.724 00054.796 00046.308 00037.304 00042.461 00044.283 00041.721 00040.865 00041.847 00039.542 00053.674 00061.624 00066.240 00065.097 00075.461 00100.716 00094.649 00054.108 00001.907 -0001.000 -0001.000 -0001.000 -0001.000
00122.294 00110.349 00091.179 00079.754 00069.468 00071.293 00072.397 00048.697 00036.875 00039.413 00044.534 00036.103 00020.483 00014.335 00005.473 00011.953 00034.086 00048.359 00052.821 00053.703 00039.196 00024.586 00019.786 00029.519 00033.283 00041.365 00055.215 00053.931 00047.385 00046.901 00032.777 00028.447 00038.773 00048.455 00056.961 00055.757 00051.911 00045.439 00039.940 00032.758 00035.912 00044.703 00045.510 00051.852 00043.754 00043.526 00048.798 00071.232 00083.079 00072.291 00074.576 00075.861 00077.297 00068.494 00013.094 00002.290 -0001.000 -0001.000 -0001.000 -0001.000
00089.962 00064.496 00056.045 00050.001 00051.925 00058.024 00056.009 00041.471 00038.125 00042.182 00044.965 00034.418 00020.004 00013.439 00004.966 00012.988 00033.665 00049.334 00051.659 00050.013 00034.200 00030.456 00029.123 00031.704 00034.296 00038.251 00057.675 00083.914 00057.884 00044.669 00030.003 00034.288 00045.776 00045.272 00050.483 00046.699 00042.391 00035.804 00029.610 00029.193 00036.150 00047.693 00046.594 00051.633 00048.127 00044.445 00064.329 00081.882 00103.965 00106.417 00090.258 00084.137 00078.564 00070.815 00051.846 00002.597 -0001.000 -0001.000 -0001.000 -0001.000
00047.503 00037.777 00037.686 00036.768 00037.529 00041.464 00038.488 00031.438 00039.147 00044.146 00038.445 00031.366 00019.329 00012.550 00004.514 00014.072 00033.252 00043.287 00054.274 00058.660 00047.240 00044.436 00036.202 00035.930 00036.463 00040.587 00049.351 00084.935 00079.602 00048.482 00034.976 00033.957 00045.417 00044.873 00042.162 00038.174 00032.144 00024.172 00025.265 00027.280 00045.679 00046.983 00047.240 00050.789 00052.748 00047.586 00075.363 00103.814 00129.040 00144.342 00143.557 00087.642 00070.748 00066.278 00026.371 00001.838 00000.791 -0001.000 -0001.000 -0001.000
00040.031 00030.603 00029.957 00029.614 00029.369 00024.231 00017.752 00035.513 00040.410 00044.177 00036.651 00030.933 00017.702 00011.632 00003.504 00016.204 00036.778 00040.856 00046.676 00042.601 00045.794 00047.721 00039.715 00039.813 00038.057 00042.459 00044.519 00059.063 00047.695 00037.291 00035.816 00036.482 00045.363 00043.827 00035.429 00026.225 00021.059 00023.051 00023.759 00038.337 00034.478 00037.349 00038.359 00033.011 00036.327 00060.261 00090.910 00112.336 00137.288 00163.634 00188.151 00179.607 00077.500 00023.184 00007.915 00000.976 00040.628 00002.526 00002.554 00002.463
00039.738 00024.795 00026.015 00018.876 00014.828 00014.492 00030.664 00035.796 00035.477 00042.171 00037.767 00025.082 00018.290 00004.321 00012.118 00030.871 00031.172 00036.476 00038.293 00040.312 00044.302 00048.999 00044.903 00044.292 00042.697 00039.755 00038.443 00040.636 00039.625 00033.309 00033.886 00039.780 00040.132 00033.957 00025.857 00020.071 00021.083 00021.847 00022.388 00024.292 00028.313 00028.772 00030.008 00030.975 00045.828 00074.805 00098.032 00117.573 00134.453 00163.788 00046.618 00041.113 00028.300 00033.425 00043.942 00083.268 00021.382 00100.382 00237.914 00118.716
00056.593 00045.171 00021.534 00013.350 00019.714 00020.176 00035.419 00069.006 00056.840 00056.605 00049.904 00014.219 00009.946 00003.821 00012.725 00028.580 00036.176 00038.035 00038.376 00041.196 00044.099 00046.695 00047.053 00048.498 00040.096 00033.875 00032.837 00034.932 00031.352 00029.052 00032.930 00037.188 00026.321 00021.809 00021.503 00021.643 00023.022 00021.627 00021.822 00037.835 00028.905 00043.259 00053.331 00049.348 00060.957 00066.165 00065.077 00061.105 00056.064 00059.800 00070.450 00088.538 00115.414 00151.551 00113.654 00100.531 00094.605 00141.211 00199.757 00166.549
00060.391 00046.540 00050.274 00041.834 00039.644 00039.415 00036.877 00038.564 00038.710 00051.425 00036.800 00007.398 00002.668 00005.840 00010.868 00022.846 00036.749 00042.101 00045.297 00047.115 00045.215 00044.959 00045.098 00043.687 00032.373 00028.463 00028.168 00028.002 00025.255 00025.482 00028.923 00023.008 00020.665 00022.545 00026.586 00028.616 00019.486 00020.037 00020.517 00022.614 00038.843 00042.424 00050.888 00067.036 00069.399 00072.058 00068.673 00066.689 00092.893 00151.931 00146.449 00096.743 00131.292 00132.996 00102.548 00115.012 00127.192 00145.349 00144.202 00136.646
00055.053 00052.505 00048.166 00050.912 00041.621 00043.312 00035.840 00019.624 00036.127 00019.183 00010.040 00007.862 00004.694 00002.001 00005.125 00022.663 00035.852 00039.519 00042.496 00044.163 00043.342 00042.902 00041.467 00038.261 00026.020 00023.714 00024.068 00025.129 00028.577 00027.867 00022.912 00025.687 00022.798 00017.982 00020.589 00020.967 00021.590 00021.404 00023.374 00022.969 00021.113 00038.141 00049.751 00085.258 00099.579 00100.886 00069.812 00105.443 00118.559 00121.732 00123.682 00117.646 00114.518 00111.839 00100.440 00136.074 00119.622 00114.779 00116.317 00121.046
00059.185 00055.329 00037.577 00043.235 00048.022 00051.011 00017.143 00012.741 00013.906 00009.675 00011.750 00009.063 00004.074 00002.667 00012.028 00027.206 00032.321 00036.985 00039.836 00041.794 00041.659 00040.054 00038.466 00030.293 00021.838 00024.929 00026.880 00031.107 00033.436 00032.726 00032.505 00032.023 00028.898 00029.773 00027.292 00024.200 00024.953 00025.589 00024.293 00026.143 00021.921 00030.667 00053.573 00078.221 00125.387 00145.949 00145.710 00138.582 00093.666 00093.892 00075.938 00113.821 00091.199 00093.619 00092.515 00117.019 00107.683 00105.907 00103.526 00102.315
00054.200 00045.920 00022.228 00034.031 00060.408 00025.285 00029.804 00015.527 00010.302 00008.656 00007.458 00002.530 00006.550 00027.703 00015.119 00030.820 00035.461 00037.090 00037.276 00043.724 00045.359 00043.000 00035.340 00026.521 00017.112 00027.702 00028.916 00032.203 00031.744 00033.629 00033.658 00032.744 00032.204 00033.830 00034.421 00033.233 00031.531 00030.097 00029.237 00023.642 00015.740 00026.513 00061.527 00082.838 00121.488 00131.390 00115.223 00086.693 00104.377 00108.543 00110.131 00100.300 00083.657 00079.941 00102.142 00102.249 00099.133 00094.524 00095.428 00095.933
00042.928 00036.169 00016.663 00023.972 00033.458 00044.914 00028.864 00011.907 00007.675 00006.501 00002.982 00002.441 00003.288 00022.471 00042.680 00048.849 00050.924 00051.623 00054.342 00049.506 00051.092 00045.242 00042.605 00026.852 00030.107 00027.075 00028.560 00028.718 00030.752 00028.720 00029.546 00029.659 00030.233 00031.220 00032.486 00029.293 00027.999 00027.433 00028.272 00022.040 00018.976 00022.522 00042.245 00065.252 00086.034 00096.999 00098.335 00095.991 00093.148 00095.851 00095.457 00090.745 00082.327 00085.206 00089.892 00091.594 00089.819 00091.210 00087.665 00094.809
00028.188 00014.185 00010.851 00012.055 00016.529 00015.161 00010.872 00007.747 00007.450 00003.470 00001.817 00011.310 00005.556 00029.623 00041.777 00046.136 00047.201 00049.273 00053.538 00049.751 00047.103 00040.465 00038.594 00023.909 00025.176 00025.956 00025.233 00024.188 00027.246 00026.513 00026.917 00027.156 00027.804 00028.679 00027.636 00023.477 00022.473 00022.440 00020.660 00017.537 00013.446 00013.084 00021.369 00051.538 00071.340 00074.891 00080.259 00079.353 00076.566 00081.197 00087.756 00094.655 00089.399 00088.175 00088.319 00091.943 00091.000 00087.583 00086.475 00088.975
00010.414 00010.064 00009.980 00010.066 00009.013 00008.455 00006.684 00007.561 00003.076 00003.377 00010.161 00012.293 00019.291 00034.615 00037.854 00039.384 00041.577 00038.772 00036.580 00036.704 00037.408 00034.266 00024.259 00026.363 00026.127 00028.101 00018.055 00023.668 00024.960 00023.613 00024.361 00024.814 00025.413 00024.587 00022.256 00020.691 00020.233 00022.167 00018.159 00019.475 00019.600 00020.636 00020.776 00027.402 00053.144 00054.607 00054.696 00065.508 00068.928 00074.775 00085.370 00099.770 00092.877 00087.483 00097.759 00097.255 00094.347 00096.100 00092.770 00084.639
00009.515 00007.847 00006.784 00006.572 00006.003 00006.000 00004.365 00002.346 00004.305 00009.916 00012.198 00013.735 00030.771 00032.525 00031.990 00031.652 00031.081 00032.028 00033.901 00035.084 00034.790 00031.818 00026.746 00027.923 00027.940 00026.121 00016.861 00018.476 00021.032 00019.567 00021.790 00022.708 00021.835 00021.462 00029.744 00037.518 00039.951 00036.139 00036.984 00036.557 00035.465 00026.118 00026.847 00029.032 00032.357 00059.539 00052.014 00063.970 00066.629 00070.434 00083.030 00106.163 00098.844 00087.643 00092.910 00094.081 00099.127 00100.217 00095.386 00100.018
00007.773 00009.920 00011.358 00006.502 00002.512 00001.941 00000.360 00002.917 00008.440 00009.603 00020.541 00025.025 00025.517 00026.942 00028.131 00029.254 00030.262 00031.277 00032.415 00032.998 00029.628 00025.933 00026.177 00027.690 00027.887 00022.060 00021.213 00015.193 00012.217 00016.343 00036.110 00028.790 00039.492 00033.770 00038.297 00043.633 00043.293 00036.584 00038.707 00038.718 00039.444 00036.202 00037.238 00030.150 00039.921 00066.559 00062.735 00066.788 00064.420 00068.269 00083.602 00112.626 00108.381 00091.774 00088.314 00089.342 00092.695 00093.472 00093.164 00092.064
00015.473 00016.153 00012.634 00005.442 00002.256 00009.177 00008.209 00016.941 00020.901 00023.494 00025.260 00027.247 00028.455 00028.832 00029.314 00029.437 00029.525 00029.971 00027.751 00024.048 00023.920 00024.707 00025.748 00026.202 00024.844 00023.138 00013.446 00012.914 00010.014 00021.901 00031.241 00027.879 00036.716 00040.039 00042.006 00042.388 00039.956 00037.076 00037.860 00039.107 00036.842 00035.173 00030.109 00030.399 00047.248 00070.808 00074.315 00071.403 00071.542 00072.410 00087.993 00096.697 00121.169 00103.523 00085.518 00085.049 00083.451 00083.821 00085.599 00077.874
00015.884 00012.743 00012.313 00004.739 00000.946 00009.843 00011.019 00035.137 00036.952 00036.059 00029.965 00029.490 00029.808 00032.032 00031.591 00031.738 00031.876 00025.953 00024.417 00024.332 00023.979 00024.256 00024.771 00025.737 00027.213 00029.757 00035.119 00037.731 00025.664 00026.168 00029.467 00031.425 00036.150 00038.211 00039.725 00036.994 00036.751 00035.219 00031.575 00027.906 00027.089 00027.197 00027.278 00030.638 00060.547 00073.130 00073.159 00073.499 00079.853 00086.323 00095.925 00117.064 00137.134 00129.284 00113.287 00082.453 00077.037 00075.874 00078.479 00072.102
00014.342 00012.120 00006.591 00003.669 00005.010 00009.928 00019.496 00037.894 00040.209 00040.623 00041.726 00031.284 00037.338 00037.009 00036.693 00036.449 00025.796 00024.022 00024.096 00023.945 00023.695 00023.087 00023.079 00024.155 00031.094 00033.360 00034.404 00030.110 00030.481 00034.823 00031.287 00034.152 00036.621 00035.823 00035.422 00032.835 00031.150 00026.814 00021.589 00019.968 00023.016 00026.137 00033.136 00054.628 00069.562 00073.977 00071.245 00074.728 00083.228 00092.028 00102.658 00122.096 00146.236 00133.398 00117.495 00088.195 00073.127 00072.237 00082.989 00070.389
00011.432 00007.583 00004.408 00000.600 00008.679 00010.124 00033.278 00038.267 00039.857 00040.629 00042.296 00038.273 00039.340 00040.514 00041.095 00026.447 00027.486 00027.737 00028.361 00028.530 00030.613 00033.289 00022.132 00029.825 00034.285 00035.724 00035.854 00037.940 00037.593 00032.037 00033.952 00034.263 00033.552 00031.266 00029.235 00028.726 00027.951 00020.038 00021.100 00026.610 00029.087 00032.630 00062.212 00071.544 00074.171 00071.563 00071.556 00076.620 00086.987 00093.012 00103.224 00134.345 00135.757 00126.761 00100.541 00089.940 00068.908 00070.517 00073.269 00088.571
00008.866 00004.880 00001.715 00007.999 00009.836 00025.851 00037.283 00038.721 00039.564 00041.458 00041.642 00039.133 00039.903 00041.767 00035.993 00028.180 00028.698 00028.940 00029.410 00029.749 00030.837 00037.738 00040.503 00035.306 00036.168 00035.720 00034.932 00032.241 00031.895 00033.593 00035.549 00030.969 00032.056 00032.179 00030.061 00032.758 00032.061 00026.325 00025.110 00031.262 00034.339 00034.415 00060.920 00073.996 00072.768 00072.104 00074.468 00080.371 00087.717 00093.051 00116.491 00130.022 00132.641 00111.841 00104.056 00105.759 00077.291 00062.158 00093.665 00098.035
00005.400 00002.408 00006.982 00009.559 00018.678 00035.802 00038.010 00038.973 00039.656 00040.481 00040.153 00039.901 00041.974 00042.813 00029.906 00029.063 00029.365 00029.624 00029.740 00029.773 00032.226 00036.535 00035.923 00036.534 00036.455 00035.654 00035.789 00033.006 00034.820 00026.810 00027.163 00030.647 00034.695 00034.643 00032.239 00038.980 00035.308 00032.686 00033.806 00032.050 00033.036 00033.628 00050.555 00053.672 00062.273 00073.097 00071.437 00078.897 00085.652 00096.181 00114.186 00136.326 00106.745 00092.449 00103.906 00100.578 00086.496 00066.173 00072.704 00089.622
