data/trial8/ashley.ros
NCOLS 382
NROWS 266
XLLCORNER 157819.328125
YLLCORNER 384678.625000
CELLSIZE 30.000000
NODATA_VALUE -1
[rows 204 to 237 of 266, columns 231 to 307 of 382]
16.22 17.67 19.15 20.52 21.65 22.54 23.48 23.79 24.37 24.71 24.78 24.93 24.99 18.52 19.87 20.80 21.68 21.83 22.01 22.34 22.72 23.16 23.57 24.02 24.27 24.47 24.62 24.84 25.03 25.25 25.71 25.96 26.10 26.17 26.13 26.20 26.30 26.12 26.90 27.01 27.08 36.18 42.61 44.16 44.59 44.73 44.66 44.58 44.59 44.53 44.45 44.32 44.24 44.08 43.94 43.80 43.60 43.40 43.81 43.88 43.80 43.80 43.73 43.71 43.88 43.94 43.78 43.55 43.26 42.52 41.71 41.51 43.82 49.02 50.47 51.17 51.17
15.32 16.79 18.16 19.51 20.72 22.05 22.82 23.51 24.81 24.96 25.07 25.20 25.25 17.97 19.28 20.42 21.47 22.16 22.23 22.45 22.72 23.06 23.43 23.86 24.19 24.31 24.53 24.73 25.20 25.71 25.98 26.15 26.23 26.26 26.18 26.29 26.10 26.37 26.71 27.17 35.35 42.31 44.03 44.52 44.73 44.77 44.65 44.61 44.51 44.43 44.36 44.27 44.23 44.10 43.98 43.85 43.67 43.73 43.88 43.89 43.79 43.77 43.72 43.73 43.80 43.80 43.70 43.48 43.27 42.45 42.11 41.39 46.84 49.88 50.94 50.86 50.40
18.34 16.66 16.90 17.91 20.11 21.69 22.63 24.39 24.93 25.10 25.19 25.29 25.27 25.20 20.30 20.49 21.26 22.20 22.38 22.41 22.67 22.93 23.30 23.64 23.94 24.24 24.75 25.39 25.77 26.07 26.20 26.31 26.48 26.48 26.39 26.38 26.36 26.56 26.75 38.12 42.04 43.87 44.43 44.67 44.77 44.73 44.67 44.56 44.43 44.30 44.27 44.27 44.21 44.09 44.00 43.87 43.75 43.83 43.89 43.85 43.76 43.72 43.68 43.71 43.70 43.71 43.64 43.45 43.26 42.72 42.07 43.06 48.50 50.47 51.02 50.85 50.41
21.72 19.47 18.02 18.81 20.34 22.22 23.79 24.29 24.63 25.02 25.31 25.46 25.70 25.74 25.53 21.49 20.99 21.85 22.49 22.47 22.62 22.87 23.16 23.72 24.47 25.15 25.53 25.83 26.06 26.23 26.35 26.50 26.61 26.71 26.67 26.61 26.59 26.71 33.68 42.49 44.04 44.31 44.57 44.71 44.73 44.69 44.58 44.49 44.37 44.28 44.21 44.24 44.15 44.10 43.99 43.91 43.81 43.81 43.82 43.78 43.74 43.68 43.65 43.64 43.63 43.65 43.61 43.48 43.21 42.51 42.09 46.78 49.98 50.77 50.98 50.83 50.65
24.84 20.46 19.38 20.08 20.93 22.20 23.42 24.04 24.39 24.99 25.32 25.54 25.75 25.90 24.94 24.21 21.42 21.79 22.71 23.20 23.53 24.03 24.53 24.86 25.17 25.49 25.77 25.99 26.16 26.32 26.46 26.59 26.72 26.83 26.94 26.87 26.80 26.97 40.92 43.62 44.39 44.47 44.61 44.64 44.59 44.56 44.44 44.44 44.27 44.19 44.22 44.21 44.13 44.06 43.99 43.72 43.72 43.73 43.70 43.69 43.67 43.64 43.61 43.57 43.55 43.61 43.54 43.42 43.12 42.50 42.77 48.48 50.36 50.66 50.75 50.87 50.81
24.88 25.19 19.14 19.81 20.76 21.65 22.40 23.04 23.98 24.82 25.27 25.53 25.78 25.92 26.00 25.39 23.96 23.06 23.70 24.20 24.31 24.52 24.74 24.98 25.26 25.55 25.83 26.07 26.21 26.37 26.55 26.68 26.80 26.93 27.05 27.10 28.21 37.96 42.78 44.11 44.49 44.50 44.40 44.45 44.41 44.37 44.44 44.40 44.27 44.17 44.21 44.16 44.08 44.02 43.65 43.62 43.62 43.62 43.59 43.58 43.56 43.54 43.52 43.47 43.53 43.55 43.44 43.35 42.97 42.41 46.70 49.98 50.81 50.71 50.45 50.70 50.74
24.98 23.93 24.67 19.97 20.68 21.39 22.13 22.86 23.62 24.36 24.99 25.27 25.67 25.94 25.93 25.79 25.25 23.14 23.70 24.25 24.41 24.54 24.75 24.95 25.24 25.47 25.65 25.96 26.16 26.24 26.38 26.75 26.87 26.98 27.12 31.28 40.49 42.97 43.94 44.39 44.54 44.47 44.39 44.26 44.30 44.35 44.35 44.32 44.28 44.23 44.16 44.10 44.04 43.68 43.57 43.56 43.54 43.47 43.47 43.46 43.45 43.43 43.40 43.41 43.48 43.52 43.44 43.32 43.17 43.84 48.58 50.52 51.05 50.79 50.73 50.62 50.64
25.03 25.01 25.22 25.39 20.16 21.09 21.88 22.58 23.25 23.93 24.52 25.26 25.77 26.06 26.13 26.01 25.80 23.64 23.64 24.16 24.53 24.64 24.80 24.96 25.10 25.15 25.36 25.51 25.39 25.71 26.21 26.68 26.91 27.08 34.91 41.11 43.06 43.91 44.32 44.47 44.57 44.45 44.38 43.81 44.24 44.25 44.23 44.22 44.23 44.15 44.03 44.04 43.79 43.52 43.51 43.48 43.41 43.39 43.36 43.34 43.33 43.32 43.31 43.33 43.35 43.49 43.37 43.24 43.12 47.71 49.97 50.92 51.19 50.98 50.78 50.73 50.55
24.96 25.31 25.47 25.60 19.18 20.49 21.70 22.33 22.99 23.80 24.62 25.40 26.02 25.96 26.20 26.26 26.01 25.66 23.55 24.15 24.64 24.76 24.84 24.91 25.05 25.18 25.37 25.60 25.62 25.87 26.37 26.62 32.02 39.62 41.83 43.04 43.67 44.14 44.27 44.27 44.30 44.46 44.17 43.68 43.69 44.11 44.13 44.13 44.10 43.97 44.01 43.87 43.43 43.45 43.43 43.37 43.34 43.30 43.28 43.25 43.22 43.21 43.22 43.19 43.20 43.29 43.23 43.18 45.40 49.64 50.71 51.04 51.12 50.76 50.73 50.81 50.49
24.87 25.13 25.52 24.82 24.26 23.59 22.08 22.04 22.74 23.97 24.99 25.51 25.65 26.15 26.37 26.40 26.26 26.27 24.07 24.37 24.66 24.84 24.88 25.09 25.33 25.58 25.83 26.05 26.00 25.92 32.04 38.73 40.76 41.87 42.58 43.22 43.77 43.99 43.85 43.99 44.20 44.30 44.37 44.04 43.75 43.43 43.89 44.02 43.95 43.95 43.92 43.26 43.28 43.31 43.31 43.30 43.25 43.18 43.19 43.21 43.14 43.12 43.12 43.08 43.12 43.19 43.12 43.12 49.08 51.18 51.22 51.08 50.85 50.41 50.69 50.72 50.45
24.58 24.87 25.28 25.67 25.37 25.47 24.17 23.31 23.72 24.28 24.99 25.46 25.86 26.25 26.40 26.27 26.21 26.34 23.94 13.24 19.13 24.90 24.93 25.08 25.33 25.49 25.51 29.83 34.68 38.49 40.29 41.42 41.93 42.25 42.49 42.93 43.26 43.10 43.45 43.85 44.05 44.15 44.19 44.31 44.08 43.63 43.27 43.68 43.89 43.89 42.81 42.94 43.08 43.15 43.16 43.16 43.01 43.01 43.12 43.11 43.05 43.05 43.02 42.97 43.00 42.99 42.94 48.43 51.24 51.70 51.14 51.13 50.77 50.51 50.77 50.70 50.39
24.41 24.60 25.06 25.52 25.29 25.68 25.08 23.24 23.54 24.07 24.76 25.42 25.80 26.00 26.06 26.20 26.26 26.34 15.92 07.64 06.85 07.75 18.71 29.31 32.38 34.86 36.69 38.22 39.36 40.41 41.19 41.87 42.08 42.34 42.44 42.71 42.79 42.87 42.65 43.30 43.86 43.98 44.05 44.13 44.20 43.96 43.61 43.27 43.42 42.36 42.50 42.65 42.78 42.89 43.00 42.98 42.92 42.95 43.04 43.02 42.99 42.98 42.92 42.90 42.84 42.85 46.84 50.61 51.97 52.01 51.40 51.12 50.87 50.80 50.82 50.61 50.25
23.62 15.93 16.37 09.15 16.90 25.72 25.39 23.94 23.40 23.96 24.58 25.19 25.66 25.87 26.09 26.29 26.38 26.44 26.30 22.86 07.21 06.09 08.94 22.40 35.62 36.76 38.23 39.17 39.81 40.35 40.96 41.13 41.26 42.05 41.95 42.34 42.27 42.54 42.53 43.10 43.51 43.74 43.85 43.86 43.92 44.02 43.88 43.54 43.53 43.76 42.85 42.37 42.48 42.60 42.79 42.88 42.87 42.90 42.94 42.96 43.00 42.84 42.84 42.81 42.77 45.20 49.91 51.81 52.29 52.13 51.27 51.04 50.86 50.87 50.79 50.46 50.13
04.69 04.71 04.71 06.69 12.18 20.76 25.05 25.22 23.27 23.86 24.45 25.04 25.60 25.90 26.11 26.34 26.48 26.45 35.72 40.60 07.07 06.53 05.03 05.09 31.90 34.83 36.85 39.13 39.55 39.98 40.31 40.53 39.30 41.10 41.33 41.88 42.03 42.21 42.53 42.88 42.83 43.11 43.44 43.55 43.68 43.78 43.90 43.71 43.58 43.66 43.72 43.25 42.19 42.13 42.60 42.76 42.74 42.77 42.84 42.87 42.77 42.81 42.68 42.66 43.93 49.39 51.61 52.30 51.94 51.41 51.14 50.96 50.71 50.87 50.64 50.35 50.05
04.81 04.73 05.05 05.44 04.07 10.59 24.78 25.30 23.77 23.72 24.35 24.92 25.45 25.89 26.12 26.48 29.82 38.48 41.42 36.77 10.39 06.40 06.73 05.13 05.48 09.38 10.40 06.85 08.03 06.86 06.70 12.20 22.74 37.59 39.39 41.20 41.66 41.89 42.13 42.13 42.34 42.77 43.04 43.17 43.37 43.66 43.06 43.01 43.42 43.51 43.33 43.31 43.38 41.11 41.83 42.42 42.47 42.58 42.65 42.63 42.67 42.56 42.39 42.43 48.82 51.40 52.10 51.93 51.54 51.21 51.14 50.76 50.79 50.77 50.37 50.12 49.95
04.00 06.60 06.37 06.09 04.91 10.47 18.50 24.14 25.86 23.54 24.19 24.77 25.18 25.58 26.03 33.80 40.09 41.94 41.19 26.23 07.09 06.09 05.78 10.66 05.48 05.89 06.39 06.68 06.81 06.43 06.02 11.03 28.72 33.96 38.10 39.70 41.33 41.56 41.81 42.04 42.25 42.57 42.84 42.91 43.15 41.71 41.93 42.32 42.74 43.01 43.17 43.17 43.31 42.83 43.06 41.99 42.19 42.37 42.44 42.46 42.41 42.20 42.24 48.21 51.06 51.79 51.96 51.69 51.33 51.15 50.97 50.68 50.67 50.48 50.00 49.92 49.79
04.35 05.59 19.70 26.41 09.36 15.51 18.50 22.94 25.38 23.33 25.34 27.59 30.57 33.84 37.26 39.90 41.78 42.65 43.14 39.17 17.91 13.66 11.20 15.23 20.81 05.22 05.65 06.03 06.22 10.65 08.08 11.91 21.31 31.12 35.91 38.35 39.95 41.22 41.49 41.76 42.02 42.29 42.54 42.46 40.89 41.17 41.47 41.79 42.06 42.41 42.70 43.08 43.20 43.04 43.01 43.14 41.82 41.96 42.11 42.10 41.96 42.08 47.72 50.56 51.52 51.81 51.73 51.39 51.05 50.89 50.71 50.47 50.38 49.97 49.86 49.81 49.64
04.70 11.10 11.23 16.47 14.45 17.12 24.76 25.65 34.56 38.67 33.80 35.59 37.17 38.28 39.40 40.37 41.58 42.53 43.05 43.37 39.16 27.62 26.11 25.68 28.82 26.75 22.70 20.28 15.03 25.95 08.33 11.75 22.42 28.12 32.76 37.06 38.63 40.16 41.12 41.39 41.66 41.97 39.84 40.17 40.46 40.73 41.04 41.27 41.60 41.88 42.22 42.57 42.87 42.98 42.90 42.85 42.80 41.42 41.52 41.84 41.77 47.19 50.13 51.35 51.70 51.68 51.34 50.95 50.80 50.73 50.53 50.29 50.01 49.85 49.79 49.64 49.25
10.67 29.80 24.22 25.57 23.90 18.77 22.62 30.10 34.95 37.75 34.08 35.68 37.29 38.46 39.31 40.15 41.00 41.84 42.63 42.80 42.14 40.68 10.66 15.33 24.95 37.31 35.49 34.01 31.19 36.84 34.00 14.55 18.45 27.60 31.02 34.71 37.28 38.80 40.34 41.02 38.77 38.94 39.28 39.63 39.93 40.21 40.48 40.82 41.13 41.41 41.72 42.02 42.24 42.42 42.66 42.42 42.57 42.72 41.99 42.11 47.18 49.79 51.08 51.54 51.58 51.29 50.89 50.74 50.77 50.59 50.26 50.01 49.88 49.80 49.67 49.25 48.88
26.42 37.72 36.81 34.19 30.77 19.34 22.07 26.82 33.84 37.32 39.48 34.72 36.36 38.01 38.80 39.58 40.42 41.43 42.12 42.69 42.00 13.31 09.28 08.06 05.99 11.02 25.46 41.55 37.34 34.33 33.36 14.13 17.38 20.88 27.01 33.15 36.55 37.56 36.17 37.32 37.94 38.37 38.77 39.07 39.36 39.64 40.01 40.28 40.61 40.92 41.16 41.41 41.63 41.89 41.95 42.04 42.31 42.44 42.18 46.51 50.11 51.13 51.36 51.29 51.16 50.93 50.64 50.59 50.56 50.26 49.98 49.87 49.88 49.71 49.24 48.88 48.82
36.78 40.67 39.33 38.13 36.62 34.98 22.24 25.82 32.42 37.04 38.54 33.47 35.05 36.65 37.84 38.42 39.60 41.01 41.67 22.40 33.87 27.47 18.14 15.31 13.16 05.25 25.61 30.86 38.12 40.51 37.63 15.32 17.26 20.15 23.28 26.73 30.50 33.77 34.95 36.09 37.21 37.79 38.16 38.56 38.87 39.16 39.44 39.79 40.07 40.31 40.65 40.93 41.18 41.38 41.06 41.42 41.80 42.15 43.12 48.99 51.07 51.62 51.45 51.12 50.87 50.60 50.36 50.24 50.12 49.91 49.79 49.74 49.59 49.26 48.89 48.80 48.65
40.65 42.36 42.39 40.64 38.89 37.29 37.69 24.76 29.97 35.98 37.59 39.04 34.20 35.81 37.47 38.19 38.66 39.98 39.40 37.97 40.64 41.99 31.38 23.21 33.11 31.92 05.13 26.77 32.36 36.94 41.27 38.52 17.33 20.45 22.86 25.24 28.27 31.52 33.86 34.90 35.99 37.07 37.72 38.06 38.36 38.68 38.98 39.24 39.46 39.76 40.10 40.48 40.70 40.52 40.55 40.76 41.25 42.24 47.95 50.63 51.49 51.60 51.35 51.19 50.75 50.20 50.01 49.89 49.82 49.67 49.56 49.33 49.13 48.85 48.75 48.62 48.35
42.65 43.40 43.11 42.51 41.15 39.67 38.56 23.34 26.08 31.63 36.84 39.76 32.42 35.63 37.24 38.23 38.58 39.53 41.09 42.01 42.23 42.45 41.91 32.59 36.43 35.74 05.25 04.78 04.92 05.17 11.57 27.69 25.62 19.74 22.50 24.46 26.59 29.07 31.95 33.51 35.48 36.72 37.27 37.62 37.92 38.20 38.46 38.71 38.96 39.24 39.65 39.93 40.18 40.36 40.15 40.45 42.56 47.84 50.30 51.13 51.47 51.35 51.21 51.02 50.64 50.16 49.69 49.54 49.48 49.38 49.22 49.00 48.76 48.59 48.55 48.35 47.99
42.76 44.01 43.76 43.07 42.39 42.16 41.42 38.26 33.57 29.34 35.17 38.39 41.13 35.82 36.08 37.57 38.54 39.23 40.46 41.78 42.60 42.41 41.72 41.29 40.64 39.31 30.50 12.56 04.43 03.81 04.62 09.74 26.74 21.51 21.09 23.86 25.55 27.50 29.45 31.43 33.71 35.91 36.74 37.17 37.50 37.77 38.03 38.29 38.58 38.87 39.12 39.34 39.57 39.68 39.82 43.15 47.66 50.01 50.88 51.15 51.14 51.08 50.94 50.81 50.48 50.18 49.78 49.32 49.18 49.06 48.90 48.69 48.52 48.45 48.44 48.02 49.14
41.67 42.86 44.04 43.62 42.86 42.80 42.26 41.12 41.72 27.34 32.33 36.36 39.02 41.50 35.37 36.46 38.03 38.68 39.16 40.49 41.85 42.46 42.08 41.98 41.61 41.06 40.51 40.71 28.35 13.28 18.55 11.72 05.84 11.55 15.27 10.19 25.37 26.86 28.50 30.17 31.97 33.96 35.84 36.58 37.06 37.39 37.64 37.87 38.13 38.37 38.58 38.85 39.09 38.98 44.73 47.27 49.27 50.35 50.81 50.69 50.70 50.69 50.70 50.71 50.24 50.02 49.82 49.47 49.10 48.73 48.56 48.46 48.39 48.35 48.07 48.75 49.57
40.83 41.89 42.84 43.25 43.24 43.03 42.50 42.24 41.05 24.94 29.80 34.53 37.27 39.58 34.64 35.47 36.98 38.14 38.66 39.51 40.78 41.97 41.28 41.24 42.36 42.17 41.68 40.94 39.13 37.62 36.73 31.23 31.62 04.86 05.95 05.38 04.70 04.83 07.23 05.34 05.28 08.85 18.48 32.85 35.03 36.44 37.23 37.47 37.66 37.91 38.19 38.37 41.70 45.54 47.98 48.77 49.51 50.21 50.23 50.36 50.37 50.24 50.19 50.15 50.04 49.93 49.70 49.52 49.39 48.80 48.30 48.24 48.18 48.10 48.59 49.33 49.51
40.12 40.80 40.83 42.10 43.25 43.13 42.82 42.18 41.34 40.50 31.86 31.78 34.97 35.95 37.51 36.48 35.95 37.49 38.31 38.28 36.52 37.63 38.79 39.92 40.98 41.89 42.53 41.64 40.28 39.89 38.34 36.05 36.26 10.31 05.44 07.98 05.27 05.54 05.66 06.05 05.80 05.31 05.30 10.01 06.67 15.73 30.40 35.36 35.75 37.16 41.08 44.40 46.43 47.71 48.56 49.00 49.46 49.80 49.77 49.88 49.90 49.75 49.66 49.60 49.63 49.81 49.59 49.41 49.24 48.94 48.40 47.94 47.97 48.36 48.99 49.30 49.34
39.74 39.88 40.36 41.16 42.20 43.12 43.04 42.65 42.20 41.68 41.12 27.81 34.58 35.93 34.70 35.30 30.69 31.94 33.18 34.28 35.35 36.49 37.61 38.68 39.70 40.65 41.70 42.29 41.94 41.58 41.98 41.09 39.60 21.30 32.38 05.43 15.32 16.28 05.59 05.86 05.91 05.41 05.58 05.60 05.40 12.50 10.62 32.22 38.40 42.09 45.31 46.52 47.19 47.73 48.25 48.54 48.93 49.06 49.22 49.38 49.38 49.35 49.32 49.09 49.07 49.25 49.29 49.19 48.98 48.67 48.50 48.17 48.54 48.35 48.43 48.47 48.59
38.91 39.33 39.86 40.57 41.37 42.17 42.83 42.82 42.59 42.34 40.51 41.35 27.19 32.99 33.75 34.72 35.74 30.96 32.21 33.40 34.43 35.43 36.50 37.55 38.44 40.14 40.97 41.53 41.99 42.33 42.24 42.16 41.93 37.50 36.76 23.03 17.99 17.31 21.06 22.72 17.86 04.25 05.41 05.53 05.33 05.13 04.96 28.22 40.31 41.80 44.00 46.52 47.07 47.18 47.54 48.07 48.16 48.44 48.79 48.91 48.92 48.92 48.87 48.83 48.76 48.59 48.70 48.80 48.79 48.56 48.35 49.02 50.94 51.49 50.70 49.05 47.74
38.58 39.01 39.43 40.05 40.74 41.45 42.13 42.76 42.73 42.25 42.66 42.65 32.45 28.93 32.85 33.89 34.94 35.95 31.24 32.47 33.58 34.47 35.27 35.70 36.33 38.28 40.08 40.80 41.23 41.62 42.00 42.18 42.02 41.36 40.78 43.78 29.94 34.20 31.45 28.95 27.99 27.45 11.16 05.08 04.58 05.09 04.70 05.03 18.22 40.36 42.38 43.97 46.20 46.52 46.76 47.12 47.69 48.11 48.23 48.31 48.37 48.33 48.37 48.44 48.37 48.20 48.35 48.43 48.40 48.39 48.24 50.34 51.14 50.43 50.36 31.27 42.44
38.13 38.64 39.07 39.53 40.19 40.83 41.49 42.11 42.27 41.66 42.06 42.43 42.70 31.00 32.10 32.88 35.32 35.72 30.02 31.32 32.66 33.65 34.47 35.24 35.75 36.49 38.16 39.69 40.55 40.96 41.33 41.68 42.01 41.80 41.88 46.65 46.78 45.79 40.86 36.41 33.35 32.43 30.88 23.64 05.64 07.00 03.96 04.06 18.27 30.16 37.25 43.80 45.29 45.78 46.07 46.37 46.84 47.32 47.62 47.72 47.77 47.81 47.88 47.91 47.83 47.95 48.09 47.96 47.90 47.98 49.33 49.64 50.66 48.49 10.73 31.34 37.64
37.38 38.04 38.41 39.02 39.66 40.29 39.88 39.00 39.94 40.83 41.47 41.79 42.11 42.33 42.41 30.31 33.36 36.32 35.69 30.26 31.56 32.86 33.70 34.48 35.21 35.78 36.57 38.02 39.36 40.32 40.70 41.07 41.43 41.87 46.77 49.27 48.35 47.68 46.22 44.90 39.51 38.57 36.71 35.24 10.58 11.01 15.34 12.08 18.87 26.74 35.01 40.01 44.50 44.88 45.38 45.65 45.90 46.38 46.89 47.25 47.31 47.36 47.36 47.39 47.41 47.65 47.67 47.56 47.55 47.88 23.27 -1.00 -1.00 -1.00 -1.00 21.48 27.51
36.65 37.27 37.91 37.18 35.55 36.33 37.13 37.94 38.87 39.74 40.53 41.25 41.56 41.97 38.09 39.45 32.10 34.35 35.99 29.25 30.51 31.77 32.96 33.73 34.49 35.19 35.81 36.62 37.89 39.08 40.12 40.47 40.98 45.56 49.25 50.72 50.33 49.12 47.67 46.38 44.23 43.78 42.59 40.12 37.96 29.00 28.72 14.04 17.59 23.33 31.97 36.55 40.44 43.68 44.31 45.00 45.26 45.51 46.01 46.50 46.69 46.44 46.61 46.80 46.97 47.09 47.20 47.27 47.33 37.08 07.41 -1.00 -1.00 -1.00 -1.00 -1.00 01.97
31.92 32.65 33.40 34.13 34.85 35.55 36.31 37.11 37.87 38.72 39.53 40.32 41.26 41.97 40.62 40.58 40.70 32.46 34.08 35.77 29.42 30.68 31.93 33.01 33.75 34.48 35.17 35.83 36.64 37.77 38.53 39.01 43.29 48.22 50.48 51.06 51.13 50.58 49.19 48.79 48.16 46.58 44.86 43.53 42.53 37.06 36.71 14.62 18.05 21.52 27.90 34.25 37.88 40.99 43.11 43.93 44.70 44.96 45.11 45.41 45.61 45.92 46.20 46.36 46.53 46.77 46.68 46.28 46.06 46.99 50.28 -1.00 -1.00 -1.00 -1.00 -1.00 -1.00
