data/trial8/ashley.hpa
NCOLS 382
NROWS 266
XLLCORNER 157819.328125
YLLCORNER 384678.625000
CELLSIZE 30.000000
NODATA_VALUE -1
[rows 78 to 103 of 266, columns 120 to 179 of 382]
-0001.000 -0001.000 -0001.000 -0001.000 -0001.000 -0001.000 -0001.000 -0001.000 -0001.000 -0001.000 -0001.000 -0001.000 -0001.000 -0001.000 -0001.000 -0001.000 -0001.000 -0001.000 -0001.000 -0001.000 -0001.000 -0001.000 -0001.000 -0001.000 -0001.000 -0001.000 -0001.000 -0001.000 -0001.000 -0001.000 -0001.000 -0001.000 -0001.000 00100.356 00100.512 00100.366 00100.030 00099.735 00099.638 00099.078 00098.910 00102.557 00495.255 00495.420 00498.423 00502.896 00499.109 01329.948 01325.976 01319.444 01287.516 01259.328 01240.436 01212.318 01176.660 01143.460 01114.388 01090.193 01088.422 01127.151
00469.009 00468.640 -0001.000 -0001.000 -0001.000 -0001.000 -0001.000 -0001.000 -0001.000 -0001.000 -0001.000 -0001.000 -0001.000 -0001.000 -0001.000 -0001.000 -0001.000 -0001.000 -0001.000 -0001.000 -0001.000 -0001.000 -0001.000 -0001.000 -0001.000 -0001.000 -0001.000 -0001.000 -0001.000 -0001.000 -0001.000 -0001.000 -0001.000 00100.160 00100.303 00100.747 00100.825 00100.309 00100.123 00100.222 00099.583 00098.909 00099.138 00107.660 00106.846 00140.663 00502.369 01332.064 01322.994 01320.238 01285.875 01254.260 01227.802 01190.552 01154.619 01125.091 01096.575 01049.938 01061.192 01049.214
00472.380 00473.710 00474.637 00482.139 00092.699 00093.391 00093.743 00497.959 00498.903 00096.169 00096.411 00096.590 00096.826 00096.950 -0001.000 -0001.000 -0001.000 -0001.000 -0001.000 -0001.000 -0001.000 -0001.000 -0001.000 -0001.000 -0001.000 -0001.000 -0001.000 -0001.000 -0001.000 -0001.000 -0001.000 -0001.000 00100.100 00100.342 00100.618 00100.993 00101.204 00101.473 00100.871 00101.477 00101.469 00100.216 00099.062 00098.964 00106.705 00503.794 00755.364 01338.568 01320.461 01318.601 01283.995 01225.667 01201.222 01180.817 01156.108 01139.193 01118.074 01104.416 01103.250 01103.341
00474.530 00475.659 00476.624 00481.471 00099.395 00098.748 00497.126 00498.665 00499.912 00096.259 00096.472 00096.682 00096.909 00097.070 00097.222 00097.359 00097.505 00097.646 00097.783 00097.863 00099.137 00099.479 00101.784 00101.662 00102.387 00102.830 -0001.000 -0001.000 00105.360 -0001.000 -0001.000 00100.083 00100.472 00101.259 00101.632 00102.225 00102.342 00103.474 00102.822 00102.940 00102.671 00100.610 00098.875 00099.486 00222.323 00501.375 00500.806 01337.752 01318.474 01300.470 01266.969 01223.179 01213.342 01194.229 01177.171 01156.308 01147.755 01144.749 01143.538 01142.206
00400.616 00477.941 00273.298 00480.228 00092.608 00173.977 00497.425 00498.787 00500.232 00096.283 00096.505 00096.731 00096.964 00097.128 00097.296 00097.449 00097.595 00097.730 00097.847 00097.929 00098.014 00101.297 00101.188 00102.383 00103.715 00103.781 00104.598 00105.204 00105.172 00104.757 00104.020 00102.034 00100.886 00100.899 00102.605 00103.410 00103.857 00103.923 00103.466 00103.315 00103.207 00102.445 00099.855 00100.125 00501.693 00500.975 00499.855 01334.727 01312.368 01275.664 01251.620 01231.967 01223.532 01215.813 01206.369 01197.689 01192.264 01189.503 01186.572 01183.392
00228.768 00094.320 00149.388 00217.624 00092.462 00394.389 00497.596 00498.837 00500.290 00096.277 00096.521 00096.746 00096.971 00097.186 00097.355 00097.514 00097.663 00097.797 00097.905 00097.999 00099.449 00098.768 00101.602 00102.512 00103.523 00104.283 00105.160 00105.219 00104.575 00104.000 00103.169 00102.501 00101.011 00100.421 00102.096 00103.212 00103.672 00103.847 00103.449 00103.452 00103.531 00103.434 00134.224 00101.163 00502.504 00501.619 00479.144 00866.121 00792.964 01048.191 00869.792 01236.717 01239.076 01234.215 01230.864 01227.648 01225.745 01224.022 01222.699 01221.883
00117.753 00123.189 00091.587 00092.115 00092.561 00493.497 00497.756 00499.013 00500.295 00096.264 00096.506 00096.750 00096.976 00097.218 00097.414 00097.573 00097.725 00097.856 00097.971 00098.147 00097.894 00098.732 00101.600 00101.068 00102.446 00104.157 00105.432 00105.484 00105.282 00104.310 00103.586 00102.369 00101.330 00101.189 00102.117 00103.280 00103.550 00103.413 00102.855 00102.911 00103.213 00113.664 00292.650 00502.369 00501.595 00486.675 00478.600 00474.119 00473.518 00472.858 00472.826 00473.608 00525.276 00683.194 00473.895 00473.758 00567.780 00481.678 00473.186 00472.713
00090.474 00090.862 00091.242 00189.898 00113.537 00494.367 00497.938 00499.217 00270.813 00096.242 00096.490 00096.734 00096.972 00097.212 00097.473 00097.634 00097.789 00097.920 00098.049 00097.886 00097.789 00098.547 00097.941 00100.619 00102.063 00103.155 00104.202 00105.293 00104.828 00103.887 00103.111 00102.213 00101.115 00101.313 00102.143 00103.636 00103.732 00102.894 00101.961 00102.003 00104.502 00145.186 00502.221 00501.441 00502.294 00478.098 00477.345 00477.127 00474.182 00474.102 00473.476 00473.331 00473.052 00473.639 00473.193 00473.181 00473.386 00482.236 00473.475 00478.496
00090.268 00090.638 00093.490 00252.553 00484.151 00491.293 00497.275 00499.410 00137.770 00096.208 00096.446 00096.712 00096.954 00097.199 00097.464 00097.699 00097.855 00097.991 00097.936 00097.776 00097.615 00097.712 00099.353 00100.494 00101.707 00102.742 00103.250 00103.648 00103.993 00104.033 00102.815 00101.804 00101.243 00101.298 00101.465 00101.921 00102.176 00101.852 00101.950 00102.033 00101.943 00101.834 00381.061 00501.015 00501.689 00478.591 00475.890 00475.700 00474.350 00474.510 00474.548 00474.072 00473.819 00472.864 00473.033 00473.049 00473.401 00486.613 00492.018 00481.043
00164.625 00090.360 00152.999 00376.823 00481.311 00389.692 00497.178 00497.033 00095.904 00096.149 00096.390 00096.656 00096.914 00097.182 00097.442 00097.738 00097.925 00098.085 00097.827 00097.600 00097.448 00097.736 00099.195 00100.194 00101.005 00101.625 00102.044 00102.540 00103.013 00103.078 00102.694 00101.898 00101.249 00101.317 00101.446 00101.541 00101.700 00101.771 00101.910 00102.038 00101.849 00101.694 00205.857 00501.403 00500.898 00479.180 00474.565 00474.757 00474.557 00474.876 00474.766 00474.605 00474.478 00474.222 00474.440 00487.026 00493.721 00490.042 00496.864 00487.783
00089.640 00089.974 00139.856 00392.975 00479.172 00484.614 00492.900 00495.946 00498.231 00096.072 00096.321 00096.596 00096.858 00097.125 00097.965 00097.692 00098.005 00097.884 00097.685 00097.434 00097.268 00097.561 00098.794 00098.308 00099.382 00099.917 00100.157 00100.487 00100.754 00101.101 00101.255 00100.721 00101.278 00101.308 00101.358 00101.472 00101.592 00101.646 00101.763 00101.694 00101.677 00102.213 00149.845 00500.065 00494.397 00478.810 00474.675 00474.777 00474.776 00475.286 00474.960 00475.046 00475.016 00481.939 00492.422 00496.709 00493.972 00499.106 00495.686 00496.043
00088.955 00089.461 00096.263 00089.433 00477.961 00483.116 00489.940 00495.554 00496.974 00096.055 00096.241 00096.512 00097.699 00097.901 00099.284 00099.562 00097.956 00097.775 00097.513 00097.262 00097.092 00097.210 00096.824 00097.923 00099.782 00099.836 00099.828 00100.155 00100.495 00100.619 00100.623 00100.617 00100.630 00100.861 00101.169 00101.264 00101.354 00101.416 00101.296 00101.456 00101.310 00126.613 00216.910 00489.337 00484.497 00479.035 00474.787 00474.675 00474.756 00474.921 00475.265 00474.929 00478.384 00491.045 00497.703 00494.769 00494.554 00494.181 00493.152 00497.915
00088.178 00088.773 00089.319 00093.636 00477.267 00481.881 00488.791 00495.329 00496.941 00121.129 00096.390 00096.392 00097.877 00099.150 00100.538 00112.679 00103.171 00111.213 00097.341 00097.094 00096.925 00096.787 00096.663 00097.149 00097.879 00098.579 00099.252 00099.791 00100.104 00100.318 00100.469 00100.522 00100.584 00100.672 00100.850 00101.021 00101.089 00101.191 00101.399 00101.296 00101.176 00107.396 00375.372 00479.824 00479.026 00476.427 00475.800 00474.124 00473.949 00474.272 00474.400 00478.080 00488.848 00497.189 00494.952 00492.166 00493.008 00492.029 00493.810 00500.513
00087.242 00087.894 00088.332 00164.454 00476.002 00480.305 00486.453 00494.492 00497.347 00096.783 00096.699 00097.180 00098.814 00158.532 00269.829 00226.677 00281.764 00260.553 00097.162 00096.931 00096.766 00096.628 00096.585 00097.065 00097.554 00098.020 00098.997 00099.888 00100.020 00100.203 00100.360 00100.454 00100.469 00100.591 00100.742 00100.794 00100.832 00100.909 00101.053 00101.219 00101.160 00100.984 00501.356 00496.020 00478.824 00473.523 00473.246 00473.421 00473.298 00473.703 00482.211 00490.233 00496.502 00501.714 00491.265 00490.367 00490.813 00492.617 00494.917 00500.940
00086.159 00086.740 00106.341 00287.435 00443.357 00478.613 00483.797 00491.395 00496.563 00125.438 00096.808 00096.452 00164.811 00457.768 00466.462 00504.059 00503.777 00503.336 00099.353 00097.063 00096.677 00096.645 00096.762 00096.999 00097.295 00097.896 00098.842 00099.483 00099.908 00100.150 00100.244 00100.336 00100.465 00100.530 00100.677 00100.716 00100.709 00100.718 00100.911 00101.063 00101.067 00107.855 00500.569 00502.980 00497.557 00477.959 00484.266 00490.208 00496.701 00498.355 00493.778 00499.630 00505.772 00507.047 00489.379 00488.730 00489.972 00493.368 00496.797 00500.794
00372.431 00228.483 00465.071 00466.001 00471.941 00476.008 00480.472 00488.100 00496.306 00261.890 00203.485 00095.907 00194.562 00502.806 00503.583 00502.251 00502.857 00503.607 00125.613 00097.196 00096.771 00096.904 00096.869 00096.943 00097.011 00097.961 00099.418 00099.724 00099.742 00099.976 00100.067 00100.149 00100.272 00100.390 00100.488 00100.582 00100.663 00100.631 00100.731 00100.796 00100.795 00146.871 00363.359 00503.411 00504.078 00500.987 00498.918 00499.314 00498.784 00499.718 00500.625 00500.099 00517.678 00505.755 00495.047 00488.271 00490.016 00494.400 00498.916 00500.159
00447.408 00450.055 00452.120 00464.052 00469.235 00473.536 00477.055 00481.798 00489.199 00498.069 00501.863 00461.991 00502.992 00503.536 00503.969 00505.161 00502.863 00502.626 00169.933 00097.744 00097.373 00097.866 00097.933 00098.767 00099.069 00099.023 00099.570 00099.635 00099.705 00099.789 00099.877 00099.961 00100.070 00100.202 00100.266 00100.356 00100.445 00100.368 00100.316 00100.317 00100.213 00100.461 00500.112 00503.188 00505.177 00505.056 00503.828 00500.452 00500.578 00500.792 00501.336 00504.141 00515.708 00507.270 00501.320 00489.726 00492.454 00495.531 00499.027 00498.310
00428.256 00438.863 00450.467 00462.785 00467.192 00471.877 00474.422 00479.242 00487.514 00495.878 00502.153 00503.489 00501.884 00503.828 00505.128 00508.351 00506.335 00501.968 00105.426 00098.048 00099.202 00097.567 00098.035 00098.716 00099.353 00099.391 00099.392 00099.410 00099.490 00099.630 00099.718 00099.808 00099.915 00100.020 00100.096 00100.158 00100.170 00100.083 00100.020 00099.979 00100.118 00100.340 00128.637 00500.800 00503.955 00505.644 00501.564 00501.092 00501.015 00501.724 00509.220 00518.223 00514.725 00509.450 00500.217 00491.310 00497.015 00495.410 00496.480 00498.992
00428.934 00441.530 00454.170 00464.069 00468.675 00473.386 00476.118 00481.355 00489.923 00499.341 00502.952 00503.864 00502.946 00504.755 00506.347 00507.324 00509.763 00504.642 00099.789 00099.597 00099.106 00099.177 00099.144 00099.171 00099.138 00099.126 00099.138 00099.124 00099.244 00099.439 00099.574 00099.659 00099.750 00099.826 00099.903 00099.976 00100.023 00099.968 00100.032 00099.986 00100.058 00100.223 00100.284 00274.057 00500.517 00502.963 00505.490 00499.784 00501.147 00501.399 00517.467 00516.714 00513.173 00508.930 00506.451 00493.111 00494.796 00495.116 00494.606 00493.988
00429.600 00442.713 00455.914 00464.629 00469.874 00473.886 00477.025 00483.565 00492.840 00501.419 00503.356 00502.466 00503.163 00506.408 00502.436 00506.498 00509.768 00506.412 00099.718 00099.400 00099.174 00098.871 00098.899 00098.972 00098.845 00098.813 00098.860 00098.810 00099.059 00099.292 00099.421 00099.510 00099.582 00099.640 00099.697 00099.768 00099.885 00099.962 00100.143 00100.091 00100.047 00100.068 00100.104 00100.773 00227.914 00501.984 00504.896 00497.907 00500.802 00500.461 00516.969 00514.207 00514.288 00510.687 00494.127 00501.462 00494.992 00494.983 00494.866 00494.959
00429.843 00443.664 00456.878 00465.090 00470.029 00474.599 00478.205 00485.764 00495.107 00502.256 00503.697 00503.981 00505.691 00504.243 00504.549 00507.646 00509.778 00505.731 00099.601 00099.222 00098.945 00098.507 00098.649 00098.749 00098.803 00098.763 00098.827 00098.903 00098.965 00099.195 00099.296 00099.373 00099.423 00099.477 00099.531 00099.615 00099.659 00099.810 00099.968 00099.957 00099.863 00099.876 00100.069 00101.077 00236.853 00501.479 00504.183 00498.809 00499.532 00498.655 00514.540 00512.083 00510.648 00496.498 00494.422 00495.001 00495.133 00494.832 00494.895 00495.175
00430.029 00444.036 00457.300 00465.439 00470.032 00474.641 00478.933 00487.744 00497.619 00502.552 00504.040 00505.050 00506.326 00505.857 00507.099 00508.557 00508.668 00505.353 00099.485 00099.050 00098.585 00098.396 00098.448 00098.560 00098.705 00098.645 00098.609 00098.784 00098.969 00099.067 00099.137 00099.214 00099.268 00099.326 00099.386 00099.478 00099.576 00099.651 00099.777 00099.897 00099.865 00099.732 00100.099 00101.362 00392.103 00501.997 00505.578 00505.418 00497.837 00498.355 00512.695 00511.389 00510.066 00495.025 00495.155 00495.339 00494.941 00494.962 00495.038 00495.292
00429.676 00444.278 00457.456 00465.443 00470.416 00474.682 00479.341 00488.939 00500.353 00502.878 00504.385 00505.766 00506.415 00507.297 00508.502 00509.204 00509.714 00506.007 00099.399 00110.323 00099.386 00098.245 00098.292 00098.332 00098.389 00098.469 00098.449 00098.631 00098.826 00098.928 00099.006 00099.067 00099.111 00099.168 00099.253 00099.340 00099.433 00099.514 00099.627 00099.736 00099.840 00099.856 00100.162 00101.205 00152.956 00503.326 00507.534 00499.341 00501.218 00498.462 00508.313 00514.498 00507.212 00498.049 00495.572 00495.067 00495.106 00495.086 00495.292 00495.472
00429.082 00443.176 00457.182 00465.367 00471.095 00475.344 00479.771 00489.285 00501.818 00503.159 00504.653 00506.016 00507.289 00508.042 00509.295 00510.305 00506.946 00169.035 00099.418 00167.549 00123.673 00098.056 00098.110 00098.158 00098.249 00098.324 00098.452 00098.553 00098.695 00098.785 00098.863 00098.916 00098.967 00099.013 00099.096 00099.193 00099.296 00099.390 00099.485 00099.623 00099.735 00099.939 00100.241 00101.108 00137.266 00504.678 00508.544 00504.118 00505.154 00504.013 00515.338 00510.066 00507.018 00495.807 00495.332 00495.269 00495.133 00495.423 00495.706 00495.744
00428.266 00441.904 00456.605 00465.066 00470.306 00475.193 00480.127 00489.630 00501.917 00503.269 00504.781 00506.297 00507.787 00508.792 00510.146 00505.982 00435.365 00132.972 00180.185 00245.375 00110.887 00097.760 00097.920 00097.993 00098.099 00098.197 00098.311 00098.454 00098.546 00098.641 00098.698 00098.744 00098.803 00098.868 00098.940 00099.035 00099.144 00099.245 00099.335 00099.423 00099.679 00099.900 00100.203 00112.237 00501.267 00505.723 00506.666 00506.611 00505.683 00503.293 00521.157 00517.144 00505.153 00502.958 00495.528 00495.334 00495.381 00495.677 00495.707 00496.105
00422.526 00439.116 00454.413 00464.438 00469.540 00474.832 00480.205 00489.984 00501.932 00503.262 00504.860 00506.513 00508.307 00509.585 00508.563 00502.413 00500.641 00499.988 00498.396 00331.720 00149.055 00097.388 00097.645 00097.788 00097.776 00097.986 00098.187 00098.315 00098.403 00098.478 00098.546 00098.577 00098.630 00098.721 00098.792 00098.874 00098.973 00099.095 00099.196 00099.338 00099.625 00099.821 00100.140 00224.699 00502.278 00505.187 00505.413 00506.203 00505.350 00502.666 00504.081 00514.099 00510.837 00495.825 00495.552 00495.493 00495.666 00495.770 00496.007 00495.965
