data/trial8/ashley.rci
NCOLS 382
NROWS 266
XLLCORNER 157819.328125
YLLCORNER 384678.625000
CELLSIZE 30.000000
NODATA_VALUE -1
[rows 104 to 129 of 266, columns 60 to 119 of 382]
-0001.000 -0001.000 -0001.000 -0001.000 -0001.000 -0001.000 -0001.000 -0001.000 -0001.000 -0001.000 -0001.000 -0001.000 -0001.000 -0001.000 -0001.000 -0001.000 -0001.000 -0001.000 -0001.000 -0001.000 -0001.000 -0001.000 -0001.000 -0001.000 -0001.000 -0001.000 -0001.000 -0001.000 -0001.000 -0001.000 00645.417 00653.735 00653.559 00658.300 00664.727 00660.989 00669.406 00629.145 00340.682 00536.509 00188.293 00491.382 00286.778 00553.767 00240.627 00538.423 00334.100 00623.245 00333.521 00573.033 00340.555 00655.423 00513.216 00391.907 00543.933 00192.826 00502.809 00550.795 00534.936 00439.131
-0001.000 -0001.000 -0001.000 -0001.000 -0001.000 -0001.000 -0001.000 -0001.000 -0001.000 -0001.000 -0001.000 -0001.000 -0001.000 -0001.000 -0001.000 -0001.000 -0001.000 -0001.000 -0001.000 -0001.000 -0001.000 -0001.000 -0001.000 -0001.000 -0001.000 -0001.000 -0001.000 -0001.000 -0001.000 00643.956 00650.612 00663.278 00665.036 00537.889 00663.984 00520.717 00170.888 00679.409 00391.243 00171.912 00173.754 00527.221 00212.375 00596.601 00173.194 00564.327 00191.254 00628.749 00467.584 00255.437 00640.811 00458.186 00364.434 00584.535 00239.220 00400.417 00162.848 00235.301 00320.820 00402.210
-0001.000 -0001.000 -0001.000 -0001.000 -0001.000 -0001.000 -0001.000 -0001.000 -0001.000 -0001.000 -0001.000 -0001.000 -0001.000 -0001.000 -0001.000 -0001.000 -0001.000 -0001.000 -0001.000 -0001.000 -0001.000 -0001.000 -0001.000 -0001.000 -0001.000 -0001.000 -0001.000 -0001.000 -0001.000 00646.531 00655.546 00662.358 00251.425 00168.713 00170.823 00171.374 00171.460 00171.724 00169.787 00171.512 00174.520 00172.579 00172.449 00171.891 00170.264 00168.955 00168.069 00166.913 00166.905 00166.017 00501.494 00183.450 00619.139 00542.480 00346.310 00572.526 00241.984 00332.097 00369.871 00310.812
-0001.000 -0001.000 -0001.000 -0001.000 -0001.000 -0001.000 -0001.000 -0001.000 -0001.000 -0001.000 -0001.000 -0001.000 -0001.000 -0001.000 -0001.000 -0001.000 -0001.000 -0001.000 -0001.000 -0001.000 -0001.000 -0001.000 -0001.000 -0001.000 -0001.000 -0001.000 -0001.000 -0001.000 00645.076 00653.495 00659.719 00634.704 00168.611 00171.097 00171.050 00171.282 00168.820 00170.860 00173.313 00170.638 00283.927 00172.353 00171.632 00170.013 00168.711 00168.032 00166.789 00165.738 00164.154 00165.246 00166.972 00261.713 00252.701 00647.970 00688.413 00685.202 00332.829 00216.841 00423.615 00234.165
-0001.000 -0001.000 -0001.000 -0001.000 -0001.000 -0001.000 -0001.000 -0001.000 -0001.000 -0001.000 -0001.000 -0001.000 -0001.000 -0001.000 -0001.000 -0001.000 -0001.000 -0001.000 -0001.000 -0001.000 -0001.000 -0001.000 -0001.000 -0001.000 -0001.000 -0001.000 -0001.000 -0001.000 00645.766 00651.512 00658.522 00167.300 00170.608 00170.592 00171.397 00172.490 00173.033 00170.064 00172.379 00174.278 00173.307 00170.594 00169.908 00168.476 00167.983 00166.934 00165.291 00163.368 00162.949 00163.622 00601.382 00421.473 00190.143 00566.884 00542.195 00688.521 00468.967 00466.538 00463.263 00276.750
-0001.000 -0001.000 -0001.000 -0001.000 -0001.000 -0001.000 -0001.000 -0001.000 -0001.000 -0001.000 -0001.000 -0001.000 -0001.000 -0001.000 -0001.000 -0001.000 -0001.000 -0001.000 -0001.000 -0001.000 -0001.000 -0001.000 -0001.000 -0001.000 -0001.000 -0001.000 -0001.000 -0001.000 00646.018 00653.737 00591.760 00168.965 00170.676 00171.784 00171.763 00172.499 00173.472 00174.555 00175.211 00170.709 00169.805 00169.304 00169.091 00168.130 00167.118 00164.647 00163.463 00161.833 00161.257 00161.862 00162.860 00587.396 00468.792 00301.911 00280.885 00466.572 00464.858 -0001.000 00452.655 00467.237
-0001.000 -0001.000 -0001.000 -0001.000 -0001.000 -0001.000 -0001.000 -0001.000 -0001.000 -0001.000 -0001.000 -0001.000 -0001.000 -0001.000 -0001.000 -0001.000 -0001.000 -0001.000 -0001.000 -0001.000 -0001.000 -0001.000 -0001.000 -0001.000 -0001.000 -0001.000 -0001.000 00637.115 00649.428 00656.463 00184.349 00170.200 00170.781 00171.197 00172.721 00172.895 00173.295 00173.040 00174.121 00172.714 00171.364 00169.992 00168.146 00167.313 00165.922 00163.849 00161.844 00160.804 00160.496 00160.588 00571.530 00349.455 00217.793 00629.640 00431.093 00467.810 00451.929 -0001.000 -0001.000 -0001.000
-0001.000 -0001.000 -0001.000 -0001.000 -0001.000 -0001.000 -0001.000 -0001.000 -0001.000 -0001.000 -0001.000 -0001.000 -0001.000 -0001.000 -0001.000 -0001.000 -0001.000 -0001.000 -0001.000 -0001.000 -0001.000 -0001.000 -0001.000 -0001.000 -0001.000 -0001.000 -0001.000 00639.477 00650.287 00658.925 00241.525 00170.494 00171.630 00172.218 00172.323 00173.724 00174.845 00175.645 00171.989 00171.310 00170.197 00168.880 00167.945 00166.920 00164.654 00162.315 00161.166 00160.117 00159.618 00159.569 00159.538 00605.884 00453.533 00384.080 00416.607 00468.700 00470.050 00467.577 00464.578 00466.457
-0001.000 -0001.000 -0001.000 -0001.000 -0001.000 -0001.000 -0001.000 -0001.000 -0001.000 -0001.000 -0001.000 -0001.000 -0001.000 -0001.000 -0001.000 -0001.000 -0001.000 -0001.000 -0001.000 -0001.000 -0001.000 -0001.000 -0001.000 -0001.000 -0001.000 -0001.000 -0001.000 00640.617 00651.040 00659.461 00169.004 00169.709 00170.630 00172.520 00173.189 00173.871 00174.391 00175.486 00172.916 00171.325 00169.915 00168.238 00167.213 00165.761 00163.516 00161.614 00159.597 00159.368 00158.981 00158.545 00157.547 00444.284 00298.601 00227.228 00655.347 00247.613 00354.517 00222.671 00376.390 00176.086
-0001.000 -0001.000 -0001.000 -0001.000 -0001.000 -0001.000 -0001.000 -0001.000 -0001.000 -0001.000 -0001.000 -0001.000 -0001.000 -0001.000 -0001.000 -0001.000 -0001.000 -0001.000 -0001.000 -0001.000 -0001.000 -0001.000 -0001.000 -0001.000 -0001.000 -0001.000 -0001.000 00641.387 00651.157 00659.878 00168.722 00169.603 00171.068 00172.529 00173.557 00174.482 00175.320 00174.288 00171.444 00170.278 00169.016 00167.792 00166.992 00164.653 00162.601 00160.752 00158.743 00158.926 00157.573 00156.842 00153.148 00380.721 00226.949 00403.869 00284.656 00572.983 00375.841 00456.113 00397.537 00360.801
-0001.000 -0001.000 -0001.000 -0001.000 -0001.000 -0001.000 -0001.000 -0001.000 -0001.000 -0001.000 -0001.000 -0001.000 -0001.000 -0001.000 -0001.000 -0001.000 -0001.000 -0001.000 -0001.000 -0001.000 -0001.000 -0001.000 -0001.000 -0001.000 -0001.000 -0001.000 -0001.000 00641.927 00651.688 00660.496 00170.069 00170.521 00171.451 00172.850 00173.874 00174.820 00175.797 00173.899 00172.052 00170.548 00168.598 00167.725 00165.990 00163.816 00161.988 00160.088 00159.458 00158.223 00156.915 00153.995 00194.099 00412.750 00479.953 00414.915 00495.919 00589.547 00495.753 00632.684 00491.539 00561.980
-0001.000 -0001.000 -0001.000 -0001.000 -0001.000 -0001.000 -0001.000 -0001.000 -0001.000 -0001.000 -0001.000 -0001.000 -0001.000 -0001.000 -0001.000 -0001.000 -0001.000 -0001.000 -0001.000 -0001.000 -0001.000 -0001.000 -0001.000 -0001.000 -0001.000 -0001.000 -0001.000 00643.001 00652.330 00659.798 00170.554 00170.968 00171.399 00172.812 00173.677 00175.062 00175.865 00173.674 00171.672 00170.093 00168.590 00167.333 00165.685 00163.486 00161.537 00160.336 00158.663 00157.472 00155.892 00152.492 00393.209 00543.549 00588.083 00610.151 00617.505 00637.048 00641.980 00648.162 00649.171 00650.498
-0001.000 -0001.000 -0001.000 -0001.000 -0001.000 -0001.000 -0001.000 -0001.000 -0001.000 -0001.000 -0001.000 -0001.000 -0001.000 -0001.000 -0001.000 -0001.000 -0001.000 -0001.000 -0001.000 -0001.000 -0001.000 -0001.000 -0001.000 -0001.000 -0001.000 -0001.000 -0001.000 00647.114 00655.488 00167.984 00170.651 00171.436 00171.426 00173.053 00173.809 00175.205 00175.713 00173.460 00171.299 00170.099 00168.154 00167.300 00165.470 00163.163 00161.482 00160.167 00158.643 00157.245 00154.371 00243.998 00421.350 00564.873 00597.700 00615.323 00631.092 00640.396 00647.459 00651.607 00655.151 00659.068
-0001.000 -0001.000 -0001.000 -0001.000 -0001.000 -0001.000 -0001.000 -0001.000 -0001.000 -0001.000 -0001.000 -0001.000 -0001.000 -0001.000 -0001.000 -0001.000 -0001.000 -0001.000 -0001.000 -0001.000 -0001.000 -0001.000 -0001.000 -0001.000 -0001.000 -0001.000 00638.669 00650.359 00658.627 00217.922 00170.692 00170.494 00172.059 00173.150 00173.910 00175.154 00495.724 00173.205 00171.493 00169.953 00168.009 00166.926 00165.084 00162.762 00161.252 00159.979 00158.483 00157.155 00155.269 00331.459 00490.357 00582.689 00600.053 00618.903 00637.080 00643.985 00651.517 00655.824 00659.549 00663.440
-0001.000 -0001.000 -0001.000 -0001.000 -0001.000 -0001.000 -0001.000 -0001.000 -0001.000 -0001.000 -0001.000 -0001.000 -0001.000 -0001.000 -0001.000 -0001.000 -0001.000 -0001.000 -0001.000 -0001.000 -0001.000 -0001.000 -0001.000 -0001.000 -0001.000 -0001.000 00637.130 00650.381 00659.899 00435.821 00170.760 00189.547 00172.606 00173.258 00363.662 00175.181 00214.486 00173.032 00171.323 00169.860 00168.088 00167.215 00164.899 00162.626 00161.149 00159.870 00158.363 00157.025 00155.007 00217.078 00502.861 00586.910 00603.970 00622.874 00637.873 00645.376 00653.983 00657.441 00662.723 00668.877
-0001.000 -0001.000 -0001.000 -0001.000 -0001.000 -0001.000 -0001.000 -0001.000 -0001.000 -0001.000 -0001.000 -0001.000 -0001.000 -0001.000 -0001.000 -0001.000 -0001.000 -0001.000 -0001.000 -0001.000 -0001.000 -0001.000 -0001.000 -0001.000 -0001.000 -0001.000 -0001.000 00649.661 00660.249 00666.268 00208.756 00453.648 00172.652 00389.436 00561.415 00230.223 00509.598 00252.407 00457.725 00169.899 00168.310 00167.167 00289.845 00162.484 00160.961 00159.712 00158.202 00156.802 00154.037 00329.990 00517.098 00588.123 00606.673 00626.872 00639.466 00647.578 00654.160 00659.198 00665.734 00675.534
-0001.000 -0001.000 -0001.000 -0001.000 -0001.000 -0001.000 -0001.000 -0001.000 -0001.000 -0001.000 -0001.000 -0001.000 -0001.000 -0001.000 -0001.000 -0001.000 -0001.000 -0001.000 -0001.000 -0001.000 -0001.000 -0001.000 -0001.000 -0001.000 -0001.000 -0001.000 -0001.000 00646.213 00653.650 00663.620 00303.624 00584.318 00247.577 00517.760 00660.166 00384.307 00197.548 00476.485 00640.092 00394.321 00168.523 00367.606 00525.532 00214.559 00361.466 00322.278 00285.084 00156.685 00153.804 00381.471 00527.534 00589.150 00608.997 00628.824 00639.706 00648.906 00655.163 00660.421 00669.072 00678.209
-0001.000 -0001.000 -0001.000 -0001.000 -0001.000 -0001.000 -0001.000 -0001.000 -0001.000 -0001.000 -0001.000 -0001.000 -0001.000 -0001.000 -0001.000 -0001.000 -0001.000 -0001.000 -0001.000 -0001.000 -0001.000 -0001.000 -0001.000 -0001.000 -0001.000 -0001.000 -0001.000 00640.941 00649.842 00654.719 00659.790 00665.965 00292.347 00498.012 00208.882 00477.923 00261.597 00523.873 00280.332 00542.333 00272.096 00506.124 00653.155 00320.891 00543.926 00630.089 00470.878 00156.661 00153.792 00381.136 00526.038 00588.995 00610.133 00630.907 00640.878 00650.035 00656.128 00662.577 00671.184 00679.308
-0001.000 -0001.000 -0001.000 -0001.000 -0001.000 -0001.000 -0001.000 -0001.000 -0001.000 -0001.000 -0001.000 -0001.000 -0001.000 -0001.000 -0001.000 -0001.000 -0001.000 -0001.000 -0001.000 -0001.000 -0001.000 -0001.000 -0001.000 -0001.000 -0001.000 -0001.000 -0001.000 -0001.000 00644.193 00649.246 00653.286 00658.817 00659.902 00664.804 00248.713 00516.791 00322.927 00623.187 00408.903 00178.726 00346.805 00527.950 00233.751 00434.488 00615.543 00379.556 00600.659 00196.446 00297.470 00363.421 00522.976 00588.598 00609.561 00630.237 00641.396 00651.075 00657.091 00663.138 00673.043 00680.246
-0001.000 -0001.000 -0001.000 -0001.000 -0001.000 -0001.000 -0001.000 -0001.000 -0001.000 -0001.000 -0001.000 -0001.000 -0001.000 -0001.000 -0001.000 -0001.000 -0001.000 -0001.000 -0001.000 -0001.000 -0001.000 -0001.000 -0001.000 -0001.000 -0001.000 -0001.000 -0001.000 -0001.000 -0001.000 00642.356 00646.269 00652.103 00653.480 00658.003 00660.124 00559.425 00403.323 00260.731 00539.840 00316.353 00409.426 00582.937 00297.656 00525.646 00281.440 00590.055 00315.945 00451.589 00583.736 00315.238 00516.382 00588.077 00608.801 00629.609 00640.972 00650.712 00657.267 00664.276 00674.788 00680.612
-0001.000 -0001.000 -0001.000 -0001.000 -0001.000 -0001.000 -0001.000 -0001.000 -0001.000 -0001.000 -0001.000 -0001.000 -0001.000 -0001.000 -0001.000 -0001.000 -0001.000 -0001.000 -0001.000 -0001.000 -0001.000 -0001.000 -0001.000 -0001.000 -0001.000 -0001.000 -0001.000 -0001.000 -0001.000 -0001.000 00639.335 00644.752 00647.461 00651.447 00653.885 00660.172 00661.940 00427.449 00191.866 00410.749 00209.614 00573.699 00381.638 00632.551 00526.169 00352.437 00590.418 00234.825 00311.354 00261.321 00509.498 00587.422 00607.649 00628.570 00640.548 00650.132 00656.784 00663.889 00675.444 00681.006
-0001.000 -0001.000 -0001.000 -0001.000 -0001.000 -0001.000 -0001.000 -0001.000 -0001.000 -0001.000 -0001.000 -0001.000 -0001.000 -0001.000 -0001.000 -0001.000 -0001.000 -0001.000 -0001.000 -0001.000 -0001.000 -0001.000 -0001.000 -0001.000 -0001.000 -0001.000 -0001.000 -0001.000 -0001.000 -0001.000 -0001.000 -0001.000 00640.558 00644.404 00648.164 00653.040 00654.070 00666.032 00296.487 00498.347 00272.044 00623.401 00479.726 00393.877 00329.322 00658.974 00398.916 00473.448 00509.605 00205.342 00503.392 00586.865 00606.604 00627.979 00640.025 00649.903 00656.795 00663.581 00674.964 00680.637
-0001.000 -0001.000 -0001.000 -0001.000 -0001.000 -0001.000 -0001.000 -0001.000 -0001.000 -0001.000 -0001.000 -0001.000 -0001.000 -0001.000 -0001.000 -0001.000 -0001.000 -0001.000 -0001.000 -0001.000 -0001.000 -0001.000 -0001.000 -0001.000 -0001.000 -0001.000 -0001.000 -0001.000 -0001.000 -0001.000 -0001.000 -0001.000 -0001.000 -0001.000 00641.013 00646.536 00652.317 00660.177 00627.159 00581.202 00329.197 00661.849 00621.397 00273.320 00213.151 00641.190 00222.971 00258.686 00282.835 00331.603 00493.284 00582.259 00604.782 00626.849 00639.467 00648.943 00655.996 00663.043 00674.433 00680.105
-0001.000 -0001.000 -0001.000 -0001.000 -0001.000 -0001.000 -0001.000 -0001.000 -0001.000 -0001.000 -0001.000 -0001.000 -0001.000 -0001.000 -0001.000 -0001.000 -0001.000 -0001.000 -0001.000 -0001.000 -0001.000 -0001.000 -0001.000 -0001.000 -0001.000 -0001.000 -0001.000 -0001.000 -0001.000 -0001.000 -0001.000 -0001.000 -0001.000 -0001.000 -0001.000 00638.924 00647.625 00654.150 00660.298 00656.370 00386.931 00680.499 00495.398 00269.088 00339.592 00425.078 00511.206 00570.067 00591.168 00573.392 00477.054 00572.213 00601.273 00624.336 00638.503 00648.515 00655.698 00662.400 00673.593 00680.826
-0001.000 -0001.000 -0001.000 -0001.000 -0001.000 -0001.000 -0001.000 -0001.000 -0001.000 -0001.000 -0001.000 -0001.000 -0001.000 -0001.000 -0001.000 -0001.000 -0001.000 -0001.000 -0001.000 -0001.000 -0001.000 -0001.000 -0001.000 -0001.000 -0001.000 -0001.000 -0001.000 -0001.000 -0001.000 -0001.000 -0001.000 -0001.000 -0001.000 -0001.000 -0001.000 -0001.000 00643.699 00654.237 00657.323 00659.439 00669.973 00213.906 00344.333 00484.558 00586.526 00186.681 00284.969 00374.896 00416.705 00586.427 00418.315 00562.949 00599.203 00620.621 00637.329 00647.168 00654.813 00660.862 00671.976 00680.556
-0001.000 -0001.000 -0001.000 -0001.000 -0001.000 -0001.000 -0001.000 -0001.000 -0001.000 -0001.000 -0001.000 -0001.000 -0001.000 -0001.000 -0001.000 -0001.000 -0001.000 -0001.000 -0001.000 -0001.000 -0001.000 -0001.000 -0001.000 -0001.000 -0001.000 -0001.000 -0001.000 -0001.000 -0001.000 -0001.000 -0001.000 -0001.000 -0001.000 -0001.000 -0001.000 -0001.000 -0001.000 00644.799 00653.345 00655.508 00665.099 00667.428 00532.487 00171.166 00293.499 00415.815 00530.312 00642.822 00205.863 00290.958 00393.906 00537.861 00590.366 00615.815 00637.058 00644.937 00653.560 00659.945 00670.499 00680.536
