data/trial8/ashley.toa
NCOLS 382
NROWS 266
XLLCORNER 157819.328125
YLLCORNER 384678.625000
CELLSIZE 30.000000
NODATA_VALUE -1
[rows 182 to 207 of 266, columns 180 to 239 of 382]
00017.097 00017.120 00017.143 00017.168 00017.194 00017.219 00017.244 00017.270 00017.299 00017.327 00017.355 00017.384 00017.413 00017.442 00017.471 00017.500 00017.530 00017.561 00017.593 00017.625 00017.657 00017.689 00017.721 00017.753 00017.784 00017.816 00017.850 00017.886 00017.923 00017.961 00018.000 00018.055 00018.114 00018.175 00018.236 00018.296 00018.354 00018.411 00018.468 00018.526 00018.580 00018.636 00018.694 00018.755 00018.820 00018.889 00018.959 00019.059 00019.200 00019.350 00019.514 00019.683 00019.850 00020.010 00020.174 00020.348 00020.536 00020.737 00020.956 00021.268
00017.211 00017.229 00017.250 00017.272 00017.294 00017.318 00017.344 00017.369 00017.395 00017.420 00017.447 00017.476 00017.504 00017.533 00017.561 00017.590 00017.619 00017.649 00017.679 00017.709 00017.740 00017.772 00017.805 00017.837 00017.870 00017.902 00017.934 00017.968 00018.004 00018.052 00018.100 00018.149 00018.203 00018.262 00018.320 00018.379 00018.437 00018.494 00018.552 00018.609 00018.667 00018.725 00018.785 00018.846 00018.910 00018.975 00019.090 00019.237 00019.390 00019.545 00019.706 00019.901 00020.072 00020.224 00020.383 00020.553 00020.737 00020.937 00021.187 00021.585
00017.327 00017.343 00017.361 00017.380 00017.402 00017.424 00017.446 00017.469 00017.495 00017.520 00017.546 00017.572 00017.598 00017.626 00017.654 00017.683 00017.711 00017.740 00017.770 00017.800 00017.830 00017.861 00017.892 00017.923 00017.954 00017.986 00018.026 00018.072 00018.118 00018.164 00018.212 00018.263 00018.315 00018.368 00018.421 00018.475 00018.529 00018.584 00018.640 00018.697 00018.753 00018.810 00018.868 00018.927 00018.988 00019.113 00019.257 00019.405 00019.551 00019.706 00019.886 00020.082 00020.264 00020.442 00020.628 00020.822 00021.026 00021.280 00021.591 00032.005
00017.451 00017.465 00017.478 00017.494 00017.513 00017.532 00017.554 00017.576 00017.599 00017.622 00017.647 00017.673 00017.699 00017.725 00017.751 00017.777 00017.805 00017.834 00017.863 00017.892 00017.921 00017.951 00017.982 00018.018 00018.060 00018.103 00018.145 00018.188 00018.235 00018.281 00018.328 00018.376 00018.425 00018.475 00018.529 00018.582 00018.634 00018.686 00018.738 00018.792 00018.849 00018.907 00018.965 00019.050 00019.175 00019.311 00019.454 00019.600 00019.755 00019.926 00020.131 00020.332 00020.513 00020.681 00020.911 00021.184 00021.420 00021.752 00032.175 00032.547
00017.698 00017.630 00017.603 00017.616 00017.629 00017.648 00017.666 -0001.000 -0001.000 00017.906 00017.794 00017.778 00017.804 00017.830 00017.854 00017.880 00017.906 00017.932 00017.958 00017.988 00018.022 00018.062 00018.101 00018.142 00018.185 00018.228 00018.270 00018.313 00018.357 00018.402 00018.447 00018.495 00018.546 00018.600 00018.653 00018.702 00018.751 00018.802 00018.855 00018.908 00018.962 00019.033 00019.144 00019.261 00019.389 00019.522 00019.659 00019.807 00019.970 00020.164 00020.385 00020.618 00020.838 00021.054 00021.386 00021.775 00032.091 00032.379 00032.668 00032.980
-0001.000 -0001.000 -0001.000 00017.957 00017.811 00017.800 00017.793 -0001.000 -0001.000 -0001.000 -0001.000 00017.982 00017.921 00017.946 00017.968 00017.990 00018.015 00018.047 00018.082 00018.117 00018.152 00018.191 00018.231 00018.272 00018.313 00018.355 00018.397 00018.440 00018.484 00018.529 00018.575 00018.623 00018.673 00018.727 00018.781 00018.832 00018.882 00018.932 00018.981 00019.060 00019.161 00019.273 00019.386 00019.502 00019.620 00019.742 00019.886 00020.042 00020.215 00020.413 00020.634 00020.870 00021.155 00021.469 00021.838 00023.923 00032.536 00033.005 00033.171 00033.149
-0001.000 -0001.000 -0001.000 00018.293 00018.096 00017.971 -0001.000 -0001.000 -0001.000 -0001.000 -0001.000 00018.292 00018.134 00018.092 00018.116 00018.139 00018.163 00018.192 00018.221 00018.256 00018.292 00018.327 00018.363 00018.404 00018.444 00018.484 00018.527 00018.570 00018.613 00018.658 00018.703 00018.751 00018.803 00018.859 00018.914 00018.966 00019.032 00019.130 00019.231 00019.330 00019.428 00019.527 00019.640 00019.759 00019.881 00020.009 00020.135 00020.265 00020.433 00020.629 00020.850 00021.109 00021.459 00022.018 00032.256 00023.507 00032.405 00032.960 00033.159 00033.291
-0001.000 -0001.000 -0001.000 -0001.000 -0001.000 -0001.000 -0001.000 -0001.000 -0001.000 -0001.000 00019.564 00018.590 00018.365 00018.272 00018.288 00018.302 00018.322 00018.342 00018.372 00018.402 00018.434 00018.470 00018.506 00018.542 00018.578 00018.620 00018.661 00018.703 00018.746 00018.789 00018.833 00018.882 00018.936 00018.993 00019.101 00019.209 00019.306 00019.401 00019.499 00019.607 00019.718 00019.822 00019.928 00020.037 00020.159 00020.282 00020.415 00020.564 00020.720 00020.889 00021.078 00021.420 00021.912 00022.972 00024.039 00033.070 00032.924 00032.892 00033.147 00033.283
-0001.000 -0001.000 -0001.000 -0001.000 -0001.000 -0001.000 -0001.000 -0001.000 -0001.000 00019.629 00019.222 00018.793 00018.613 00018.461 00018.471 00018.479 00018.488 00018.507 00018.528 00018.555 00018.585 00018.616 00018.650 00018.687 00018.723 00018.761 00018.799 00018.841 00018.883 00018.925 00018.970 00019.034 00019.134 00019.243 00019.363 00019.482 00019.599 00019.700 00019.799 00019.900 00020.017 00020.135 00020.244 00020.350 00020.457 00020.593 00020.736 00020.895 00021.075 00021.277 00021.518 00021.854 00024.667 00032.145 00032.600 00033.025 00033.153 00033.265 00033.266 00033.274
-0001.000 -0001.000 -0001.000 -0001.000 -0001.000 -0001.000 -0001.000 -0001.000 -0001.000 00019.790 00019.306 00019.006 00018.840 00018.679 00018.666 00018.665 00018.669 00018.676 00018.695 00018.717 00018.741 00018.772 00018.803 00018.835 00018.872 00018.909 00018.947 00018.985 00019.047 00019.128 00019.210 00019.295 00019.403 00019.520 00019.648 00019.784 00019.908 00020.029 00020.138 00020.235 00020.333 00020.455 00020.585 00020.702 00020.822 00020.948 00021.116 00021.301 00021.521 00021.837 00032.165 00032.477 00032.738 00033.001 00033.235 00033.408 00033.483 00033.459 00033.444 00033.508
-0001.000 -0001.000 -0001.000 -0001.000 -0001.000 -0001.000 -0001.000 -0001.000 -0001.000 00020.040 00019.670 00019.352 00019.099 00018.913 00018.870 00018.864 00018.857 00018.862 00018.869 00018.887 00018.910 00018.932 00018.963 00018.994 00019.048 00019.113 00019.183 00019.255 00019.331 00019.408 00019.494 00019.582 00019.674 00019.790 00019.932 00020.078 00020.231 00020.375 00020.490 00020.598 00020.704 00020.812 00020.954 00021.112 00021.255 00021.411 00021.606 00021.918 00032.198 00032.482 00032.745 00032.988 00033.097 00033.272 00033.595 00033.810 00033.816 00033.730 00033.670 00033.700
00039.507 00039.172 00039.059 00038.814 -0001.000 -0001.000 -0001.000 -0001.000 -0001.000 -0001.000 00020.005 00019.679 00019.451 00019.223 00019.142 00019.117 00019.100 00019.088 00019.101 00019.113 00019.149 00019.189 00019.228 00019.287 00019.348 00019.409 00019.479 00019.554 00019.631 00019.712 00019.795 00019.891 00019.997 00020.102 00020.219 00020.377 00020.545 00020.718 00020.900 00020.999 00021.115 00021.244 00021.392 00021.611 00021.895 00032.114 00032.362 00032.581 00032.810 00033.013 00033.106 00033.179 00033.248 00033.427 00033.795 00034.195 00034.669 00034.204 00033.946 00033.875
00039.133 00038.912 00038.704 00038.488 00038.649 -0001.000 -0001.000 -0001.000 -0001.000 -0001.000 -0001.000 00020.064 00019.835 00019.597 00019.514 00019.480 00019.453 00019.438 00019.439 00019.453 00019.472 00019.514 00019.557 00019.603 00019.667 00019.732 00019.798 00019.873 00019.954 00020.035 00020.118 00020.201 00020.307 00020.428 00020.558 00020.697 00020.866 00021.056 00021.271 00021.586 00021.747 00021.930 00022.202 00032.054 00032.471 00032.794 00032.972 00033.063 00033.137 00033.202 00033.265 00033.326 00033.413 00033.636 00033.967 00034.393 00034.840 00034.729 00034.315 00034.185
00038.879 00038.655 00038.429 00038.195 00037.850 00037.452 00037.585 00037.903 -0001.000 -0001.000 -0001.000 -0001.000 00020.369 00020.003 00019.918 00019.874 00019.832 00019.815 00019.802 00019.817 00019.832 00019.863 00019.909 00019.955 00020.008 00020.073 00020.137 00020.201 00020.277 00020.359 00020.446 00020.540 00020.636 00020.771 00020.921 00021.078 00021.233 00021.474 00021.875 00022.536 00023.143 00023.646 00032.204 00032.617 00033.059 00033.160 00033.194 00033.246 00033.300 00033.355 00033.415 00033.476 00033.589 00033.874 00034.273 00034.707 00035.106 00035.122 00034.686 00034.575
00038.732 00038.433 00038.170 00037.885 00037.473 00037.034 00036.784 00036.272 00036.099 -0001.000 -0001.000 -0001.000 00020.655 00020.358 00020.304 00020.256 00020.216 00020.195 00020.181 00020.187 00020.201 00020.216 00020.259 00020.303 00020.347 00020.410 00020.477 00020.550 00020.628 00020.721 00020.819 00020.925 00021.036 00021.158 00021.329 00021.503 00021.755 00022.281 00023.045 00023.762 00032.087 00032.481 00032.947 00033.290 00033.596 00033.572 00033.464 00033.410 00033.463 00033.514 00033.564 00033.649 00033.780 00033.976 00034.421 00034.876 00035.203 00035.360 00035.067 00034.961
00038.590 00038.297 00037.990 00037.615 00037.241 00036.833 00036.412 00035.952 00035.627 00035.794 -0001.000 -0001.000 00020.950 00020.824 00020.721 00020.672 00020.710 00020.711 00020.683 00020.685 00020.713 00020.741 00020.705 00020.677 00020.730 00020.791 00020.867 00020.948 00021.039 00021.142 00021.262 00021.392 00021.543 00021.729 00021.981 00032.183 00032.420 00032.246 00024.824 00032.487 00032.991 00033.306 00033.496 00033.778 00033.945 00034.034 00033.740 00033.668 00033.627 00033.677 00033.726 00033.775 00033.862 00034.003 00034.478 00034.933 00035.258 00035.404 00035.324 00035.234
00038.460 00038.164 00037.821 00037.443 00037.057 00036.643 00036.225 00035.752 00035.083 00034.787 00034.501 00033.726 00032.742 00021.453 00021.283 00021.216 00021.368 00021.456 00021.425 00021.412 00021.442 00021.472 00021.351 00021.161 00021.180 00021.252 00021.339 00021.445 00021.569 00021.722 00021.942 00032.106 00032.299 00032.476 00032.644 00032.807 00032.981 00033.146 00033.133 00033.237 00033.523 00033.801 00034.096 00034.324 00034.370 00034.392 00034.050 00033.905 00033.850 00033.838 00033.885 00033.933 00033.989 00034.182 00034.562 00034.992 00035.332 00035.470 00035.565 00035.474
00038.361 00038.066 00037.711 00037.343 00036.963 00036.554 00036.138 00035.690 00035.175 00034.601 00034.082 00033.564 00033.185 00032.417 00022.588 00021.969 00022.191 00022.524 00022.452 00022.381 00022.452 00022.524 00022.484 00021.995 00021.856 00021.988 00032.062 00032.204 00032.354 00032.491 00032.629 00032.776 00032.919 00033.026 00033.086 00033.160 00033.339 00033.662 00033.869 00033.856 00034.022 00034.370 00034.728 00034.971 00034.923 00034.808 00034.427 00034.233 00034.140 00034.047 00034.081 00034.156 00034.241 00034.441 00034.879 00035.172 00035.375 00035.519 00035.656 00035.711
00038.330 00038.034 00037.680 00037.312 00036.932 00036.524 00036.108 00035.667 00035.240 00034.761 00034.214 00033.773 00033.392 00033.086 00032.581 00023.928 00023.718 00023.984 00024.153 00023.987 00024.017 00024.191 00024.375 00032.291 00032.571 00032.690 00032.761 00032.856 00032.978 00033.044 00033.097 00033.142 00033.187 00033.230 00033.291 00033.395 00033.556 00033.807 00034.088 00034.237 00034.418 00034.547 00034.674 00034.801 00034.915 00035.055 00034.762 00034.625 00034.517 00034.438 00034.372 00034.458 00034.595 00034.822 00035.090 00035.245 00035.401 00035.541 00035.679 00035.815
00038.299 00038.004 00037.650 00037.283 00036.901 00036.515 00036.151 00035.748 00035.321 00034.900 00034.443 00033.967 00033.617 00033.455 00033.377 00032.841 00032.665 00032.808 00032.905 00032.855 00032.845 00032.899 00032.953 00033.054 00033.175 00033.286 00033.287 00033.287 00033.273 00033.267 00033.282 00033.320 00033.359 00033.403 00033.450 00033.505 00033.627 00033.784 00033.969 00034.120 00034.287 00034.458 00034.587 00034.716 00034.849 00034.982 00035.098 00035.010 00034.896 00034.815 00034.753 00034.745 00034.906 00035.082 00035.194 00035.299 00035.424 00035.564 00035.702 00035.841
00038.277 00037.978 00037.620 00037.275 00036.944 00036.586 00036.222 00035.829 00035.461 00035.099 00034.650 00034.292 00033.887 00033.792 00033.935 00033.630 00033.413 00033.480 00033.545 00033.545 00033.513 00033.537 00033.565 00033.593 00033.690 00033.797 00033.862 00033.864 00033.671 00033.540 00033.484 00033.494 00033.530 00033.569 00033.620 00033.674 00033.731 00033.796 00033.904 00034.046 00034.198 00034.361 00034.497 00034.627 00034.784 00034.951 00035.087 00035.265 00035.188 00035.125 00035.093 00035.065 00035.082 00035.193 00035.298 00035.402 00035.506 00035.611 00035.725 00035.863
00038.258 00037.957 00037.644 00037.331 00037.009 00036.655 00036.293 00035.977 00035.633 00035.279 00034.979 00034.697 00034.354 00034.051 00034.509 00034.483 00033.969 00034.039 00034.120 00034.178 00034.130 00034.123 00034.163 00034.203 00034.268 00034.418 00034.568 00034.675 00034.152 00033.800 00033.720 00033.670 00033.702 00033.737 00033.775 00033.828 00033.883 00033.947 00034.034 00034.170 00034.311 00034.464 00034.624 00034.774 00034.923 00035.062 00035.180 00035.293 00035.413 00035.346 00035.311 00035.288 00035.280 00035.298 00035.402 00035.502 00035.602 00035.706 00035.811 00035.915
00038.268 00038.008 00037.696 00037.386 00037.075 00036.726 00036.422 00036.128 00035.806 00035.457 00035.254 00035.053 00034.904 00034.708 00035.072 00035.361 00034.745 00034.805 00034.863 00034.935 00034.923 00034.883 00034.925 00034.964 00034.998 00035.088 00035.198 00035.250 00034.562 00034.133 00033.949 00033.901 00033.872 00033.906 00033.940 00033.975 00034.055 00034.153 00034.251 00034.377 00034.504 00034.631 00034.765 00034.910 00035.045 00035.158 00035.266 00035.378 00035.495 00035.614 00035.524 00035.491 00035.482 00035.478 00035.508 00035.608 00035.705 00035.799 00035.902 00036.006
00038.308 00038.054 00037.751 00037.450 00037.141 00036.848 00036.559 00036.270 00035.984 00035.689 00035.503 00035.320 00035.245 00035.289 00035.466 00035.752 00035.462 00035.420 00035.443 00035.488 00035.514 00035.481 00035.489 00035.520 00035.544 00035.576 00035.691 00035.440 00034.882 00034.502 00034.307 00034.217 00034.139 00034.136 00034.197 00034.258 00034.318 00034.401 00034.499 00034.596 00034.698 00034.824 00034.949 00035.057 00035.150 00035.255 00035.358 00035.460 00035.572 00035.688 00035.737 00035.701 00035.676 00035.676 00035.676 00035.716 00035.812 00035.906 00035.999 00036.094
00038.349 00038.101 00037.817 00037.515 00037.238 00036.980 00036.694 00036.423 00036.149 00035.927 00035.742 00035.585 00035.463 00035.571 00035.770 00036.097 00036.155 00035.959 00035.970 00035.993 00036.045 00036.021 00036.006 00036.033 00036.057 00036.079 00036.208 00035.697 00035.238 00034.847 00034.701 00034.594 00034.515 00034.444 00034.496 00034.556 00034.616 00034.676 00034.745 00034.841 00034.937 00035.025 00035.109 00035.192 00035.273 00035.354 00035.454 00035.556 00035.657 00035.759 00035.882 00035.917 00035.876 00035.869 00035.871 00035.879 00035.920 00036.013 00036.102 00036.188
00038.394 00038.156 00037.884 00037.601 00037.353 00037.104 00036.837 00036.575 00036.307 00036.141 00035.977 00035.840 00035.706 00035.729 00035.910 00036.156 00036.512 00036.447 00036.449 00036.450 00036.499 00036.504 00036.475 00036.496 00036.519 00036.546 00036.440 00035.854 00035.471 00035.154 00035.063 00034.969 00034.880 00034.817 00034.792 00034.849 00034.905 00034.963 00035.018 00035.066 00035.132 00035.193 00035.252 00035.322 00035.404 00035.484 00035.563 00035.652 00035.752 00035.851 00035.949 00036.112 00036.079 00036.053 00036.054 00036.061 00036.072 00036.118 00036.204 00036.289
