data/trial8/ashley.fml
NCOLS 382
NROWS 266
XLLCORNER 157819.328125
YLLCORNER 384678.625000
CELLSIZE 30.000000
NODATA_VALUE -1
[rows 136 to 169 of 266, columns 231 to 307 of 382]
03.32 02.85 02.76 02.93 03.12 02.48 02.76 02.89 03.16 03.23 03.66 03.75 03.82 03.57 03.35 04.03 03.52 03.26 03.26 03.52 03.77 03.64 03.49 03.35 03.34 03.34 03.32 03.15 02.55 01.58 00.89 00.59 00.45 00.48 -1.00 -1.00 -1.00 -1.00 -1.00 -1.00 00.44 03.30 03.82 03.61 03.86 03.77 03.25 02.98 02.89 02.88 03.12 03.04 03.65 04.07 04.06 03.14 03.10 03.11 03.47 04.00 03.71 03.19 03.10 02.82 02.36 02.67 02.89 03.47 03.90 03.70 03.52 03.33 -1.00 -1.00 -1.00 -1.00 01.90
03.19 02.82 02.78 02.90 03.17 02.56 02.81 03.00 03.18 03.44 03.86 04.06 04.32 03.46 04.28 04.37 03.64 03.36 03.26 03.29 03.37 03.41 03.40 03.38 03.38 03.37 03.18 03.20 02.64 01.73 00.98 00.40 00.48 -1.00 -1.00 00.47 00.50 00.55 00.45 00.48 00.57 02.88 04.05 03.65 03.66 03.63 03.48 02.95 02.81 02.71 02.88 03.09 03.71 03.76 03.26 03.05 03.02 03.17 03.52 03.77 03.27 03.09 02.47 02.36 03.10 03.06 03.82 04.00 03.65 03.35 02.97 -1.00 -1.00 -1.00 -1.00 02.16 02.59
03.06 02.70 02.74 02.92 02.94 02.70 02.83 03.02 03.25 03.83 04.16 04.35 04.24 03.46 03.72 04.48 03.95 03.52 03.25 03.18 03.31 03.36 03.39 03.43 03.47 03.48 03.20 02.97 02.53 01.75 00.96 00.45 00.48 -1.00 00.54 00.57 00.57 00.57 00.51 00.61 01.08 03.13 03.88 03.50 03.45 03.52 03.30 03.08 02.73 02.63 02.65 03.24 03.40 03.26 03.10 02.93 02.97 03.15 03.43 03.25 03.05 02.49 02.56 03.50 03.71 03.93 04.14 04.16 -1.00 -1.00 -1.00 -1.00 -1.00 02.23 02.28 02.55 03.16
02.94 02.79 02.62 02.76 02.98 02.80 02.78 03.03 03.36 03.98 04.15 04.29 03.97 03.41 02.94 04.33 04.04 03.48 03.32 03.12 03.33 03.53 03.55 03.55 03.61 03.65 03.09 02.78 02.43 01.61 00.40 00.47 00.39 00.49 00.51 00.51 00.53 00.54 00.55 02.72 04.15 03.75 03.72 03.32 03.26 03.25 03.12 02.98 02.82 02.62 02.44 02.78 02.92 02.69 02.65 02.71 02.87 02.97 03.04 02.97 02.63 02.91 03.65 03.75 04.15 04.09 04.28 03.90 -1.00 -1.00 -1.00 -1.00 02.13 02.48 02.64 03.01 03.45
03.03 02.78 02.61 02.74 02.78 02.57 02.72 02.91 03.44 03.75 03.98 04.15 03.62 03.09 04.08 03.88 03.71 03.43 03.31 03.33 03.33 03.52 03.82 04.04 04.14 03.52 02.80 02.67 02.33 00.36 00.44 00.53 00.43 01.80 02.06 01.52 02.21 01.34 03.81 02.99 03.73 03.62 03.43 03.08 03.07 02.91 02.85 02.86 02.66 02.34 02.16 02.25 02.26 02.28 02.38 02.46 02.62 02.72 02.85 02.80 03.55 03.47 03.90 04.30 04.22 04.20 03.85 -1.00 -1.00 -1.00 01.93 02.20 02.46 02.59 02.95 03.20 03.62
03.33 02.92 02.64 02.54 02.28 02.46 02.64 03.00 03.31 03.65 04.04 04.05 03.54 02.85 03.55 03.53 03.43 03.22 03.13 03.00 03.33 03.76 03.99 04.15 04.07 03.23 02.68 02.55 02.17 00.39 00.46 00.64 00.68 01.48 01.66 02.01 02.06 02.92 03.64 03.51 03.42 03.42 03.14 02.83 02.80 02.63 02.58 02.53 02.04 02.03 02.07 02.06 02.10 02.18 02.41 02.50 02.71 02.86 03.19 03.96 04.34 04.01 04.05 04.04 04.00 03.70 -1.00 -1.00 -1.00 01.95 02.27 02.36 03.15 03.64 04.21 03.40 03.87
03.96 03.49 02.95 02.24 02.46 02.49 02.86 03.17 03.47 03.88 04.20 04.06 03.84 02.58 03.17 03.01 02.86 02.97 02.96 02.96 03.38 03.96 04.44 04.26 03.91 02.96 02.61 02.39 00.45 00.62 00.63 00.69 00.79 00.40 01.54 02.00 02.17 02.79 03.33 03.28 03.13 03.15 02.84 02.64 02.50 02.40 02.18 01.86 01.98 02.09 02.08 02.31 02.37 02.48 02.64 02.89 03.18 03.48 03.74 04.14 04.37 04.49 04.19 03.75 03.69 03.42 -1.00 01.87 02.11 02.13 02.91 04.77 05.22 04.60 04.59 04.11 03.90
04.09 04.17 02.97 02.79 02.91 02.98 03.17 03.37 03.44 03.50 03.74 04.20 03.92 03.15 02.51 02.61 02.89 03.13 03.01 02.80 03.33 03.92 04.21 04.00 03.48 02.74 02.60 02.60 00.45 00.47 00.56 00.59 00.69 00.37 01.54 01.73 02.58 02.94 03.06 02.97 02.83 02.83 02.57 02.39 02.26 02.09 01.87 02.22 02.19 02.16 02.29 02.22 02.47 02.44 02.63 02.88 02.87 03.07 03.37 03.51 03.62 03.66 03.55 03.53 03.31 02.03 02.04 02.29 02.29 05.01 05.44 05.84 04.74 04.70 04.53 04.13 03.79
04.74 04.40 03.01 02.90 03.04 03.06 03.11 03.21 03.37 03.44 03.58 04.05 03.87 03.22 02.61 02.18 02.85 03.12 03.24 03.09 03.22 03.44 03.83 03.52 03.03 02.87 02.72 02.62 00.63 01.04 00.38 00.38 00.41 00.69 01.18 01.99 02.86 03.05 02.95 02.98 02.67 02.47 02.40 02.24 02.19 02.07 01.97 02.20 02.17 02.15 02.36 02.04 02.01 02.12 02.22 02.20 02.19 02.25 02.42 02.52 02.32 02.29 02.28 02.18 02.11 02.25 02.50 03.01 03.71 04.70 05.05 05.26 04.43 04.43 04.27 04.11 03.81
04.92 03.14 03.07 03.50 03.34 03.30 03.30 03.56 03.77 03.60 03.59 03.62 03.57 02.91 02.35 02.60 03.20 03.77 03.66 03.34 03.01 03.19 03.42 02.92 02.85 02.81 02.72 02.68 01.80 01.58 01.92 01.85 01.15 01.17 01.72 02.26 02.21 02.98 02.80 02.84 02.56 02.35 02.27 02.19 02.20 02.19 02.10 02.34 02.60 02.31 02.27 02.05 02.10 02.16 02.36 02.56 02.55 02.53 02.65 02.64 02.62 02.60 02.58 02.56 02.69 02.96 03.24 03.50 03.76 04.04 04.49 04.48 04.24 04.17 04.10 04.13 03.97
03.41 03.26 03.55 03.62 04.66 04.96 05.39 05.35 04.12 03.86 03.15 03.37 03.13 02.18 02.21 02.77 03.54 03.94 04.01 03.37 03.30 03.03 03.06 02.81 02.90 02.95 02.69 02.73 02.19 02.12 02.21 02.14 01.84 01.11 01.89 02.40 02.66 02.99 02.74 02.58 02.41 02.31 02.32 02.28 02.34 02.40 02.36 02.38 02.70 02.54 02.31 02.45 02.61 02.78 02.95 02.73 02.46 02.37 02.55 02.73 02.77 02.84 03.10 03.33 03.86 04.40 04.33 04.75 03.73 04.09 04.28 03.85 03.98 03.96 04.11 04.15 03.76
03.33 03.17 03.90 04.51 04.93 05.31 05.38 04.75 03.82 03.29 02.88 03.03 02.75 02.59 02.87 03.41 04.03 04.19 04.42 03.42 03.40 02.94 02.80 02.79 02.98 02.92 02.67 02.60 02.27 02.40 02.26 02.13 01.76 01.06 01.99 02.54 02.71 02.92 02.47 02.39 02.34 02.33 02.32 02.37 02.40 02.45 02.40 02.34 02.57 02.98 02.98 03.16 03.39 03.32 03.40 03.49 03.35 03.44 03.54 04.24 04.89 03.54 04.40 03.66 04.39 04.78 04.54 04.44 03.88 04.12 04.00 03.63 03.77 03.89 04.07 04.13 03.29
02.96 03.45 04.21 04.62 05.01 05.18 05.10 04.38 03.59 02.96 03.50 03.54 03.24 03.02 03.48 04.15 04.30 04.44 04.32 03.59 03.40 02.95 03.05 03.05 02.98 02.98 02.84 02.60 02.55 02.39 02.57 02.15 01.60 01.05 02.10 02.64 02.70 02.54 02.38 02.17 02.30 02.36 02.37 02.41 02.44 02.49 02.43 02.30 02.46 02.39 03.63 03.88 04.50 05.04 04.83 04.93 05.12 05.04 05.29 05.40 04.84 04.68 04.63 04.52 04.48 04.52 04.30 04.09 03.99 03.66 03.55 03.54 03.71 03.93 04.16 03.89 03.46
03.37 03.75 04.25 04.67 04.93 04.92 04.65 03.82 03.95 04.19 03.77 03.69 03.47 03.89 04.28 04.32 04.42 04.42 04.39 03.45 03.34 03.21 03.36 03.29 03.25 03.00 02.89 02.63 02.47 02.36 02.23 01.84 01.43 00.98 02.40 02.49 02.49 02.37 02.16 02.13 02.33 02.45 02.40 02.39 02.43 02.48 02.45 02.34 02.41 02.83 03.90 05.13 06.25 06.78 06.92 05.56 05.37 05.53 05.60 05.07 04.84 04.58 04.34 04.19 04.11 04.19 04.02 03.87 03.65 03.56 03.55 03.49 03.63 03.83 03.92 03.80 03.39
03.15 03.55 04.06 04.55 04.71 04.50 04.01 04.79 04.80 04.46 03.93 04.10 04.11 04.35 04.56 04.43 04.36 04.31 04.19 03.64 03.23 03.30 03.55 03.48 03.29 02.87 02.68 02.41 02.17 02.08 01.93 01.58 01.03 02.08 02.31 02.37 02.28 02.12 02.01 02.25 02.53 02.47 02.40 02.41 02.46 02.47 02.34 02.47 01.79 03.24 03.58 04.90 06.75 11.96 11.34 06.64 05.86 05.91 05.12 04.71 04.65 04.36 04.09 03.84 03.89 03.86 03.72 03.64 03.57 03.55 03.46 03.56 03.58 03.73 03.92 03.86 03.56
03.70 03.86 03.72 04.34 04.48 04.21 04.40 05.00 05.14 04.70 04.58 03.58 04.34 04.58 04.52 04.44 04.38 04.06 03.69 02.93 03.00 03.24 03.68 03.34 03.04 02.49 02.28 02.17 02.00 01.86 01.55 01.07 01.38 02.19 02.24 02.13 02.13 01.93 02.14 02.42 02.61 02.57 02.40 02.48 02.52 02.49 02.38 01.92 02.17 02.70 03.09 04.04 05.64 06.84 10.95 06.44 06.08 05.27 04.62 04.53 04.46 04.11 03.76 03.77 03.68 03.66 03.58 03.50 03.51 03.45 03.48 03.52 03.66 03.79 03.79 03.65 03.47
03.80 03.77 03.54 04.11 04.02 03.54 04.23 04.52 05.12 05.39 04.05 04.28 04.66 04.46 04.40 04.36 03.95 03.54 03.11 02.91 03.09 03.54 03.44 02.60 02.35 02.14 02.04 02.03 01.85 01.44 00.95 01.38 01.94 02.01 01.99 02.12 01.82 01.94 02.31 02.66 02.65 02.46 02.48 02.52 02.58 02.46 01.76 01.79 02.09 02.45 02.95 03.05 04.63 05.47 05.85 05.96 05.36 04.52 04.36 04.27 04.14 03.72 03.64 03.81 03.70 03.55 03.50 03.48 03.52 03.54 03.50 03.67 03.69 03.64 03.56 03.48 03.21
03.66 03.64 03.67 03.64 03.38 04.13 04.56 04.69 05.02 05.10 03.94 04.62 04.47 04.27 04.18 03.68 03.36 02.87 02.69 03.09 03.13 03.26 02.66 02.30 02.04 01.89 01.89 01.77 01.33 00.82 01.47 01.74 01.79 01.94 01.94 01.88 01.95 02.36 02.74 02.69 02.54 02.50 02.52 02.55 02.54 01.73 01.73 02.20 01.71 01.94 02.93 02.58 02.98 03.95 04.53 04.98 04.16 04.08 04.10 03.92 03.61 03.48 03.57 03.62 03.75 03.58 03.43 03.41 03.44 03.41 03.54 03.51 03.57 03.53 03.40 03.21 03.07
03.73 03.78 03.28 03.29 04.10 04.45 04.74 05.03 04.71 04.46 03.89 04.25 04.20 03.87 03.21 02.75 02.28 02.36 02.31 02.77 02.56 02.43 02.19 01.90 01.78 01.66 01.50 01.19 00.70 01.41 01.82 01.94 02.00 01.99 01.99 02.14 02.28 02.47 02.55 02.59 02.56 02.58 02.46 02.45 01.71 01.87 02.30 02.77 02.36 03.08 02.93 02.72 02.57 03.18 03.70 03.82 03.80 03.84 03.72 03.59 03.43 03.41 03.46 03.60 03.70 03.61 03.43 03.28 03.31 03.38 03.32 03.40 03.46 03.32 03.23 03.21 01.52
03.76 03.81 03.84 03.58 04.16 04.58 04.91 04.47 04.08 03.85 04.01 03.80 03.64 03.02 02.44 02.22 01.91 02.15 02.23 02.20 02.14 01.85 01.80 01.74 01.58 01.34 00.85 00.81 01.69 01.97 02.06 02.10 02.11 02.10 02.20 02.22 02.29 02.28 02.45 02.48 02.56 02.41 01.75 01.79 01.62 01.56 01.68 01.86 02.06 02.96 02.95 02.85 02.52 02.66 03.38 03.28 03.48 03.58 03.54 03.42 03.33 03.32 03.31 03.38 03.22 03.11 03.10 03.15 02.93 02.99 02.89 03.02 02.64 03.34 03.31 00.96 00.96
03.76 03.80 03.85 03.88 04.39 04.57 04.07 03.58 03.41 03.38 03.21 03.10 02.78 02.79 03.36 03.28 02.76 02.80 02.71 02.19 01.62 01.74 01.62 01.46 01.19 00.76 01.17 01.87 01.97 02.20 02.08 02.13 02.11 02.25 02.16 02.22 02.24 02.24 02.33 02.13 01.99 01.67 01.61 01.61 02.29 01.82 01.91 02.17 02.83 02.39 02.72 02.74 02.49 02.38 02.82 03.11 03.55 03.55 03.38 03.28 03.18 03.10 03.11 02.98 02.94 02.94 02.90 02.63 02.75 02.77 01.94 00.74 00.81 00.89 00.94 00.90 00.88
04.40 03.87 03.81 03.90 04.15 03.74 03.25 02.83 02.66 02.79 02.49 02.94 03.07 03.67 03.57 03.66 03.03 02.67 02.54 02.22 02.18 01.73 01.42 00.72 01.16 01.42 01.87 02.04 02.22 02.09 02.20 02.23 02.24 02.23 02.22 02.24 02.24 02.20 01.80 02.01 01.73 01.87 02.61 02.93 03.30 03.35 03.29 02.93 02.83 02.99 02.49 02.72 02.39 02.22 02.61 02.88 03.08 03.20 03.24 03.15 03.03 02.87 02.93 02.82 02.67 02.72 02.75 02.82 01.79 00.75 00.88 00.76 -1.00 -1.00 -1.00 -1.00 -1.00
04.65 04.32 03.59 03.84 03.92 03.03 02.25 03.41 04.05 04.46 03.13 03.02 04.81 04.87 03.66 03.56 03.03 02.48 02.33 02.22 02.19 01.61 01.15 01.19 01.79 02.29 02.57 02.69 02.10 02.44 02.40 02.46 02.34 01.94 01.90 01.88 01.82 01.78 01.65 01.66 02.07 02.38 02.97 03.39 03.45 03.51 03.27 03.19 02.93 03.04 02.54 02.72 02.48 02.21 02.41 02.71 02.90 02.93 02.97 02.90 02.79 02.94 02.98 02.94 03.04 00.48 00.51 00.52 00.64 -1.00 -1.00 -1.00 -1.00 -1.00 -1.00 -1.00 -1.00
04.35 04.32 03.97 03.64 03.87 03.46 03.53 03.72 04.03 03.49 04.47 04.67 04.66 03.80 03.53 03.47 03.07 02.38 02.28 02.23 02.22 01.65 01.37 00.84 01.67 02.27 02.61 02.74 02.75 02.52 02.46 02.15 01.81 01.96 02.08 01.97 01.96 01.85 01.58 01.77 01.86 02.17 02.49 02.79 03.07 03.28 03.08 03.05 03.00 02.62 02.71 02.66 02.58 02.34 02.29 02.51 02.55 02.80 02.88 02.98 03.02 03.29 03.32 03.32 00.58 -1.00 -1.00 -1.00 -1.00 -1.00 -1.00 -1.00 -1.00 -1.00 -1.00 -1.00 -1.00
04.13 04.10 04.20 03.84 03.74 03.84 03.45 03.45 03.54 04.15 04.47 04.33 04.04 03.62 03.41 03.36 02.89 02.37 02.31 02.45 02.32 01.74 01.44 00.93 01.54 02.32 02.65 02.78 02.82 02.60 02.53 01.74 01.66 02.30 02.55 02.68 02.27 01.73 01.54 01.67 01.91 02.30 02.96 02.83 03.02 03.05 02.86 02.84 02.63 02.38 02.52 02.57 02.50 02.48 02.51 02.44 02.81 03.00 03.10 03.07 03.29 03.76 03.65 02.82 00.61 -1.00 -1.00 -1.00 -1.00 -1.00 -1.00 -1.00 -1.00 -1.00 -1.00 -1.00 -1.00
03.91 03.89 03.89 04.03 03.90 03.65 03.38 03.41 03.58 04.11 03.92 03.59 03.37 03.17 03.20 03.23 02.69 02.37 02.44 02.58 02.34 01.81 01.53 00.98 01.41 02.28 02.68 02.79 02.81 02.43 01.96 01.78 02.14 02.26 02.49 02.85 02.82 02.66 02.64 02.24 02.10 02.42 02.68 02.89 02.86 02.77 02.60 02.45 02.24 02.34 02.59 02.61 02.77 02.56 02.55 02.69 03.20 03.44 03.22 03.27 03.30 03.33 03.15 01.47 00.66 -1.00 -1.00 -1.00 -1.00 -1.00 -1.00 -1.00 -1.00 -1.00 -1.00 -1.00 -1.00
03.76 03.72 03.70 03.74 03.66 03.26 03.39 03.33 03.34 03.57 03.06 02.87 02.72 02.77 02.91 02.87 02.50 02.40 02.52 02.59 02.29 01.79 01.49 00.94 01.46 02.27 02.71 02.76 02.72 02.29 02.17 02.12 02.21 02.29 02.41 02.91 03.45 02.91 02.58 02.15 02.29 02.61 02.60 02.73 02.64 02.52 02.33 02.14 02.12 02.34 02.66 02.63 02.76 02.67 02.58 03.06 03.42 03.81 03.85 03.57 03.46 03.35 03.19 02.77 00.70 -1.00 -1.00 -1.00 -1.00 -1.00 -1.00 -1.00 -1.00 -1.00 -1.00 -1.00 -1.00
03.62 03.60 03.56 03.54 03.43 03.59 03.33 03.13 03.02 02.66 02.39 02.39 02.36 02.39 02.50 02.41 02.20 02.43 02.57 02.41 02.20 01.76 01.44 00.90 01.52 02.26 02.55 02.83 02.93 02.65 02.58 02.35 02.34 02.35 02.47 02.71 03.47 03.37 02.68 02.31 02.28 02.60 02.59 02.52 02.40 02.22 01.95 01.99 02.06 02.61 02.64 02.65 02.74 02.79 02.66 03.29 03.81 04.21 04.43 04.42 03.52 03.19 03.10 02.03 00.60 00.40 -1.00 -1.00 -1.00 -1.00 -1.00 -1.00 00.58 00.60 00.64 00.58 00.58
03.49 03.42 03.37 03.35 03.40 03.27 03.49 02.87 02.60 02.46 02.17 02.15 02.14 02.13 01.95 01.69 02.33 02.47 02.57 02.36 02.18 01.69 01.39 00.80 01.62 02.36 02.48 02.64 02.53 02.61 02.66 02.45 02.45 02.40 02.52 02.58 02.94 02.66 02.38 02.33 02.35 02.60 02.56 02.32 02.02 01.83 01.91 01.93 02.41 02.29 02.38 02.41 02.25 02.35 02.97 03.58 03.95 04.33 04.70 05.01 04.90 03.33 01.91 01.17 00.45 02.47 00.69 00.69 00.68 00.64 00.71 00.79 00.82 00.87 00.86 00.85 04.41
03.30 03.24 03.20 03.17 03.19 03.19 02.67 02.73 02.46 02.45 01.97 02.02 01.74 01.56 01.54 02.17 02.33 02.32 02.52 02.39 01.98 01.71 00.88 01.42 02.18 02.19 02.35 02.41 02.47 02.57 02.70 02.59 02.57 02.53 02.45 02.41 02.47 02.45 02.26 02.28 02.45 02.46 02.28 02.01 01.79 01.83 01.86 01.88 01.95 02.10 02.11 02.15 02.18 02.61 03.28 03.71 04.03 04.29 04.70 02.64 02.49 02.09 02.26 02.56 03.44 01.84 03.75 05.58 04.05 01.41 01.02 01.04 03.50 05.81 06.64 10.86 06.72
03.21 03.10 03.05 03.14 02.53 02.31 02.34 02.44 03.21 02.88 02.60 01.85 01.48 01.77 01.79 02.32 03.16 02.89 02.88 02.72 01.53 01.29 00.83 01.45 02.10 02.35 02.40 02.41 02.49 02.57 02.64 02.65 02.68 02.46 02.28 02.24 02.31 02.20 02.12 02.25 02.38 02.03 01.86 01.85 01.85 01.91 01.85 01.86 02.39 02.12 02.55 02.80 02.71 02.98 03.10 03.07 02.98 02.87 02.96 03.19 03.54 04.00 04.53 03.97 03.75 03.65 04.39 05.15 04.73 03.57 05.24 02.62 03.97 05.35 06.53 06.30 06.04
03.20 03.15 03.17 02.38 02.25 02.23 03.34 03.64 03.22 02.97 02.63 02.73 02.51 02.45 02.44 02.37 02.42 02.42 02.76 02.36 01.13 00.71 01.01 01.35 01.90 02.36 02.51 02.60 02.65 02.60 02.59 02.60 02.56 02.23 02.10 02.09 02.08 01.99 02.00 02.12 01.90 01.81 01.89 02.04 02.11 01.76 01.79 01.81 01.89 02.42 02.52 02.74 03.11 03.16 03.22 03.15 03.11 03.62 04.54 04.46 03.69 04.24 04.27 03.79 03.99 04.18 04.45 04.43 04.32 04.61 04.84 04.67 05.40 05.80 05.58 05.73 05.92
03.10 02.59 03.06 03.60 03.61 03.83 04.10 03.49 03.46 02.85 02.78 02.68 02.74 02.50 02.55 02.34 01.77 02.34 01.75 01.30 01.16 00.92 00.62 00.95 01.89 02.34 02.44 02.53 02.57 02.55 02.54 02.50 02.41 02.02 01.93 01.94 01.98 02.10 02.08 01.90 02.00 01.90 01.70 01.81 01.82 01.85 01.84 01.92 01.90 01.83 02.40 02.72 03.48 03.74 03.76 03.17 03.84 04.05 04.10 04.13 04.03 03.98 03.94 03.75 04.31 04.07 03.99 04.01 04.09 04.35 04.50 04.93 05.20 05.31 05.35 05.69 05.92
02.70 02.81 03.40 03.67 03.35 03.44 03.14 03.25 03.26 02.94 02.85 02.39 02.55 02.67 02.75 01.66 01.45 01.51 01.28 01.40 01.24 00.86 00.71 01.41 02.06 02.23 02.37 02.45 02.51 02.50 02.46 02.41 02.16 01.86 01.98 02.05 02.19 02.26 02.24 02.23 02.22 02.12 02.14 02.06 01.95 01.98 02.00 01.95 02.02 01.86 02.17 02.81 03.34 04.15 04.46 04.45 04.35 03.63 03.64 03.30 03.97 03.59 03.63 03.61 04.02 03.87 03.84 03.80 03.78 04.01 04.50 04.68 04.89 04.97 05.31 05.58 05.60
