data/trial8/ashley.hpa
NCOLS 382
NROWS 266
XLLCORNER 157819.328125
YLLCORNER 384678.625000
CELLSIZE 30.000000
NODATA_VALUE -1
[rows 52 to 77 of 266, columns 180 to 239 of 382]
00453.470 00449.545 00445.649 00442.732 00436.681 00426.770 00411.782 00380.341 00346.724 00295.307 00212.141 00389.755 00369.341 00341.505 00397.742 00386.483 00390.644 00393.737 00458.134 00469.210 00457.690 00674.787 00693.343 00715.879 00739.283 00742.821 00754.374 00756.389 00757.486 00751.435 00729.177 00710.203 -0001.000 -0001.000 -0001.000 -0001.000 -0001.000 -0001.000 -0001.000 -0001.000 -0001.000 -0001.000 -0001.000 -0001.000 -0001.000 -0001.000 -0001.000 -0001.000 -0001.000 -0001.000 -0001.000 -0001.000 -0001.000 -0001.000 -0001.000 -0001.000 -0001.000 -0001.000 -0001.000 -0001.000
00453.582 00449.443 00445.266 00442.697 00434.873 00425.584 00409.084 00375.929 00334.970 00282.811 00195.037 00424.801 00395.223 00418.873 00415.306 00363.707 00360.737 00403.994 00471.019 00469.010 00443.268 00500.249 00698.780 00725.178 00732.370 00737.905 00751.939 00757.863 00758.652 00754.618 00729.585 00832.814 -0001.000 -0001.000 -0001.000 -0001.000 -0001.000 -0001.000 -0001.000 -0001.000 -0001.000 -0001.000 -0001.000 -0001.000 -0001.000 -0001.000 -0001.000 -0001.000 -0001.000 -0001.000 -0001.000 -0001.000 -0001.000 -0001.000 -0001.000 -0001.000 -0001.000 -0001.000 -0001.000 -0001.000
00453.626 00449.248 00444.880 00442.619 00433.061 00423.777 00403.091 00364.022 00324.067 00282.471 00176.948 00412.936 00445.136 00428.349 00413.514 00341.603 00382.851 00435.712 00469.863 00472.635 00430.934 00509.628 00697.372 00719.134 00725.118 00735.072 00749.088 00758.354 00759.752 00751.558 00858.455 01045.521 -0001.000 -0001.000 -0001.000 -0001.000 -0001.000 -0001.000 -0001.000 -0001.000 -0001.000 -0001.000 -0001.000 -0001.000 -0001.000 -0001.000 -0001.000 -0001.000 -0001.000 -0001.000 -0001.000 -0001.000 -0001.000 -0001.000 -0001.000 -0001.000 -0001.000 -0001.000 -0001.000 -0001.000
00453.399 00449.008 00444.703 00442.699 00431.499 00419.250 00395.023 00362.554 00336.807 00301.800 00148.614 00414.999 00453.046 00440.640 00402.792 00358.770 00423.057 00464.896 00467.554 00457.560 00445.849 00446.383 00549.126 00514.361 00687.199 00732.468 00747.610 00759.733 00760.549 00942.748 01071.031 01187.321 01182.586 -0001.000 -0001.000 -0001.000 -0001.000 -0001.000 -0001.000 -0001.000 -0001.000 -0001.000 -0001.000 -0001.000 -0001.000 -0001.000 -0001.000 -0001.000 -0001.000 -0001.000 -0001.000 -0001.000 -0001.000 -0001.000 -0001.000 -0001.000 -0001.000 -0001.000 -0001.000 -0001.000
00453.156 00448.579 00444.430 00441.949 00429.969 00417.195 00395.182 00363.331 00353.145 00313.214 00002.478 00410.542 00456.311 00458.201 00381.917 00366.673 00415.733 00461.649 00468.954 00459.665 00447.722 00456.700 00463.955 00520.276 00576.108 00729.863 00746.062 00783.516 00901.465 01185.031 01217.433 01205.478 01200.042 01180.762 -0001.000 -0001.000 -0001.000 -0001.000 -0001.000 -0001.000 -0001.000 -0001.000 -0001.000 -0001.000 -0001.000 -0001.000 -0001.000 -0001.000 -0001.000 -0001.000 -0001.000 -0001.000 -0001.000 -0001.000 -0001.000 -0001.000 -0001.000 -0001.000 -0001.000 -0001.000
00452.686 00451.387 00444.286 00439.354 00430.295 00411.735 00404.594 00388.885 00358.994 00257.481 00046.589 00374.056 00454.480 00440.884 00403.737 00409.208 00453.494 00465.077 00463.244 00453.295 00454.678 00463.083 00477.194 00513.200 00505.223 00726.315 00849.760 01045.905 01084.008 01108.444 01224.511 01214.631 01210.257 01200.714 01179.942 -0001.000 -0001.000 -0001.000 -0001.000 -0001.000 -0001.000 -0001.000 -0001.000 -0001.000 -0001.000 -0001.000 -0001.000 -0001.000 -0001.000 -0001.000 -0001.000 -0001.000 -0001.000 -0001.000 -0001.000 -0001.000 -0001.000 -0001.000 -0001.000 00166.042
00454.692 00447.683 00446.613 00440.861 00433.850 00424.438 00400.482 00380.042 00345.874 00299.688 00191.814 00442.400 00457.074 00439.667 00442.757 00450.807 00450.441 00464.975 00461.148 00459.589 00465.846 00475.325 00481.915 00484.359 00590.039 00570.008 00552.840 01089.316 01200.969 01212.841 01226.216 01220.410 01213.998 01211.893 01198.778 01176.642 -0001.000 -0001.000 -0001.000 -0001.000 -0001.000 -0001.000 -0001.000 -0001.000 -0001.000 -0001.000 -0001.000 -0001.000 -0001.000 -0001.000 -0001.000 -0001.000 -0001.000 -0001.000 -0001.000 -0001.000 00984.571 01178.802 00588.701 00468.114
00458.273 00449.350 00451.738 00445.439 00437.347 00418.652 00386.438 00371.095 00428.651 00205.854 00428.312 00447.437 00459.534 00459.416 00455.490 00460.867 00467.260 00467.632 00467.948 00469.695 00474.105 00479.492 00545.979 00484.784 01065.222 00661.522 01167.763 01179.300 01194.691 01207.272 01219.314 01222.251 01217.110 01213.096 01210.947 01190.031 -0001.000 -0001.000 -0001.000 -0001.000 -0001.000 -0001.000 -0001.000 -0001.000 -0001.000 -0001.000 -0001.000 -0001.000 -0001.000 -0001.000 -0001.000 -0001.000 -0001.000 01163.860 01177.062 01186.574 00703.774 00471.075 00468.828 00467.117
00459.366 00456.020 00451.508 00443.664 00427.329 00413.538 00389.775 00675.353 00643.049 00557.159 00494.500 00461.005 00461.537 00661.609 00530.401 00468.790 00470.121 00470.062 01039.273 01157.044 01159.089 01152.555 01153.524 01153.529 01153.587 01162.779 01172.208 01189.858 01197.292 01205.035 01213.282 01225.822 01219.839 01215.713 01209.741 01201.152 01167.025 -0001.000 -0001.000 -0001.000 -0001.000 -0001.000 -0001.000 -0001.000 -0001.000 -0001.000 -0001.000 -0001.000 -0001.000 -0001.000 -0001.000 01172.366 01194.436 01199.382 01135.979 00677.672 00503.356 00470.032 00467.380 00465.992
00456.387 00456.650 00448.287 00439.548 00422.053 00401.883 00368.934 00654.842 00712.244 00742.649 00477.684 00692.173 01144.888 01159.904 01166.412 01169.753 01174.775 01188.850 01199.327 01208.257 01214.417 01197.463 01189.915 01184.306 01177.064 01172.033 01177.842 01195.043 01200.906 01207.999 01216.898 01225.391 01220.493 01218.218 01214.049 01201.882 01184.721 01159.986 -0001.000 -0001.000 -0001.000 -0001.000 -0001.000 -0001.000 -0001.000 -0001.000 -0001.000 -0001.000 01158.772 01186.281 01190.644 00775.097 00478.121 00480.954 00478.384 00473.130 00471.120 00469.835 00467.466 00465.875
00457.659 00451.361 00442.155 00427.917 00405.278 00379.181 00661.972 00695.122 00735.234 00787.402 00759.084 00894.028 01068.326 01206.663 01228.467 01225.612 01224.577 01229.428 01238.599 01226.802 01224.026 01227.717 01229.663 01222.112 01212.153 01204.401 01198.599 01199.371 01213.018 01213.405 01220.076 01222.056 01219.142 01217.265 01209.250 01198.053 01189.701 01170.517 -0001.000 -0001.000 -0001.000 -0001.000 -0001.000 -0001.000 -0001.000 -0001.000 -0001.000 01165.607 01202.338 00562.170 00476.441 00475.512 00474.506 00473.892 00476.029 00473.021 00471.655 00471.056 00468.408 00468.178
00453.247 00444.089 00432.886 00411.580 00392.171 00672.321 00685.531 00723.385 00760.448 00964.555 01323.126 01313.701 01323.861 01293.446 01265.021 01260.267 01256.084 01253.214 01248.872 01243.764 01239.970 01237.622 01238.797 01239.129 01229.897 01227.807 01228.236 01226.605 01210.544 01227.327 01229.776 01220.324 01218.357 01210.629 01201.387 01197.980 01189.325 01176.394 01164.220 -0001.000 -0001.000 -0001.000 -0001.000 -0001.000 -0001.000 -0001.000 01183.096 01207.730 00477.064 00476.219 00475.924 00475.053 00474.255 00474.048 00474.558 00472.642 00473.018 00471.499 00470.263 00468.821
00445.300 00433.971 00412.940 00570.101 00662.765 00684.696 00717.930 00748.021 01206.059 01322.334 01314.507 01316.993 01285.568 01264.739 01262.488 01266.286 01270.170 01269.863 01264.473 01251.820 01245.351 01243.912 01243.213 01243.375 01247.652 01240.639 01240.464 01240.652 01240.911 01240.630 01236.621 01225.679 01218.922 01204.982 01200.178 01197.624 01187.862 01175.458 01162.568 -0001.000 -0001.000 -0001.000 -0001.000 -0001.000 01174.281 01208.856 01220.989 00476.780 00475.170 00474.577 00474.248 00474.250 00473.788 00473.881 00474.876 00474.235 00474.639 00473.382 00471.199 00469.607
00435.033 00555.722 00676.119 00652.155 00698.599 00732.885 00755.262 01069.720 01315.274 01322.976 01293.889 01256.720 01247.307 01245.966 01245.727 01248.086 01254.646 01246.777 01258.645 01250.590 01238.631 01233.925 01231.744 01233.464 01235.539 01244.366 01246.805 01247.486 01246.917 01246.401 01242.682 01237.410 01216.099 01204.508 01200.051 01195.577 01181.190 01171.874 -0001.000 -0001.000 -0001.000 -0001.000 -0001.000 01188.312 01211.818 00488.560 00477.118 00475.503 00474.759 00474.304 00473.655 00473.519 00473.178 00473.855 00475.047 00475.433 00475.542 00473.942 00472.257 00470.420
00667.605 00659.606 00681.113 00714.202 00744.195 00768.878 00914.236 01321.405 01322.379 01303.334 01271.773 01236.117 01198.201 01203.758 01206.459 01213.134 01242.006 01235.313 01229.348 01231.080 01228.639 01226.712 01224.137 01222.618 01223.092 01226.069 01235.420 01236.673 01237.784 01239.264 01239.164 01238.516 01212.045 01205.086 01197.590 01182.207 01173.675 01161.876 -0001.000 -0001.000 -0001.000 -0001.000 -0001.000 01214.914 00477.326 00475.821 00475.608 00475.328 00474.890 00475.049 00474.498 00473.471 00473.160 00474.026 00474.734 00475.350 00474.669 00474.495 00473.180 00471.553
00713.184 00724.269 00736.447 00757.111 00781.921 00788.475 01318.871 01309.589 01284.878 01260.652 01235.594 01210.098 -0001.000 -0001.000 -0001.000 -0001.000 01194.851 01224.052 01224.760 01225.886 01225.520 01225.247 01219.076 01214.591 01215.138 01215.085 01206.639 01218.494 01215.380 01217.301 01234.024 01226.338 01209.664 01195.537 01180.813 01168.178 -0001.000 -0001.000 -0001.000 -0001.000 -0001.000 -0001.000 01175.470 00464.943 00474.882 00474.359 00474.848 00475.390 00475.555 00475.220 00474.653 00473.461 00473.752 00474.640 00475.709 00473.820 00472.456 00474.975 00473.961 00473.559
00763.658 00774.023 00779.856 00780.947 00787.311 01311.235 01288.061 01265.021 01246.552 01225.509 01198.633 -0001.000 -0001.000 -0001.000 -0001.000 -0001.000 -0001.000 01179.222 01204.446 01221.265 01226.898 01223.524 01221.018 01212.638 01204.272 01195.682 01183.565 01184.508 01182.344 01179.862 01181.215 01186.232 01177.008 01167.121 -0001.000 -0001.000 -0001.000 -0001.000 -0001.000 -0001.000 -0001.000 -0001.000 00723.256 00472.565 00473.706 00474.083 00474.996 00475.521 00475.520 00474.570 00474.366 00473.340 00474.181 00476.559 00475.242 00471.667 00471.663 00475.218 00475.247 00475.861
00780.991 00783.540 01019.488 01168.237 01287.269 01266.321 01245.680 01227.565 01219.810 -0001.000 -0001.000 -0001.000 -0001.000 -0001.000 -0001.000 -0001.000 -0001.000 -0001.000 -0001.000 01187.601 01199.298 01208.158 01204.648 01199.011 01189.905 01180.619 -0001.000 -0001.000 -0001.000 -0001.000 -0001.000 -0001.000 -0001.000 -0001.000 -0001.000 -0001.000 -0001.000 -0001.000 -0001.000 -0001.000 -0001.000 -0001.000 00172.529 00470.616 00472.206 00473.761 00474.724 00475.319 00475.427 00474.522 00474.741 00475.112 00474.690 00477.399 00475.752 00470.799 00471.226 00474.731 00476.682 00476.445
00774.861 00750.364 00874.674 01210.123 01230.477 01226.204 01209.505 -0001.000 -0001.000 -0001.000 -0001.000 -0001.000 -0001.000 -0001.000 -0001.000 -0001.000 -0001.000 -0001.000 -0001.000 -0001.000 -0001.000 -0001.000 01180.907 01183.190 01175.018 -0001.000 -0001.000 -0001.000 -0001.000 -0001.000 -0001.000 -0001.000 -0001.000 -0001.000 -0001.000 -0001.000 -0001.000 -0001.000 -0001.000 -0001.000 -0001.000 -0001.000 00171.313 00438.347 00471.204 00471.470 00474.264 00474.472 00474.456 00474.167 00474.772 00475.290 00475.693 00476.916 00475.760 00471.686 00470.649 00474.024 00476.610 00476.072
00762.437 00925.433 01245.195 01228.442 01162.671 -0001.000 -0001.000 -0001.000 -0001.000 -0001.000 -0001.000 -0001.000 -0001.000 -0001.000 -0001.000 -0001.000 -0001.000 -0001.000 -0001.000 -0001.000 -0001.000 -0001.000 -0001.000 -0001.000 -0001.000 -0001.000 -0001.000 -0001.000 -0001.000 -0001.000 -0001.000 -0001.000 -0001.000 -0001.000 01171.462 01193.163 01185.489 01169.105 -0001.000 -0001.000 -0001.000 -0001.000 00170.307 00315.256 00428.471 00451.805 00473.280 00474.129 00474.487 00474.673 00475.217 00475.352 00476.263 00475.779 00475.269 00473.036 00470.968 00473.547 00476.244 00476.440
01047.889 01317.638 01305.063 01273.202 01232.116 -0001.000 -0001.000 -0001.000 -0001.000 -0001.000 01209.297 01215.322 01221.731 01205.698 01192.714 01177.217 -0001.000 -0001.000 -0001.000 -0001.000 -0001.000 -0001.000 -0001.000 -0001.000 -0001.000 -0001.000 -0001.000 -0001.000 -0001.000 01163.339 01172.581 01190.763 01210.583 01210.330 01208.614 01206.794 01204.137 01201.035 01147.580 -0001.000 -0001.000 -0001.000 00170.978 00172.814 00467.710 00442.779 00472.954 00473.797 00474.680 00474.919 00475.154 00474.951 00474.768 00475.371 00476.002 00473.783 00472.269 00472.932 00475.677 00476.028
01267.307 01315.858 01290.016 01288.499 01235.256 01208.633 01244.641 01259.756 01263.512 01271.555 01265.558 01253.587 01243.920 01234.439 01226.852 01224.107 01222.588 01217.977 01198.638 -0001.000 -0001.000 -0001.000 -0001.000 -0001.000 -0001.000 01174.209 01183.079 01205.706 01214.414 01215.771 01215.694 01214.955 01207.398 01198.284 01202.177 01197.930 01209.482 01210.330 01199.472 -0001.000 -0001.000 00165.944 00171.373 00172.646 00461.263 00467.708 00471.416 00473.200 00474.167 00474.720 00475.316 00475.292 00473.756 00475.504 00476.809 00475.775 00473.297 00472.980 00475.197 00476.456
01256.883 01304.463 01255.903 01258.320 01234.025 01271.695 01290.918 01291.689 01278.658 01266.725 01253.724 01239.307 01225.796 01224.102 01225.642 01229.699 01234.300 01230.094 01221.616 01214.262 01190.081 01176.922 01178.716 01209.856 01229.790 01229.510 01230.528 01221.179 01193.502 01182.286 01164.857 01148.865 01135.052 01140.243 01155.901 01168.288 01188.616 01143.441 01093.904 -0001.000 -0001.000 00167.103 00171.566 00172.921 00467.376 00467.597 00470.370 00472.598 00474.693 00475.796 00475.887 00475.527 00473.407 00476.242 00478.894 00477.484 00474.713 00473.426 00475.244 00476.819
01186.976 01266.596 01231.398 01244.358 01245.604 01245.563 01247.479 01245.062 01240.598 01228.177 01217.196 01209.091 01195.782 01188.615 01191.229 01201.647 01214.243 01229.835 01239.961 01232.200 01227.476 01227.838 01229.634 01234.442 01219.285 01206.682 01195.656 01162.508 01121.023 01100.583 01073.257 01045.417 01062.411 01084.462 01109.608 01128.294 01160.808 01193.096 00169.099 -0001.000 -0001.000 00164.298 00170.537 00173.165 00465.193 00451.036 00467.226 00469.302 00473.266 00476.352 00477.281 00475.727 00474.030 00477.282 00480.417 00479.706 00476.437 00473.478 00475.371 00477.678
01153.002 01200.540 01234.066 01219.589 01196.406 01180.547 01168.930 01173.197 01176.384 01174.196 01172.239 01170.351 01170.126 01167.462 01165.923 01169.900 01189.502 01207.108 01212.577 01216.577 01212.850 01209.537 01196.586 01174.260 01151.656 01136.351 01122.650 01065.493 00439.627 00936.314 01016.601 01012.265 00859.784 00911.353 01017.641 01076.563 01035.337 01084.740 -0001.000 -0001.000 -0001.000 -0001.000 00168.858 00173.234 00397.871 00411.807 00460.243 00466.756 00470.387 00475.718 00478.192 00476.993 00476.122 00478.048 00480.419 00480.736 00477.816 00473.540 00474.476 00475.760
01155.777 01209.176 01169.630 01147.205 01139.465 01129.322 01123.428 01118.055 01125.245 01132.045 01138.013 01143.141 01141.822 01144.679 01144.792 01144.894 01149.923 01153.425 01158.350 01151.839 01145.916 01160.968 01119.938 01093.385 01063.752 01001.964 00924.798 01029.312 01079.073 01100.161 01110.533 01091.338 01067.491 01017.357 00736.401 00757.781 00612.960 00170.374 -0001.000 -0001.000 -0001.000 00167.162 00170.359 00172.834 00173.614 00362.909 00455.457 00469.054 00466.912 00472.394 00477.434 00478.444 00477.162 00478.393 00480.644 00481.086 00476.717 00472.712 00472.432 00475.645
