data/trial8/ashley.fli
NCOLS 382
NROWS 266
XLLCORNER 157819.328125
YLLCORNER 384678.625000
CELLSIZE 30.000000
NODATA_VALUE -1
[rows 104 to 129 of 266, columns 60 to 119 of 382]
-0001.000 -0001.000 -0001.000 -0001.000 -0001.000 -0001.000 -0001.000 -0001.000 -0001.000 -0001.000 -0001.000 -0001.000 -0001.000 -0001.000 -0001.000 -0001.000 -0001.000 -0001.000 -0001.000 -0001.000 -0001.000 -0001.000 -0001.000 -0001.000 -0001.000 -0001.000 -0001.000 -0001.000 -0001.000 -0001.000 00020.026 00022.290 00024.678 00025.660 00024.331 00020.331 00021.691 00023.479 00022.882 00023.188 00023.443 00023.576 00022.242 00022.655 00022.632 00022.749 00019.732 00019.717 00020.082 00020.979 00022.444 00023.890 00028.311 00023.651 00021.289 00018.437 00015.427 00015.114 00008.363 00006.037
-0001.000 -0001.000 -0001.000 -0001.000 -0001.000 -0001.000 -0001.000 -0001.000 -0001.000 -0001.000 -0001.000 -0001.000 -0001.000 -0001.000 -0001.000 -0001.000 -0001.000 -0001.000 -0001.000 -0001.000 -0001.000 -0001.000 -0001.000 -0001.000 -0001.000 -0001.000 -0001.000 -0001.000 -0001.000 00019.262 00020.722 00022.581 00020.064 00020.161 00021.420 00021.872 00020.544 00021.001 00021.461 00019.832 00020.573 00021.164 00021.279 00019.299 00018.184 00018.701 00017.177 00019.451 00021.189 00022.483 00024.433 00024.684 00025.962 00025.408 00018.891 00020.980 00017.967 00011.147 00010.543 00005.099
-0001.000 -0001.000 -0001.000 -0001.000 -0001.000 -0001.000 -0001.000 -0001.000 -0001.000 -0001.000 -0001.000 -0001.000 -0001.000 -0001.000 -0001.000 -0001.000 -0001.000 -0001.000 -0001.000 -0001.000 -0001.000 -0001.000 -0001.000 -0001.000 -0001.000 -0001.000 -0001.000 -0001.000 -0001.000 00020.004 00020.421 00019.619 00017.870 00019.803 00016.932 00018.338 00019.443 00016.692 00017.508 00018.768 00017.956 00014.199 00013.418 00012.736 00013.975 00013.066 00012.852 00013.054 00016.261 00021.184 00024.523 00028.011 00026.674 00033.288 00013.847 00022.638 00016.059 00009.060 00004.743 00003.435
-0001.000 -0001.000 -0001.000 -0001.000 -0001.000 -0001.000 -0001.000 -0001.000 -0001.000 -0001.000 -0001.000 -0001.000 -0001.000 -0001.000 -0001.000 -0001.000 -0001.000 -0001.000 -0001.000 -0001.000 -0001.000 -0001.000 -0001.000 -0001.000 -0001.000 -0001.000 -0001.000 -0001.000 00019.337 00019.345 00020.470 00018.829 00017.577 00016.358 00016.790 00017.051 00017.245 00016.421 00016.631 00017.567 00013.288 00013.484 00013.304 00012.985 00012.629 00012.334 00012.256 00013.980 00015.586 00021.529 00024.643 00026.583 00025.705 00026.581 00035.063 00007.011 00006.406 00006.137 00004.858 00003.261
-0001.000 -0001.000 -0001.000 -0001.000 -0001.000 -0001.000 -0001.000 -0001.000 -0001.000 -0001.000 -0001.000 -0001.000 -0001.000 -0001.000 -0001.000 -0001.000 -0001.000 -0001.000 -0001.000 -0001.000 -0001.000 -0001.000 -0001.000 -0001.000 -0001.000 -0001.000 -0001.000 -0001.000 00019.739 00018.331 00019.911 00017.418 00016.293 00016.275 00016.817 00016.392 00015.918 00016.418 00017.190 00016.206 00013.059 00013.420 00013.038 00012.719 00012.470 00012.186 00012.013 00013.267 00016.127 00018.475 00025.945 00025.142 00024.733 00021.360 00023.710 00032.926 00007.957 00006.943 00007.155 00006.517
-0001.000 -0001.000 -0001.000 -0001.000 -0001.000 -0001.000 -0001.000 -0001.000 -0001.000 -0001.000 -0001.000 -0001.000 -0001.000 -0001.000 -0001.000 -0001.000 -0001.000 -0001.000 -0001.000 -0001.000 -0001.000 -0001.000 -0001.000 -0001.000 -0001.000 -0001.000 -0001.000 -0001.000 00019.646 00018.129 00018.391 00017.661 00015.932 00016.501 00016.809 00016.726 00016.906 00017.001 00017.508 00013.524 00013.272 00013.214 00012.837 00012.605 00012.356 00011.641 00011.569 00013.222 00022.458 00019.612 00022.638 00025.560 00025.201 00010.893 00011.340 00008.629 00009.397 -0001.000 00005.926 00007.113
-0001.000 -0001.000 -0001.000 -0001.000 -0001.000 -0001.000 -0001.000 -0001.000 -0001.000 -0001.000 -0001.000 -0001.000 -0001.000 -0001.000 -0001.000 -0001.000 -0001.000 -0001.000 -0001.000 -0001.000 -0001.000 -0001.000 -0001.000 -0001.000 -0001.000 -0001.000 -0001.000 00016.130 00016.321 00017.238 00017.461 00016.504 00016.308 00016.527 00016.845 00017.538 00017.642 00017.780 00014.679 00013.777 00013.704 00012.856 00012.738 00012.512 00011.806 00011.507 00011.667 00016.905 00020.450 00023.883 00026.615 00027.371 00026.911 00027.665 00006.320 00009.032 00009.480 -0001.000 -0001.000 -0001.000
-0001.000 -0001.000 -0001.000 -0001.000 -0001.000 -0001.000 -0001.000 -0001.000 -0001.000 -0001.000 -0001.000 -0001.000 -0001.000 -0001.000 -0001.000 -0001.000 -0001.000 -0001.000 -0001.000 -0001.000 -0001.000 -0001.000 -0001.000 -0001.000 -0001.000 -0001.000 -0001.000 00016.588 00015.956 00016.874 00017.673 00015.967 00016.307 00016.550 00018.000 00018.002 00018.256 00017.959 00014.678 00014.384 00013.989 00013.190 00012.694 00012.287 00011.652 00011.183 00013.220 00015.307 00017.739 00020.268 00025.625 00027.662 00018.775 00015.596 00006.399 00009.017 00004.869 00005.016 00005.080 00005.447
-0001.000 -0001.000 -0001.000 -0001.000 -0001.000 -0001.000 -0001.000 -0001.000 -0001.000 -0001.000 -0001.000 -0001.000 -0001.000 -0001.000 -0001.000 -0001.000 -0001.000 -0001.000 -0001.000 -0001.000 -0001.000 -0001.000 -0001.000 -0001.000 -0001.000 -0001.000 -0001.000 00016.925 00016.104 00017.186 00017.944 00016.391 00016.503 00016.557 00018.422 00018.376 00018.614 00015.815 00014.952 00014.656 00013.636 00013.309 00012.669 00011.923 00011.501 00012.101 00013.240 00014.467 00015.866 00018.714 00019.779 00014.279 00011.984 00007.792 00006.503 00004.589 00003.837 00003.770 00003.776 00004.268
-0001.000 -0001.000 -0001.000 -0001.000 -0001.000 -0001.000 -0001.000 -0001.000 -0001.000 -0001.000 -0001.000 -0001.000 -0001.000 -0001.000 -0001.000 -0001.000 -0001.000 -0001.000 -0001.000 -0001.000 -0001.000 -0001.000 -0001.000 -0001.000 -0001.000 -0001.000 -0001.000 00017.277 00016.290 00017.508 00016.557 00016.890 00016.753 00016.726 00018.331 00018.706 00018.955 00015.499 00015.128 00014.811 00013.718 00013.031 00012.544 00011.799 00011.354 00012.109 00011.997 00013.490 00013.825 00016.187 00013.327 00008.635 00005.661 00004.739 00003.427 00002.941 00002.942 00003.565 00003.443 00003.204
-0001.000 -0001.000 -0001.000 -0001.000 -0001.000 -0001.000 -0001.000 -0001.000 -0001.000 -0001.000 -0001.000 -0001.000 -0001.000 -0001.000 -0001.000 -0001.000 -0001.000 -0001.000 -0001.000 -0001.000 -0001.000 -0001.000 -0001.000 -0001.000 -0001.000 -0001.000 -0001.000 00017.319 00016.392 00017.565 00017.046 00017.117 00016.849 00018.171 00018.340 00019.031 00019.064 00015.695 00015.275 00014.743 00013.726 00013.161 00012.084 00011.713 00011.527 00011.608 00011.767 00012.712 00012.296 00011.953 00001.308 00005.386 00004.613 00002.657 00008.080 00009.717 00006.076 00006.379 00006.255 00009.134
-0001.000 -0001.000 -0001.000 -0001.000 -0001.000 -0001.000 -0001.000 -0001.000 -0001.000 -0001.000 -0001.000 -0001.000 -0001.000 -0001.000 -0001.000 -0001.000 -0001.000 -0001.000 -0001.000 -0001.000 -0001.000 -0001.000 -0001.000 -0001.000 -0001.000 -0001.000 -0001.000 00017.041 00016.409 00017.373 00017.124 00017.136 00016.858 00017.979 00018.241 00019.474 00018.741 00015.769 00015.373 00014.306 00013.697 00013.343 00012.203 00011.765 00011.977 00011.276 00011.501 00012.192 00011.195 00005.193 00005.221 00009.687 00021.122 00043.185 00015.408 00031.202 00021.372 00042.791 00021.646 00011.494
-0001.000 -0001.000 -0001.000 -0001.000 -0001.000 -0001.000 -0001.000 -0001.000 -0001.000 -0001.000 -0001.000 -0001.000 -0001.000 -0001.000 -0001.000 -0001.000 -0001.000 -0001.000 -0001.000 -0001.000 -0001.000 -0001.000 -0001.000 -0001.000 -0001.000 -0001.000 -0001.000 00017.371 00016.432 00018.508 00017.191 00017.166 00016.944 00018.114 00018.594 00019.928 00017.232 00015.846 00015.459 00014.003 00013.773 00013.514 00012.119 00011.787 00011.726 00011.236 00011.891 00011.852 00010.321 00005.614 00006.068 00010.608 00032.315 00037.108 00017.443 00032.605 00035.029 00044.532 00021.857 00060.234
-0001.000 -0001.000 -0001.000 -0001.000 -0001.000 -0001.000 -0001.000 -0001.000 -0001.000 -0001.000 -0001.000 -0001.000 -0001.000 -0001.000 -0001.000 -0001.000 -0001.000 -0001.000 -0001.000 -0001.000 -0001.000 -0001.000 -0001.000 -0001.000 -0001.000 -0001.000 00016.215 00015.659 00016.872 00019.986 00017.676 00017.258 00017.314 00020.011 00019.477 00020.404 00016.511 00016.584 00015.859 00014.207 00013.982 00013.590 00011.885 00011.845 00011.661 00011.201 00012.067 00011.987 00010.569 00003.274 00007.997 00023.121 00031.265 00019.884 00025.080 00029.940 00037.384 00043.482 00054.875 00038.774
-0001.000 -0001.000 -0001.000 -0001.000 -0001.000 -0001.000 -0001.000 -0001.000 -0001.000 -0001.000 -0001.000 -0001.000 -0001.000 -0001.000 -0001.000 -0001.000 -0001.000 -0001.000 -0001.000 -0001.000 -0001.000 -0001.000 -0001.000 -0001.000 -0001.000 -0001.000 00016.648 00015.855 00017.672 00020.259 00018.482 00017.495 00019.534 00021.736 00020.479 00021.722 00017.166 00017.446 00016.158 00014.472 00014.649 00014.191 00012.150 00012.243 00011.334 00011.070 00012.081 00012.040 00009.982 00001.612 00008.326 00028.515 00030.962 00019.215 00027.694 00029.210 00037.625 00039.817 00040.117 00040.439
-0001.000 -0001.000 -0001.000 -0001.000 -0001.000 -0001.000 -0001.000 -0001.000 -0001.000 -0001.000 -0001.000 -0001.000 -0001.000 -0001.000 -0001.000 -0001.000 -0001.000 -0001.000 -0001.000 -0001.000 -0001.000 -0001.000 -0001.000 -0001.000 -0001.000 -0001.000 -0001.000 00018.870 00017.783 00020.014 00019.698 00020.652 00021.434 00023.477 00021.774 00023.201 00019.903 00018.751 00018.149 00014.907 00015.590 00014.823 00014.046 00012.595 00011.019 00010.883 00012.087 00011.783 00005.983 00003.605 00008.822 00028.063 00030.552 00018.824 00027.048 00028.417 00035.175 00037.287 00039.149 00041.956
-0001.000 -0001.000 -0001.000 -0001.000 -0001.000 -0001.000 -0001.000 -0001.000 -0001.000 -0001.000 -0001.000 -0001.000 -0001.000 -0001.000 -0001.000 -0001.000 -0001.000 -0001.000 -0001.000 -0001.000 -0001.000 -0001.000 -0001.000 -0001.000 -0001.000 -0001.000 -0001.000 00019.947 00017.301 00021.912 00022.192 00023.179 00022.432 00023.910 00023.962 00023.705 00023.678 00021.289 00020.333 00019.058 00016.478 00018.578 00017.526 00013.584 00012.755 00012.186 00013.203 00011.783 00005.588 00004.530 00009.395 00027.561 00030.041 00018.608 00026.622 00027.673 00033.877 00035.530 00035.600 00038.806
-0001.000 -0001.000 -0001.000 -0001.000 -0001.000 -0001.000 -0001.000 -0001.000 -0001.000 -0001.000 -0001.000 -0001.000 -0001.000 -0001.000 -0001.000 -0001.000 -0001.000 -0001.000 -0001.000 -0001.000 -0001.000 -0001.000 -0001.000 -0001.000 -0001.000 -0001.000 -0001.000 00020.538 00021.222 00019.038 00023.312 00024.946 00026.551 00024.285 00024.566 00024.442 00026.958 00025.278 00024.455 00024.828 00021.184 00021.800 00021.692 00019.202 00017.298 00014.945 00014.904 00011.962 00005.582 00004.516 00009.456 00026.668 00029.254 00018.220 00026.225 00027.206 00032.889 00032.356 00033.872 00049.851
-0001.000 -0001.000 -0001.000 -0001.000 -0001.000 -0001.000 -0001.000 -0001.000 -0001.000 -0001.000 -0001.000 -0001.000 -0001.000 -0001.000 -0001.000 -0001.000 -0001.000 -0001.000 -0001.000 -0001.000 -0001.000 -0001.000 -0001.000 -0001.000 -0001.000 -0001.000 -0001.000 -0001.000 00022.540 00021.077 00019.148 00020.391 00024.264 00026.235 00026.499 00025.101 00024.414 00022.736 00025.827 00027.116 00027.381 00026.004 00024.721 00023.045 00020.392 00017.140 00015.533 00012.473 00007.918 00004.197 00009.389 00025.962 00028.334 00017.995 00025.793 00030.765 00032.168 00031.049 00033.196 00047.493
-0001.000 -0001.000 -0001.000 -0001.000 -0001.000 -0001.000 -0001.000 -0001.000 -0001.000 -0001.000 -0001.000 -0001.000 -0001.000 -0001.000 -0001.000 -0001.000 -0001.000 -0001.000 -0001.000 -0001.000 -0001.000 -0001.000 -0001.000 -0001.000 -0001.000 -0001.000 -0001.000 -0001.000 -0001.000 00023.793 00025.884 00019.309 00019.794 00020.358 00024.202 00026.250 00024.012 00021.957 00023.763 00030.224 00028.399 00028.654 00027.847 00024.302 00022.768 00018.611 00015.093 00016.480 00014.453 00003.344 00009.000 00025.667 00027.788 00017.810 00025.325 00030.194 00031.479 00030.050 00032.342 00045.962
-0001.000 -0001.000 -0001.000 -0001.000 -0001.000 -0001.000 -0001.000 -0001.000 -0001.000 -0001.000 -0001.000 -0001.000 -0001.000 -0001.000 -0001.000 -0001.000 -0001.000 -0001.000 -0001.000 -0001.000 -0001.000 -0001.000 -0001.000 -0001.000 -0001.000 -0001.000 -0001.000 -0001.000 -0001.000 -0001.000 00025.691 00026.081 00025.489 00019.540 00020.180 00024.378 00022.465 00021.981 00020.868 00027.393 00033.274 00032.978 00028.318 00026.396 00022.313 00019.280 00018.010 00014.825 00015.017 00002.379 00008.430 00025.236 00027.363 00017.609 00024.863 00026.287 00030.844 00029.273 00031.440 00044.496
-0001.000 -0001.000 -0001.000 -0001.000 -0001.000 -0001.000 -0001.000 -0001.000 -0001.000 -0001.000 -0001.000 -0001.000 -0001.000 -0001.000 -0001.000 -0001.000 -0001.000 -0001.000 -0001.000 -0001.000 -0001.000 -0001.000 -0001.000 -0001.000 -0001.000 -0001.000 -0001.000 -0001.000 -0001.000 -0001.000 -0001.000 -0001.000 00025.193 00024.863 00026.377 00020.414 00017.911 00020.932 00021.895 00025.405 00031.900 00033.293 00031.050 00025.845 00023.612 00020.992 00017.619 00014.969 00014.910 00001.378 00008.065 00024.776 00026.965 00017.514 00024.633 00025.304 00030.223 00028.515 00030.707 00042.846
-0001.000 -0001.000 -0001.000 -0001.000 -0001.000 -0001.000 -0001.000 -0001.000 -0001.000 -0001.000 -0001.000 -0001.000 -0001.000 -0001.000 -0001.000 -0001.000 -0001.000 -0001.000 -0001.000 -0001.000 -0001.000 -0001.000 -0001.000 -0001.000 -0001.000 -0001.000 -0001.000 -0001.000 -0001.000 -0001.000 -0001.000 -0001.000 -0001.000 -0001.000 00024.147 00027.306 00016.973 00021.085 00024.072 00024.829 00027.265 00029.419 00028.898 00026.962 00023.738 00019.122 00017.101 00015.085 00014.936 00004.533 00007.664 00019.542 00026.365 00017.435 00024.557 00025.237 00029.908 00027.982 00029.919 00041.169
-0001.000 -0001.000 -0001.000 -0001.000 -0001.000 -0001.000 -0001.000 -0001.000 -0001.000 -0001.000 -0001.000 -0001.000 -0001.000 -0001.000 -0001.000 -0001.000 -0001.000 -0001.000 -0001.000 -0001.000 -0001.000 -0001.000 -0001.000 -0001.000 -0001.000 -0001.000 -0001.000 -0001.000 -0001.000 -0001.000 -0001.000 -0001.000 -0001.000 -0001.000 -0001.000 00023.744 00021.871 00017.420 00026.206 00028.191 00027.088 00029.491 00021.920 00022.522 00021.105 00019.148 00017.271 00015.124 00015.236 00010.146 00007.080 00011.969 00025.091 00016.944 00024.165 00024.992 00029.585 00027.542 00029.158 00040.278
-0001.000 -0001.000 -0001.000 -0001.000 -0001.000 -0001.000 -0001.000 -0001.000 -0001.000 -0001.000 -0001.000 -0001.000 -0001.000 -0001.000 -0001.000 -0001.000 -0001.000 -0001.000 -0001.000 -0001.000 -0001.000 -0001.000 -0001.000 -0001.000 -0001.000 -0001.000 -0001.000 -0001.000 -0001.000 -0001.000 -0001.000 -0001.000 -0001.000 -0001.000 -0001.000 -0001.000 00022.876 00021.879 00019.829 00028.405 00026.802 00024.047 00022.438 00024.203 00021.587 00019.318 00017.432 00015.114 00015.501 00010.599 00005.328 00011.650 00024.004 00016.349 00023.596 00024.469 00029.183 00029.546 00028.658 00039.101
-0001.000 -0001.000 -0001.000 -0001.000 -0001.000 -0001.000 -0001.000 -0001.000 -0001.000 -0001.000 -0001.000 -0001.000 -0001.000 -0001.000 -0001.000 -0001.000 -0001.000 -0001.000 -0001.000 -0001.000 -0001.000 -0001.000 -0001.000 -0001.000 -0001.000 -0001.000 -0001.000 -0001.000 -0001.000 -0001.000 -0001.000 -0001.000 -0001.000 -0001.000 -0001.000 -0001.000 -0001.000 00026.788 00021.066 00022.147 00022.896 00026.336 00023.147 00024.036 00022.520 00020.129 00019.147 00016.708 00015.750 00011.335 00004.733 00010.610 00021.688 00022.408 00019.593 00023.844 00028.686 00030.091 00027.937 00037.015
