data/trial8/ashley.toa
NCOLS 382
NROWS 266
XLLCORNER 157819.328125
YLLCORNER 384678.625000
CELLSIZE 30.000000
NODATA_VALUE -1
[rows 208 to 233 of 266, columns 240 to 299 of 382]
00036.476 00036.558 00036.644 00036.740 00036.836 00036.936 00037.044 00037.000 00037.010 00037.029 00037.050 00037.070 00037.090 00037.110 00037.147 00037.184 00037.224 00037.264 00037.319 00037.377 00037.434 00037.495 00037.559 00037.624 00037.694 00037.765 00037.839 00037.913 00038.001 00038.084 00038.153 00038.220 00038.286 00038.317 00038.370 00038.424 00038.478 00038.533 00038.588 00038.643 00038.701 00038.758 00038.816 00038.873 00038.930 00038.987 00039.047 00039.107 00039.167 00039.227 00039.288 00039.349 00039.410 00039.476 00039.541 00039.606 00039.672 00039.737 00039.803 00039.869
00036.579 00036.659 00036.741 00036.823 00036.919 00037.014 00037.124 00037.166 00037.149 00037.167 00037.185 00037.205 00037.225 00037.244 00037.271 00037.308 00037.347 00037.387 00037.430 00037.487 00037.545 00037.602 00037.665 00037.728 00037.794 00037.864 00037.935 00038.007 00038.065 00038.121 00038.189 00038.256 00038.322 00038.389 00038.421 00038.475 00038.528 00038.582 00038.637 00038.692 00038.748 00038.805 00038.863 00038.921 00038.978 00039.035 00039.092 00039.152 00039.212 00039.272 00039.332 00039.393 00039.454 00039.515 00039.579 00039.644 00039.709 00039.775 00039.840 00039.907
00036.684 00036.762 00036.842 00036.922 00037.002 00037.098 00037.193 00037.328 00037.285 00037.302 00037.319 00037.338 00037.358 00037.377 00037.396 00037.432 00037.469 00037.509 00037.548 00037.598 00037.656 00037.712 00037.769 00037.833 00037.896 00037.963 00038.025 00038.080 00038.129 00038.176 00038.225 00038.292 00038.358 00038.425 00038.491 00038.525 00038.579 00038.633 00038.687 00038.741 00038.797 00038.853 00038.910 00038.968 00039.026 00039.084 00039.141 00039.199 00039.257 00039.317 00039.377 00039.438 00039.499 00039.560 00039.621 00039.682 00039.747 00039.812 00039.878 00039.944
00036.791 00036.869 00036.945 00037.022 00037.100 00037.181 00037.276 00037.371 00037.436 00037.436 00037.453 00037.470 00037.490 00037.509 00037.528 00037.556 00037.594 00037.633 00037.672 00037.712 00037.769 00037.824 00037.878 00037.937 00038.000 00038.048 00038.098 00038.143 00038.188 00038.235 00038.281 00038.328 00038.394 00038.461 00038.527 00038.594 00038.630 00038.684 00038.738 00038.792 00038.846 00038.902 00038.958 00039.015 00039.073 00039.132 00039.190 00039.248 00039.306 00039.364 00039.423 00039.483 00039.544 00039.605 00039.666 00039.727 00039.788 00039.850 00039.916 00039.982
00036.905 00036.975 00037.050 00037.123 00037.200 00037.277 00037.359 00037.454 00037.549 00037.570 00037.586 00037.602 00037.621 00037.640 00037.660 00037.681 00037.718 00037.757 00037.796 00037.837 00037.882 00037.936 00037.990 00038.033 00038.080 00038.121 00038.161 00038.204 00038.247 00038.292 00038.339 00038.386 00038.433 00038.497 00038.563 00038.630 00038.697 00038.734 00038.788 00038.843 00038.897 00038.951 00039.007 00039.064 00039.121 00039.179 00039.238 00039.297 00039.355 00039.413 00039.471 00039.529 00039.589 00039.650 00039.711 00039.772 00039.833 00039.894 00039.956 00040.018
00037.051 00037.082 00037.155 00037.228 00037.299 00037.376 00037.451 00037.536 00037.632 00037.703 00037.719 00037.734 00037.751 00037.771 00037.791 00037.811 00037.840 00037.878 00037.917 00037.958 00037.999 00038.038 00038.079 00038.114 00038.148 00038.187 00038.227 00038.266 00038.308 00038.352 00038.397 00038.444 00038.491 00038.538 00038.600 00038.666 00038.732 00038.800 00038.839 00038.894 00038.948 00039.002 00039.057 00039.114 00039.171 00039.228 00039.285 00039.344 00039.403 00039.462 00039.520 00039.578 00039.636 00039.696 00039.756 00039.817 00039.878 00039.939 00040.001 00040.057
00037.189 00037.210 00037.261 00037.333 00037.403 00037.474 00037.550 00037.626 00037.714 00037.813 00037.897 00037.885 00037.881 00037.901 00037.921 00037.941 00037.961 00037.999 00038.030 00038.061 00038.091 00038.119 00038.152 00038.185 00038.219 00038.253 00038.292 00038.331 00038.370 00038.413 00038.456 00038.502 00038.549 00038.596 00038.643 00038.703 00038.769 00038.835 00038.904 00038.945 00038.999 00039.054 00039.110 00039.165 00039.221 00039.278 00039.335 00039.392 00039.451 00039.510 00039.569 00039.627 00039.686 00039.744 00039.802 00039.863 00039.924 00039.985 00040.043 00040.096
00037.324 00037.346 00037.369 00037.437 00037.507 00037.577 00037.650 00037.726 00037.802 00037.925 00038.228 00038.182 00038.073 00038.043 00038.042 00038.057 00038.073 00038.093 00038.119 00038.144 00038.170 00038.196 00038.222 00038.255 00038.289 00038.323 00038.358 00038.397 00038.436 00038.476 00038.519 00038.561 00038.607 00038.654 00038.701 00038.748 00038.807 00038.873 00038.938 00039.007 00039.052 00039.107 00039.162 00039.218 00039.273 00039.328 00039.386 00039.443 00039.500 00039.558 00039.617 00039.676 00039.735 00039.793 00039.852 00039.911 00039.970 00040.029 00040.082 00040.133
00037.460 00037.481 00037.504 00037.543 00037.613 00037.682 00037.750 00037.825 00037.900 00037.976 00038.116 00038.510 00038.471 00038.266 00038.169 00038.148 00038.162 00038.176 00038.198 00038.223 00038.248 00038.272 00038.297 00038.326 00038.359 00038.393 00038.427 00038.464 00038.503 00038.542 00038.582 00038.624 00038.665 00038.712 00038.759 00038.807 00038.854 00038.911 00038.976 00039.042 00039.107 00039.178 00039.215 00039.270 00039.326 00039.381 00039.437 00039.493 00039.551 00039.608 00039.666 00039.724 00039.784 00039.843 00039.901 00039.960 00040.018 00040.069 00040.121 00040.171
00037.596 00037.613 00037.637 00037.661 00037.718 00037.786 00037.855 00037.923 00037.999 00038.058 00038.112 00038.307 00038.706 00038.627 00038.393 00038.239 00038.249 00038.262 00038.276 00038.301 00038.325 00038.350 00038.375 00038.401 00038.430 00038.464 00038.498 00038.532 00038.569 00038.608 00038.647 00038.687 00038.729 00038.770 00038.817 00038.865 00038.912 00038.960 00039.014 00039.079 00039.144 00039.209 00039.276 00039.323 00039.379 00039.434 00039.490 00039.545 00039.601 00039.659 00039.716 00039.774 00039.832 00039.892 00039.951 00040.009 00040.062 00040.111 00040.160 00040.209
00037.731 00037.746 00037.768 00037.793 00037.823 00037.891 00037.959 00038.020 00038.074 00038.125 00038.180 00038.315 00038.609 00038.913 00038.754 00038.489 00038.371 00038.383 00038.396 00038.425 00038.480 00038.535 00038.520 00038.510 00038.504 00038.536 00038.569 00038.603 00038.638 00038.675 00038.714 00038.753 00038.794 00038.835 00038.876 00038.923 00038.970 00039.019 00039.069 00039.119 00039.182 00039.247 00039.313 00039.378 00039.432 00039.488 00039.543 00039.599 00039.655 00039.710 00039.767 00039.825 00039.882 00039.941 00040.000 00040.054 00040.104 00040.152 00040.201 00040.249
00037.865 00037.880 00037.899 00037.923 00037.947 00037.996 00038.049 00038.097 00038.141 00038.187 00038.257 00038.425 00038.723 00039.063 00039.133 00038.860 00038.715 00038.716 00038.725 00038.738 00038.795 00038.858 00038.718 00038.631 00038.611 00038.610 00038.642 00038.674 00038.709 00038.743 00038.782 00038.821 00038.859 00038.899 00038.941 00038.982 00039.030 00039.079 00039.129 00039.179 00039.230 00039.285 00039.351 00039.416 00039.481 00039.547 00039.598 00039.653 00039.708 00039.764 00039.820 00039.876 00039.934 00039.992 00040.046 00040.096 00040.145 00040.193 00040.242 00040.290
00038.000 00038.011 00038.023 00038.042 00038.061 00038.081 00038.122 00038.164 00038.206 00038.248 00038.301 00038.417 00038.609 00038.822 00038.950 00039.039 00039.070 00039.062 00039.060 00039.075 00039.113 00039.185 00038.921 00038.759 00038.715 00038.697 00038.716 00038.748 00038.780 00038.815 00038.850 00038.888 00038.927 00038.965 00039.005 00039.049 00039.093 00039.140 00039.189 00039.238 00039.289 00039.340 00039.392 00039.454 00039.520 00039.586 00039.651 00039.708 00039.763 00039.818 00039.874 00039.930 00039.986 00040.041 00040.090 00040.138 00040.186 00040.234 00040.283 00040.332
00038.128 00038.113 00038.123 00038.135 00038.152 00038.168 00038.188 00038.230 00038.271 00038.312 00038.356 00038.410 00038.540 00038.658 00038.777 00038.936 00039.060 00039.152 00039.276 00039.307 00039.252 00039.343 00039.054 00038.899 00038.820 00038.802 00038.791 00038.823 00038.854 00038.886 00038.921 00038.956 00038.995 00039.035 00039.074 00039.117 00039.160 00039.204 00039.251 00039.300 00039.349 00039.400 00039.451 00039.503 00039.559 00039.624 00039.690 00039.756 00039.818 00039.874 00039.929 00039.985 00040.038 00040.086 00040.133 00040.180 00040.228 00040.275 00040.325 00040.374
00038.196 00038.202 00038.212 00038.222 00038.236 00038.252 00038.269 00038.295 00038.336 00038.376 00038.419 00038.465 00038.514 00038.668 00038.816 00038.902 00038.952 00039.091 00039.200 00039.299 00039.451 00039.367 00039.164 00039.025 00038.927 00038.908 00038.889 00038.899 00038.929 00038.959 00038.992 00039.029 00039.067 00039.107 00039.147 00039.187 00039.229 00039.272 00039.316 00039.361 00039.410 00039.459 00039.510 00039.562 00039.614 00039.666 00039.730 00039.796 00039.861 00039.927 00039.985 00040.038 00040.085 00040.131 00040.177 00040.222 00040.270 00040.318 00040.367 00040.416
00038.266 00038.305 00038.300 00038.310 00038.319 00038.336 00038.353 00038.369 00038.402 00038.442 00038.482 00038.528 00038.624 00038.761 00038.997 00039.079 00039.117 00039.120 00039.142 00039.257 00039.356 00039.449 00039.316 00039.172 00039.041 00039.015 00038.994 00038.977 00039.007 00039.039 00039.070 00039.106 00039.143 00039.181 00039.221 00039.260 00039.300 00039.341 00039.384 00039.428 00039.472 00039.521 00039.571 00039.621 00039.673 00039.726 00039.779 00039.835 00039.901 00039.967 00040.032 00040.086 00040.132 00040.176 00040.222 00040.267 00040.313 00040.361 00040.410 00040.458
00038.337 00038.375 00038.389 00038.399 00038.408 00038.419 00038.436 00038.453 00038.471 00038.509 00038.560 00038.648 00038.717 00038.821 00039.025 00039.192 00039.388 00039.293 00039.277 00039.279 00039.322 00039.431 00039.465 00039.315 00039.180 00039.141 00039.112 00039.096 00039.090 00039.122 00039.153 00039.185 00039.221 00039.258 00039.296 00039.335 00039.374 00039.413 00039.453 00039.497 00039.541 00039.585 00039.633 00039.683 00039.733 00039.786 00039.839 00039.892 00039.945 00040.007 00040.067 00040.123 00040.177 00040.223 00040.267 00040.313 00040.359 00040.405 00040.453 00040.502
00038.411 00038.446 00038.483 00038.487 00038.496 00038.505 00038.520 00038.536 00038.554 00038.576 00038.637 00038.702 00038.765 00038.846 00038.992 00039.100 00039.192 00039.516 00039.391 00039.396 00039.406 00039.416 00039.519 00039.458 00039.333 00039.270 00039.238 00039.215 00039.200 00039.206 00039.237 00039.269 00039.300 00039.335 00039.373 00039.410 00039.449 00039.488 00039.527 00039.566 00039.610 00039.654 00039.698 00039.745 00039.795 00039.847 00039.900 00039.953 00040.005 00040.052 00040.102 00040.157 00040.211 00040.265 00040.314 00040.359 00040.405 00040.451 00040.498 00040.546
00038.533 00038.518 00038.555 00038.588 00038.587 00038.593 00038.602 00038.620 00038.638 00038.658 00038.688 00038.750 00038.812 00038.873 00038.958 00039.068 00039.162 00039.359 00039.748 00039.613 00039.649 00039.603 00039.575 00039.602 00039.482 00039.400 00039.365 00039.332 00039.319 00039.306 00039.322 00039.354 00039.385 00039.415 00039.451 00039.488 00039.526 00039.564 00039.603 00039.641 00039.679 00039.723 00039.767 00039.811 00039.858 00039.909 00039.961 00040.012 00040.059 00040.103 00040.146 00040.190 00040.245 00040.299 00040.354 00040.407 00040.452 00040.498 00040.545 00040.592
00038.647 00038.598 00038.627 00038.662 00038.683 00038.682 00038.689 00038.702 00038.719 00038.740 00038.762 00038.797 00038.859 00038.920 00038.982 00039.046 00039.131 00039.229 00039.416 00039.705 00039.953 00039.965 00039.768 00039.700 00039.627 00039.530 00039.494 00039.459 00039.436 00039.423 00039.410 00039.439 00039.470 00039.500 00039.531 00039.566 00039.603 00039.641 00039.679 00039.718 00039.756 00039.793 00039.837 00039.881 00039.926 00039.972 00040.022 00040.067 00040.110 00040.153 00040.195 00040.238 00040.280 00040.333 00040.388 00040.444 00040.499 00040.546 00040.592 00040.639
00038.758 00038.715 00038.701 00038.735 00038.768 00038.774 00038.778 00038.784 00038.802 00038.820 00038.843 00038.867 00038.906 00038.968 00039.030 00039.093 00039.158 00039.224 00039.292 00039.415 00039.583 00039.706 00039.826 00039.950 00039.845 00039.680 00039.653 00039.587 00039.553 00039.541 00039.528 00039.526 00039.556 00039.585 00039.616 00039.646 00039.682 00039.719 00039.757 00039.795 00039.833 00039.871 00039.909 00039.951 00039.997 00040.039 00040.077 00040.119 00040.161 00040.201 00040.244 00040.287 00040.330 00040.373 00040.423 00040.478 00040.534 00040.590 00040.641 00040.687
00038.870 00038.829 00038.786 00038.810 00038.842 00038.871 00038.868 00038.874 00038.884 00038.903 00038.924 00038.948 00038.973 00039.015 00039.077 00039.138 00039.201 00039.267 00039.334 00039.403 00039.476 00039.552 00039.638 00039.752 00040.014 00040.114 00040.077 00039.996 00039.774 00039.718 00039.791 00039.745 00039.715 00039.708 00039.704 00039.732 00039.762 00039.797 00039.835 00039.873 00039.911 00039.948 00039.986 00040.023 00040.060 00040.098 00040.135 00040.171 00040.211 00040.252 00040.293 00040.336 00040.379 00040.423 00040.467 00040.513 00040.569 00040.625 00040.682 00040.737
00038.908 00038.943 00038.902 00038.886 00038.919 00038.952 00038.966 00038.965 00038.969 00038.985 00039.005 00039.031 00039.058 00039.086 00039.126 00039.187 00039.247 00039.308 00039.374 00039.443 00039.514 00039.588 00039.668 00039.749 00039.893 00040.098 00040.484 00040.407 00040.220 00040.102 00040.167 00040.149 00040.066 00039.923 00039.885 00039.896 00039.890 00039.888 00039.914 00039.952 00039.989 00040.024 00040.056 00040.089 00040.121 00040.155 00040.191 00040.227 00040.263 00040.303 00040.344 00040.386 00040.429 00040.472 00040.516 00040.561 00040.606 00040.660 00040.717 00040.774
00038.947 00039.015 00039.019 00038.976 00038.996 00039.030 00039.064 00039.063 00039.068 00039.074 00039.097 00039.119 00039.145 00039.173 00039.201 00039.237 00039.297 00039.357 00039.417 00039.481 00039.550 00039.621 00039.693 00039.771 00039.879 00039.994 00040.219 00040.463 00040.548 00040.450 00040.508 00040.534 00040.463 00040.334 00040.265 00040.278 00040.145 00040.050 00040.002 00040.030 00040.062 00040.092 00040.122 00040.151 00040.182 00040.214 00040.248 00040.284 00040.320 00040.356 00040.396 00040.437 00040.479 00040.522 00040.566 00040.611 00040.656 00040.701 00040.752 00040.809
00038.985 00039.054 00039.126 00039.109 00039.078 00039.112 00039.146 00039.178 00039.172 00039.178 00039.188 00039.210 00039.233 00039.260 00039.288 00039.317 00039.349 00039.409 00039.468 00039.527 00039.586 00039.655 00039.725 00039.795 00039.873 00039.971 00040.080 00040.228 00040.345 00040.444 00040.525 00040.621 00040.780 00040.737 00040.630 00040.650 00040.478 00040.274 00040.153 00040.098 00040.128 00040.158 00040.186 00040.215 00040.244 00040.275 00040.307 00040.341 00040.377 00040.413 00040.449 00040.489 00040.531 00040.573 00040.617 00040.661 00040.706 00040.751 00040.797 00040.845
00039.026 00039.091 00039.158 00039.235 00039.205 00039.195 00039.228 00039.260 00039.292 00039.281 00039.288 00039.302 00039.325 00039.347 00039.375 00039.404 00039.434 00039.465 00039.519 00039.579 00039.638 00039.697 00039.760 00039.830 00039.900 00039.971 00040.042 00040.148 00040.246 00040.337 00040.428 00040.520 00040.612 00040.753 00041.008 00041.032 00040.896 00040.683 00040.495 00040.245 00040.195 00040.224 00040.252 00040.279 00040.308 00040.338 00040.369 00040.401 00040.435 00040.471 00040.507 00040.543 00040.583 00040.626 00040.668 00040.712 00040.757 00040.801 00040.847 00040.894
