data/trial8/ashley.fml
NCOLS 382
NROWS 266
XLLCORNER 157819.328125
YLLCORNER 384678.625000
CELLSIZE 30.000000
NODATA_VALUE -1
[rows 102 to 135 of 266, columns 154 to 230 of 382]
04.24 04.24 04.25 04.21 04.17 04.14 03.93 03.72 03.56 03.35 02.86 03.56 03.86 03.65 03.87 03.94 05.70 05.86 05.13 05.18 04.58 04.34 04.26 04.33 04.49 04.41 04.48 04.41 04.69 05.07 05.47 05.09 04.53 04.88 04.70 05.06 05.19 04.50 03.96 03.88 03.39 04.44 04.77 03.81 05.22 04.69 04.13 04.28 04.23 04.05 04.10 03.93 03.55 03.48 03.30 03.17 03.54 03.86 04.26 04.36 04.58 03.89 04.99 04.89 04.18 04.55 04.99 05.29 05.39 04.67 03.62 03.24 03.34 00.41 00.42 00.45 -1.00
04.21 04.23 04.21 04.16 04.12 03.99 03.75 03.55 03.43 02.84 02.80 03.99 04.99 04.84 03.86 04.00 04.72 05.43 05.46 05.02 04.89 04.31 04.22 04.58 04.63 04.73 04.40 04.38 04.69 05.13 05.13 04.92 05.19 04.86 04.80 05.03 05.25 05.36 04.10 03.68 03.83 04.23 04.84 03.70 04.71 04.56 04.17 04.21 04.15 04.00 03.94 03.88 03.79 03.33 03.19 03.11 03.42 03.71 04.02 04.25 04.52 04.63 05.06 04.94 04.04 04.03 04.79 04.90 04.94 04.26 03.58 03.45 03.52 00.44 00.41 00.46 -1.00
04.19 04.21 04.15 04.08 04.04 03.79 03.56 03.37 03.28 02.70 02.93 04.42 04.51 04.37 04.38 04.56 04.69 04.85 05.15 05.13 04.76 03.90 04.51 04.71 04.90 04.85 04.53 04.35 04.33 04.71 04.83 05.27 05.34 05.12 04.74 04.79 05.19 05.42 04.38 03.74 03.93 04.24 03.86 03.67 04.51 04.48 04.19 04.13 04.07 03.92 03.84 03.80 03.73 03.66 03.12 03.06 03.53 03.51 03.63 03.94 04.05 04.60 05.49 04.89 04.23 04.10 04.36 04.43 04.39 03.86 03.14 04.15 03.53 00.44 00.40 00.45 -1.00
04.16 04.16 04.09 04.03 03.84 03.57 03.36 03.18 03.06 02.81 02.94 04.04 04.03 04.56 04.66 04.68 04.66 04.87 04.83 05.02 03.72 04.05 04.59 04.85 04.82 04.69 04.65 04.61 04.11 04.32 04.81 05.42 05.75 05.54 05.25 04.65 04.85 04.60 03.95 03.75 03.98 04.19 03.01 03.59 04.40 04.33 04.15 04.05 04.02 03.84 03.82 03.81 03.70 03.60 03.21 03.06 03.52 03.45 03.54 03.80 04.45 04.95 06.03 04.77 04.25 04.06 03.66 03.86 03.85 03.43 05.00 03.91 03.40 00.40 00.39 00.44 -1.00
04.12 04.09 04.04 03.92 03.63 03.35 03.14 02.93 02.77 02.82 02.73 03.78 03.74 04.03 04.59 04.61 04.68 04.59 04.66 04.21 03.65 04.50 04.78 04.86 04.71 04.70 04.70 04.42 03.88 04.00 04.68 05.15 05.75 05.77 05.24 04.66 04.33 04.17 04.16 03.97 03.88 03.80 03.24 03.23 04.39 05.63 04.73 04.13 04.02 03.76 03.79 03.83 03.67 03.66 03.64 03.50 03.59 03.55 03.51 03.57 04.15 04.44 05.13 04.63 03.85 03.59 03.02 03.50 03.56 04.46 04.48 03.14 02.64 00.34 00.41 00.42 -1.00
04.01 04.02 03.97 03.71 03.39 03.09 02.85 02.65 02.61 02.63 02.59 03.66 03.71 06.65 06.51 04.51 04.45 04.41 04.50 02.98 04.57 04.68 05.01 04.75 04.70 04.67 04.59 04.21 03.87 04.12 04.34 04.98 05.22 05.71 05.11 04.49 04.14 04.58 04.12 04.18 04.00 03.84 03.74 03.61 04.53 06.00 05.24 04.68 04.23 03.89 03.68 03.75 03.62 03.68 03.74 03.93 03.93 03.70 03.50 03.43 03.48 03.75 04.08 03.74 03.54 02.98 02.84 03.39 03.52 03.78 03.86 01.65 00.32 00.40 00.49 00.46 -1.00
03.79 03.88 03.78 03.47 03.13 02.74 02.54 02.46 02.77 02.59 03.02 03.86 05.65 06.29 05.42 04.76 04.27 04.43 04.15 03.29 04.17 04.21 04.88 04.85 04.71 04.57 04.40 04.01 04.08 04.10 04.29 04.52 05.07 05.52 05.79 03.67 04.04 04.40 04.07 04.07 04.10 04.18 03.94 03.56 04.89 05.49 05.32 05.16 04.74 04.10 03.73 03.58 03.59 03.67 03.78 03.81 03.78 03.81 03.77 03.34 03.17 03.14 03.16 03.00 03.10 02.74 02.79 03.26 03.37 03.43 03.20 00.52 00.53 00.38 00.45 00.47 -1.00
03.02 03.63 03.49 03.19 02.57 02.38 02.96 03.91 02.75 02.61 03.75 04.63 05.89 05.05 04.86 05.70 04.09 04.34 03.62 03.77 04.69 04.58 04.51 04.74 04.94 04.78 04.24 04.21 04.07 04.02 04.22 04.60 04.97 05.49 05.71 03.98 04.19 03.97 03.87 04.14 04.44 04.63 04.32 03.94 04.98 04.93 05.27 05.29 05.06 04.44 03.90 03.57 03.65 03.72 03.78 03.78 03.75 03.73 03.63 03.51 03.48 03.40 03.34 03.34 03.27 02.75 02.78 02.78 03.08 03.26 03.09 03.10 00.56 00.39 00.42 00.47 -1.00
02.35 02.76 03.20 03.18 02.23 03.30 03.21 03.51 02.66 03.79 04.01 05.10 04.82 04.56 05.76 06.15 04.24 04.17 02.63 03.90 04.94 06.19 07.04 07.73 11.34 04.72 04.69 04.34 04.01 04.07 04.32 04.32 04.73 05.01 04.12 04.55 04.79 04.47 04.04 04.49 04.94 04.95 04.57 04.33 04.46 04.92 05.06 05.20 05.31 04.61 04.10 03.66 03.71 03.73 03.72 03.70 03.68 03.62 03.56 03.46 03.43 03.39 03.36 03.31 03.32 02.74 02.74 02.70 02.67 03.11 03.06 03.06 02.69 00.49 00.34 00.41 00.44
02.34 02.27 02.91 03.04 02.93 02.99 03.02 03.03 02.70 03.46 04.26 04.55 04.23 05.10 05.09 05.52 04.67 04.21 03.23 04.25 05.58 06.55 07.19 07.12 06.00 04.77 04.56 04.13 04.17 04.36 04.27 04.28 04.30 03.62 04.53 04.95 05.46 04.37 04.18 04.69 05.06 05.00 04.65 04.06 04.35 04.64 04.74 04.85 04.91 04.57 04.12 03.88 03.73 03.66 03.59 03.59 03.59 03.51 03.44 03.38 03.41 03.39 03.34 03.30 03.28 03.22 02.62 02.51 02.39 03.05 03.04 03.02 02.60 02.27 00.35 00.40 00.48
02.32 02.33 02.18 02.26 03.00 03.56 02.90 02.84 02.82 03.11 03.81 04.11 04.53 05.85 04.52 05.00 04.34 04.00 03.75 05.09 06.15 06.82 07.03 05.85 05.47 05.23 04.75 03.95 05.08 04.80 04.40 04.42 04.21 04.32 04.62 04.99 04.87 03.97 04.76 04.71 05.09 04.83 04.68 04.33 04.22 04.42 04.40 04.38 04.51 04.15 03.95 03.89 03.85 03.76 03.69 03.56 03.53 03.46 03.39 03.38 03.38 03.37 03.35 03.31 03.25 03.17 03.02 02.28 02.34 03.08 03.02 02.97 02.51 00.37 00.36 00.47 -1.00
02.30 02.31 02.31 02.29 02.27 02.92 03.51 02.70 02.63 03.41 04.29 03.94 04.58 04.97 04.89 04.74 04.46 03.98 04.47 05.49 06.40 06.89 05.87 05.52 05.06 04.73 04.70 04.08 04.46 04.15 04.38 04.58 04.57 04.03 04.27 05.14 03.88 04.21 05.08 05.29 05.68 05.27 05.14 04.50 04.45 06.34 06.91 07.41 06.96 05.56 04.99 03.78 03.70 03.61 03.67 03.73 03.66 03.63 03.56 03.10 03.47 04.53 03.34 03.31 03.25 03.10 02.86 02.25 02.30 03.07 02.16 02.85 00.80 00.30 00.42 00.49 -1.00
02.29 02.30 02.30 02.27 02.23 02.18 02.80 02.60 02.55 03.75 03.70 03.83 03.85 04.15 04.32 04.43 04.51 04.52 04.85 05.60 06.58 05.67 05.46 04.95 04.79 04.65 04.69 04.68 04.38 04.07 04.19 05.15 05.08 03.88 04.01 04.73 04.45 04.88 05.02 05.39 05.41 05.23 05.02 04.55 06.10 07.18 07.34 07.43 07.24 05.59 05.78 05.76 05.73 05.74 05.82 05.28 05.51 05.22 04.85 05.99 06.51 05.35 04.00 03.27 03.25 02.88 02.69 02.24 02.29 03.01 01.76 00.42 00.33 00.41 00.51 -1.00 -1.00
02.29 02.28 02.28 02.27 02.21 02.14 02.41 02.48 02.57 03.66 02.86 02.95 03.04 03.12 03.19 03.97 04.29 04.56 04.65 05.11 05.71 04.95 04.69 04.84 04.74 04.70 04.42 04.10 03.81 03.41 03.39 04.77 03.85 04.08 04.34 04.01 04.49 04.99 05.26 04.94 05.11 05.29 05.27 05.85 07.27 07.46 07.61 07.40 11.45 05.58 05.85 05.81 05.88 05.62 05.46 05.40 05.39 04.66 05.36 06.48 05.22 04.75 03.03 03.53 02.76 02.62 02.68 02.29 02.27 02.67 00.36 00.31 00.44 00.54 00.55 -1.00 -1.00
02.29 02.28 02.26 02.28 02.18 02.14 02.30 02.67 03.05 03.05 02.87 03.00 03.11 03.12 03.19 03.27 03.36 04.10 04.61 04.69 04.86 04.42 04.15 04.75 04.69 04.15 03.87 03.38 03.59 06.12 06.73 05.84 03.87 04.14 04.18 04.45 04.71 05.02 05.19 05.67 06.15 06.61 06.96 07.24 07.48 07.65 07.59 07.38 07.38 06.69 05.80 06.23 05.37 05.03 04.72 05.19 04.92 05.23 06.25 05.35 04.47 04.15 03.76 03.28 02.49 02.52 02.71 01.60 00.50 00.37 00.40 00.47 00.56 00.57 -1.00 -1.00 -1.00
02.28 02.26 02.25 02.25 02.27 02.14 02.22 02.89 02.99 02.90 02.92 03.11 03.19 03.19 03.25 03.31 03.34 03.42 03.72 04.54 04.59 04.52 04.31 04.33 03.85 03.77 03.75 03.96 06.90 06.88 05.86 05.23 03.89 04.07 04.26 04.54 04.80 04.98 05.39 05.80 06.31 06.69 07.01 07.28 07.55 07.72 07.49 07.30 07.04 06.48 05.91 05.21 04.62 04.40 04.15 04.32 05.44 05.48 05.10 04.20 03.92 03.51 02.95 02.50 02.32 02.43 02.21 00.50 00.38 00.40 00.47 00.59 00.59 -1.00 -1.00 -1.00 -1.00
02.59 02.26 02.23 02.23 02.24 02.25 02.16 02.18 02.92 02.91 03.10 03.42 03.89 03.39 03.62 03.20 03.22 03.35 03.36 03.38 04.42 04.53 04.20 03.89 04.30 03.70 04.45 06.48 06.73 05.80 04.95 03.64 03.91 04.16 04.37 04.61 04.84 05.17 05.53 06.00 06.41 06.73 07.03 07.40 07.81 07.60 07.33 06.98 06.54 06.03 04.79 04.33 04.13 03.89 03.70 04.07 04.26 04.53 03.94 03.54 03.06 02.56 02.50 02.23 02.34 02.36 00.50 00.35 00.37 00.48 00.61 00.59 -1.00 -1.00 -1.00 -1.00 -1.00
02.59 02.53 02.50 02.20 02.22 02.23 02.22 02.19 02.15 02.26 02.32 03.34 03.82 03.97 03.91 03.83 03.10 03.19 03.32 03.30 04.13 04.52 04.37 04.27 04.52 03.70 05.79 06.24 05.56 04.69 03.48 03.69 03.97 04.21 04.43 04.69 04.94 05.30 05.74 06.20 06.53 06.81 07.13 07.60 07.67 07.40 07.06 06.47 05.98 04.87 04.08 03.83 03.61 03.49 03.57 03.55 03.61 03.62 03.47 02.54 02.26 02.21 02.22 02.30 01.05 00.37 00.36 00.40 00.48 00.57 00.60 -1.00 -1.00 -1.00 -1.00 -1.00 -1.00
02.58 02.53 02.50 02.46 02.20 02.21 02.18 02.16 02.15 02.16 02.24 02.22 03.54 03.76 03.82 03.88 03.88 03.50 03.25 03.30 03.38 04.49 04.45 04.33 04.03 04.14 05.38 05.10 04.23 03.75 03.47 03.72 04.01 04.24 04.49 04.77 05.05 05.50 05.99 06.37 06.72 07.04 07.48 07.65 07.40 07.12 06.63 05.91 04.54 03.77 03.41 03.35 03.31 03.27 03.30 03.32 03.28 03.19 02.85 02.81 02.80 02.82 02.00 01.38 00.49 00.38 00.44 00.54 00.57 00.61 00.56 -1.00 -1.00 -1.00 -1.00 -1.00 -1.00
02.56 02.52 02.49 02.46 02.43 02.18 02.15 02.12 02.13 02.14 02.17 02.18 02.91 03.59 03.72 03.77 03.78 03.71 03.21 03.32 03.28 04.17 04.37 04.27 04.18 04.12 04.52 03.53 03.27 03.17 03.48 03.77 04.03 04.28 04.59 04.86 05.23 05.84 06.24 06.61 07.01 07.39 07.67 07.40 07.15 06.84 06.14 03.95 03.34 03.15 03.12 03.11 03.02 03.03 03.05 03.07 03.00 02.69 02.97 02.96 02.95 02.51 02.59 02.67 00.55 00.39 00.43 00.52 00.58 -1.00 -1.00 -1.00 -1.00 -1.00 -1.00 -1.00 -1.00
02.54 02.51 02.47 02.45 02.42 02.38 02.12 02.10 02.11 02.11 02.15 02.15 02.15 03.38 03.60 03.67 03.67 03.67 03.28 03.29 03.27 03.25 04.28 04.20 04.11 04.02 03.21 02.90 02.72 03.11 03.44 03.80 04.09 04.38 04.67 04.95 05.56 06.03 06.43 06.84 07.25 07.64 07.43 07.14 06.90 06.51 03.57 03.06 03.06 02.91 02.89 02.87 02.86 02.86 02.89 02.89 02.64 02.80 02.98 02.97 03.00 02.58 02.75 03.08 00.58 00.42 00.44 00.51 00.53 -1.00 -1.00 -1.00 -1.00 -1.00 -1.00 -1.00 -1.00
02.54 02.50 02.46 02.42 02.40 02.35 02.30 02.08 02.08 02.10 02.10 02.12 02.13 02.74 03.49 03.57 03.57 03.56 03.48 03.54 03.17 03.16 04.05 04.11 03.96 03.70 04.38 04.99 02.73 03.02 03.45 03.83 04.13 04.45 04.75 05.15 05.82 06.23 06.64 07.08 07.50 07.48 07.14 06.91 06.65 03.73 03.52 03.15 02.66 02.66 02.64 02.66 02.70 02.76 02.73 02.65 02.77 02.87 02.94 02.92 02.42 02.96 03.35 03.29 00.62 00.45 00.45 00.52 00.55 -1.00 -1.00 -1.00 -1.00 -1.00 01.19 01.96 02.00
02.54 02.49 02.46 02.41 02.37 02.33 02.27 02.25 02.06 02.08 02.08 02.08 02.10 02.12 03.33 03.48 03.48 03.41 03.39 03.31 03.03 03.08 04.04 03.98 03.80 04.18 04.24 05.18 02.58 02.96 03.46 03.87 04.20 04.53 04.84 05.47 05.99 06.41 06.88 07.32 07.48 07.22 06.88 06.67 06.03 03.94 03.54 02.60 02.25 02.21 02.41 02.50 02.49 02.44 02.45 02.54 02.65 02.83 03.33 03.81 03.18 03.28 03.61 02.88 00.59 00.45 00.46 00.54 00.59 00.57 -1.00 00.34 01.08 01.79 01.93 02.01 02.11
02.55 02.48 02.44 02.39 02.35 02.31 02.27 02.24 02.05 02.05 02.05 02.05 02.08 02.11 03.18 03.39 03.33 03.24 03.20 03.06 02.93 03.08 03.99 04.33 04.45 04.38 04.29 04.69 02.46 02.79 03.54 03.91 04.29 04.62 04.94 05.74 06.24 06.74 07.20 07.50 07.18 06.91 06.62 06.38 04.88 04.06 04.12 03.98 03.21 02.13 02.24 02.29 02.27 02.25 02.41 02.60 04.32 04.51 04.22 03.98 03.21 03.23 03.49 01.07 00.58 00.45 00.47 00.55 00.52 -1.00 00.37 01.49 01.84 01.93 01.95 02.00 02.02
02.54 02.47 02.43 02.40 02.33 02.29 02.25 02.21 02.20 02.03 02.02 02.03 02.06 02.10 03.03 03.24 03.14 03.05 02.94 02.84 03.00 03.63 04.68 04.53 04.51 04.37 04.31 04.33 02.39 02.63 03.60 04.00 04.37 04.71 05.42 06.01 06.52 07.12 07.72 07.22 06.87 06.56 06.31 06.08 04.18 04.27 04.01 03.95 04.29 03.92 03.92 03.44 03.41 03.90 04.29 04.49 04.11 04.46 04.49 03.92 04.05 03.29 03.62 00.75 00.60 00.48 00.45 00.43 00.48 01.04 01.66 01.79 01.77 01.85 01.96 02.05 01.86
02.07 02.41 02.40 02.39 02.33 02.26 02.22 02.17 02.17 02.01 01.99 02.00 02.05 02.09 02.73 03.01 02.94 02.78 02.67 03.27 03.18 03.62 04.57 04.69 04.50 04.41 04.26 04.14 03.99 02.78 03.65 04.05 04.44 05.03 05.73 06.28 06.93 07.64 07.51 06.95 06.56 06.28 05.99 05.78 04.16 04.46 04.34 04.30 04.25 03.89 03.78 03.60 03.81 03.98 04.80 04.43 04.50 04.52 04.17 03.89 04.05 03.16 03.32 00.79 00.73 00.60 00.43 00.83 01.38 01.98 01.61 01.65 01.68 01.69 01.64 01.84 01.85
01.68 01.64 02.23 02.34 02.31 02.23 02.19 02.13 02.12 02.11 01.97 01.98 02.04 02.09 02.40 02.77 02.68 02.54 03.58 03.92 03.31 03.40 04.36 04.64 04.41 04.29 04.19 03.96 02.78 03.25 03.68 04.13 04.60 05.32 05.99 06.60 07.43 07.59 07.14 06.67 06.27 05.99 05.70 05.48 04.17 04.61 04.76 04.29 04.16 04.08 03.77 03.84 03.78 04.14 04.24 04.81 04.31 04.13 03.83 03.65 03.70 03.08 03.33 00.82 00.80 01.71 02.00 02.02 02.30 02.22 01.77 01.77 01.77 01.66 01.60 01.53 01.51
01.68 01.67 01.63 02.04 02.27 02.19 02.13 02.06 02.04 02.06 01.96 02.02 02.08 02.14 02.47 02.50 02.43 03.80 03.79 04.02 03.24 03.38 03.58 04.44 04.28 04.16 03.98 04.10 02.98 03.34 03.72 04.23 04.82 05.69 06.30 07.16 07.64 07.21 06.76 06.33 05.97 05.67 05.42 05.21 04.45 04.45 04.50 04.35 04.06 04.01 03.79 03.73 05.09 05.27 04.28 04.48 04.05 03.71 03.54 03.47 02.89 02.99 03.39 00.83 00.81 03.42 03.01 02.45 02.34 02.05 02.44 02.51 02.64 02.53 01.66 01.78 01.57
01.75 01.65 01.67 01.62 01.93 02.15 02.06 02.02 02.03 02.05 02.00 02.02 02.24 02.26 02.26 02.29 04.19 04.09 04.01 03.85 03.73 03.31 03.24 04.20 04.10 04.29 04.45 04.06 02.80 03.38 03.81 04.36 05.19 06.06 06.99 07.70 07.24 06.79 06.42 05.98 05.62 05.35 05.15 04.98 04.83 04.61 04.39 04.32 03.93 03.95 03.73 03.96 04.67 04.00 03.95 03.86 03.65 03.16 03.37 03.36 02.86 02.90 03.31 00.80 00.72 02.64 02.03 02.28 02.02 02.46 02.68 02.93 02.94 02.78 02.72 02.55 02.57
01.87 01.75 01.60 01.63 01.53 01.88 02.01 02.03 02.05 02.07 02.07 02.18 02.07 02.01 02.04 04.00 04.13 04.01 03.91 03.76 03.47 02.98 03.02 04.02 03.87 04.59 04.77 04.69 02.74 03.38 03.93 04.57 05.65 06.63 07.54 07.28 06.80 06.44 06.07 05.67 05.28 05.07 04.90 04.65 04.44 04.25 03.89 03.92 03.91 04.02 03.53 03.98 03.78 03.58 03.32 03.33 03.28 03.04 03.27 03.29 02.90 02.92 03.29 00.76 00.61 01.96 02.33 01.92 02.28 02.44 02.72 02.97 03.07 03.30 02.78 02.70 02.89
01.89 01.83 01.71 01.52 01.46 01.41 01.98 02.03 01.92 01.98 01.98 02.29 02.37 03.06 03.57 04.15 04.03 03.90 03.79 03.58 03.01 02.79 03.41 04.20 04.83 04.82 04.86 04.64 02.95 03.38 04.08 05.09 06.20 07.24 07.40 06.78 06.40 06.07 05.68 05.23 05.00 04.79 04.46 04.26 04.11 04.02 04.01 03.60 03.89 03.85 03.47 03.25 03.05 03.04 03.03 03.03 02.99 02.92 03.18 03.68 02.93 02.85 03.04 00.71 00.52 00.41 01.31 01.89 02.20 02.55 02.70 02.96 03.26 03.59 03.84 03.70 02.69
01.90 01.79 01.73 01.61 01.44 01.34 01.96 01.99 02.06 01.98 02.88 02.83 02.74 03.08 03.61 04.08 03.92 03.77 03.67 03.14 02.76 02.60 04.44 04.78 04.89 04.93 04.86 04.82 02.91 03.52 04.45 05.68 06.91 07.47 06.85 06.35 05.99 05.65 05.35 05.00 04.68 04.25 04.07 03.96 03.81 03.78 03.73 03.58 03.68 03.53 02.68 02.79 02.83 02.79 02.77 02.80 02.75 03.01 03.42 03.23 02.70 02.68 02.84 00.66 00.50 00.37 01.26 01.86 02.07 02.53 02.79 02.87 03.30 03.71 04.04 03.80 02.99
01.92 01.78 01.64 01.52 01.39 01.29 01.94 01.98 02.06 02.04 02.85 02.89 02.86 03.18 03.76 03.91 03.80 03.64 03.50 02.90 02.91 03.42 03.51 04.11 04.75 04.85 04.85 04.75 02.92 03.67 04.98 06.45 07.47 06.94 06.36 05.91 05.54 05.22 04.92 04.51 04.04 03.85 03.68 03.57 03.54 03.49 03.50 03.39 03.39 02.54 02.75 02.22 02.43 02.53 02.75 02.68 02.86 04.31 03.18 02.63 02.63 02.68 03.31 00.61 00.45 00.42 01.23 01.06 01.80 02.54 02.83 03.13 03.54 03.75 04.04 03.78 03.59
01.90 01.71 01.57 01.48 01.31 01.25 01.93 01.97 02.06 02.03 02.10 02.11 02.21 03.10 03.66 03.72 03.61 03.48 03.33 02.93 03.45 03.38 03.37 03.53 03.91 04.72 04.85 04.79 03.24 04.07 05.77 07.38 06.91 06.36 05.87 05.44 05.11 04.68 04.25 03.87 03.62 03.37 03.30 03.23 03.17 03.11 02.98 03.12 02.75 03.85 03.95 04.70 05.17 03.09 03.16 05.65 04.26 03.71 03.12 02.55 02.53 02.52 01.81 00.58 00.43 00.43 00.37 00.43 02.16 02.62 02.98 03.41 03.73 03.85 03.60 03.81 03.60
