data/trial8/ashley.rci
NCOLS 382
NROWS 266
XLLCORNER 157819.328125
YLLCORNER 384678.625000
CELLSIZE 30.000000
NODATA_VALUE -1
[rows 130 to 155 of 266, columns 240 to 299 of 382]
00400.100 00511.760 00461.071 00563.084 00522.480 00471.488 00447.848 00509.780 00431.567 00480.306 00529.098 00460.570 00405.524 00465.805 00341.123 00427.714 00516.327 00412.997 00299.402 00414.820 00250.702 00367.104 00151.936 00164.621 00171.159 00171.146 00489.538 -0001.000 -0001.000 -0001.000 -0001.000 -0001.000 -0001.000 00373.414 00175.668 00465.474 00192.803 00331.928 00521.490 00285.643 00532.581 00242.065 00476.779 00316.344 00605.149 00380.654 00198.529 00508.134 00374.780 00402.946 00248.834 00620.288 00492.201 00342.215 00197.558 00550.637 00382.752 00198.865 00542.187 00455.839
00532.795 00576.395 00530.136 00489.911 00550.530 00516.878 00466.574 00529.523 00456.419 00502.068 00553.120 00501.673 00441.362 00503.236 00400.898 00490.925 00395.049 00494.237 00414.482 00310.732 00377.013 00242.412 00325.986 00157.229 00166.356 00173.270 00205.526 -0001.000 -0001.000 -0001.000 -0001.000 -0001.000 -0001.000 00206.169 00167.527 00460.649 00185.681 00263.829 00424.113 00176.479 00350.504 00546.282 00325.420 00643.714 00358.047 00633.140 00643.607 00318.330 00213.845 00571.693 00425.085 00309.469 00651.347 00572.301 00493.892 00190.873 00520.891 00403.919 00315.948 00435.126
00559.866 00492.509 00572.380 00526.074 00569.776 00540.475 00567.668 00543.564 00512.477 00527.530 00469.655 00533.493 00470.132 00531.254 00460.455 00478.000 00510.865 00399.220 00508.860 00413.431 00477.120 00109.564 00540.858 00153.178 00161.679 00172.756 00426.546 -0001.000 -0001.000 -0001.000 -0001.000 -0001.000 -0001.000 00175.179 00166.274 00460.256 00624.922 00415.103 00303.232 00465.039 00636.521 00388.327 00184.446 00506.939 00377.543 00400.378 00400.571 00611.592 00446.077 00286.118 00641.922 00557.602 00471.151 00395.469 00326.328 00350.960 00248.870 00640.765 00567.280 00659.000
00581.141 00568.693 00517.659 00550.259 00584.424 00547.036 00566.093 00538.460 00554.039 00566.293 00538.910 00564.559 00507.441 00553.958 00523.396 00539.940 00486.108 00517.733 00421.179 00491.448 00368.303 00217.736 00602.307 00152.846 00163.743 00170.567 -0001.000 -0001.000 -0001.000 -0001.000 -0001.000 -0001.000 00471.278 00164.208 00162.915 00164.582 00589.025 00345.397 00631.301 00461.453 00452.492 00184.606 00494.973 00339.227 00224.414 00608.814 00571.542 00336.702 00649.054 00547.499 00445.782 00372.355 00298.693 00231.380 00177.622 00544.975 00434.078 00360.949 00444.154 00942.484
00597.068 00592.472 00564.062 00584.063 00606.261 00565.631 00569.428 00546.786 00556.857 00579.196 00557.392 00540.383 00558.960 00527.286 00544.847 00561.281 00534.444 00429.810 00500.384 00414.374 00443.404 00218.671 00608.531 00261.357 00173.711 00434.834 -0001.000 -0001.000 -0001.000 -0001.000 -0001.000 -0001.000 00175.373 00610.681 00453.507 00246.692 00516.702 00257.662 00523.672 00350.872 00227.843 00435.138 00283.246 00622.184 00431.561 00296.837 00186.758 00548.455 00435.456 00339.109 00248.836 00185.751 00604.898 00517.014 00282.128 00205.474 00617.258 00593.987 01036.158 01075.010
00578.318 00608.356 00597.135 00607.848 00565.125 00594.242 00571.466 00566.820 00566.333 00586.203 00564.962 00551.344 00562.475 00551.715 00569.415 00538.666 00553.386 00566.509 00459.388 00497.457 00511.640 00148.025 00582.135 00164.417 00260.946 -0001.000 -0001.000 -0001.000 -0001.000 -0001.000 -0001.000 00258.980 00167.409 00591.779 00410.421 00219.375 00398.323 00607.621 00403.948 00229.785 00406.251 00204.813 00509.079 00210.871 00569.969 00501.682 00403.345 00313.142 00212.359 00573.335 00493.868 00436.913 00375.098 00475.554 00401.101 00298.201 00564.426 00678.790 00736.245 00797.185
00595.002 00597.395 00607.367 00616.645 00602.795 00561.308 00585.288 00585.952 00570.817 00594.664 00577.170 00557.035 00569.233 00579.796 00546.014 00561.422 00576.450 00547.236 00552.596 00562.759 00416.777 00371.696 00244.535 00175.111 00596.985 -0001.000 -0001.000 -0001.000 -0001.000 -0001.000 -0001.000 00173.265 00417.272 00555.608 00338.402 00598.646 00227.929 00459.152 00266.635 00551.984 00608.170 00404.619 00289.938 00321.004 00255.798 00203.038 00627.424 00483.202 00374.217 00288.674 00241.297 00202.161 00655.062 00588.209 00519.866 01052.215 00697.052 00775.715 00895.663 01060.515
00606.439 00608.670 00617.650 00625.403 00612.959 00607.605 00595.142 00589.970 00607.505 00586.563 00588.585 00566.532 00578.792 00590.915 00566.986 00581.640 00555.785 00573.331 00489.360 00498.007 00498.513 00262.794 00159.569 00171.224 -0001.000 -0001.000 00613.453 00347.632 00537.004 00588.244 00172.617 00165.099 00160.426 00516.441 00240.384 00488.068 00490.455 00274.206 00564.506 00367.164 00307.594 00179.037 00540.811 00488.160 00442.035 00442.894 00416.243 00574.849 00533.207 00508.580 00484.590 00307.881 00259.435 00216.676 00775.396 00856.664 00926.426 00990.368 00671.766 00807.001
00622.491 00616.706 00624.065 00612.215 00599.334 00613.234 00595.985 00606.016 00610.687 00595.995 00602.624 00578.597 00590.989 00570.292 00585.232 00600.145 00582.723 00515.526 00538.248 00561.890 00451.159 00347.489 00170.825 00313.119 -0001.000 00404.825 00176.868 00173.275 00174.837 00175.570 00165.011 00157.616 00159.923 00413.997 00562.390 00359.806 00214.227 00482.977 00309.867 00172.113 00554.768 00323.755 00255.456 00220.847 00602.587 00210.983 00255.592 00265.488 00273.739 00276.874 00290.580 00428.924 00704.612 00958.990 00999.262 01059.589 00704.164 00783.677 00868.362 -0001.000
00628.839 00622.575 00629.252 00617.942 00612.455 00618.996 00619.539 00607.206 00616.234 00604.374 00612.723 00593.768 00606.148 00591.395 00606.464 00590.690 00605.507 00567.072 00580.388 00551.465 00535.485 00159.648 00170.787 00238.425 00177.898 00172.022 00163.809 00165.060 00160.057 00159.019 00156.780 00479.992 00173.389 00417.761 00383.839 00207.609 00484.410 00621.676 00492.968 00427.351 00361.383 00518.231 00419.665 00625.863 00379.502 00248.815 00354.783 00429.988 00487.547 00450.418 00538.462 01043.318 00690.940 00733.728 00784.864 00870.485 00933.143 00991.038 00657.921 -0001.000
00622.092 00629.387 00623.051 00623.554 00625.689 00603.326 00620.149 00611.219 00620.029 00604.135 00609.745 00610.601 00595.376 00610.783 00599.565 00611.816 00592.051 00597.691 00571.430 00532.344 00211.821 00166.805 00517.363 00316.521 00493.522 00163.292 00356.344 00226.886 00291.306 00539.888 00157.753 00481.344 00498.195 00297.096 00186.321 00421.905 00283.463 00301.520 00269.856 00219.486 00204.731 00228.302 00403.403 00557.640 00252.954 00414.412 00553.745 00261.726 00432.886 00576.243 00335.441 00881.352 00975.411 01001.190 01000.088 00678.003 00748.175 00813.987 -0001.000 -0001.000
00631.763 00635.759 00629.590 00631.385 00610.465 00608.071 00619.715 00612.626 00624.009 00612.882 00619.319 00600.502 00605.494 00611.396 00618.192 00602.820 00608.925 00578.221 00559.772 00563.217 00493.994 00173.397 00172.233 00496.680 00164.534 00159.148 00429.605 00229.679 00391.874 00497.575 00181.688 00399.308 00344.761 00627.719 00309.378 00174.481 00549.748 00512.396 00384.865 00355.731 00703.091 00995.506 00350.415 00618.206 00917.422 00293.718 00581.226 00891.562 00301.460 00574.573 00968.828 00682.351 00818.211 00860.280 00714.539 00819.143 00934.576 -0001.000 -0001.000 -0001.000
00636.204 00628.945 00632.425 00635.529 00618.228 00607.510 00618.503 00619.437 00623.215 00620.708 00628.618 00613.932 00617.988 00610.129 00610.897 00615.749 00593.691 00588.893 00583.584 00372.712 00160.302 00168.350 00174.793 00177.569 00175.839 00157.084 00455.253 00188.816 00349.005 00507.735 00537.137 00305.954 00167.842 00389.326 00432.488 00330.210 00292.386 00477.497 01057.945 00569.073 01092.766 00581.028 01074.606 00885.735 00746.333 01018.452 00858.011 00719.969 00979.749 00732.579 01058.519 00868.156 01056.272 00770.375 00870.462 00956.173 00653.461 -0001.000 00823.327 00985.923
00639.268 00632.678 00635.377 00627.655 00628.855 00621.033 00564.056 00615.376 00627.825 00634.195 00623.421 00624.829 00616.030 00620.045 00621.329 00606.065 00602.544 00571.049 00546.927 00371.228 00151.348 00160.824 00168.492 00172.549 00158.806 00154.073 00369.533 00522.550 00265.397 00462.676 00280.998 00189.871 00353.269 00200.340 00608.207 00563.085 00575.708 01011.743 00216.122 00816.409 00850.934 01102.594 01076.564 01059.161 01074.287 01080.840 01083.612 00996.115 00809.088 01056.755 00854.415 01069.512 00820.793 00886.340 01074.371 00706.146 00894.109 01060.483 00815.731 00972.737
00639.667 00639.486 00637.225 00632.868 00634.803 00625.460 00596.474 00230.165 00517.886 00628.420 00627.690 00625.208 00623.817 00627.272 00615.034 00614.832 00588.801 00558.071 00575.514 00164.416 00282.557 00265.211 00147.895 00154.799 00145.844 00153.986 00256.498 00540.439 00172.596 00368.153 00213.150 00476.811 00545.307 00418.290 00341.490 00301.956 00286.232 00343.603 01028.712 00616.143 01064.826 00870.152 00970.690 00697.395 00850.957 01029.197 00859.463 00699.166 00981.820 00816.742 01057.752 00685.448 00904.502 00703.889 00885.186 01059.090 00836.754 00984.157 00495.481 00977.712
00643.366 00638.165 00638.580 00637.727 00631.271 00375.957 00506.499 00345.305 00629.982 00370.752 00632.771 00633.839 00621.633 00620.061 00605.249 00604.337 00575.085 00573.969 00559.884 00386.404 00324.662 00372.678 00425.485 00330.258 00389.967 00449.880 00147.333 00391.718 00336.647 00245.309 00499.395 00290.395 00254.646 00163.766 00599.830 00505.011 00477.737 00808.526 00765.433 00670.903 00587.367 00193.375 00867.134 00527.504 01094.243 00697.740 00260.034 00830.433 00554.540 00169.880 00446.756 00830.820 00388.947 00882.031 00393.993 00890.600 00413.932 00861.130 00355.441 00986.814
00403.137 00642.855 00637.850 00635.014 00630.118 00634.236 00637.682 00509.265 00260.841 00517.336 00637.407 00629.881 00627.076 00624.478 00616.653 00592.147 00591.449 00588.914 00586.392 00508.255 00474.498 00430.778 00419.713 00410.549 00345.594 00434.598 00516.886 00382.955 00233.633 00531.621 00215.702 00567.830 00486.215 00452.403 00438.180 00175.620 00644.270 00642.795 00635.666 00619.360 00916.743 00181.550 00491.459 00267.493 00502.940 00218.318 00462.793 00498.695 00202.525 00623.096 00967.474 00538.821 01055.661 00668.562 00213.354 00719.851 00254.709 00714.364 00613.082 00819.515
00394.485 00642.601 00636.273 00631.222 00634.785 00635.347 00407.418 00221.636 00411.857 00586.088 00633.855 00633.129 00632.797 00614.579 00609.186 00608.619 00605.959 00556.697 00550.899 00545.258 00521.316 00498.895 00488.899 00490.980 00287.517 00457.699 00505.427 00220.358 00485.872 00466.411 00388.300 00315.489 00278.016 00267.913 00268.914 00369.846 00375.445 00390.663 00400.392 00402.152 00676.790 00669.516 00400.948 00615.499 00284.535 00549.892 00374.354 00204.852 00444.734 00669.896 00424.362 00673.170 00896.308 00465.705 00930.121 00427.503 00560.070 00643.268 00431.280 00487.837
00641.162 00635.613 00636.558 00636.689 00636.572 00631.851 00161.508 00386.305 00588.033 00348.487 00568.228 00636.543 00628.814 00620.951 00623.834 00596.691 00587.967 00581.180 00573.815 00575.711 00558.046 00544.178 00463.351 00426.352 00343.734 00481.893 00604.836 00460.656 00181.595 00624.965 00580.739 00557.410 00566.336 00579.334 00522.055 00558.474 00590.614 00629.280 00175.332 00206.918 00627.767 00655.229 00492.599 00312.619 00628.028 00432.009 00225.550 00598.776 00587.335 00312.705 00634.563 00457.272 00333.018 00541.391 00298.691 00537.935 00387.140 00374.878 00223.608 00589.458
00641.567 00626.131 00638.096 00632.222 00634.959 00640.245 00339.485 00578.363 00292.657 00480.459 00633.124 00633.008 00632.936 00628.426 00624.310 00616.139 00608.826 00603.473 00596.984 00537.240 00539.522 00517.190 00491.628 00450.069 00248.321 00592.517 00300.599 00363.150 00340.063 00342.281 00326.353 00353.086 00393.255 00642.617 00221.042 00281.848 00341.045 00407.312 00644.142 00513.662 00586.121 00660.914 00471.000 00229.507 00479.600 00229.169 00619.487 00484.373 00335.596 00681.031 00391.924 00200.005 00563.576 00672.969 00461.192 00318.560 00231.539 00588.283 00453.579 00518.468
00643.601 00640.320 00641.852 00460.487 00638.726 00208.452 00347.269 00300.486 00508.167 00236.332 00600.218 00637.424 00631.570 00628.965 00612.088 00604.903 00594.385 00580.225 00563.653 00549.317 00515.014 00476.830 00433.562 00328.499 00510.478 00532.876 00529.112 00550.487 00575.522 00539.731 00569.170 00166.251 00211.616 00331.973 00427.309 00509.175 00601.040 00200.016 00281.025 00288.166 00569.062 00663.715 00569.668 00557.102 00281.969 00608.544 00515.611 00368.481 00195.643 00433.674 00624.956 00475.061 00355.262 00321.033 00188.535 00524.689 00367.725 00274.900 00194.174 00609.195
00646.165 00594.109 00191.014 00424.161 00172.244 00334.446 00475.798 00599.825 00256.809 00614.836 00634.843 00635.585 00634.961 00628.838 00621.402 00613.575 00604.001 00593.613 00586.496 00511.813 00533.710 00496.224 00409.682 00339.862 00596.697 00262.923 00302.796 00359.510 00616.435 00189.207 00264.511 00371.260 00461.941 00554.220 00644.792 00251.268 00351.544 00456.586 00351.273 00627.817 00429.497 00645.597 00502.381 00323.894 00637.969 00487.035 00353.927 00232.408 00471.547 00616.358 00347.980 00242.023 00634.603 00508.543 00438.489 00608.176 00524.722 00409.474 00305.124 00212.173
00645.753 00226.837 00582.466 00641.053 00331.119 00483.481 00621.958 00337.682 00303.807 00530.302 00636.432 00633.075 00630.255 00623.389 00613.937 00599.928 00581.351 00577.916 00551.869 00519.376 00463.557 00339.860 00439.852 00396.659 00395.388 00488.192 00577.966 00177.833 00299.214 00420.072 00513.390 00596.523 00216.640 00320.136 00420.740 00512.866 00605.244 00328.634 00575.416 00235.142 00483.531 00637.777 00384.753 00193.286 00514.868 00355.135 00235.985 00422.664 00254.142 00176.875 00540.141 00396.952 00305.315 00251.776 00232.353 00678.015 00602.232 00494.700 00356.181 00218.134
00648.060 00429.259 00634.580 00319.906 00492.309 00157.710 00445.552 00582.566 00197.400 00635.561 00633.160 00630.817 00630.581 00625.134 00614.429 00598.782 00570.767 00540.090 00496.130 00418.714 00402.715 00554.396 00363.312 00513.787 00204.406 00310.542 00411.822 00489.881 00576.058 00211.277 00319.328 00426.929 00515.828 00597.636 00205.099 00307.624 00617.891 00435.916 00397.588 00268.589 00166.064 00656.733 00289.191 00568.270 00383.373 00240.174 00505.271 00589.248 00534.776 00431.582 00625.572 00577.260 00534.128 00478.616 00455.654 00189.799 00647.964 00567.314 00481.574 00423.077
00648.576 00629.817 00317.882 00510.032 00222.759 00615.589 00456.283 00273.679 00634.060 00636.303 00631.098 00628.544 00619.244 00606.842 00585.479 00559.713 00513.582 00522.892 00455.328 00310.994 00438.586 00497.653 00188.169 00335.006 00477.217 00613.303 00242.009 00523.265 00245.392 00434.144 00595.252 00248.130 00354.781 00406.055 00368.477 00527.100 00659.280 00459.420 00171.501 00239.429 00436.085 00635.416 00423.229 00440.047 00256.199 00549.721 00251.681 00267.336 00230.942 00261.816 00263.124 00262.439 00244.826 00232.066 00295.987 00282.652 00257.572 00228.448 00215.624 00193.696
00652.141 00649.191 00592.132 00318.256 00378.283 00642.329 00637.358 00634.952 00625.806 00618.376 00623.698 00610.721 00593.389 00568.195 00577.034 00534.532 00469.537 00313.198 00289.408 00193.289 00287.316 00388.701 00485.142 00589.004 00258.196 00400.233 00556.669 00252.741 00478.869 00214.395 00383.214 00533.980 00194.760 00567.004 00317.732 00169.942 00166.896 00167.348 00169.699 00167.779 00480.786 00588.588 00363.147 00204.699 00519.715 00584.129 00487.160 00448.037 00459.115 00472.634 00476.741 00481.750 00485.572 00316.478 00350.325 00392.243 00435.543 00261.136 00321.311 00344.318
