data/trial8/ashley.hpa
NCOLS 382
NROWS 266
XLLCORNER 157819.328125
YLLCORNER 384678.625000
CELLSIZE 30.000000
NODATA_VALUE -1
[rows 182 to 207 of 266, columns 180 to 239 of 382]
00091.461 00091.410 00091.361 00091.307 00091.253 00091.199 00091.145 00091.091 00091.034 00090.979 00090.925 00090.877 00090.853 00090.828 00090.826 00090.818 00090.780 00090.715 00090.533 00090.498 00090.448 00090.388 00090.322 00090.270 00090.189 00090.109 00090.028 00089.944 00089.774 00089.590 00089.746 00089.395 00089.267 00090.007 00089.010 00088.842 00088.620 00088.498 00088.251 00087.828 00087.375 00087.162 00086.943 00086.727 00086.374 00086.139 00085.893 00085.854 00085.480 00082.055 00079.049 00077.768 00075.784 00074.277 00071.264 00067.709 00063.718 00059.790 00056.574 00047.758
00091.216 00091.177 00091.132 00091.087 00091.043 00090.996 00090.947 00090.895 00090.846 00090.796 00090.741 00090.684 00090.711 00090.723 00090.711 00090.614 00090.519 00090.495 00090.432 00090.376 00090.307 00090.254 00090.135 00090.068 00089.889 00089.881 00089.833 00089.731 00089.627 00089.306 00089.145 00089.257 00089.210 00089.001 00088.800 00088.665 00088.445 00088.198 00087.858 00087.414 00086.922 00086.437 00086.093 00085.863 00085.507 00085.347 00085.292 00085.268 00082.541 00079.567 00078.581 00074.804 00073.142 00070.134 00067.001 00063.481 00059.728 00056.697 00050.008 00038.719
00090.980 00090.948 00090.913 00090.874 00090.832 00090.789 00090.744 00090.697 00090.645 00090.595 00090.542 00090.491 00090.437 00090.410 00090.523 00090.470 00090.417 00090.147 00090.095 00090.047 00090.144 00090.071 00089.911 00089.947 00089.710 00089.601 00089.499 00089.392 00089.317 00089.016 00088.886 00088.763 00088.755 00089.470 00089.218 00088.258 00088.049 00087.760 00087.495 00086.956 00086.288 00085.856 00085.396 00084.979 00084.730 00084.630 00084.411 00083.170 00081.681 00079.825 00075.077 00073.100 00069.379 00065.537 00062.431 00057.736 00055.331 00047.289 00038.484 00008.363
00090.733 00090.706 00090.679 00090.646 00090.609 00090.572 00090.527 00090.481 00090.435 00090.388 00090.335 00090.280 00090.240 00090.250 00090.256 00090.268 00090.173 00090.082 00090.096 00090.005 00089.947 00089.762 00089.676 00089.667 00089.477 00089.359 00089.201 00089.150 00088.936 00088.763 00088.709 00088.542 00089.914 00089.200 00088.034 00087.781 00087.576 00087.283 00086.824 00086.494 00085.642 00085.172 00084.882 00084.632 00084.340 00083.172 00081.755 00080.537 00078.333 00075.826 00072.392 00068.214 00064.153 00061.354 00157.636 00171.915 00062.786 00032.626 00067.300 00080.362
00090.226 00090.371 00090.427 00090.400 00090.374 00090.335 00090.294 -0001.000 -0001.000 00089.744 00090.015 00090.069 00090.080 00090.072 00090.077 00090.036 00089.874 00089.744 00089.619 00089.663 00089.719 00089.502 00089.289 00089.278 00089.094 00088.879 00088.643 00088.544 00088.576 00088.342 00088.122 00087.820 00089.172 00087.740 00087.455 00087.142 00086.842 00086.538 00086.041 00085.389 00085.042 00084.798 00084.499 00083.714 00081.774 00080.585 00079.452 00077.314 00074.988 00071.600 00067.147 00062.969 00057.714 00090.318 00245.656 00295.363 00059.604 00077.783 00083.311 00085.458
-0001.000 -0001.000 -0001.000 00089.620 00089.974 00090.000 00090.011 -0001.000 -0001.000 -0001.000 -0001.000 00089.795 00089.923 00089.863 00089.797 00089.781 00089.748 00089.645 00089.387 00089.359 00089.340 00089.129 00088.763 00088.930 00088.715 00088.393 00088.195 00088.080 00087.974 00087.820 00087.650 00088.528 00088.636 00087.237 00086.701 00086.383 00085.990 00085.604 00085.221 00084.938 00084.571 00083.599 00081.750 00080.409 00079.538 00078.209 00075.775 00073.918 00070.395 00066.456 00062.536 00057.440 00051.154 00042.070 00367.202 00028.633 00081.070 00086.063 00087.967 00087.794
-0001.000 -0001.000 -0001.000 00088.568 00089.214 00089.589 -0001.000 -0001.000 -0001.000 -0001.000 -0001.000 00088.595 00089.332 00089.492 00089.420 00089.304 00089.248 00089.028 00088.807 00088.669 00088.575 00088.483 00088.294 00088.246 00088.146 00087.770 00087.561 00087.346 00087.407 00087.149 00086.793 00086.750 00086.497 00086.219 00085.849 00085.598 00085.397 00085.151 00084.722 00082.842 00081.195 00080.211 00079.223 00077.702 00075.763 00074.410 00072.202 00069.360 00065.818 00062.566 00057.617 00052.886 00042.496 00027.206 00074.440 00291.457 00078.303 00085.641 00087.886 00088.650
-0001.000 -0001.000 -0001.000 -0001.000 -0001.000 -0001.000 -0001.000 -0001.000 -0001.000 -0001.000 00080.186 00087.560 00088.487 00088.912 00088.878 00088.839 00088.568 00088.369 00088.370 00088.342 00088.272 00088.150 00088.000 00087.832 00087.658 00087.352 00086.955 00086.651 00086.522 00086.552 00086.051 00085.729 00085.727 00085.529 00085.354 00085.034 00083.781 00082.229 00080.758 00079.599 00078.427 00076.738 00075.276 00073.911 00071.623 00069.069 00066.307 00063.480 00060.350 00057.131 00053.677 00043.406 00027.853 00250.408 00195.794 00238.338 00144.926 00085.323 00087.799 00088.612
-0001.000 -0001.000 -0001.000 -0001.000 -0001.000 -0001.000 -0001.000 -0001.000 -0001.000 00079.585 00084.659 00086.412 00087.419 00088.152 00088.110 00088.069 00088.057 00087.949 00087.828 00087.668 00087.383 00087.156 00087.054 00087.020 00086.835 00086.470 00086.137 00086.060 00085.865 00085.749 00085.598 00085.397 00085.177 00084.744 00082.798 00081.206 00080.167 00079.025 00077.257 00075.557 00074.223 00072.201 00069.810 00067.758 00065.121 00063.128 00059.844 00057.186 00053.842 00047.503 00040.643 00029.589 00047.870 00338.623 00443.239 00256.022 00106.876 00088.529 00088.530 00088.571
-0001.000 -0001.000 -0001.000 -0001.000 -0001.000 -0001.000 -0001.000 -0001.000 -0001.000 00077.871 00083.476 00085.355 00086.233 00087.050 00087.131 00087.138 00087.133 00087.121 00087.008 00086.873 00086.603 00086.317 00086.226 00086.255 00085.878 00085.505 00085.321 00085.312 00085.336 00085.160 00084.774 00083.769 00082.225 00080.905 00079.716 00077.668 00075.629 00074.071 00072.110 00069.976 00068.108 00065.179 00063.233 00060.858 00057.903 00056.702 00052.438 00046.788 00040.669 00030.345 00066.105 00079.191 00092.517 00285.934 00397.165 00463.667 00132.762 00146.596 00096.601 00089.514
-0001.000 -0001.000 -0001.000 -0001.000 -0001.000 -0001.000 -0001.000 -0001.000 -0001.000 00073.401 00079.425 00082.895 00085.224 00085.763 00085.933 00085.874 00085.820 00085.927 00086.056 00085.883 00085.761 00085.702 00085.574 00085.458 00085.368 00085.143 00084.801 00084.319 00083.306 00082.096 00081.094 00080.334 00079.471 00077.604 00075.382 00073.264 00070.038 00067.190 00064.517 00063.077 00060.802 00058.006 00056.650 00052.551 00048.154 00043.732 00038.127 00027.629 00067.587 00078.014 00083.248 00085.716 00087.457 00393.450 00466.120 00468.822 00468.889 00287.561 00099.529 00090.037
00097.224 00097.685 00097.804 00098.227 -0001.000 -0001.000 -0001.000 -0001.000 -0001.000 -0001.000 00074.413 00079.350 00081.439 00084.905 00085.085 00085.089 00085.071 00085.032 00085.101 00085.135 00085.049 00084.960 00084.887 00084.021 00082.887 00081.804 00081.006 00080.508 00079.895 00078.923 00077.320 00075.720 00074.584 00072.856 00070.239 00067.136 00063.663 00060.408 00057.082 00056.116 00052.422 00048.477 00044.225 00037.940 00028.342 00057.314 00072.318 00078.938 00083.333 00085.284 00086.577 00087.600 00088.369 00463.964 00468.639 00472.603 00476.087 00268.478 00092.541 00091.715
00097.816 00098.028 00098.630 00098.851 00098.501 -0001.000 -0001.000 -0001.000 -0001.000 -0001.000 -0001.000 00073.323 00076.776 00080.185 00080.912 00081.180 00081.400 00081.606 00081.589 00081.437 00081.279 00080.846 00080.334 00079.845 00079.261 00078.358 00077.250 00075.987 00075.108 00073.949 00072.539 00070.514 00068.494 00065.876 00063.481 00060.851 00057.365 00054.265 00047.565 00404.030 00355.532 00311.725 00375.236 00044.614 00076.451 00084.828 00084.991 00086.289 00086.772 00087.385 00087.843 00088.808 00153.047 00466.516 00470.331 00474.220 00465.555 00222.780 00100.371 00091.090
00098.089 00098.417 00098.861 00099.405 00098.698 00097.661 00097.993 00098.825 -0001.000 -0001.000 -0001.000 -0001.000 00067.197 00074.511 00075.515 00076.068 00076.839 00077.125 00077.338 00077.085 00076.825 00076.240 00075.555 00075.008 00074.344 00073.243 00072.053 00070.527 00069.045 00067.449 00065.331 00063.647 00062.267 00058.745 00056.859 00053.541 00048.527 00193.445 00390.727 00358.961 00301.017 00161.692 00157.898 00133.956 00360.657 00163.764 00088.716 00087.744 00088.087 00088.401 00088.836 00089.237 00374.410 00469.569 00473.297 00476.278 00346.847 00185.034 00091.750 00091.636
00098.291 00098.758 00099.373 00098.758 00097.699 00096.659 00096.140 00095.120 00094.920 -0001.000 -0001.000 -0001.000 00061.639 00067.476 00068.562 00069.456 00070.252 00070.646 00070.987 00070.835 00070.528 00070.239 00069.402 00068.571 00067.709 00066.320 00064.633 00063.527 00062.434 00060.212 00057.790 00056.788 00054.937 00050.924 00045.779 00040.699 00125.475 00315.638 00305.107 00284.158 00281.571 00418.166 00438.251 00452.239 00459.359 00244.024 00157.630 00088.661 00088.911 00089.180 00089.646 00133.365 00197.971 00267.078 00474.456 00477.587 00110.972 00092.909 00092.344 00092.092
00098.494 00099.088 00099.252 00098.113 00097.138 00096.242 00095.452 00094.473 00093.748 00094.175 -0001.000 -0001.000 00056.575 00057.772 00060.247 00102.579 00315.853 00434.564 00435.383 00435.308 00434.483 00433.404 00203.078 00061.319 00059.949 00058.067 00057.345 00056.567 00054.829 00051.374 00047.804 00044.070 00039.883 00033.636 00024.932 00065.633 00075.137 00176.519 00178.724 00420.204 00438.368 00453.939 00457.865 00462.268 00174.896 00095.687 00104.882 00089.633 00089.539 00089.802 00090.051 00090.235 00106.697 00122.272 00474.919 00477.842 00193.353 00093.013 00092.832 00092.634
00098.707 00099.236 00098.653 00097.820 00096.703 00095.888 00095.152 00094.050 00092.542 00092.021 00091.674 00090.056 00084.958 00042.530 00198.570 00419.842 00414.056 00410.913 00412.027 00412.480 00411.400 00410.307 00248.028 00078.500 00050.129 00048.116 00045.384 00042.673 00039.063 00033.869 00026.542 00060.147 00075.364 00078.898 00082.129 00084.028 00084.726 00446.264 00447.726 00452.147 00458.279 00462.595 00466.007 00459.787 00238.084 00118.087 00090.761 00090.442 00090.330 00090.320 00090.525 00090.602 00090.697 00374.104 00475.475 00478.109 00099.345 00093.161 00093.382 00093.169
00098.865 00099.367 00098.444 00097.684 00096.592 00095.711 00095.031 00093.854 00092.716 00091.791 00090.931 00089.560 00087.936 00079.094 00226.574 00364.697 00378.610 00362.156 00365.075 00367.991 00365.059 00362.061 00272.399 00120.984 00029.623 00024.657 00050.457 00072.039 00077.565 00080.538 00083.138 00085.053 00085.701 00086.652 00087.212 00154.346 00452.451 00458.880 00462.854 00463.161 00465.209 00376.652 00471.179 00175.332 00135.650 00120.944 00091.411 00091.111 00090.997 00090.778 00090.836 00091.035 00098.906 00248.859 00477.598 00246.530 00092.952 00093.273 00093.602 00093.687
00098.925 00099.294 00098.534 00097.658 00096.720 00095.646 00094.994 00093.807 00092.805 00091.967 00091.233 00090.264 00089.131 00144.162 00201.388 00283.409 00288.455 00282.070 00273.122 00281.992 00280.845 00270.716 00254.758 00208.075 00108.786 00084.541 00085.965 00086.271 00086.229 00087.152 00087.636 00087.935 00088.238 00088.486 00109.922 00166.655 00239.962 00300.388 00226.172 00108.933 00092.138 00095.181 00092.180 00105.578 00092.053 00092.266 00091.720 00091.563 00091.442 00091.410 00091.363 00155.383 00281.568 00406.188 00105.544 00138.828 00093.005 00093.326 00093.625 00093.999
00098.976 00099.215 00098.724 00097.809 00096.838 00095.624 00095.051 00094.027 00092.993 00092.178 00091.592 00090.768 00089.884 00175.998 00462.559 00397.188 00443.122 00447.927 00449.296 00448.312 00448.115 00449.272 00450.398 00400.855 00460.363 00462.182 00462.671 00463.169 00237.362 00121.511 00089.041 00088.944 00089.042 00089.103 00088.940 00084.774 00117.773 00145.463 00165.240 00097.297 00142.155 00091.851 00092.510 00091.808 00091.971 00092.079 00092.438 00092.122 00092.018 00091.918 00091.791 00108.973 00172.991 00094.500 00092.581 00092.767 00093.057 00093.380 00093.663 00094.059
00099.007 00099.204 00098.995 00098.013 00097.064 00095.910 00095.137 00094.248 00093.324 00092.570 00091.842 00138.381 00090.641 00169.903 00401.325 00466.049 00463.074 00464.183 00465.056 00465.070 00464.710 00465.290 00465.915 00466.474 00467.703 00469.094 00469.583 00470.065 00257.576 00089.909 00093.100 00089.690 00089.641 00089.016 00087.396 00086.527 00086.573 00089.934 00097.638 00096.965 00091.802 00100.165 00091.551 00091.577 00091.833 00092.030 00092.310 00092.720 00092.584 00092.468 00092.404 00092.343 00092.638 00092.580 00092.770 00093.006 00093.411 00093.541 00093.735 00094.110
00099.049 00098.974 00099.187 00098.218 00097.275 00096.263 00095.212 00094.497 00093.750 00092.880 00092.250 00091.890 00307.328 00151.692 00475.586 00475.389 00470.799 00471.343 00472.144 00472.910 00472.718 00472.826 00473.355 00473.425 00473.687 00475.249 00476.727 00477.866 00294.413 00116.014 00090.343 00090.313 00090.235 00090.227 00090.024 00088.763 00088.692 00089.381 00090.359 00091.626 00091.945 00091.720 00091.626 00091.862 00092.039 00092.289 00092.970 00093.002 00093.084 00092.927 00093.169 00093.059 00092.938 00093.142 00093.447 00093.700 00093.842 00093.671 00093.987 00094.583
00099.024 00099.225 00098.883 00098.414 00097.469 00096.578 00095.448 00094.956 00094.191 00093.313 00092.824 00092.458 00200.950 00476.806 00479.917 00482.894 00476.968 00477.560 00478.041 00478.340 00478.701 00479.072 00479.276 00479.467 00479.633 00481.245 00482.382 00482.840 00104.205 00130.650 00090.850 00090.627 00090.536 00090.583 00090.658 00090.691 00090.388 00091.294 00091.627 00091.846 00091.915 00091.696 00091.894 00092.174 00092.520 00093.384 00093.465 00093.508 00093.501 00093.620 00093.645 00094.118 00094.166 00094.139 00094.057 00094.062 00093.850 00094.131 00094.248 00095.689
00098.961 00099.339 00098.475 00098.567 00097.622 00096.948 00095.960 00095.197 00094.516 00093.846 00093.424 00092.989 00157.916 00345.329 00483.855 00487.106 00483.678 00483.339 00483.762 00484.071 00484.116 00483.769 00484.422 00485.611 00485.960 00486.356 00487.515 00484.722 00092.411 00091.896 00091.498 00091.274 00091.119 00091.068 00091.211 00091.289 00091.350 00091.559 00091.787 00091.718 00091.657 00091.942 00092.197 00092.966 00093.359 00093.551 00093.682 00093.800 00093.960 00094.166 00094.573 00093.960 00094.033 00094.181 00094.307 00094.361 00094.359 00094.331 00095.484 00095.686
00098.889 00099.337 00098.648 00098.283 00097.753 00097.254 00096.736 00095.673 00094.991 00094.425 00094.005 00093.627 00112.167 00218.691 00371.883 00490.432 00490.723 00489.133 00489.952 00490.977 00490.242 00490.054 00490.328 00491.564 00492.061 00491.790 00491.261 00257.284 00210.296 00092.156 00091.925 00091.786 00091.659 00091.562 00091.613 00091.669 00091.715 00091.749 00091.794 00091.981 00092.093 00092.565 00093.259 00093.441 00093.582 00093.796 00093.992 00094.118 00094.487 00094.965 00095.291 00095.327 00095.241 00095.109 00094.938 00094.694 00094.649 00095.485 00095.740 00095.846
00098.807 00099.208 00098.760 00098.045 00097.947 00097.649 00097.039 00096.235 00095.891 00094.977 00094.497 00094.369 00093.876 00138.505 00222.315 00225.969 00493.569 00493.413 00494.033 00494.612 00493.927 00493.431 00493.181 00494.245 00495.319 00495.893 00275.464 00148.996 00093.317 00096.496 00092.493 00092.216 00092.122 00092.036 00091.982 00092.072 00092.137 00092.206 00092.445 00093.013 00093.306 00093.433 00093.534 00093.709 00093.931 00094.118 00094.227 00094.430 00094.784 00095.217 00095.409 00095.958 00095.774 00095.620 00095.429 00095.466 00095.645 00095.833 00095.880 00096.023
