data/trial9/ashley.hpa
NCOLS 382
NROWS 266
XLLCORNER 157819.328125
YLLCORNER 384678.625000
CELLSIZE 30.000000
NODATA_VALUE -1
[rows 78 to 103 of 266, columns 240 to 299 of 382]
00417.144 00435.765 00450.745 00471.039 00476.865 00481.617 00487.010 00483.044 00482.844 00484.015 00478.767 00481.289 00486.547 00492.571 00488.283 00486.945 00484.977 00482.054 00481.343 00481.877 00480.641 00477.975 00474.928 00464.466 00466.475 00476.871 00478.224 00475.112 00469.165 00465.326 00467.794 00468.791 00574.913 00899.892 01156.151 01144.282 00603.788 00099.003 00091.904 00381.775 00455.510 00453.106 00470.905 00484.307 00499.118 00565.966 01204.364 01223.346 01221.377 01223.541 01226.766 01225.735 01217.251 01202.403 01196.786 01185.761 01151.690 01129.536 01107.392 01081.123
00397.432 00423.644 00448.736 00467.821 00475.517 00479.391 00483.878 00484.100 00482.541 00481.971 00485.563 00488.143 00486.316 00494.640 00492.411 00490.426 00487.024 00484.178 00483.589 00483.119 00480.807 00479.355 00473.541 00466.244 00474.810 00474.725 00474.947 00479.776 00475.976 00468.390 00463.953 00467.768 00467.127 00520.084 00641.461 00966.052 00871.559 01142.488 00728.919 00137.616 00197.884 00357.772 00481.062 00559.422 00503.212 01194.609 01221.990 01221.196 01221.238 01226.178 01229.823 01224.459 01217.355 01196.727 01189.457 01176.698 01150.873 01129.573 01108.587 01081.987
00354.292 00402.311 00439.228 00463.712 00474.302 00477.921 00481.184 00485.532 00481.466 00481.266 00489.191 00486.501 00500.079 00495.625 00494.647 00492.700 00490.315 00485.965 00484.669 00485.558 00484.097 00479.521 00476.153 00470.224 00469.131 00475.960 00476.176 00476.600 00479.287 00475.291 00467.997 00462.841 00465.263 00472.699 00473.812 00507.340 00638.325 00525.916 00491.823 00994.412 01155.164 01160.712 01167.284 01169.387 01180.976 01214.907 01220.233 01219.848 01222.433 01229.340 01226.049 01219.548 01209.230 01195.158 01187.548 01168.541 01150.175 01129.997 01109.985 01088.136
00327.229 00388.389 00428.885 00457.192 00472.472 00476.188 00480.056 00487.350 00483.316 00480.958 00483.360 00498.287 00494.362 00502.315 00497.854 00494.571 00493.093 00490.149 00486.621 00486.289 00485.949 00482.705 00473.763 00471.262 00471.354 00475.826 00477.157 00477.308 00477.229 00477.873 00473.194 00466.927 00461.280 00469.326 00472.102 00473.551 00538.994 00550.564 00182.945 00280.972 01199.997 01216.102 01218.408 01215.172 01213.314 01214.128 01213.065 01216.968 01226.176 01227.139 01221.965 01215.193 01211.136 01194.683 01184.123 01165.242 01148.567 01130.914 01112.936 01096.386
00290.176 00360.194 00413.723 00452.607 00468.729 00476.582 00478.220 00486.399 00486.941 00484.064 00481.076 00485.621 00508.213 00503.127 00503.184 00498.448 00494.626 00493.071 00489.610 00487.254 00486.649 00485.911 00479.265 00469.110 00470.613 00474.577 00477.999 00478.362 00478.777 00477.812 00476.059 00471.564 00465.723 00464.702 00472.037 00473.361 00473.447 00351.706 00183.642 00435.578 00480.131 01224.049 01223.657 01221.264 01219.624 01216.990 01214.583 01219.556 01224.421 01221.302 01217.936 01212.893 01197.708 01193.936 01183.542 01162.751 01146.293 01129.342 01113.721 01098.983
00285.039 00358.372 00414.047 00453.911 00469.017 00476.529 00477.314 00479.459 00483.436 00483.014 00478.641 00487.017 00496.374 00507.428 00508.156 00503.827 00497.777 00495.241 00491.211 00488.656 00488.286 00488.164 00483.075 00477.307 00476.486 00476.524 00479.303 00478.807 00478.524 00477.614 00476.416 00473.395 00469.942 00466.645 00466.911 00470.372 00471.438 00172.227 00183.544 00472.774 00490.188 00493.970 00559.766 01224.267 01216.696 01219.239 01221.268 01220.849 01219.793 01217.337 01213.942 01204.064 01196.695 01192.716 01183.395 01162.263 01145.998 01042.844 01112.759 01098.515
00272.694 00353.259 00415.241 00455.019 00470.172 00473.916 00472.266 00475.112 00478.384 00478.948 00477.889 00476.802 00495.229 00501.349 00508.216 00511.877 00503.487 00497.716 00492.940 00491.888 00490.067 00490.196 00488.028 00481.759 00479.689 00480.925 00481.236 00480.846 00480.755 00480.818 00479.405 00477.010 00474.570 00471.446 00468.131 00473.972 00478.960 00183.418 00177.086 00186.340 00491.954 00490.645 00489.534 00488.251 00782.315 01219.841 01215.149 01215.641 01215.250 01215.135 01207.643 01198.353 01195.630 01192.056 01177.935 01160.019 01136.453 00617.075 00924.698 01098.313
00236.316 00352.298 00407.494 00449.791 00465.996 00471.896 00469.800 00470.554 00473.255 00477.018 00474.804 00476.369 00486.670 00499.753 00504.822 00509.741 00506.145 00495.147 00494.643 00493.330 00493.078 00491.194 00493.423 00484.709 00482.936 00484.815 00483.725 00483.338 00483.317 00482.927 00481.534 00480.486 00478.953 00475.223 00475.186 00477.778 00454.470 00183.472 00438.250 00488.732 00489.517 00489.466 00488.041 00486.808 00489.295 00614.482 01222.016 01217.515 01206.610 01203.369 01200.252 01196.842 01193.839 01186.641 01171.871 01156.357 00891.198 00158.092 00571.820 01027.592
00184.383 00320.237 00396.384 00450.601 00463.644 00464.388 00466.098 00468.168 00471.467 00474.035 00476.298 00475.738 00478.799 00492.303 00504.035 00506.240 00508.252 00507.604 00500.340 00495.242 00494.449 00495.374 00492.109 00491.349 00489.496 00488.250 00486.626 00484.051 00485.224 00485.154 00484.336 00483.335 00482.041 00480.819 00482.083 00435.529 00183.493 00421.528 00452.977 00477.675 00485.754 00486.026 00485.658 00484.487 00483.158 00484.292 01224.151 01224.005 01218.714 01213.655 01205.288 01200.582 01194.405 01187.705 01170.641 00703.785 00157.914 00628.793 01068.263 00633.940
00306.469 00324.108 00394.835 00455.695 00472.213 00457.425 00461.144 00463.634 00468.124 00472.949 00474.745 00473.801 00479.261 00481.820 00496.558 00502.646 00498.631 00495.699 00495.816 00503.647 00502.472 00501.218 00497.850 00493.928 00491.689 00488.570 00488.074 00486.810 00487.160 00487.910 00488.662 00489.245 00488.124 00489.286 00488.501 00171.644 00453.171 00481.657 00482.743 00482.765 00482.477 00482.872 00482.894 00482.045 00480.922 00480.400 00482.489 00664.132 00495.036 00530.860 01215.663 01207.044 01200.328 01192.503 00936.062 00160.135 00155.050 00143.851 00145.632 00153.199
00360.121 00458.752 00377.995 00447.666 00544.182 00455.803 00456.934 00459.430 00463.443 00468.936 00476.091 00475.193 00479.107 00479.080 00493.777 00502.623 00501.002 00490.253 00494.642 00499.108 00502.207 00506.553 00505.631 00501.501 00494.365 00494.817 00492.684 00488.199 00486.438 00489.617 00486.548 00393.380 00187.909 00187.613 00179.901 00176.968 00475.442 00428.095 00469.613 00474.882 00480.279 00481.408 00481.290 00477.989 00478.400 00477.761 00479.178 00480.822 00529.046 00486.663 01172.432 01212.443 01203.160 01196.191 00443.778 00158.783 00152.142 00154.418 00161.184 00163.172
00704.320 00557.110 00661.783 00663.298 00667.985 00694.193 00490.837 00452.788 00457.227 00465.013 00471.941 00469.734 00468.225 00475.836 00485.626 00496.018 00492.755 00489.137 00487.961 00494.911 00502.965 00508.232 00511.428 00510.165 00503.745 00497.306 00494.302 00492.824 00492.560 00491.481 00495.666 00186.927 00169.485 00454.633 00458.360 00481.429 00469.251 00477.739 00477.700 00480.653 00482.253 00482.856 00484.325 00482.744 00482.458 00481.920 00479.859 00480.687 00483.354 00486.960 00985.765 00927.413 00975.197 00167.201 00159.694 00156.006 00143.911 00157.967 00170.335 00177.204
00762.765 00616.829 00659.856 00605.006 00664.055 00683.217 00654.199 00443.099 00447.653 00461.727 00468.744 00466.772 00465.334 00468.469 00475.137 00486.055 00484.364 00486.676 00486.934 00487.345 00500.815 00503.094 00506.800 00512.554 00513.092 00504.748 00497.109 00492.146 00493.925 00486.969 00179.190 00163.577 00170.334 00482.093 00485.450 00482.518 00446.260 00479.992 00480.268 00480.396 00482.046 00484.545 00487.581 00489.482 00489.700 00490.137 00483.374 00481.687 00486.363 00688.707 00858.956 00170.306 00159.777 00156.080 00149.156 00145.225 00157.656 00164.874 00173.776 00175.310
00758.372 00690.817 00630.009 00624.897 00664.434 00679.030 00475.792 00450.063 00453.636 00456.636 00461.486 00462.838 00462.687 00465.600 00471.267 00475.553 00477.376 00477.393 00479.059 00486.356 00497.201 00501.204 00499.259 00510.515 00508.243 00506.924 00505.183 00477.381 00389.957 00178.926 00158.963 00159.180 00469.943 00483.711 00485.855 00477.150 00453.569 00283.415 00178.132 00177.619 00178.478 00179.709 00180.107 00483.104 00490.321 00488.673 00457.510 00485.953 00484.427 00482.508 00172.828 00162.754 00156.148 00107.885 00156.368 00161.888 00170.012 00175.606 00176.951 00169.857
00761.464 00689.286 00610.322 00646.840 00666.250 00683.552 00597.365 00432.201 00448.078 00455.882 00457.129 00461.054 00463.847 00465.060 00465.398 00467.373 00468.763 00470.785 00473.638 00481.086 00485.465 00493.648 00500.180 00503.077 00498.245 00502.605 00499.863 00494.527 00186.953 00171.788 00160.971 00400.218 00479.118 00484.402 00486.024 00479.232 00470.557 00411.465 00178.060 00173.598 00174.515 00173.574 00173.615 00178.450 00178.069 00380.946 00480.591 00481.392 00471.552 00174.058 00164.368 00157.295 00146.694 00153.934 00161.733 00172.102 00178.724 00175.274 -0001.000 -0001.000
00764.910 00695.813 00612.316 00661.002 00672.297 00572.393 00431.068 00440.806 00434.770 00449.488 00455.498 00459.223 00458.667 00457.608 00457.804 00461.543 00463.490 00465.002 00468.697 00474.834 00481.310 00485.087 00490.898 00492.508 00494.675 00475.074 00381.557 00171.096 00159.554 00115.340 00395.061 00479.607 00486.748 00484.038 00485.149 00474.286 00380.827 00179.655 00178.058 00173.639 00161.921 00163.011 00160.966 00163.963 00169.961 00168.476 00168.256 00167.863 00166.309 00164.699 00157.050 00144.347 00155.446 00162.059 00172.078 00178.529 00175.027 -0001.000 -0001.000 -0001.000
00772.987 00705.426 00654.419 00651.802 00578.084 00399.282 00410.085 00421.487 00432.633 00442.484 00448.398 00450.357 00450.656 00447.164 00449.595 00453.347 00455.788 00458.904 00463.777 00469.868 00474.525 00478.585 00480.620 00483.070 00481.471 00178.530 00161.396 00155.143 00155.548 00455.056 00480.073 00482.233 00480.792 00485.307 00485.240 00483.848 00446.438 00316.948 00179.912 00173.424 00163.056 00158.176 00156.470 00155.878 00157.701 00156.253 00153.592 00146.551 00143.988 00149.054 00153.218 00157.820 00165.399 00173.634 00179.481 00174.144 -0001.000 -0001.000 -0001.000 -0001.000
00776.036 00717.389 00681.829 00638.510 00665.716 00445.780 00383.655 00391.751 00408.948 00428.570 00434.708 00440.418 00435.112 00431.006 00434.922 00437.884 00442.161 00447.743 00455.225 00461.587 00410.068 00475.728 00448.084 00170.499 00160.619 00158.063 00155.232 00895.915 00750.377 00465.084 00631.449 00478.182 00480.869 00482.848 00484.307 00485.982 00467.281 00403.763 00386.935 00175.339 00166.009 00158.896 00154.554 00152.673 00142.268 00150.588 00156.597 00160.361 00167.103 00172.319 00174.628 00176.335 00177.320 00177.559 00168.482 -0001.000 -0001.000 -0001.000 -0001.000 -0001.000
00779.258 00735.537 00703.620 00682.006 00643.651 00466.995 00358.924 00373.874 00386.720 00395.703 00413.375 00408.924 00400.743 00395.117 00400.032 00368.881 00155.108 00153.723 00153.212 00155.524 00158.732 01013.562 01138.879 01006.173 00908.078 00846.405 00898.134 01044.613 01014.683 00462.273 00853.553 00483.757 00478.906 00480.438 00483.028 00483.115 00485.054 00472.965 00462.088 00176.751 00169.889 00161.189 00155.811 00148.995 00161.638 00163.099 00168.504 00172.801 00176.244 00170.536 -0001.000 -0001.000 -0001.000 -0001.000 -0001.000 -0001.000 -0001.000 -0001.000 -0001.000 -0001.000
00783.798 00747.320 00713.212 00695.318 00675.953 00297.397 00333.696 00317.344 00358.612 00379.705 00381.442 00377.097 00371.774 00320.074 00234.326 00160.296 00180.411 00183.872 00183.846 00178.697 00702.290 01040.405 01109.653 01093.059 01120.460 01076.546 01094.342 01111.532 01142.395 01160.052 00702.585 00848.378 00478.381 00613.072 00479.603 00481.404 00481.345 00482.140 00381.953 00224.411 00172.615 00162.740 00156.320 00139.232 00159.425 00173.464 00175.754 00171.758 -0001.000 -0001.000 -0001.000 -0001.000 -0001.000 -0001.000 -0001.000 -0001.000 -0001.000 -0001.000 -0001.000 -0001.000
00785.494 00764.102 00736.302 00712.729 00692.717 00549.220 00079.032 00207.322 00310.895 00321.394 00317.010 00303.886 00185.723 00163.317 00178.979 00183.227 00172.667 -0001.000 01082.840 01085.115 00961.193 01059.931 01127.706 01132.735 01123.810 01116.577 01096.245 01117.028 01130.596 01143.961 01154.131 01169.151 01165.135 01039.394 01215.499 01217.142 01218.611 00988.825 00473.784 00176.283 00166.689 00159.377 00155.164 00147.970 00160.491 00173.226 00172.741 -0001.000 -0001.000 -0001.000 -0001.000 -0001.000 -0001.000 -0001.000 -0001.000 -0001.000 -0001.000 -0001.000 -0001.000 -0001.000
00764.618 00774.065 00754.418 00736.386 00714.647 00559.508 00420.458 00407.617 00383.299 00379.893 00158.310 00170.736 00181.715 00177.535 -0001.000 -0001.000 -0001.000 -0001.000 00777.111 01107.903 01053.729 01098.500 01114.195 01120.301 01118.145 01108.793 01093.755 01107.044 01121.302 01133.307 01139.348 01149.102 01170.814 01180.810 01184.838 01188.169 01190.112 01192.507 00991.597 00725.301 00481.599 00278.685 00152.543 00152.456 00162.443 00174.962 00168.487 -0001.000 -0001.000 -0001.000 -0001.000 -0001.000 -0001.000 -0001.000 -0001.000 -0001.000 -0001.000 -0001.000 -0001.000 -0001.000
-0001.000 00754.673 00768.886 00756.842 00744.091 00676.734 00514.193 00448.550 00167.300 00181.163 00179.542 -0001.000 -0001.000 -0001.000 -0001.000 -0001.000 -0001.000 01265.580 01117.191 01104.899 00865.620 01074.069 01100.196 01104.120 01112.342 01091.782 01076.963 01078.654 01101.850 01121.568 01126.564 01138.034 01151.491 01162.452 01162.368 01162.299 01162.314 01162.198 01161.519 01062.289 00911.406 00657.018 00153.326 00153.305 00164.838 00177.523 -0001.000 -0001.000 00172.229 00454.799 00175.077 00172.980 -0001.000 -0001.000 -0001.000 -0001.000 -0001.000 -0001.000 -0001.000 -0001.000
-0001.000 -0001.000 00645.035 00426.104 00176.761 00181.025 00181.285 00180.819 00174.483 -0001.000 -0001.000 -0001.000 -0001.000 -0001.000 -0001.000 -0001.000 -0001.000 01240.817 01182.157 01102.597 01031.811 01050.547 01084.434 01096.311 01083.348 01075.883 01058.506 01045.939 01096.081 01112.148 01118.600 01126.306 01139.180 01148.236 01147.577 01146.902 01145.262 01141.339 01140.659 01139.984 01099.458 00948.682 00019.112 00267.730 00161.508 00171.408 00171.398 00171.349 00401.476 00447.312 00447.660 00173.916 00182.086 -0001.000 -0001.000 -0001.000 -0001.000 -0001.000 -0001.000 -0001.000
-0001.000 -0001.000 -0001.000 -0001.000 -0001.000 -0001.000 -0001.000 -0001.000 -0001.000 -0001.000 -0001.000 -0001.000 -0001.000 -0001.000 -0001.000 -0001.000 00644.408 01248.238 01191.805 01133.396 01094.427 00981.640 01032.051 01030.938 01046.150 01053.622 01024.221 01015.238 01072.094 01099.920 01102.206 01117.723 01125.180 01137.315 01136.375 01135.647 01134.836 01132.335 01130.641 01127.170 01117.700 01107.424 00156.457 00399.290 00414.293 00427.064 00449.551 00405.642 00416.827 00429.380 00443.227 00448.873 00220.010 00408.474 00178.035 00182.323 00178.924 00175.522 00596.857 01116.925
-0001.000 -0001.000 -0001.000 -0001.000 -0001.000 -0001.000 -0001.000 -0001.000 -0001.000 -0001.000 -0001.000 -0001.000 -0001.000 -0001.000 -0001.000 -0001.000 01058.939 01257.599 01206.225 01165.022 01126.488 01082.572 00932.204 00694.613 00951.910 01009.244 01013.448 00450.369 01037.322 01075.928 01097.834 01101.356 01115.770 01120.626 01122.781 01123.378 01122.384 01121.467 01120.850 01112.507 00242.202 00289.861 00340.856 00405.185 00422.417 00445.900 00452.753 00432.479 00432.192 00438.479 00443.040 00445.626 00449.776 00439.556 00447.995 00460.235 00463.385 00321.080 00180.560 01243.654
