data/trial9/ashley.rci
NCOLS 382
NROWS 266
XLLCORNER 157819.328125
YLLCORNER 384678.625000
CELLSIZE 30.000000
NODATA_VALUE -1
[rows 78 to 103 of 266, columns 240 to 299 of 382]
00504.120 00516.468 00559.770 00629.173 00134.395 00181.010 00177.372 00619.070 00512.434 00663.061 00655.948 00657.969 00661.833 00648.816 00668.451 00659.928 00646.698 00652.916 00655.311 00660.828 00600.956 00434.522 00651.674 00642.472 00636.175 00637.369 00654.425 00651.345 00645.148 00646.121 00638.963 00642.775 00639.493 00639.486 00980.066 00995.315 00995.369 00182.754 00619.487 00630.025 00637.690 00620.002 00634.948 00648.632 00344.433 00678.396 00988.005 01026.618 01043.069 00254.793 00348.504 00475.192 00605.987 00693.910 00773.442 00842.578 00882.063 00834.702 00871.360 00023.989
00244.843 00288.528 00325.026 00433.352 00328.227 00387.511 00421.899 00406.771 00357.820 00660.474 00664.988 00668.585 00660.411 00652.557 00645.823 00671.077 00667.781 00647.456 00646.480 00657.614 00652.790 00493.195 00617.272 00651.455 00651.356 00649.946 00630.383 00649.053 00652.546 00642.828 00643.268 00650.505 00641.652 00651.217 00717.238 00950.114 00818.111 00896.715 00623.455 00273.011 00635.883 00533.384 00661.807 00551.017 00666.154 01038.597 00697.023 00315.482 00432.884 00551.951 00656.891 00841.769 01014.163 00238.392 00359.410 00476.253 00551.166 00239.091 00441.239 00503.302
00332.396 00545.672 00011.748 00212.335 00505.421 00579.990 00635.337 00663.032 00647.979 00660.362 00671.245 00667.498 00684.934 00679.156 00674.199 00668.937 00662.466 00652.053 00653.421 00651.392 00646.183 00641.035 00648.449 00644.994 00645.642 00646.104 00647.793 00649.327 00655.870 00651.175 00642.524 00637.862 00638.028 00647.885 00760.309 00981.100 00797.227 00738.554 00675.064 00829.403 00700.305 00943.999 00724.463 00873.884 00697.648 00858.920 00756.461 00816.091 00707.234 00851.976 01006.394 00279.179 00431.137 00614.993 00795.662 00996.847 00195.237 00636.483 00789.731 00135.676
00280.169 00128.748 00300.352 00490.205 00139.676 00264.289 00378.920 00408.925 00390.046 00351.725 00662.731 00678.072 00672.069 00668.432 00665.822 00661.852 00658.166 00652.791 00659.628 00647.087 00645.204 00641.077 00650.616 00355.414 00655.597 00642.167 00642.070 00643.249 00642.705 00650.773 00649.868 00641.051 00643.618 00640.697 00651.240 00549.067 00720.747 00770.751 00174.881 00181.959 01032.386 00886.549 00698.478 00793.041 00938.816 00693.758 00382.484 00871.800 01032.482 00264.696 00449.711 00651.333 00803.150 00930.452 00178.835 00429.721 00672.815 00015.210 00471.430 00619.020
00392.364 00488.907 00549.081 00253.083 00495.522 00496.986 00589.868 00636.933 00628.259 00610.481 00616.563 00666.282 00697.331 00659.151 00654.180 00654.215 00650.224 00647.087 00646.303 00646.293 00638.970 00635.193 00633.693 00643.780 00646.799 00653.373 00654.445 00655.610 00633.850 00632.988 00645.137 00651.147 00947.899 00649.953 00645.636 00649.925 00651.577 00181.453 00170.325 00255.571 00346.346 00374.490 00765.041 00420.049 00303.264 00581.961 00928.993 00393.865 00629.583 00825.573 00793.390 01002.610 00266.700 00435.716 00606.953 00789.449 00027.512 00379.832 00773.262 00953.919
00267.978 00443.375 00433.341 00305.541 00552.081 00220.048 00579.350 00445.294 00465.310 00490.478 00561.146 00436.895 00680.797 00687.459 00692.804 00689.807 00649.898 00648.536 00648.040 00648.595 00653.211 00662.941 00654.889 00651.575 00503.360 00658.087 00657.578 00657.087 00648.997 00643.480 00649.243 00646.977 00648.086 00642.006 00643.855 00651.190 00521.123 00420.844 00171.234 00165.845 00654.305 00598.358 00347.436 00457.305 00985.420 00657.117 00326.555 00811.052 00292.215 00530.091 00254.837 00483.921 00671.605 00857.142 00119.290 00314.011 00509.257 00683.821 00402.907 00640.233
00300.200 00436.668 00214.217 00298.021 00280.505 00425.560 00366.459 00341.281 00297.791 00336.020 00420.206 00558.791 00353.815 00594.760 00695.748 00702.377 00650.689 00651.806 00647.594 00651.790 00655.798 00655.829 00649.565 00643.700 00661.740 00659.765 00652.729 00552.727 00654.266 00656.974 00654.534 00648.670 00648.696 00648.021 00642.541 00653.529 00655.986 00623.443 00163.470 00171.671 00663.468 00440.437 00233.367 00540.260 00309.445 00417.068 00918.127 00451.265 00821.616 00251.709 00654.350 00898.652 00197.212 00382.387 00572.502 00770.941 00957.899 00176.400 00545.210 00323.743
00304.751 00482.070 00313.481 00591.226 00531.298 00425.380 00137.899 00214.626 00594.203 00636.483 00312.385 00364.316 00411.554 00439.364 00679.855 00683.102 00678.894 00664.638 00668.271 00670.299 00673.264 00671.788 00676.541 00657.132 00636.918 00649.669 00650.069 00662.419 00617.965 00651.573 00643.774 00657.293 00654.523 00648.013 00638.960 00655.344 00250.497 00170.725 00170.083 00168.871 00434.354 00181.778 00452.490 00256.250 00587.130 00453.712 00686.222 00548.427 00383.081 00761.854 00234.675 00431.895 00576.577 00793.774 00149.406 00327.669 00389.294 00162.053 00175.281 00663.466
00165.772 00176.904 00223.164 00379.177 00384.247 00350.458 00343.383 00426.718 00514.144 00540.240 00574.440 00608.929 00174.690 00215.270 00197.754 00661.260 00663.006 00665.200 00668.017 00668.097 00670.003 00676.258 00662.561 00661.073 00666.000 00668.982 00636.823 00644.389 00661.174 00664.895 00659.103 00457.697 00517.139 00656.821 00620.245 00242.803 00203.201 00171.494 00171.351 00170.751 00565.163 00318.236 00606.479 00465.480 00364.062 00288.045 00261.184 00985.923 00761.735 00567.706 00593.326 00352.057 00297.009 01028.115 01010.397 00123.942 00172.497 00195.342 00891.358 00208.398
00417.881 00410.954 00424.212 00123.181 00243.253 00165.835 00225.351 00287.379 00264.816 00321.242 00366.615 00404.218 00516.874 00584.829 00661.974 00445.380 00669.266 00668.321 00674.317 00658.717 00665.346 00670.622 00676.798 00644.136 00652.972 00656.244 00667.814 00636.005 00649.735 00663.943 00638.939 00654.268 00668.001 00646.207 00665.633 00399.329 00290.978 00176.632 00541.901 00328.256 00602.189 00427.851 00274.979 00640.327 00572.428 00533.235 00492.716 00489.815 00220.500 00536.145 00767.255 00695.533 00665.736 00640.945 00512.758 00109.443 00135.708 00026.717 00228.570 00522.534
00334.600 00466.255 00466.181 00322.710 00470.975 00416.674 00499.320 00604.841 00259.699 00428.258 00621.678 00213.036 00314.950 00424.528 00514.636 00591.961 00180.182 00299.192 00672.097 00681.319 00687.092 00660.402 00666.151 00669.130 00671.896 00646.582 00653.098 00658.702 00643.647 00663.109 00490.339 00205.308 00589.395 00239.148 00493.035 00636.116 00491.090 00171.334 00171.611 00174.255 00242.168 00225.526 00200.147 00247.171 00272.525 00273.304 00279.664 00265.797 00408.291 00292.619 00281.198 00254.744 00234.662 00244.225 00197.612 00346.396 00067.100 00238.891 00155.788 00152.438
00618.278 00598.705 00186.650 00421.642 00106.183 00201.175 00324.639 00412.919 00320.325 00254.712 00506.920 00171.176 00399.973 00552.518 00217.162 00323.290 00447.766 00611.705 00312.871 00512.988 00203.339 00674.410 00690.270 00696.811 00657.482 00665.236 00675.880 00652.969 00664.041 00622.002 00672.694 00174.011 00065.863 00288.241 00273.990 00199.704 00419.536 00167.442 00314.905 00431.214 00431.293 00438.351 00449.714 00460.187 00470.292 00498.515 00497.530 00524.031 00514.180 00482.813 00884.332 00420.714 00462.538 00122.207 00079.772 00115.512 00006.255 00151.450 00160.058 00165.911
00373.891 00587.005 00564.524 00355.462 00343.107 00490.050 00028.229 00106.148 00116.481 00518.270 00532.006 00167.391 00353.063 00380.069 00472.922 00566.599 00195.950 00345.236 00501.086 00666.885 00347.073 00517.704 00646.988 00669.497 00689.439 00655.945 00665.382 00654.248 00670.025 00487.490 00157.801 00078.495 00048.639 00214.661 00179.126 00626.007 00189.722 00217.908 00427.257 00591.332 00202.706 00231.398 00237.498 00241.292 00236.678 00233.241 00243.065 00277.048 00275.076 00512.784 00358.091 00150.860 00004.236 00062.866 00002.223 00384.401 00149.311 00154.425 00163.873 00162.335
00243.978 00536.314 00487.563 00084.199 00252.212 00588.874 00258.687 00254.300 00417.321 00354.817 00339.520 00455.162 00167.583 00367.728 00553.700 00230.788 00403.993 00568.362 00268.021 00485.501 00652.958 00251.696 00375.350 00552.597 00663.081 00674.512 00692.201 00381.250 00173.328 00160.117 00147.988 00148.289 00427.838 00533.190 00316.318 00202.566 00168.034 00166.174 00168.529 00166.142 00168.060 00166.549 00167.836 00508.684 00282.641 00396.167 00361.277 00422.203 00528.343 00619.498 00134.686 00030.325 00065.277 00175.853 00146.289 00153.959 00162.434 00163.795 00163.959 00157.757
00427.733 00237.491 00509.447 00238.774 00070.683 00426.837 00072.590 00010.340 00017.887 00106.494 00182.746 00309.447 00566.079 00371.466 00634.784 00379.476 00608.604 00323.413 00543.500 00273.126 00494.831 00421.168 00550.067 00176.591 00444.972 00475.397 00662.198 00418.174 00168.043 00153.835 00105.754 00189.196 00457.923 00265.692 00409.028 00192.219 00168.196 00166.719 00164.403 00161.197 00158.118 00140.479 00125.139 00166.060 00163.335 00248.818 00182.095 00589.391 00163.837 00147.682 00097.645 00185.417 00124.553 00532.572 00349.701 00161.605 00166.286 00162.778 -0001.000 -0001.000
00620.013 00440.308 00222.466 00465.581 00350.174 00225.269 00556.237 00519.857 00328.377 00347.011 00461.998 00613.567 00309.264 00368.972 00205.898 00611.349 00303.718 00516.853 00232.575 00487.685 00200.240 00445.529 00178.804 00360.802 00597.051 00169.619 00171.164 00113.027 00120.149 00041.881 00183.161 00480.681 00237.694 00390.714 00226.312 00165.870 00167.321 00167.176 00161.230 00142.937 00116.653 00018.216 00124.283 00098.542 00135.852 00153.407 00145.522 00128.690 00134.652 00153.035 00236.367 00049.260 00344.568 00216.930 00160.460 00164.804 00160.653 -0001.000 -0001.000 -0001.000
00381.568 00202.409 00553.039 00253.960 00587.238 00501.438 00545.803 00080.730 00423.937 00554.052 00123.482 00379.568 00114.650 00442.684 00503.078 00211.818 00442.813 00127.445 00411.642 00124.451 00333.445 00587.859 00340.371 00659.119 00485.219 00136.193 00167.398 00144.496 00145.111 00453.917 00144.364 00295.056 00412.728 00478.734 00274.854 00181.565 00185.560 00166.848 00165.443 00119.921 00021.230 00222.837 00073.183 00041.380 00081.669 00104.050 00019.401 00110.419 00310.213 00262.429 00210.446 00152.557 00157.541 00162.912 00166.390 00160.237 -0001.000 -0001.000 -0001.000 -0001.000
00170.659 00520.793 00540.792 00178.455 00328.504 00345.942 00379.685 00489.432 00434.745 00192.961 00348.315 00588.916 00230.324 00281.247 00169.640 00358.761 00563.721 00210.789 00488.752 00246.543 00148.213 00592.465 00147.231 00143.182 00283.848 00089.783 00144.593 00146.018 00397.428 00230.207 00561.341 00510.820 00532.228 00387.327 00337.280 00536.749 00163.295 00164.104 00162.294 00152.492 00112.623 00163.769 00115.997 00157.769 00192.721 00337.474 00207.185 00152.271 00155.838 00162.372 00164.038 00164.245 00164.974 00163.945 00155.987 -0001.000 -0001.000 -0001.000 -0001.000 -0001.000
00394.952 00290.719 00605.827 00392.959 00037.366 00557.693 00295.462 00411.721 00289.652 00437.660 00560.368 00451.026 00511.962 00225.507 00503.078 00146.029 00140.302 00111.464 00120.603 00051.226 00142.179 00344.815 00030.841 00239.163 00147.743 00106.319 00389.616 00671.423 00579.526 00360.237 00797.115 00168.587 00623.842 00430.858 00317.862 00644.823 00502.947 00159.669 00154.983 00141.215 00126.090 00051.534 00053.825 00293.267 00185.720 00157.217 00159.127 00163.995 00165.000 00157.112 -0001.000 -0001.000 -0001.000 -0001.000 -0001.000 -0001.000 -0001.000 -0001.000 -0001.000 -0001.000
00621.017 00528.594 00448.130 00580.730 00516.808 00143.767 00319.420 00057.855 00349.547 00485.636 00360.703 00423.156 00485.545 00055.337 00138.584 00483.113 00167.075 00166.925 00168.823 00164.518 00121.277 00573.000 00678.893 00158.458 00251.961 00441.730 00902.453 00305.334 00425.689 00558.362 00699.360 00337.529 00134.476 00659.641 00220.055 00497.054 00278.523 00631.811 00157.251 00164.593 00158.198 00144.898 00143.914 00360.282 00153.136 00163.053 00164.171 00159.583 -0001.000 -0001.000 -0001.000 -0001.000 -0001.000 -0001.000 -0001.000 -0001.000 -0001.000 -0001.000 -0001.000 -0001.000
00334.021 00309.556 00635.606 00222.855 00474.849 00401.266 00000.000 00150.679 00328.134 00054.930 00275.975 00066.710 00117.048 00152.309 00164.856 00169.726 00156.702 -0001.000 00541.494 00813.953 00407.238 00457.372 00412.736 00340.807 00649.379 00875.261 00319.600 00820.944 00363.822 00786.423 00566.414 00251.051 00984.077 00618.297 00158.253 00557.680 00951.375 00144.749 00160.595 00132.545 00070.830 00318.772 00068.405 00269.142 00151.335 00161.917 00160.687 -0001.000 -0001.000 -0001.000 -0001.000 -0001.000 -0001.000 -0001.000 -0001.000 -0001.000 -0001.000 -0001.000 -0001.000 -0001.000
00576.556 00611.453 00655.362 00632.208 00481.385 00575.962 00431.829 00381.717 00508.578 00269.335 00280.800 00158.790 00165.786 00163.755 -0001.000 -0001.000 -0001.000 -0001.000 00327.687 00398.121 00850.102 00491.495 00226.781 00681.955 00262.518 00555.981 00795.168 00263.067 00588.197 00976.471 00551.296 00445.039 00763.604 00416.375 00828.996 00314.316 00665.118 00974.191 00126.029 00118.599 00136.935 00145.494 00133.236 00535.441 00156.546 00163.842 00156.082 -0001.000 -0001.000 -0001.000 -0001.000 -0001.000 -0001.000 -0001.000 -0001.000 -0001.000 -0001.000 -0001.000 -0001.000 -0001.000
-0001.000 00409.242 00602.414 00524.376 00598.121 00153.460 00617.466 00440.354 00155.695 00165.304 00166.376 -0001.000 -0001.000 -0001.000 -0001.000 -0001.000 -0001.000 00433.975 00769.040 00695.456 00293.292 00593.493 00333.879 00110.605 00024.880 00298.254 00529.869 00539.989 00169.222 00195.422 00715.484 00504.667 00443.045 00198.633 00618.644 01008.136 00672.215 00254.345 00837.709 00044.164 00085.849 00153.486 00036.231 00384.469 00156.229 00165.526 -0001.000 -0001.000 00160.270 00160.308 00161.390 00159.517 -0001.000 -0001.000 -0001.000 -0001.000 -0001.000 -0001.000 -0001.000 -0001.000
-0001.000 -0001.000 00154.949 00159.053 00160.598 00167.792 00166.227 00164.612 00159.476 -0001.000 -0001.000 -0001.000 -0001.000 -0001.000 -0001.000 -0001.000 -0001.000 00192.472 00395.253 00166.043 00733.233 00683.313 00294.054 00896.839 00585.322 00100.023 00301.655 00511.422 00381.000 00344.090 00724.646 00728.618 00473.983 00082.512 00467.761 00840.017 00336.039 00900.222 00379.700 00788.019 00020.234 00178.733 00047.096 00202.425 00153.112 00160.341 00161.597 00162.786 00154.767 00556.306 00285.197 00161.875 00167.187 -0001.000 -0001.000 -0001.000 -0001.000 -0001.000 -0001.000 -0001.000
-0001.000 -0001.000 -0001.000 -0001.000 -0001.000 -0001.000 -0001.000 -0001.000 -0001.000 -0001.000 -0001.000 -0001.000 -0001.000 -0001.000 -0001.000 -0001.000 00299.108 00683.485 00721.045 00341.625 00752.707 00664.051 00212.703 00704.230 00267.258 00744.527 00232.454 00034.534 00513.063 00182.485 00630.134 00670.817 00590.784 00001.245 00306.807 00652.303 00071.538 00627.812 00488.532 00702.306 00508.137 00793.884 00193.623 00552.849 00494.459 00148.292 00150.838 00149.135 00151.380 00153.917 00588.921 00302.835 00160.551 00162.535 00165.722 00167.338 00166.056 00160.170 00162.151 00161.260
-0001.000 -0001.000 -0001.000 -0001.000 -0001.000 -0001.000 -0001.000 -0001.000 -0001.000 -0001.000 -0001.000 -0001.000 -0001.000 -0001.000 -0001.000 -0001.000 00624.706 00214.400 00998.595 00475.087 00852.751 00758.250 00526.170 00449.729 00095.797 00444.781 00875.713 00372.750 00603.174 00198.616 00646.258 00388.469 00528.172 00877.858 00579.615 00321.523 00849.133 00376.995 00825.443 00473.357 00318.367 00419.854 00497.743 00586.221 00592.222 00587.227 00177.579 00569.362 00478.562 00455.014 00602.372 00348.639 00397.185 00158.888 00159.856 00216.481 00164.704 00165.302 00165.355 00945.909
