data/trial9/ashley.toa
NCOLS 382
NROWS 266
XLLCORNER 157819.328125
YLLCORNER 384678.625000
CELLSIZE 30.000000
NODATA_VALUE -1
[rows 0 to 25 of 266, columns 240 to 299 of 382]
-0001.000 -0001.000 -0001.000 -0001.000 -0001.000 -0001.000 -0001.000 -0001.000 -0001.000 -0001.000 -0001.000 -0001.000 -0001.000 -0001.000 -0001.000 -0001.000 -0001.000 -0001.000 -0001.000 -0001.000 -0001.000 -0001.000 -0001.000 -0001.000 -0001.000 -0001.000 -0001.000 -0001.000 -0001.000 -0001.000 -0001.000 -0001.000 -0001.000 -0001.000 -0001.000 -0001.000 -0001.000 -0001.000 -0001.000 -0001.000 -0001.000 -0001.000 -0001.000 -0001.000 -0001.000 -0001.000 -0001.000 -0001.000 -0001.000 -0001.000 -0001.000 -0001.000 -0001.000 -0001.000 -0001.000 -0001.000 -0001.000 -0001.000 -0001.000 -0001.000
-0001.000 -0001.000 -0001.000 -0001.000 -0001.000 -0001.000 -0001.000 -0001.000 -0001.000 -0001.000 -0001.000 -0001.000 -0001.000 -0001.000 -0001.000 -0001.000 -0001.000 -0001.000 -0001.000 -0001.000 -0001.000 -0001.000 -0001.000 -0001.000 -0001.000 -0001.000 -0001.000 -0001.000 -0001.000 -0001.000 -0001.000 -0001.000 -0001.000 -0001.000 -0001.000 -0001.000 -0001.000 -0001.000 -0001.000 -0001.000 -0001.000 -0001.000 -0001.000 -0001.000 00014.344 00014.318 00014.323 00014.335 00014.351 00014.368 00014.395 00014.417 00014.432 00014.456 -0001.000 -0001.000 -0001.000 -0001.000 -0001.000 -0001.000
-0001.000 -0001.000 -0001.000 -0001.000 -0001.000 -0001.000 -0001.000 -0001.000 -0001.000 -0001.000 -0001.000 -0001.000 -0001.000 -0001.000 -0001.000 -0001.000 -0001.000 -0001.000 -0001.000 -0001.000 -0001.000 -0001.000 -0001.000 -0001.000 -0001.000 -0001.000 -0001.000 -0001.000 -0001.000 -0001.000 -0001.000 -0001.000 -0001.000 -0001.000 -0001.000 -0001.000 -0001.000 -0001.000 -0001.000 -0001.000 -0001.000 -0001.000 -0001.000 -0001.000 00014.316 00014.301 00014.314 00014.329 00014.346 00014.369 00014.391 00014.411 00014.430 00014.453 -0001.000 -0001.000 -0001.000 -0001.000 -0001.000 -0001.000
-0001.000 -0001.000 -0001.000 -0001.000 -0001.000 -0001.000 -0001.000 -0001.000 -0001.000 -0001.000 -0001.000 -0001.000 -0001.000 -0001.000 -0001.000 -0001.000 -0001.000 -0001.000 -0001.000 -0001.000 -0001.000 -0001.000 -0001.000 -0001.000 -0001.000 -0001.000 -0001.000 -0001.000 -0001.000 -0001.000 -0001.000 -0001.000 -0001.000 -0001.000 -0001.000 -0001.000 -0001.000 -0001.000 -0001.000 -0001.000 -0001.000 -0001.000 -0001.000 00014.334 00014.285 00014.292 00014.306 00014.325 00014.346 00014.369 00014.391 00014.409 00014.432 00014.463 00014.508 -0001.000 -0001.000 -0001.000 -0001.000 -0001.000
-0001.000 -0001.000 -0001.000 -0001.000 -0001.000 -0001.000 -0001.000 -0001.000 -0001.000 -0001.000 -0001.000 -0001.000 -0001.000 -0001.000 -0001.000 -0001.000 -0001.000 -0001.000 -0001.000 -0001.000 -0001.000 -0001.000 -0001.000 -0001.000 -0001.000 -0001.000 -0001.000 -0001.000 -0001.000 -0001.000 -0001.000 -0001.000 -0001.000 -0001.000 -0001.000 -0001.000 -0001.000 -0001.000 -0001.000 -0001.000 -0001.000 -0001.000 -0001.000 00014.275 00014.269 00014.284 00014.301 00014.321 00014.347 00014.370 00014.389 00014.410 00014.442 00014.480 00014.530 00014.608 -0001.000 -0001.000 -0001.000 -0001.000
-0001.000 -0001.000 -0001.000 -0001.000 -0001.000 -0001.000 -0001.000 -0001.000 -0001.000 -0001.000 -0001.000 -0001.000 -0001.000 -0001.000 -0001.000 -0001.000 -0001.000 -0001.000 -0001.000 -0001.000 -0001.000 -0001.000 -0001.000 -0001.000 -0001.000 -0001.000 -0001.000 -0001.000 -0001.000 -0001.000 -0001.000 -0001.000 -0001.000 -0001.000 -0001.000 -0001.000 -0001.000 -0001.000 -0001.000 -0001.000 -0001.000 -0001.000 00014.267 00014.253 00014.261 00014.277 00014.295 00014.320 00014.346 00014.368 00014.388 00014.421 00014.460 00014.510 00014.565 00014.643 00014.745 -0001.000 -0001.000 -0001.000
-0001.000 -0001.000 -0001.000 -0001.000 -0001.000 -0001.000 -0001.000 -0001.000 -0001.000 -0001.000 -0001.000 -0001.000 -0001.000 -0001.000 -0001.000 -0001.000 -0001.000 -0001.000 -0001.000 -0001.000 -0001.000 -0001.000 -0001.000 -0001.000 -0001.000 -0001.000 -0001.000 -0001.000 -0001.000 -0001.000 -0001.000 -0001.000 -0001.000 -0001.000 -0001.000 -0001.000 -0001.000 -0001.000 -0001.000 -0001.000 -0001.000 00014.272 00014.244 00014.240 00014.254 00014.271 00014.292 00014.318 00014.344 00014.367 00014.399 00014.440 00014.491 00014.549 00014.621 00014.704 00014.788 00014.891 00014.968 -0001.000
-0001.000 -0001.000 -0001.000 -0001.000 -0001.000 -0001.000 -0001.000 -0001.000 -0001.000 -0001.000 -0001.000 -0001.000 -0001.000 -0001.000 -0001.000 -0001.000 -0001.000 -0001.000 -0001.000 -0001.000 -0001.000 -0001.000 -0001.000 -0001.000 -0001.000 -0001.000 -0001.000 -0001.000 -0001.000 -0001.000 -0001.000 -0001.000 -0001.000 -0001.000 -0001.000 -0001.000 -0001.000 -0001.000 -0001.000 -0001.000 -0001.000 00014.228 00014.220 00014.233 00014.249 00014.268 00014.289 00014.316 00014.341 00014.372 00014.417 00014.472 00014.540 00014.615 00014.694 00014.776 00014.851 00014.949 00015.033 00015.299
-0001.000 -0001.000 -0001.000 -0001.000 -0001.000 -0001.000 -0001.000 -0001.000 -0001.000 -0001.000 -0001.000 -0001.000 -0001.000 -0001.000 -0001.000 -0001.000 -0001.000 -0001.000 -0001.000 -0001.000 -0001.000 -0001.000 -0001.000 -0001.000 -0001.000 -0001.000 -0001.000 -0001.000 -0001.000 -0001.000 -0001.000 -0001.000 -0001.000 -0001.000 -0001.000 -0001.000 -0001.000 -0001.000 -0001.000 00014.202 00014.188 00014.200 00014.211 00014.227 00014.245 00014.266 00014.289 00014.314 00014.340 00014.388 00014.456 00014.535 00014.610 00014.688 00014.793 00014.889 00014.983 00015.074 00015.179 00015.277
-0001.000 -0001.000 -0001.000 -0001.000 -0001.000 -0001.000 -0001.000 -0001.000 -0001.000 -0001.000 -0001.000 -0001.000 -0001.000 -0001.000 -0001.000 -0001.000 -0001.000 -0001.000 -0001.000 -0001.000 -0001.000 -0001.000 -0001.000 -0001.000 -0001.000 -0001.000 -0001.000 -0001.000 -0001.000 -0001.000 -0001.000 -0001.000 -0001.000 -0001.000 -0001.000 -0001.000 -0001.000 -0001.000 -0001.000 00014.170 00014.178 00014.189 00014.206 00014.223 00014.243 00014.264 00014.289 00014.312 00014.344 00014.438 00014.546 00014.690 00014.776 00014.864 00014.956 00015.051 00015.148 00015.242 00015.334 00015.415
-0001.000 -0001.000 -0001.000 -0001.000 -0001.000 -0001.000 -0001.000 -0001.000 -0001.000 -0001.000 -0001.000 -0001.000 -0001.000 -0001.000 -0001.000 -0001.000 -0001.000 -0001.000 -0001.000 -0001.000 -0001.000 -0001.000 -0001.000 -0001.000 -0001.000 -0001.000 -0001.000 -0001.000 -0001.000 -0001.000 -0001.000 -0001.000 -0001.000 -0001.000 -0001.000 -0001.000 -0001.000 -0001.000 00014.153 00014.157 00014.169 00014.184 00014.201 00014.219 00014.241 00014.264 00014.287 00014.315 00014.368 00014.838 00015.405 00015.136 00015.092 00015.143 00015.194 00015.245 00015.343 00015.432 00015.514 00015.599
-0001.000 -0001.000 -0001.000 -0001.000 -0001.000 -0001.000 -0001.000 -0001.000 -0001.000 -0001.000 -0001.000 -0001.000 -0001.000 -0001.000 -0001.000 -0001.000 -0001.000 -0001.000 -0001.000 -0001.000 -0001.000 -0001.000 -0001.000 -0001.000 -0001.000 -0001.000 -0001.000 -0001.000 -0001.000 -0001.000 -0001.000 -0001.000 -0001.000 -0001.000 -0001.000 -0001.000 00014.118 00014.121 00014.136 00014.148 00014.161 00014.178 00014.196 00014.218 00014.240 00014.263 00014.288 00014.318 00014.436 00015.248 00015.877 00016.900 00016.082 00015.690 00015.561 00015.577 00015.629 00015.678 00015.754 00015.833
-0001.000 -0001.000 -0001.000 -0001.000 -0001.000 -0001.000 -0001.000 -0001.000 -0001.000 -0001.000 -0001.000 -0001.000 -0001.000 -0001.000 -0001.000 -0001.000 -0001.000 -0001.000 -0001.000 -0001.000 -0001.000 -0001.000 -0001.000 -0001.000 -0001.000 -0001.000 -0001.000 -0001.000 -0001.000 -0001.000 -0001.000 -0001.000 00014.055 00014.054 00014.054 00014.079 00014.095 00014.113 00014.127 00014.139 00014.155 00014.173 00014.193 00014.216 00014.239 00014.262 00014.292 00014.324 00014.445 00014.974 00015.624 00016.652 00017.388 00017.008 00016.137 00015.942 00015.979 00016.014 00016.060 00016.110
-0001.000 -0001.000 -0001.000 -0001.000 -0001.000 -0001.000 -0001.000 -0001.000 -0001.000 -0001.000 -0001.000 -0001.000 -0001.000 -0001.000 -0001.000 -0001.000 -0001.000 -0001.000 -0001.000 -0001.000 -0001.000 -0001.000 -0001.000 -0001.000 -0001.000 -0001.000 -0001.000 -0001.000 -0001.000 -0001.000 00014.035 00014.026 00014.030 00014.034 00014.048 00014.067 00014.087 00014.105 00014.117 00014.132 00014.150 00014.169 00014.192 00014.215 00014.239 00014.267 00014.297 00014.333 00014.471 00014.759 00015.237 00015.978 00016.776 00018.085 00017.050 00016.359 00016.372 00016.389 00016.411 00016.460
-0001.000 -0001.000 -0001.000 -0001.000 -0001.000 -0001.000 -0001.000 -0001.000 -0001.000 -0001.000 -0001.000 -0001.000 -0001.000 -0001.000 -0001.000 -0001.000 -0001.000 -0001.000 -0001.000 -0001.000 -0001.000 -0001.000 -0001.000 -0001.000 -0001.000 -0001.000 -0001.000 -0001.000 -0001.000 00014.018 00014.007 00014.011 00014.014 00014.023 00014.041 00014.061 00014.080 00014.095 00014.108 00014.127 00014.146 00014.167 00014.191 00014.216 00014.242 00014.272 00014.308 00014.346 00014.394 00014.582 00014.862 00015.485 00016.681 00018.105 00019.280 00017.312 00016.904 00016.795 00016.800 00016.816
-0001.000 -0001.000 -0001.000 -0001.000 -0001.000 -0001.000 -0001.000 -0001.000 -0001.000 -0001.000 -0001.000 -0001.000 -0001.000 -0001.000 -0001.000 -0001.000 -0001.000 -0001.000 -0001.000 -0001.000 -0001.000 -0001.000 -0001.000 -0001.000 -0001.000 -0001.000 00013.998 00013.991 00013.987 00013.986 00013.986 00013.989 00013.992 00014.011 00014.031 00014.052 00014.071 00014.085 00014.102 00014.122 00014.141 00014.165 00014.190 00014.217 00014.248 00014.283 00014.320 00014.360 00014.403 00014.464 00014.643 00015.169 00016.584 00018.502 00020.418 00021.292 00018.802 00017.298 00017.179 00017.177
-0001.000 -0001.000 -0001.000 -0001.000 -0001.000 -0001.000 -0001.000 -0001.000 -0001.000 -0001.000 -0001.000 -0001.000 -0001.000 -0001.000 -0001.000 -0001.000 -0001.000 -0001.000 -0001.000 -0001.000 -0001.000 -0001.000 -0001.000 -0001.000 00013.980 00013.970 00013.967 00013.964 00013.962 00013.961 00013.962 00013.965 00013.971 00013.991 00014.019 00014.043 00014.061 00014.077 00014.097 00014.117 00014.139 00014.164 00014.192 00014.222 00014.256 00014.293 00014.334 00014.375 00014.421 00014.475 00014.543 00015.031 00017.308 00019.741 00022.578 00033.264 00022.643 00019.060 00017.545 00017.516
-0001.000 -0001.000 -0001.000 -0001.000 -0001.000 -0001.000 -0001.000 -0001.000 -0001.000 -0001.000 -0001.000 -0001.000 -0001.000 -0001.000 -0001.000 -0001.000 -0001.000 -0001.000 -0001.000 -0001.000 -0001.000 -0001.000 00013.944 00013.935 00013.939 00013.942 00013.943 00013.942 00013.940 00013.939 00013.940 00013.942 00013.951 00013.965 00014.002 00014.032 00014.051 00014.071 00014.092 00014.113 00014.137 00014.164 00014.194 00014.229 00014.266 00014.308 00014.350 00014.394 00014.445 00014.504 00014.653 00015.631 00017.945 00019.769 00022.348 00033.431 00034.520 00032.396 00019.319 00018.068
00017.212 00017.056 00016.855 00016.864 -0001.000 -0001.000 -0001.000 -0001.000 -0001.000 -0001.000 -0001.000 -0001.000 -0001.000 -0001.000 -0001.000 -0001.000 -0001.000 -0001.000 -0001.000 00013.923 00013.895 00013.894 00013.899 00013.906 00013.911 00013.916 00013.919 00013.917 00013.916 00013.916 00013.918 00013.920 00013.931 00013.942 00013.981 00014.020 00014.044 00014.067 00014.087 00014.111 00014.135 00014.165 00014.197 00014.238 00014.280 00014.324 00014.369 00014.420 00014.479 00014.541 00014.754 00016.209 00017.666 00019.642 00032.033 00033.708 00034.842 00035.752 00033.409 00021.507
00016.912 00016.723 00016.518 00016.414 00016.317 00016.009 00015.900 00015.770 00015.628 00015.662 -0001.000 -0001.000 -0001.000 -0001.000 -0001.000 -0001.000 -0001.000 -0001.000 00013.923 00013.886 00013.866 00013.869 00013.874 00013.882 00013.886 00013.891 00013.893 00013.893 00013.892 00013.893 00013.895 00013.900 00013.911 00013.921 00013.962 00014.007 00014.039 00014.062 00014.086 00014.109 00014.137 00014.166 00014.206 00014.250 00014.296 00014.343 00014.395 00014.454 00014.515 00014.584 00014.943 00015.822 00017.563 00019.566 00032.242 00034.061 00035.319 00036.300 00036.668 00035.111
00016.732 00016.515 00016.308 00016.178 00016.037 00015.813 00015.683 00015.535 00015.361 00015.124 00014.891 00014.635 00014.404 00014.238 00014.148 00014.069 00014.000 00013.946 00013.890 00013.860 00013.840 00013.845 00013.851 00013.858 00013.862 00013.866 00013.868 00013.868 00013.868 00013.870 00013.872 00013.879 00013.889 00013.902 00013.947 00013.998 00014.034 00014.059 00014.085 00014.111 00014.139 00014.174 00014.216 00014.265 00014.315 00014.370 00014.427 00014.487 00014.552 00014.668 00015.243 00015.852 00017.466 00020.106 00033.055 00034.976 00036.222 00036.897 00036.948 00036.993
00016.642 00016.376 00016.177 00016.027 00015.895 00015.658 00015.508 00015.340 00015.155 00014.930 00014.692 00014.452 00014.308 00014.196 00014.105 00014.037 00013.977 00013.921 00013.867 00013.840 00013.819 00013.821 00013.827 00013.833 00013.837 00013.841 00013.843 00013.843 00013.844 00013.846 00013.850 00013.858 00013.867 00013.889 00013.933 00013.988 00014.029 00014.059 00014.086 00014.114 00014.145 00014.184 00014.230 00014.281 00014.343 00014.400 00014.458 00014.522 00014.595 00014.809 00015.195 00016.106 00018.476 00021.984 00034.058 00035.561 00036.238 00036.505 00036.589 00036.678
00016.583 00016.328 00016.109 00015.911 00015.789 00015.554 00015.376 00015.195 00015.026 00014.803 00014.589 00014.386 00014.269 00014.165 00014.076 00014.009 00013.955 00013.898 00013.848 00013.822 00013.800 00013.797 00013.802 00013.808 00013.812 00013.815 00013.817 00013.818 00013.820 00013.822 00013.828 00013.836 00013.844 00013.878 00013.922 00013.976 00014.029 00014.059 00014.089 00014.120 00014.157 00014.200 00014.246 00014.312 00014.372 00014.429 00014.520 00014.612 00014.705 00014.815 00015.503 00017.389 00019.701 00022.286 00033.414 00034.870 00035.703 00035.931 00036.119 00036.260
00016.550 00016.318 00016.061 00015.810 00015.696 00015.469 00015.257 00015.071 00014.927 00014.700 00014.512 00014.355 00014.240 00014.139 00014.049 00013.988 00013.934 00013.877 00013.832 00013.804 00013.782 00013.772 00013.778 00013.783 00013.787 00013.789 00013.791 00013.793 00013.795 00013.798 00013.805 00013.813 00013.829 00013.866 00013.912 00013.973 00014.030 00014.064 00014.094 00014.132 00014.172 00014.217 00014.281 00014.348 00014.493 00014.556 00014.630 00014.714 00014.803 00014.968 00016.434 00018.296 00019.440 00020.912 00032.707 00034.121 00034.722 00035.094 00035.387 00035.754
00016.609 00016.310 00016.068 00015.825 00015.623 00015.382 00015.150 00014.974 00014.820 00014.624 00014.459 00014.327 00014.213 00014.114 00014.022 00013.970 00013.916 00013.858 00013.815 00013.785 00013.762 00013.747 00013.752 00013.757 00013.761 00013.763 00013.766 00013.768 00013.771 00013.775 00013.782 00013.789 00013.819 00013.858 00013.903 00013.978 00014.034 00014.068 00014.107 00014.146 00014.193 00014.254 00014.321 00018.381 00017.846 00014.947 00014.780 00014.810 00014.926 00015.211 00016.771 00017.936 00018.935 00020.314 00022.525 00033.241 00033.814 00034.235 00034.678 00035.164
00016.668 00016.366 00016.078 00015.837 00015.569 00015.347 00015.125 00014.935 00014.751 00014.577 00014.422 00014.301 00014.187 00014.090 00013.997 00013.953 00013.899 00013.844 00013.796 00013.766 00013.740 00013.721 00013.726 00013.731 00013.734 00013.737 00013.740 00013.743 00013.746 00013.752 00013.758 00013.774 00013.810 00013.849 00013.912 00013.989 00014.040 00014.082 00014.120 00014.171 00014.230 00014.297 00018.514 00033.634 00022.699 00019.271 00015.779 00014.982 00015.042 00015.325 00015.972 00017.474 00018.519 00019.962 00021.766 00032.621 00033.189 00033.764 00034.517 00034.830
