data/trial9/ashley.fli
NCOLS 382
NROWS 266
XLLCORNER 157819.328125
YLLCORNER 384678.625000
CELLSIZE 30.000000
NODATA_VALUE -1
[rows 78 to 103 of 266, columns 240 to 299 of 382]
00026.518 00025.789 00026.436 00027.528 00028.051 00031.210 00032.767 00032.541 00032.317 00034.943 00038.955 00041.844 00071.778 00078.210 00073.468 00072.754 00073.091 00097.410 00104.266 00097.677 00097.621 00095.756 00095.400 00057.050 00051.706 00134.934 00120.935 00097.960 00071.920 00071.435 00104.493 00166.759 00151.660 00130.492 00116.824 00065.925 00084.759 00013.643 00011.914 00032.585 00063.425 00065.453 00063.788 00052.873 00037.076 00029.910 00021.108 00056.647 00104.435 00104.655 00107.236 00097.196 00089.018 00094.019 00080.426 00064.555 00043.400 00038.771 00044.457 00050.244
00020.407 00024.704 00025.321 00027.174 00027.412 00029.237 00030.182 00030.242 00030.562 00030.677 00040.966 00040.508 00044.131 00073.337 00074.722 00075.266 00074.126 00087.634 00099.804 00094.986 00081.928 00079.653 00076.915 00062.526 00096.739 00125.326 00124.314 00096.051 00077.130 00061.603 00063.430 00087.555 00142.212 00163.996 00124.089 00058.719 00064.276 00038.219 00020.429 00012.153 00024.680 00036.413 00046.261 00031.698 00045.494 00019.878 00054.387 00108.860 00112.887 00109.673 00098.727 00103.608 00102.674 00102.151 00083.075 00065.783 00047.930 00040.406 00046.038 00048.702
00015.440 00019.571 00022.722 00027.114 00027.728 00027.471 00027.929 00028.111 00028.130 00028.990 00035.297 00042.922 00044.054 00043.454 00070.412 00070.917 00073.295 00087.312 00088.348 00106.136 00090.689 00071.097 00067.308 00064.367 00043.639 00116.940 00132.441 00120.231 00089.284 00069.454 00055.096 00054.730 00064.324 00130.264 00147.041 00104.962 00061.120 00054.182 00002.419 00009.666 00015.851 00014.354 00014.838 00017.028 00019.807 00052.203 00067.275 00110.228 00115.620 00095.085 00099.270 00104.762 00116.700 00122.662 00098.234 00067.220 00052.749 00046.032 00046.828 00046.138
00014.070 00018.446 00022.665 00026.251 00029.242 00026.750 00025.244 00025.812 00029.659 00032.488 00034.117 00036.477 00044.377 00044.537 00042.733 00065.951 00066.132 00071.751 00089.614 00087.626 00086.101 00079.468 00061.357 00058.322 00058.922 00056.337 00103.564 00113.366 00097.989 00079.842 00059.774 00049.988 00048.089 00070.448 00097.673 00098.345 00059.115 00025.513 00001.285 00001.201 00031.754 00029.370 00029.699 00044.843 00061.520 00080.864 00105.248 00112.713 00106.195 00091.490 00110.979 00136.034 00138.964 00131.790 00092.155 00073.477 00057.635 00053.376 00046.322 00046.537
00011.630 00015.409 00021.530 00029.891 00028.831 00027.600 00026.238 00023.464 00028.314 00033.432 00040.037 00040.412 00037.845 00045.574 00044.312 00041.165 00062.300 00063.295 00073.140 00087.753 00089.809 00072.641 00062.604 00057.272 00055.420 00056.378 00073.638 00083.163 00082.386 00074.302 00067.867 00053.223 00044.944 00048.826 00060.658 00076.254 00030.472 00002.425 00001.783 00007.793 00035.635 00029.848 00036.899 00050.117 00056.545 00071.078 00096.480 00091.236 00106.369 00104.509 00126.663 00176.363 00164.547 00138.978 00096.562 00078.067 00061.415 00054.755 00052.578 00047.123
00011.792 00017.429 00023.755 00031.201 00030.079 00029.118 00026.647 00032.127 00030.972 00032.580 00041.109 00037.507 00036.146 00035.565 00043.493 00040.076 00037.512 00062.982 00070.728 00078.466 00078.450 00068.581 00064.078 00058.164 00057.756 00064.767 00068.401 00061.842 00062.046 00058.912 00055.381 00046.446 00043.570 00040.007 00035.538 00031.390 00026.459 00000.526 00001.377 00023.169 00044.506 00109.028 00080.429 00050.476 00064.851 00074.306 00085.397 00100.941 00122.809 00132.335 00159.207 00182.459 00169.702 00148.896 00100.971 00080.655 00067.915 00042.699 00061.914 00058.719
00010.613 00017.046 00025.146 00029.445 00028.606 00025.964 00050.222 00036.346 00036.843 00035.267 00037.419 00038.606 00035.170 00036.092 00036.509 00040.686 00037.361 00042.355 00071.031 00072.296 00077.606 00074.503 00056.818 00056.548 00054.311 00063.291 00065.826 00061.762 00063.656 00059.803 00056.693 00045.660 00043.748 00037.933 00034.207 00034.617 00032.693 00001.177 00001.984 00001.277 00107.844 00110.732 00113.731 00116.376 00072.926 00053.105 00077.947 00099.248 00130.543 00154.601 00162.969 00178.526 00167.212 00148.345 00099.356 00084.790 00072.039 00012.214 00033.735 00070.419
00007.690 00017.646 00024.006 00028.823 00025.826 00025.892 00029.119 00043.659 00048.556 00040.159 00045.429 00045.645 00041.020 00036.659 00034.519 00033.739 00043.747 00049.095 00046.572 00055.577 00070.378 00069.938 00061.990 00054.132 00053.507 00060.249 00066.712 00066.556 00061.527 00060.154 00056.840 00053.005 00047.379 00036.997 00034.637 00034.125 00010.299 00002.047 00027.861 00095.368 00107.812 00117.083 00121.649 00125.258 00117.666 00105.134 00058.325 00055.818 00106.280 00130.301 00145.693 00139.567 00139.248 00100.352 00097.412 00093.430 00031.590 00001.990 00012.730 00056.242
00005.034 00015.013 00022.706 00028.321 00026.795 00031.309 00036.663 00035.583 00039.788 00039.465 00039.347 00043.259 00043.859 00039.471 00035.016 00032.916 00036.075 00041.595 00047.968 00048.264 00047.420 00062.203 00063.477 00056.935 00055.113 00051.729 00067.757 00067.469 00061.803 00056.326 00049.472 00046.297 00042.463 00036.607 00034.730 00006.806 00001.898 00020.807 00045.342 00085.459 00118.226 00122.737 00129.164 00135.202 00129.956 00138.072 00084.695 00060.677 00059.655 00060.656 00055.268 00069.018 00081.024 00076.081 00071.578 00019.143 00002.036 00014.266 00067.358 00010.317
00015.537 00013.125 00021.836 00023.409 00024.562 00033.895 00042.227 00045.444 00037.004 00035.862 00037.694 00047.574 00046.461 00039.163 00034.125 00033.443 00035.419 00038.552 00040.923 00043.979 00040.273 00040.139 00036.614 00054.973 00054.134 00055.955 00061.624 00064.905 00059.628 00053.097 00048.290 00044.308 00040.011 00038.358 00031.569 00002.052 00037.884 00118.891 00131.060 00118.365 00119.280 00122.848 00134.914 00141.809 00139.654 00134.641 00139.127 00121.389 00145.075 00152.345 00073.977 00071.890 00090.065 00082.988 00032.731 00001.953 00001.608 00001.046 00001.088 00001.374
00021.143 00006.421 00015.069 00013.992 00012.889 00035.904 00041.548 00041.436 00032.090 00031.163 00029.555 00034.759 00034.696 00043.014 00033.602 00031.305 00031.980 00037.359 00034.405 00036.134 00035.299 00039.461 00036.444 00035.975 00052.891 00052.807 00051.817 00054.672 00055.118 00047.958 00029.570 00004.053 00000.821 00000.819 00001.878 00003.968 00124.376 00043.172 00105.056 00128.709 00175.475 00198.126 00222.021 00232.692 00230.707 00148.742 00143.263 00136.918 00163.944 00221.809 00102.991 00081.887 00105.696 00092.646 00008.143 00001.637 00001.345 00001.220 00001.674 00001.670
00007.960 00002.936 00006.443 00006.560 00007.719 00010.155 00020.196 00034.080 00036.765 00026.973 00027.584 00033.494 00054.960 00036.483 00031.579 00032.948 00031.718 00032.651 00035.291 00031.760 00029.598 00030.353 00032.039 00035.471 00035.501 00036.398 00049.090 00048.768 00045.318 00039.985 00033.215 00000.952 00000.956 00009.549 00015.965 00074.259 00067.231 00215.784 00218.906 00192.260 00177.449 00192.204 00214.236 00235.812 00235.173 00161.012 00138.517 00126.542 00154.401 00187.693 00099.085 00028.294 00035.938 00001.713 00001.363 00001.485 00000.966 00001.380 00002.129 00002.300
00011.760 00007.647 00007.284 00009.286 00009.872 00015.012 00014.500 00043.113 00039.153 00031.786 00027.248 00038.371 00050.735 00042.992 00039.491 00031.099 00034.325 00033.201 00030.668 00031.100 00030.279 00032.084 00032.449 00031.209 00035.803 00039.311 00040.694 00041.278 00037.453 00023.095 00000.763 00000.760 00000.595 00029.258 00046.807 00071.380 00030.481 00115.276 00155.951 00187.868 00181.667 00180.103 00202.869 00224.290 00210.306 00155.236 00103.560 00104.191 00122.698 00087.538 00019.929 00001.929 00001.410 00001.297 00000.984 00000.976 00001.355 00001.619 00002.189 00002.167
00010.696 00009.051 00007.368 00008.914 00015.375 00016.393 00029.978 00038.916 00028.113 00030.995 00036.564 00043.050 00050.148 00038.918 00029.946 00028.910 00033.018 00034.097 00035.296 00035.265 00033.758 00031.641 00032.411 00031.438 00031.993 00032.027 00032.073 00013.935 00004.208 00000.861 00000.794 00000.459 00014.728 00039.656 00051.121 00051.707 00041.493 00007.111 00002.999 00002.587 00002.249 00001.800 00001.537 00059.021 00090.619 00081.021 00037.134 00069.224 00068.998 00075.163 00002.101 00001.687 00001.479 00000.528 00001.631 00001.715 00001.591 00001.960 00002.098 00001.887
00010.673 00008.762 00008.547 00012.049 00019.241 00018.501 00017.945 00039.501 00035.162 00027.391 00031.781 00037.452 00044.644 00034.400 00026.530 00028.587 00030.816 00030.355 00029.349 00029.677 00033.099 00033.087 00030.822 00031.044 00030.770 00031.162 00031.058 00032.238 00000.997 00000.897 00001.755 00004.812 00026.382 00049.677 00063.595 00054.162 00067.003 00033.311 00004.628 00003.539 00002.824 00002.565 00002.446 00002.161 00001.775 00009.166 00036.774 00045.410 00036.343 00001.685 00001.453 00001.336 00001.103 00001.360 00001.613 00002.173 00001.941 00001.872 -0001.000 -0001.000
00010.651 00008.540 00008.332 00013.585 00018.758 00022.452 00036.389 00035.707 00033.522 00033.967 00035.350 00037.670 00033.232 00028.947 00025.896 00027.872 00027.565 00027.330 00025.882 00027.197 00027.249 00029.735 00031.537 00031.826 00029.863 00015.669 00003.738 00000.673 00000.551 00000.786 00005.067 00025.564 00045.129 00053.602 00064.595 00053.319 00013.454 00002.841 00004.040 00003.505 00002.885 00002.408 00002.055 00001.928 00001.929 00001.480 00001.127 00001.009 00001.089 00001.118 00001.088 00000.795 00001.207 00001.444 00001.884 00002.024 00001.993 -0001.000 -0001.000 -0001.000
00010.415 00008.545 00008.196 00012.124 00017.065 00031.557 00026.195 00027.254 00027.188 00027.040 00032.365 00033.599 00032.761 00027.282 00026.520 00026.397 00024.687 00024.112 00024.921 00024.234 00027.437 00026.834 00027.937 00025.780 00021.912 00000.933 00000.740 00000.604 00000.363 00018.829 00034.835 00034.947 00037.701 00051.606 00066.250 00075.202 00038.427 00010.191 00003.981 00003.526 00002.689 00002.317 00001.600 00001.636 00001.505 00001.237 00000.882 00000.640 00000.576 00000.674 00000.800 00001.131 00001.418 00001.751 00001.798 00001.688 -0001.000 -0001.000 -0001.000 -0001.000
00010.547 00008.703 00008.820 00011.141 00012.066 00021.036 00032.571 00023.079 00021.412 00023.116 00025.408 00030.933 00025.153 00020.774 00023.038 00021.349 00020.710 00019.929 00019.876 00022.119 00008.107 00029.572 00013.659 00000.841 00001.083 00001.021 00001.330 00020.984 00004.331 00033.412 00032.651 00038.479 00040.903 00057.654 00058.719 00077.294 00053.763 00022.668 00022.244 00004.289 00002.973 00002.100 00001.684 00001.507 00000.819 00000.983 00001.090 00001.164 00001.148 00001.181 00001.144 00001.355 00001.542 00001.461 00001.421 -0001.000 -0001.000 -0001.000 -0001.000 -0001.000
00010.583 00010.894 00010.630 00013.169 00012.421 00012.899 00026.270 00028.415 00028.774 00021.266 00020.874 00019.453 00017.674 00018.372 00015.811 00005.898 00000.336 00000.308 00000.290 00000.329 00000.421 00015.261 00035.379 00021.457 00019.868 00013.052 00029.759 00013.984 00013.447 00045.571 00030.601 00042.365 00040.916 00042.946 00057.963 00048.329 00072.460 00071.144 00063.613 00004.785 00003.899 00002.683 00001.733 00001.284 00001.703 00001.267 00001.436 00001.601 00001.528 00001.320 -0001.000 -0001.000 -0001.000 -0001.000 -0001.000 -0001.000 -0001.000 -0001.000 -0001.000 -0001.000
00010.358 00011.438 00010.460 00011.699 00010.286 00007.218 00013.772 00017.339 00023.886 00028.532 00027.394 00023.846 00020.243 00007.280 00001.034 00000.422 00000.816 00000.911 00000.873 00000.535 00003.301 00021.577 00040.834 00050.339 00077.033 00049.328 00047.360 00024.500 00032.084 00041.435 00041.646 00038.824 00048.171 00039.620 00043.456 00048.824 00052.816 00058.456 00021.832 00007.348 00004.300 00002.957 00001.766 00000.967 00001.558 00001.773 00001.426 00001.422 -0001.000 -0001.000 -0001.000 -0001.000 -0001.000 -0001.000 -0001.000 -0001.000 -0001.000 -0001.000 -0001.000 -0001.000
00011.023 00012.444 00013.983 00012.647 00012.388 00012.380 00000.952 00005.997 00013.211 00014.464 00011.958 00008.605 00001.008 00000.449 00000.746 00000.965 00001.090 -0001.000 00017.784 00013.541 00010.386 00025.430 00069.774 00099.751 00100.067 00078.699 00069.446 00028.996 00034.259 00042.225 00051.760 00049.144 00052.084 00045.861 00036.991 00039.059 00041.145 00024.450 00006.823 00002.768 00002.959 00002.696 00001.947 00001.196 00001.563 00001.631 00001.631 -0001.000 -0001.000 -0001.000 -0001.000 -0001.000 -0001.000 -0001.000 -0001.000 -0001.000 -0001.000 -0001.000 -0001.000 -0001.000
00009.355 00011.252 00013.183 00013.202 00009.567 00013.040 00026.396 00022.545 00017.155 00009.431 00000.392 00000.527 00000.716 00000.758 -0001.000 -0001.000 -0001.000 -0001.000 00004.639 00018.165 00021.392 00035.455 00063.698 00103.875 00108.743 00077.210 00078.409 00031.707 00037.805 00041.742 00051.912 00052.115 00063.454 00066.680 00068.077 00066.191 00059.396 00053.771 00034.092 00020.131 00013.732 00005.082 00001.730 00001.467 00001.621 00001.588 00001.426 -0001.000 -0001.000 -0001.000 -0001.000 -0001.000 -0001.000 -0001.000 -0001.000 -0001.000 -0001.000 -0001.000 -0001.000 -0001.000
-0001.000 00009.385 00010.986 00010.959 00010.417 00005.933 00012.810 00012.306 00000.497 00000.731 00000.800 -0001.000 -0001.000 -0001.000 -0001.000 -0001.000 -0001.000 00021.043 00015.619 00020.286 00014.906 00026.443 00047.320 00066.656 00103.482 00073.275 00072.329 00030.641 00037.049 00046.198 00052.088 00055.805 00064.099 00085.180 00085.286 00085.453 00074.734 00070.975 00080.604 00070.005 00046.548 00015.148 00001.762 00001.299 00001.424 00001.518 -0001.000 -0001.000 00000.654 00013.941 00000.667 00000.826 -0001.000 -0001.000 -0001.000 -0001.000 -0001.000 -0001.000 -0001.000 -0001.000
-0001.000 -0001.000 00004.889 00001.950 00000.557 00000.590 00000.640 00000.718 00000.811 -0001.000 -0001.000 -0001.000 -0001.000 -0001.000 -0001.000 -0001.000 -0001.000 00022.092 00023.869 00022.248 00020.132 00025.543 00040.088 00056.653 00062.999 00067.979 00060.270 00042.154 00040.882 00047.711 00055.070 00055.191 00055.204 00080.506 00084.645 00088.736 00091.519 00095.692 00101.032 00106.562 00080.851 00026.757 00000.585 00005.218 00000.857 00000.753 00000.683 00000.616 00006.279 00021.992 00026.693 00000.942 00001.021 -0001.000 -0001.000 -0001.000 -0001.000 -0001.000 -0001.000 -0001.000
-0001.000 -0001.000 -0001.000 -0001.000 -0001.000 -0001.000 -0001.000 -0001.000 -0001.000 -0001.000 -0001.000 -0001.000 -0001.000 -0001.000 -0001.000 -0001.000 00003.446 00024.332 00026.836 00026.998 00024.065 00021.713 00028.128 00032.044 00048.413 00064.240 00069.979 00027.320 00038.677 00049.969 00050.286 00056.215 00049.467 00048.931 00059.658 00071.918 00084.215 00083.836 00073.786 00071.620 00044.263 00045.919 00005.652 00045.449 00045.566 00020.604 00052.351 00009.672 00031.078 00037.881 00042.809 00042.974 00001.968 00010.645 00000.845 00001.052 00001.074 00001.033 00004.625 00022.213
-0001.000 -0001.000 -0001.000 -0001.000 -0001.000 -0001.000 -0001.000 -0001.000 -0001.000 -0001.000 -0001.000 -0001.000 -0001.000 -0001.000 -0001.000 -0001.000 00011.471 00026.731 00029.940 00028.456 00027.535 00027.946 00022.238 00013.066 00033.258 00052.835 00071.183 00007.319 00030.500 00045.496 00046.333 00049.151 00057.888 00059.613 00060.911 00061.519 00048.375 00058.127 00075.849 00034.210 00007.320 00015.686 00026.533 00042.476 00047.006 00052.830 00056.079 00051.282 00064.990 00050.002 00049.934 00052.019 00064.919 00038.229 00032.560 00054.174 00058.352 00004.615 00001.211 00033.600
