data/trial9/ashley.hpa
NCOLS 382
NROWS 266
XLLCORNER 157819.328125
YLLCORNER 384678.625000
CELLSIZE 30.000000
NODATA_VALUE -1
[rows 0 to 25 of 266, columns 240 to 299 of 382]
-0001.000 -0001.000 -0001.000 -0001.000 -0001.000 -0001.000 -0001.000 -0001.000 -0001.000 -0001.000 -0001.000 -0001.000 -0001.000 -0001.000 -0001.000 -0001.000 -0001.000 -0001.000 -0001.000 -0001.000 -0001.000 -0001.000 -0001.000 -0001.000 -0001.000 -0001.000 -0001.000 -0001.000 -0001.000 -0001.000 -0001.000 -0001.000 -0001.000 -0001.000 -0001.000 -0001.000 -0001.000 -0001.000 -0001.000 -0001.000 -0001.000 -0001.000 -0001.000 -0001.000 -0001.000 -0001.000 -0001.000 -0001.000 -0001.000 -0001.000 -0001.000 -0001.000 -0001.000 -0001.000 -0001.000 -0001.000 -0001.000 -0001.000 -0001.000 -0001.000
-0001.000 -0001.000 -0001.000 -0001.000 -0001.000 -0001.000 -0001.000 -0001.000 -0001.000 -0001.000 -0001.000 -0001.000 -0001.000 -0001.000 -0001.000 -0001.000 -0001.000 -0001.000 -0001.000 -0001.000 -0001.000 -0001.000 -0001.000 -0001.000 -0001.000 -0001.000 -0001.000 -0001.000 -0001.000 -0001.000 -0001.000 -0001.000 -0001.000 -0001.000 -0001.000 -0001.000 -0001.000 -0001.000 -0001.000 -0001.000 -0001.000 -0001.000 -0001.000 -0001.000 00091.526 00091.732 00091.968 00093.567 00095.063 00097.439 00099.706 00100.108 00100.080 00099.954 -0001.000 -0001.000 -0001.000 -0001.000 -0001.000 -0001.000
-0001.000 -0001.000 -0001.000 -0001.000 -0001.000 -0001.000 -0001.000 -0001.000 -0001.000 -0001.000 -0001.000 -0001.000 -0001.000 -0001.000 -0001.000 -0001.000 -0001.000 -0001.000 -0001.000 -0001.000 -0001.000 -0001.000 -0001.000 -0001.000 -0001.000 -0001.000 -0001.000 -0001.000 -0001.000 -0001.000 -0001.000 -0001.000 -0001.000 -0001.000 -0001.000 -0001.000 -0001.000 -0001.000 -0001.000 -0001.000 -0001.000 -0001.000 -0001.000 -0001.000 00091.214 00091.211 00092.103 00092.847 00095.041 00097.251 00099.316 00100.251 00100.105 00099.892 -0001.000 -0001.000 -0001.000 -0001.000 -0001.000 -0001.000
-0001.000 -0001.000 -0001.000 -0001.000 -0001.000 -0001.000 -0001.000 -0001.000 -0001.000 -0001.000 -0001.000 -0001.000 -0001.000 -0001.000 -0001.000 -0001.000 -0001.000 -0001.000 -0001.000 -0001.000 -0001.000 -0001.000 -0001.000 -0001.000 -0001.000 -0001.000 -0001.000 -0001.000 -0001.000 -0001.000 -0001.000 -0001.000 -0001.000 -0001.000 -0001.000 -0001.000 -0001.000 -0001.000 -0001.000 -0001.000 -0001.000 -0001.000 -0001.000 00091.723 00090.978 00090.946 00091.423 00092.343 00094.345 00096.793 00098.729 00100.041 00100.032 00099.976 00098.278 -0001.000 -0001.000 -0001.000 -0001.000 -0001.000
-0001.000 -0001.000 -0001.000 -0001.000 -0001.000 -0001.000 -0001.000 -0001.000 -0001.000 -0001.000 -0001.000 -0001.000 -0001.000 -0001.000 -0001.000 -0001.000 -0001.000 -0001.000 -0001.000 -0001.000 -0001.000 -0001.000 -0001.000 -0001.000 -0001.000 -0001.000 -0001.000 -0001.000 -0001.000 -0001.000 -0001.000 -0001.000 -0001.000 -0001.000 -0001.000 -0001.000 -0001.000 -0001.000 -0001.000 -0001.000 -0001.000 -0001.000 -0001.000 00091.378 00091.217 00090.851 00090.986 00091.404 00093.435 00096.106 00097.011 00099.611 00099.800 00099.077 00097.367 00096.209 -0001.000 -0001.000 -0001.000 -0001.000
-0001.000 -0001.000 -0001.000 -0001.000 -0001.000 -0001.000 -0001.000 -0001.000 -0001.000 -0001.000 -0001.000 -0001.000 -0001.000 -0001.000 -0001.000 -0001.000 -0001.000 -0001.000 -0001.000 -0001.000 -0001.000 -0001.000 -0001.000 -0001.000 -0001.000 -0001.000 -0001.000 -0001.000 -0001.000 -0001.000 -0001.000 -0001.000 -0001.000 -0001.000 -0001.000 -0001.000 -0001.000 -0001.000 -0001.000 -0001.000 -0001.000 -0001.000 00092.902 00092.841 00091.876 00091.086 00090.958 00090.231 00092.122 00094.454 00094.578 00098.576 00099.760 00099.391 00098.094 00095.966 00096.302 -0001.000 -0001.000 -0001.000
-0001.000 -0001.000 -0001.000 -0001.000 -0001.000 -0001.000 -0001.000 -0001.000 -0001.000 -0001.000 -0001.000 -0001.000 -0001.000 -0001.000 -0001.000 -0001.000 -0001.000 -0001.000 -0001.000 -0001.000 -0001.000 -0001.000 -0001.000 -0001.000 -0001.000 -0001.000 -0001.000 -0001.000 -0001.000 -0001.000 -0001.000 -0001.000 -0001.000 -0001.000 -0001.000 -0001.000 -0001.000 -0001.000 -0001.000 -0001.000 -0001.000 00094.553 00093.512 00093.317 00093.112 00091.972 00091.496 00089.919 00091.560 00092.827 00095.986 00098.169 00099.443 00099.030 00097.980 00096.945 00096.041 00096.198 00094.112 -0001.000
-0001.000 -0001.000 -0001.000 -0001.000 -0001.000 -0001.000 -0001.000 -0001.000 -0001.000 -0001.000 -0001.000 -0001.000 -0001.000 -0001.000 -0001.000 -0001.000 -0001.000 -0001.000 -0001.000 -0001.000 -0001.000 -0001.000 -0001.000 -0001.000 -0001.000 -0001.000 -0001.000 -0001.000 -0001.000 -0001.000 -0001.000 -0001.000 -0001.000 -0001.000 -0001.000 -0001.000 -0001.000 -0001.000 -0001.000 -0001.000 -0001.000 00093.838 00093.750 00093.523 00093.297 00092.835 00092.374 00090.395 00091.636 00092.848 00094.600 00095.107 00098.699 00098.474 00098.314 00097.048 00096.555 00094.834 00094.308 00093.793
-0001.000 -0001.000 -0001.000 -0001.000 -0001.000 -0001.000 -0001.000 -0001.000 -0001.000 -0001.000 -0001.000 -0001.000 -0001.000 -0001.000 -0001.000 -0001.000 -0001.000 -0001.000 -0001.000 -0001.000 -0001.000 -0001.000 -0001.000 -0001.000 -0001.000 -0001.000 -0001.000 -0001.000 -0001.000 -0001.000 -0001.000 -0001.000 -0001.000 -0001.000 -0001.000 -0001.000 -0001.000 -0001.000 -0001.000 00091.991 00092.250 00092.864 00093.573 00093.557 00093.380 00093.265 00091.662 00090.845 00092.063 00096.560 00093.535 00095.475 00098.192 00098.388 00097.794 00097.024 00096.517 00096.407 00095.502 00094.185
-0001.000 -0001.000 -0001.000 -0001.000 -0001.000 -0001.000 -0001.000 -0001.000 -0001.000 -0001.000 -0001.000 -0001.000 -0001.000 -0001.000 -0001.000 -0001.000 -0001.000 -0001.000 -0001.000 -0001.000 -0001.000 -0001.000 -0001.000 -0001.000 -0001.000 -0001.000 -0001.000 -0001.000 -0001.000 -0001.000 -0001.000 -0001.000 -0001.000 -0001.000 -0001.000 -0001.000 -0001.000 -0001.000 -0001.000 00091.998 00092.539 00093.148 00093.662 00093.404 00093.645 00093.442 00091.471 00091.338 00098.032 00138.065 00112.625 00122.198 00100.761 00097.471 00097.202 00097.016 00096.539 00096.553 00095.934 00094.710
-0001.000 -0001.000 -0001.000 -0001.000 -0001.000 -0001.000 -0001.000 -0001.000 -0001.000 -0001.000 -0001.000 -0001.000 -0001.000 -0001.000 -0001.000 -0001.000 -0001.000 -0001.000 -0001.000 -0001.000 -0001.000 -0001.000 -0001.000 -0001.000 -0001.000 -0001.000 -0001.000 -0001.000 -0001.000 -0001.000 -0001.000 -0001.000 -0001.000 -0001.000 -0001.000 -0001.000 -0001.000 -0001.000 00093.314 00093.488 00092.133 00092.713 00093.001 00093.088 00093.891 00093.404 00091.865 00091.955 00305.492 00463.431 00433.124 00165.813 00095.982 00096.179 00096.330 00096.424 00096.104 00095.576 00095.794 00095.991
-0001.000 -0001.000 -0001.000 -0001.000 -0001.000 -0001.000 -0001.000 -0001.000 -0001.000 -0001.000 -0001.000 -0001.000 -0001.000 -0001.000 -0001.000 -0001.000 -0001.000 -0001.000 -0001.000 -0001.000 -0001.000 -0001.000 -0001.000 -0001.000 -0001.000 -0001.000 -0001.000 -0001.000 -0001.000 -0001.000 -0001.000 -0001.000 -0001.000 -0001.000 -0001.000 -0001.000 00094.673 00094.704 00093.400 00092.530 00092.177 00092.342 00092.598 00094.071 00093.401 00093.805 00092.350 00092.807 00499.567 00427.967 00372.702 00255.282 00463.384 00257.237 00119.681 00095.023 00095.123 00095.094 00095.260 00095.276
-0001.000 -0001.000 -0001.000 -0001.000 -0001.000 -0001.000 -0001.000 -0001.000 -0001.000 -0001.000 -0001.000 -0001.000 -0001.000 -0001.000 -0001.000 -0001.000 -0001.000 -0001.000 -0001.000 -0001.000 -0001.000 -0001.000 -0001.000 -0001.000 -0001.000 -0001.000 -0001.000 -0001.000 -0001.000 -0001.000 -0001.000 -0001.000 00094.142 00094.349 00094.402 00091.031 00092.064 00093.117 00092.917 00092.823 00092.159 00092.327 00092.724 00094.275 00093.445 00094.426 00093.565 00093.594 00506.676 00458.301 00346.515 00227.233 00226.813 00360.934 00253.215 00094.674 00094.631 00094.432 00094.465 00094.427
-0001.000 -0001.000 -0001.000 -0001.000 -0001.000 -0001.000 -0001.000 -0001.000 -0001.000 -0001.000 -0001.000 -0001.000 -0001.000 -0001.000 -0001.000 -0001.000 -0001.000 -0001.000 -0001.000 -0001.000 -0001.000 -0001.000 -0001.000 -0001.000 -0001.000 -0001.000 -0001.000 -0001.000 -0001.000 -0001.000 00101.534 00103.222 00098.555 00095.145 00093.712 00091.219 00091.481 00092.607 00092.153 00092.691 00092.066 00092.266 00092.965 00093.713 00094.602 00094.536 00094.586 00093.995 00507.107 00465.198 00287.480 00232.409 00229.233 00225.843 00361.507 00094.000 00092.877 00092.992 00092.928 00092.438
-0001.000 -0001.000 -0001.000 -0001.000 -0001.000 -0001.000 -0001.000 -0001.000 -0001.000 -0001.000 -0001.000 -0001.000 -0001.000 -0001.000 -0001.000 -0001.000 -0001.000 -0001.000 -0001.000 -0001.000 -0001.000 -0001.000 -0001.000 -0001.000 -0001.000 -0001.000 -0001.000 -0001.000 -0001.000 00104.739 00103.929 00103.772 00103.485 00097.059 00092.937 00090.964 00091.272 00092.549 00091.767 00091.814 00092.012 00092.227 00092.730 00094.107 00095.294 00095.139 00094.868 00094.600 00104.597 00462.306 00356.567 00338.828 00239.648 00225.128 00219.549 00244.516 00186.233 00091.441 00091.488 00091.395
-0001.000 -0001.000 -0001.000 -0001.000 -0001.000 -0001.000 -0001.000 -0001.000 -0001.000 -0001.000 -0001.000 -0001.000 -0001.000 -0001.000 -0001.000 -0001.000 -0001.000 -0001.000 -0001.000 -0001.000 -0001.000 -0001.000 -0001.000 -0001.000 -0001.000 -0001.000 00102.619 00102.521 00102.778 00103.014 00103.165 00103.138 00102.965 00099.531 00092.480 00091.511 00091.696 00092.594 00092.296 00091.398 00091.763 00092.097 00092.564 00094.710 00095.103 00095.361 00093.938 00094.493 00093.316 00134.000 00427.931 00390.524 00234.203 00222.974 00202.099 00169.181 00224.213 00091.333 00090.176 00089.905
-0001.000 -0001.000 -0001.000 -0001.000 -0001.000 -0001.000 -0001.000 -0001.000 -0001.000 -0001.000 -0001.000 -0001.000 -0001.000 -0001.000 -0001.000 -0001.000 -0001.000 -0001.000 -0001.000 -0001.000 -0001.000 -0001.000 -0001.000 -0001.000 00096.415 00098.880 00100.976 00101.772 00102.516 00103.134 00103.463 00103.705 00103.037 00098.820 00092.264 00091.698 00092.283 00092.992 00092.651 00091.583 00091.836 00091.840 00092.972 00092.384 00093.804 00093.153 00094.569 00094.311 00093.197 00092.496 00141.690 00419.492 00225.825 00212.783 00088.975 00207.194 00085.747 00222.649 00090.952 00088.216
-0001.000 -0001.000 -0001.000 -0001.000 -0001.000 -0001.000 -0001.000 -0001.000 -0001.000 -0001.000 -0001.000 -0001.000 -0001.000 -0001.000 -0001.000 -0001.000 -0001.000 -0001.000 -0001.000 -0001.000 -0001.000 -0001.000 00094.556 00094.339 00096.987 00099.080 00100.540 00101.824 00102.775 00103.622 00103.611 00103.604 00102.698 00099.709 00093.625 00092.457 00093.209 00093.340 00092.833 00092.120 00092.037 00091.706 00092.315 00091.072 00092.480 00092.751 00094.271 00094.039 00093.439 00092.890 00103.041 00248.108 00224.355 00212.202 00096.199 00214.273 00223.660 00180.666 00220.648 00122.936
00076.344 00081.314 00081.150 00080.678 -0001.000 -0001.000 -0001.000 -0001.000 -0001.000 -0001.000 -0001.000 -0001.000 -0001.000 -0001.000 -0001.000 -0001.000 -0001.000 -0001.000 -0001.000 00096.161 00095.383 00094.413 00094.123 00094.185 00095.632 00097.736 00099.680 00100.998 00102.425 00103.369 00103.343 00103.247 00102.366 00100.455 00096.447 00094.702 00094.233 00093.931 00093.153 00092.659 00092.374 00091.522 00090.452 00091.640 00091.923 00093.038 00093.859 00093.823 00093.664 00093.089 00466.746 00228.646 00225.057 00213.521 00187.084 00218.941 00224.510 00228.748 00208.546 00161.079
00083.719 00083.671 00085.906 00085.683 00085.092 00087.840 00087.216 00086.828 00086.903 00086.853 -0001.000 -0001.000 -0001.000 -0001.000 -0001.000 -0001.000 -0001.000 -0001.000 00098.007 00096.670 00094.472 00094.410 00094.357 00094.360 00095.055 00095.783 00097.467 00100.043 00102.541 00103.434 00103.579 00103.444 00102.477 00101.060 00098.313 00096.982 00095.239 00095.056 00093.955 00093.201 00092.671 00091.051 00090.213 00090.085 00091.135 00092.498 00093.044 00093.873 00093.626 00092.314 00120.888 00291.420 00225.549 00214.375 00227.810 00223.724 00227.844 00337.594 00408.901 00225.903
00085.307 00085.954 00086.691 00087.724 00088.199 00087.995 00088.037 00087.690 00087.348 00088.200 00088.380 00088.351 00088.295 00100.822 00096.439 00098.134 00101.074 00102.231 00098.902 00094.266 00093.992 00094.130 00094.446 00094.830 00095.539 00096.246 00097.982 00100.628 00103.170 00103.341 00103.503 00103.248 00102.643 00101.597 00099.315 00098.406 00096.284 00096.050 00094.992 00093.682 00092.995 00091.388 00089.010 00090.453 00089.213 00091.944 00092.946 00093.138 00093.015 00499.214 00111.941 00353.326 00225.957 00207.554 00299.632 00227.476 00364.045 00450.842 00461.143 00470.903
00087.853 00086.678 00089.690 00088.293 00088.350 00087.923 00088.311 00088.442 00088.432 00088.475 00088.411 00088.411 00097.019 00100.819 00097.276 00097.639 00101.430 00102.183 00096.437 00094.665 00093.901 00094.209 00094.583 00095.099 00096.015 00096.945 00098.488 00100.517 00102.177 00102.947 00103.346 00102.930 00102.498 00101.996 00099.932 00098.840 00096.917 00096.417 00095.636 00094.227 00093.407 00091.003 00088.592 00088.988 00090.815 00091.120 00092.073 00091.861 00093.128 00512.259 00477.897 00374.121 00222.469 00108.901 00228.734 00239.732 00367.682 00386.401 00399.090 00421.916
00090.268 00088.286 00092.047 00088.353 00088.416 00088.518 00088.442 00088.594 00088.627 00088.420 00088.545 00099.835 00099.135 00097.959 00097.106 00099.556 00102.027 00102.268 00096.448 00094.509 00094.240 00094.473 00094.808 00095.236 00095.592 00095.892 00097.941 00100.901 00102.292 00102.747 00103.059 00102.832 00102.348 00102.124 00100.619 00099.032 00097.445 00096.839 00095.580 00094.162 00093.533 00091.449 00090.112 00089.919 00090.538 00090.499 00090.675 00091.220 00091.839 00120.383 00436.196 00226.497 00212.969 00096.736 00229.249 00228.669 00229.778 00254.531 00328.240 00349.711
00092.771 00091.158 00095.572 00096.665 00090.501 00088.522 00088.668 00088.741 00088.673 00088.414 00088.890 00098.714 00097.255 00096.624 00097.291 00099.590 00102.309 00101.967 00097.362 00094.524 00094.922 00095.032 00094.870 00094.899 00095.420 00095.964 00098.168 00100.988 00102.292 00103.248 00103.150 00103.225 00102.851 00102.315 00101.671 00099.871 00098.036 00097.406 00095.607 00094.536 00092.718 00091.758 00091.322 00090.790 00090.696 00089.812 00090.121 00090.459 00090.753 00461.082 00249.100 00223.610 00216.126 00183.018 00229.223 00226.687 00227.548 00228.162 00228.428 00230.639
00093.062 00094.511 00097.459 00097.550 00093.930 00090.433 00099.168 00090.594 00090.674 00088.237 00092.053 00097.999 00095.353 00094.722 00097.090 00098.791 00101.674 00101.779 00096.828 00095.034 00095.142 00094.352 00094.651 00094.901 00095.257 00095.805 00098.220 00101.150 00102.158 00102.691 00103.027 00103.185 00103.277 00102.679 00102.453 00101.636 00098.726 00098.236 00094.465 00094.623 00092.939 00092.261 00091.661 00162.365 00164.006 00092.969 00089.945 00089.782 00172.758 00240.022 00228.268 00225.071 00219.954 00205.326 00136.051 00224.893 00221.371 00223.509 00248.324 00227.730
00093.325 00095.446 00099.370 00100.023 00097.925 00097.567 00100.960 00095.148 00094.726 00092.358 00092.499 00097.200 00095.769 00094.311 00094.095 00098.001 00100.411 00100.128 00095.782 00096.121 00095.069 00094.610 00094.740 00095.076 00095.376 00095.657 00097.751 00100.103 00102.315 00102.911 00103.019 00103.177 00103.227 00103.001 00102.596 00102.249 00098.684 00098.156 00095.690 00094.276 00092.904 00092.419 00161.888 00165.945 00149.023 00159.757 00172.141 00089.061 00106.073 00213.322 00270.771 00226.475 00222.380 00212.755 00182.851 00424.349 00222.383 00220.130 00357.054 00513.668
