data/trial9/ashley.rci
NCOLS 382
NROWS 266
XLLCORNER 157819.328125
YLLCORNER 384678.625000
CELLSIZE 30.000000
NODATA_VALUE -1
[rows 52 to 77 of 266, columns 240 to 299 of 382]
-0001.000 -0001.000 00164.406 00160.424 00208.771 00360.782 00166.283 00262.728 00475.600 00388.421 00460.732 00451.640 00290.887 00878.842 00567.680 00899.682 00240.876 00033.020 00127.126 00159.578 00170.753 00482.674 00467.126 00423.311 00555.875 00266.352 00477.663 00459.681 00577.090 00655.310 00650.389 00639.133 00647.842 00641.662 00650.285 00643.907 00663.128 00653.512 00645.080 00655.423 00450.148 00655.519 00612.086 00322.835 00481.126 00177.572 00174.014 00173.291 00170.960 00177.785 00649.536 00150.375 00152.604 -0001.000 -0001.000 -0001.000 -0001.000 -0001.000 -0001.000 -0001.000
-0001.000 00161.111 00159.452 00282.575 00147.797 00342.159 00252.136 00176.090 00450.085 00392.949 00312.299 00468.923 00762.496 00898.679 00111.686 00354.560 00194.846 00104.957 00132.806 00151.445 00160.869 00227.217 00201.594 00218.338 00244.478 00303.522 00406.428 00402.971 00558.892 00651.227 00657.533 00633.368 00643.193 00635.072 00645.443 00638.312 00649.817 00643.569 00637.420 00651.513 00537.265 00654.447 00641.500 00368.841 00557.937 00246.164 00423.188 00534.828 00713.860 00390.684 00170.707 00162.583 -0001.000 -0001.000 -0001.000 -0001.000 -0001.000 -0001.000 -0001.000 -0001.000
00157.936 00160.991 00383.460 00209.012 00191.021 00371.660 00200.261 00411.770 00050.409 00400.202 00411.472 00246.205 00322.547 00604.620 00392.972 00819.707 00019.935 00114.809 00051.624 00132.934 00141.667 00162.732 00169.469 00287.657 00172.353 00285.723 00335.964 00463.186 00505.795 00650.504 00641.631 00630.767 00640.437 00631.721 00642.659 00635.437 00646.885 00640.230 00633.677 00643.265 00654.969 00652.771 00659.806 00651.570 00616.228 00331.737 00497.092 00636.544 00365.944 00129.918 00299.140 00163.231 -0001.000 -0001.000 -0001.000 -0001.000 -0001.000 -0001.000 -0001.000 -0001.000
00160.085 00226.081 00036.564 00325.383 00142.342 00359.037 00176.814 00016.262 00401.101 00196.255 00390.609 00207.227 00433.778 00267.226 00597.651 00134.237 00092.167 00119.561 00146.716 00012.162 00129.726 00150.211 00157.552 00159.132 00177.642 00620.536 00586.139 00606.989 00339.617 00631.371 00582.051 00647.394 00638.103 00647.804 00640.681 00633.359 00644.679 00637.517 00630.445 00637.651 00653.731 00649.555 00657.901 00647.276 00656.153 00650.336 00645.551 00655.460 00170.461 00131.897 00007.451 00152.531 00158.319 -0001.000 -0001.000 -0001.000 -0001.000 -0001.000 -0001.000 -0001.000
00035.760 00300.290 00084.117 00324.272 00123.362 00343.025 00144.668 00382.232 00339.034 00286.113 00378.550 00163.691 00155.196 00156.683 00174.870 00485.106 00919.721 00027.166 00067.000 00153.600 00134.027 00093.076 00141.950 00158.291 00165.315 00380.010 00353.332 00252.303 00276.189 00591.239 00517.834 00645.090 00647.330 00645.634 00642.322 00637.374 00642.939 00634.272 00645.150 00632.231 00635.948 00653.745 00653.605 00644.354 00652.830 00645.947 00641.006 00651.569 00602.486 00162.269 00085.606 00226.478 00160.877 -0001.000 -0001.000 -0001.000 -0001.000 -0001.000 -0001.000 -0001.000
00117.599 00312.553 00049.038 00326.802 00100.313 00302.279 00105.858 00332.471 00258.429 00420.296 00423.314 00151.098 00161.865 00167.786 00180.944 00376.273 00691.817 00140.085 00028.321 00093.298 00037.077 00032.777 00123.824 00155.231 00165.621 00585.645 00595.585 00577.700 00587.462 00401.513 00606.842 00643.041 00647.638 00644.075 00645.338 00645.579 00644.112 00641.720 00638.395 00653.397 00632.224 00647.292 00653.936 00639.493 00647.292 00642.335 00651.633 00644.834 00317.445 00168.533 00127.526 00232.819 00577.509 00162.643 -0001.000 -0001.000 -0001.000 -0001.000 -0001.000 -0001.000
00137.812 00334.774 00067.857 00291.729 00052.453 00260.958 00037.830 00252.569 00069.215 00191.442 00143.305 00153.407 00163.661 00168.898 00563.517 00938.670 00148.953 00142.746 00016.827 00165.526 00145.121 00124.596 00143.963 00158.273 00167.836 00163.750 00339.131 00366.619 00270.975 00401.312 00374.974 00640.621 00639.386 00641.281 00638.945 00635.990 00639.042 00631.204 00647.296 00652.906 00631.073 00643.738 00637.033 00650.571 00639.990 00634.122 00645.666 00656.536 00546.832 00173.429 00158.903 00113.808 00113.308 00155.563 00154.883 -0001.000 -0001.000 -0001.000 -0001.000 -0001.000
00238.429 00427.773 00119.926 00279.404 00009.457 00205.939 00430.053 00161.548 00365.865 00000.000 00146.080 00156.231 00166.038 00170.191 00164.382 00165.280 00154.422 00149.312 00060.665 00073.455 00263.054 00052.244 00124.354 00153.819 00163.646 00412.590 00577.962 00411.629 00159.966 00204.890 00406.184 00640.978 00651.625 00642.892 00649.728 00656.459 00646.510 00655.645 00641.667 00652.417 00637.751 00640.411 00631.475 00642.251 00635.043 00642.014 00649.093 00646.743 00658.031 00610.215 00165.258 00153.530 00204.644 00465.414 00161.272 -0001.000 -0001.000 -0001.000 -0001.000 -0001.000
00376.968 00060.041 00104.099 00395.786 00215.073 00129.597 00328.802 00070.635 00120.748 00050.606 00147.772 00157.317 00166.186 00169.543 00157.030 00166.548 00156.960 00144.633 00157.895 00132.585 00144.114 00121.864 00143.455 00150.308 00162.918 00581.281 00621.557 00195.072 00155.892 00204.247 00537.194 00624.654 00526.972 00608.710 00531.582 00452.056 00542.844 00425.538 00649.054 00650.676 00657.451 00635.090 00632.373 00637.364 00628.453 00637.668 00635.823 00657.575 00649.746 00292.561 00174.083 00147.802 00364.256 00162.107 00161.751 00154.197 -0001.000 -0001.000 -0001.000 -0001.000
00021.095 00190.114 00142.455 00412.354 00208.209 00021.329 00199.341 00359.152 00024.772 00145.583 00148.774 00156.465 00164.859 00168.945 00156.978 -0001.000 00168.384 00154.474 00153.548 00102.491 00113.739 00072.177 00068.843 00138.328 00161.596 00168.468 00389.170 00386.663 00373.862 00450.622 00324.150 00549.123 00311.938 00564.369 00376.028 00183.918 00420.522 00196.891 00610.384 00628.083 00652.042 00636.301 00636.259 00624.753 00642.397 00634.227 00631.557 00649.968 00641.858 00546.883 00295.264 00148.948 00126.126 00416.098 00169.647 00161.981 -0001.000 -0001.000 -0001.000 -0001.000
00120.775 00425.164 00164.349 00417.752 00188.659 00461.014 00046.381 00075.811 00109.487 00142.739 00147.894 00154.902 00163.227 00168.095 00157.024 00157.021 00160.395 00144.851 00145.403 00042.130 00051.455 00362.598 00046.921 00150.662 00158.485 00161.034 00633.570 00571.694 00499.151 00483.213 00336.199 00383.991 00553.237 00640.156 00648.139 00602.042 00627.080 00615.150 00353.379 00614.211 00545.157 00514.360 00566.300 00652.720 00641.457 00652.912 00653.114 00656.114 00641.687 00645.117 00520.711 00154.192 00031.260 00277.613 00160.721 00168.603 -0001.000 -0001.000 -0001.000 -0001.000
00216.110 00491.519 00177.824 00414.584 00162.952 00288.367 00367.334 00152.773 00026.387 00144.050 00148.069 00155.336 00162.386 00167.505 00166.758 00162.444 00148.950 00017.481 00086.540 00165.350 00109.837 00100.066 00140.851 00155.602 00165.967 00530.871 00519.538 00490.827 00476.003 00480.867 00360.696 00299.224 00531.897 00639.814 00647.621 00601.519 00625.039 00650.120 00625.814 00606.358 00443.346 00337.350 00454.801 00191.466 00626.798 00652.799 00634.696 00637.145 00640.552 00640.693 00174.247 00120.335 00081.175 00157.954 00163.712 00166.964 00156.949 -0001.000 -0001.000 -0001.000
00341.966 00560.071 00171.879 00397.262 00139.037 00295.413 00174.801 00157.000 00064.096 00142.629 00148.537 00155.355 00159.074 00156.202 00157.457 00146.819 00079.766 00053.115 00158.434 00139.623 00417.516 00057.702 00140.617 00164.202 00171.879 00214.500 00631.515 00523.758 00445.961 00398.823 00576.646 00343.832 00531.985 00637.428 00647.277 00601.751 00627.688 00652.167 00622.376 00642.278 00556.477 00637.897 00615.546 00587.392 00621.818 00214.354 00630.226 00632.863 00640.874 00646.332 00170.400 00138.336 00138.079 00282.248 00159.620 00164.619 00159.883 00154.470 -0001.000 -0001.000
00470.883 00102.193 00598.438 00373.737 00124.101 00169.835 00495.385 00180.073 00106.048 00142.284 00150.337 00152.572 00149.151 00147.457 00148.927 00147.800 00126.188 00163.936 00207.554 00441.933 00605.899 00164.686 00168.604 00236.445 00291.064 00437.202 00634.684 00315.273 00507.978 00568.135 00673.694 00253.584 00485.650 00637.784 00642.827 00611.060 00629.985 00649.579 00604.901 00635.295 00571.355 00541.019 00611.621 00574.452 00623.434 00651.444 00647.785 00635.337 00639.410 00220.829 00168.512 00153.053 00088.273 00369.267 00171.079 00168.273 00169.145 00162.273 00154.707 -0001.000
00049.289 00385.407 00551.199 00327.910 00565.244 00028.219 00073.797 00020.230 00268.538 00145.695 00150.883 00145.334 00142.774 00143.346 00142.488 00145.159 00098.134 00325.495 00614.640 00372.922 00542.395 00958.879 00641.600 00855.584 00778.149 00708.628 00827.972 00936.351 00939.291 00861.598 00944.949 00787.767 00253.623 00438.555 00572.632 00633.887 00635.648 00575.522 00606.210 00506.560 00594.105 00556.185 00634.947 00559.370 00603.831 00606.681 00610.062 00638.579 00639.776 00418.766 00170.436 00138.189 00036.314 00182.424 00160.708 00170.765 00167.372 00167.602 00160.665 -0001.000
00195.059 00407.262 00509.782 00286.505 00499.948 00227.588 00170.058 00084.600 00137.305 00147.038 00140.343 00196.582 00009.728 00043.339 00284.732 00045.305 00120.932 00544.719 00628.637 00347.052 00657.014 00656.107 00398.193 00646.653 00754.568 00773.740 00792.929 00816.727 00830.901 00597.009 00839.126 00957.128 00697.235 00366.939 00586.340 00631.465 00632.321 00577.904 00616.955 00546.572 00499.229 00587.107 00522.046 00576.778 00625.889 00602.445 00423.862 00632.130 00642.908 00626.065 00169.056 00137.222 00117.899 00404.698 00158.708 00165.842 00165.072 00167.900 00166.554 00159.477
00343.727 00461.721 00506.463 00259.499 00392.045 00119.557 00013.499 00116.253 00140.178 00198.693 00024.447 00108.533 00057.807 00005.954 00141.051 00028.874 00075.060 00153.471 00218.731 00656.540 00654.965 00655.011 00655.796 00852.359 00772.092 00673.246 00653.903 00665.459 00665.504 00461.469 00696.044 00679.979 00829.720 00674.216 00335.487 00513.095 00545.538 00593.244 00496.903 00583.835 00533.890 00629.470 00538.880 00608.176 00535.357 00617.407 00652.642 00623.768 00653.754 00347.321 00166.996 00147.469 00034.520 00272.862 00156.580 00160.128 00159.323 00167.008 00164.480 00164.632
00505.025 00342.442 00503.795 00241.524 00253.689 00121.081 00074.359 00023.029 00074.940 00109.474 00007.441 00092.634 00034.153 00091.796 00134.804 00158.315 00140.342 00162.378 00549.301 00655.935 00656.747 00656.202 00652.821 00651.105 00989.581 00924.235 00928.093 00940.408 00942.301 00821.786 00925.041 00901.662 00958.396 00825.917 00345.078 00598.300 00581.159 00637.361 00550.150 00646.826 00581.597 00599.274 00622.098 00525.938 00598.041 00635.893 00634.780 00624.486 00636.278 00534.083 00167.918 00098.168 00080.326 00171.618 00427.584 00154.504 00154.307 00161.739 00168.742 00165.333
00183.205 00424.223 00454.726 00185.029 00374.817 00047.642 00128.206 00059.300 00088.470 00105.293 00154.194 00140.361 00162.254 00135.613 00167.736 00173.725 00170.792 00498.603 00656.769 00654.040 00654.697 00655.862 00651.868 00637.422 00692.982 00871.527 00837.048 00837.134 00693.708 00527.896 00731.547 00703.213 00696.463 00996.191 00972.987 00975.692 00564.297 00599.947 00634.936 00477.613 00633.313 00605.335 00629.750 00561.963 00628.869 00615.120 00647.989 00630.985 00633.196 00271.073 00159.815 00094.824 00118.982 00177.820 00344.428 00272.381 00161.422 00155.848 00164.518 00163.166
00350.262 00508.987 00424.188 00133.969 00134.250 00119.082 00064.384 00073.414 00086.306 00139.021 00167.316 00166.240 00169.275 00172.364 00207.492 00595.172 00477.687 00624.356 00656.272 00654.124 00654.840 00655.713 00651.112 00635.744 00635.085 00980.799 00823.950 00749.938 00730.898 00858.351 00851.848 00830.682 00820.818 00772.311 00647.887 00635.336 00500.936 00794.541 00548.616 00530.042 00565.862 00645.619 00641.791 00631.513 00634.195 00630.621 00634.452 00645.505 00637.434 00620.069 00151.891 00005.192 00213.874 00113.892 00040.462 00110.170 00330.279 00520.264 00156.547 00156.611
00518.893 00252.045 00455.787 00424.377 00137.719 00054.972 00004.665 00060.558 00156.522 00176.029 00168.871 00261.722 00566.432 00639.705 00631.873 00629.795 00657.835 00640.414 00590.782 00654.286 00654.965 00655.701 00651.062 00634.995 00629.653 00629.405 00766.036 01009.119 00989.824 00993.437 00986.842 00972.670 00962.710 00941.071 00778.726 00236.582 00355.289 00570.220 00559.379 00796.620 00637.905 00623.134 00628.869 00641.340 00630.260 00615.796 00651.181 00626.402 00641.292 00428.502 00133.216 00110.385 00390.122 00135.345 00232.450 00104.675 00040.904 00819.513 00590.664 00514.459
00224.692 00514.405 00536.052 00234.056 00161.806 00103.084 00153.706 00157.794 00376.681 00659.923 00660.763 00645.985 00644.195 00634.619 00630.460 00659.945 00658.733 00613.816 00435.280 00656.511 00654.666 00655.361 00651.009 00634.304 00638.216 00649.517 00650.484 00857.783 00874.026 00834.186 00787.238 00792.098 00787.994 00785.227 00902.268 00760.143 00438.525 00648.686 00505.482 00599.187 00606.051 00637.791 00644.914 00620.797 00635.112 00653.823 00585.648 00631.024 00641.199 00163.790 00162.264 00133.851 00149.036 00083.913 00409.555 00718.021 00586.975 00537.521 00265.900 00101.714
00439.717 00220.732 00293.558 00325.299 00163.325 00145.222 00427.673 00215.550 00484.154 00661.477 00654.446 00646.871 00642.085 00638.067 00629.995 00656.102 00651.251 00660.071 00643.407 00623.909 00656.014 00655.735 00647.710 00633.670 00640.712 00648.028 00652.590 00648.241 00845.204 00999.853 00978.237 00987.163 00705.308 00659.985 00317.758 00363.503 00176.905 00286.080 00559.044 00512.118 00631.918 00610.002 00624.869 00633.326 00634.039 00641.304 00624.327 00675.849 00454.849 00168.300 00230.402 00139.002 00174.689 00104.342 00871.812 00319.558 00979.245 00831.369 00641.947 00548.251
00143.098 00509.549 00354.475 00531.185 00210.653 00350.887 00573.669 00341.517 00660.634 00661.345 00650.193 00645.919 00641.928 00637.912 00645.342 00643.686 00657.649 00659.172 00431.508 00644.923 00604.172 00654.311 00651.461 00634.853 00643.035 00650.104 00649.705 00645.585 00773.580 00646.879 00905.016 00879.412 00878.235 00800.278 00752.411 00993.575 00990.500 00992.272 00649.064 00576.506 00495.188 00634.621 00645.466 00629.608 00658.678 00636.294 00649.389 00642.585 00309.274 00171.941 00170.266 00171.152 00148.563 00137.566 00477.937 00288.593 00298.766 00117.952 00129.785 00048.587
00458.672 00386.680 00149.455 00336.007 00580.173 00194.925 00292.105 00594.036 00661.434 00661.361 00652.216 00645.475 00648.725 00649.433 00636.073 00659.872 00658.434 00654.344 00646.938 00637.113 00375.046 00654.987 00649.377 00636.613 00629.317 00652.889 00652.914 00645.281 00680.656 00649.181 00650.827 00650.609 00985.230 00938.726 00969.202 00993.140 00450.814 00260.110 00429.601 00627.198 00633.644 00469.377 00638.592 00634.564 00644.184 00399.352 00682.709 00586.536 01036.914 00929.723 00616.845 00397.150 00843.994 00830.490 00798.966 00727.101 00664.678 00636.576 00670.149 00674.112
00199.007 00244.153 00215.703 00344.094 00400.969 00459.243 00347.651 00358.750 00662.314 00662.313 00654.254 00656.549 00657.946 00641.194 00663.221 00653.931 00658.616 00659.539 00655.048 00410.410 00176.155 00653.952 00653.237 00639.140 00633.779 00649.920 00650.708 00646.839 00642.090 00646.506 00646.794 00643.429 00740.226 00736.449 00763.833 00994.020 00812.008 00328.521 00247.079 00474.509 00551.218 00549.443 00578.046 00647.850 00672.309 00647.321 00651.738 00826.424 00826.075 00607.314 00914.197 00986.828 00158.684 00265.838 00322.787 00326.820 00243.995 00257.543 00364.021 00360.176
