data/trial9/ashley.fli
NCOLS 382
NROWS 266
XLLCORNER 157819.328125
YLLCORNER 384678.625000
CELLSIZE 30.000000
NODATA_VALUE -1
[rows 52 to 77 of 266, columns 240 to 299 of 382]
-0001.000 -0001.000 00001.034 00000.936 00000.712 00000.789 00008.797 00043.984 00084.292 00078.208 00070.078 00028.988 00005.368 00036.748 00058.663 00069.940 00049.773 00002.433 00002.750 00003.343 00003.321 00004.396 00019.303 00091.513 00128.194 00114.629 00119.383 00137.276 00153.722 00169.945 00190.570 00208.137 00226.520 00239.366 00247.011 00253.029 00254.601 00221.815 00189.114 00153.526 00074.549 00146.443 00004.187 00005.485 00006.651 00005.858 00019.753 00041.025 00066.407 00034.488 00012.033 00000.589 00000.684 -0001.000 -0001.000 -0001.000 -0001.000 -0001.000 -0001.000 -0001.000
-0001.000 00000.881 00000.929 00000.643 00001.140 00042.399 00000.465 00022.542 00062.308 00052.113 00058.060 00038.083 00019.714 00023.031 00036.533 00052.038 00021.444 00002.837 00002.780 00002.281 00002.501 00002.752 00003.259 00228.725 00206.876 00175.443 00161.541 00160.000 00160.655 00159.424 00175.040 00188.187 00199.834 00213.444 00214.707 00210.846 00209.359 00215.436 00221.502 00157.170 00078.106 00134.310 00137.188 00004.315 00005.347 00006.570 00005.164 00056.578 00041.924 00010.115 00000.475 00000.730 -0001.000 -0001.000 -0001.000 -0001.000 -0001.000 -0001.000 -0001.000 -0001.000
00000.736 00000.856 00000.583 00005.597 00045.969 00069.976 00049.918 00037.690 00002.485 00041.219 00050.816 00021.685 00019.668 00017.414 00021.472 00059.816 00055.443 00003.063 00003.079 00002.642 00002.363 00002.619 00002.459 00002.539 00002.655 00059.064 00058.467 00176.747 00142.038 00151.334 00165.311 00180.340 00182.934 00188.111 00191.573 00194.761 00199.069 00205.016 00210.948 00188.079 00116.429 00149.181 00146.461 00167.432 00004.051 00004.513 00004.002 00003.464 00017.219 00000.527 00000.548 00000.993 -0001.000 -0001.000 -0001.000 -0001.000 -0001.000 -0001.000 -0001.000 -0001.000
00000.742 00000.559 00001.818 00049.962 00068.309 00077.534 00062.589 00046.801 00026.588 00017.699 00035.751 00008.007 00007.367 00015.127 00026.529 00002.037 00013.698 00013.114 00002.936 00002.893 00002.805 00002.755 00003.061 00004.125 00003.072 00003.366 00003.982 00128.324 00061.281 00147.142 00172.387 00173.887 00178.894 00182.712 00187.782 00192.991 00197.493 00201.494 00205.709 00169.596 00145.915 00163.525 00167.061 00177.415 00189.722 00165.628 00161.841 00082.865 00002.646 00001.465 00000.438 00000.736 00000.849 -0001.000 -0001.000 -0001.000 -0001.000 -0001.000 -0001.000 -0001.000
00000.316 00028.625 00042.504 00054.409 00075.213 00084.110 00072.181 00054.463 00032.019 00012.932 00026.020 00002.865 00001.201 00000.740 00015.273 00034.805 00044.456 00000.824 00002.569 00002.302 00002.361 00004.183 00004.049 00004.888 00004.279 00003.464 00004.914 00030.896 00065.770 00197.261 00170.876 00189.059 00180.925 00181.537 00186.008 00190.674 00196.117 00200.804 00189.941 00154.983 00149.972 00157.441 00170.951 00173.284 00171.955 00147.598 00129.531 00103.028 00003.018 00001.373 00000.918 00000.617 00000.763 -0001.000 -0001.000 -0001.000 -0001.000 -0001.000 -0001.000 -0001.000
00028.469 00043.767 00098.377 00110.363 00126.163 00117.145 00080.636 00059.310 00037.417 00018.447 00000.997 00001.356 00002.332 00000.784 00017.749 00027.709 00046.290 00053.650 00001.365 00003.393 00003.729 00004.678 00004.702 00005.163 00004.994 00004.106 00005.030 00006.103 00171.730 00153.378 00151.555 00192.548 00196.494 00196.349 00191.316 00187.053 00188.313 00193.257 00190.034 00139.793 00146.285 00149.007 00162.786 00171.017 00151.284 00132.559 00112.053 00086.391 00002.314 00002.590 00001.646 00000.855 00000.612 00000.781 -0001.000 -0001.000 -0001.000 -0001.000 -0001.000 -0001.000
00078.430 00099.863 00146.735 00139.986 00133.472 00112.339 00085.779 00059.604 00040.003 00003.562 00001.085 00001.696 00003.121 00002.693 00011.912 00022.665 00011.582 00002.088 00001.711 00003.501 00003.945 00004.522 00004.296 00004.730 00004.549 00003.953 00005.870 00006.920 00049.410 00066.326 00090.736 00184.471 00196.595 00201.861 00193.776 00185.952 00180.863 00177.622 00170.853 00141.795 00137.064 00137.046 00148.115 00144.789 00156.973 00169.230 00105.949 00072.960 00002.327 00003.231 00001.887 00001.371 00000.446 00000.683 00000.656 -0001.000 -0001.000 -0001.000 -0001.000 -0001.000
00111.949 00122.681 00151.537 00145.919 00125.617 00103.678 00078.620 00056.573 00035.900 00000.725 00001.193 00002.133 00003.577 00003.880 00003.288 00008.457 00008.527 00001.998 00001.017 00003.229 00003.695 00004.292 00004.119 00004.419 00003.587 00003.290 00005.341 00005.994 00005.891 00017.956 00082.350 00166.972 00182.288 00191.937 00191.623 00191.551 00183.293 00172.620 00160.370 00142.544 00127.637 00124.091 00128.365 00121.691 00138.090 00141.744 00115.000 00063.820 00066.442 00003.696 00002.478 00001.899 00000.775 00000.860 00000.789 -0001.000 -0001.000 -0001.000 -0001.000 -0001.000
00129.106 00124.469 00141.411 00141.473 00127.737 00109.689 00076.796 00054.159 00018.158 00000.420 00001.407 00002.697 00003.531 00003.347 00001.913 00000.999 00001.331 00001.816 00002.785 00002.836 00003.273 00004.040 00004.171 00003.808 00003.607 00003.124 00004.513 00005.293 00056.331 00095.163 00112.034 00150.800 00167.381 00178.398 00181.447 00184.590 00184.857 00182.749 00148.439 00140.614 00123.227 00111.407 00105.780 00116.275 00129.799 00114.897 00099.118 00056.943 00063.635 00002.647 00003.000 00001.884 00000.947 00000.831 00001.179 00000.838 -0001.000 -0001.000 -0001.000 -0001.000
00127.594 00111.396 00130.026 00134.028 00125.619 00114.273 00074.040 00046.291 00002.097 00001.097 00001.831 00002.945 00003.484 00003.144 00001.814 -0001.000 00001.025 00001.876 00002.335 00001.808 00003.277 00003.584 00004.041 00003.566 00004.070 00004.181 00004.395 00005.312 00005.002 00040.942 00099.185 00130.360 00155.780 00173.485 00174.400 00175.235 00182.305 00190.739 00150.699 00119.032 00112.512 00101.484 00092.230 00101.913 00104.615 00094.113 00078.513 00058.295 00061.336 00048.883 00002.721 00001.634 00000.984 00001.045 00001.727 00001.383 -0001.000 -0001.000 -0001.000 -0001.000
00103.364 00103.977 00119.481 00128.549 00124.150 00112.261 00066.897 00034.994 00000.924 00001.625 00002.305 00003.189 00003.643 00003.618 00001.549 00001.051 00001.118 00001.219 00001.766 00000.737 00002.401 00003.123 00002.966 00003.514 00003.953 00004.577 00004.661 00004.969 00006.081 00051.539 00085.091 00107.807 00136.942 00164.061 00172.323 00180.093 00192.234 00203.657 00140.468 00105.392 00098.354 00089.158 00085.814 00090.832 00084.668 00077.572 00064.508 00062.147 00064.815 00047.911 00002.347 00001.785 00000.829 00001.163 00001.716 00001.683 -0001.000 -0001.000 -0001.000 -0001.000
00099.896 00091.918 00118.261 00128.054 00116.687 00102.202 00061.766 00013.693 00001.109 00002.002 00002.524 00003.239 00003.756 00002.982 00002.038 00000.992 00000.707 00000.477 00000.622 00001.500 00001.421 00002.471 00002.318 00002.869 00003.337 00004.672 00005.528 00005.931 00006.454 00055.018 00088.542 00091.248 00130.199 00152.659 00159.303 00169.337 00182.722 00196.047 00163.513 00115.319 00089.181 00085.445 00085.133 00087.791 00077.031 00065.971 00055.643 00055.192 00067.181 00045.259 00002.041 00001.288 00000.859 00001.286 00001.721 00001.933 00001.377 -0001.000 -0001.000 -0001.000
00092.105 00077.472 00113.979 00116.734 00110.417 00086.098 00056.170 00000.990 00001.010 00002.007 00002.709 00003.123 00002.658 00002.579 00002.459 00000.668 00000.549 00000.971 00001.019 00000.815 00000.738 00001.695 00001.764 00002.507 00002.642 00006.441 00006.764 00007.502 00007.306 00005.691 00057.329 00096.677 00128.256 00148.461 00151.998 00153.659 00153.988 00163.254 00137.974 00109.090 00085.882 00086.486 00086.074 00083.939 00071.422 00059.726 00048.653 00050.072 00059.951 00019.035 00001.824 00001.434 00000.974 00001.309 00001.703 00001.941 00002.462 00002.001 -0001.000 -0001.000
00079.623 00073.610 00139.950 00123.024 00112.850 00070.357 00048.682 00001.073 00001.444 00002.011 00002.450 00001.932 00002.207 00002.656 00002.742 00000.694 00000.810 00001.019 00001.245 00001.317 00000.941 00000.999 00001.531 00002.485 00022.730 00043.803 00070.952 00004.745 00052.347 00051.892 00041.780 00061.168 00086.202 00115.582 00136.309 00136.302 00119.756 00107.775 00103.332 00099.897 00094.690 00088.092 00091.882 00085.403 00068.246 00055.608 00041.891 00044.590 00051.860 00001.763 00002.075 00001.582 00001.003 00001.363 00001.694 00002.029 00003.072 00002.516 00002.000 -0001.000
00068.911 00085.030 00166.470 00137.684 00121.317 00056.805 00015.695 00001.668 00001.073 00001.892 00001.989 00001.620 00002.238 00002.534 00002.495 00001.339 00000.778 00000.919 00083.137 00095.417 00091.951 00024.376 00038.577 00064.893 00087.606 00111.768 00140.757 00242.926 00258.377 00201.361 00131.500 00070.274 00057.053 00075.716 00098.204 00109.765 00099.633 00092.649 00090.700 00089.090 00094.050 00094.717 00090.043 00094.890 00101.466 00065.587 00034.744 00038.353 00047.804 00001.961 00002.273 00001.531 00001.033 00001.391 00001.662 00004.496 00003.784 00003.292 00002.708 -0001.000
00063.188 00099.462 00157.208 00139.032 00108.954 00020.867 00001.089 00001.661 00001.804 00001.882 00001.353 00001.353 00001.910 00001.257 00001.720 00000.827 00000.262 00000.851 00064.844 00039.922 00158.533 00132.698 00027.954 00112.556 00307.240 00270.412 00295.728 00305.722 00303.424 00222.665 00161.204 00092.616 00061.254 00059.586 00070.695 00078.337 00085.704 00089.701 00091.963 00092.201 00092.740 00095.532 00099.588 00101.927 00104.415 00080.723 00034.098 00035.685 00046.509 00002.169 00002.356 00001.481 00001.016 00001.323 00001.564 00004.518 00003.969 00003.468 00003.314 00003.029
00061.171 00105.771 00156.222 00140.625 00094.385 00008.643 00001.768 00002.661 00002.341 00001.157 00001.564 00001.815 00001.870 00001.931 00001.354 00001.611 00001.116 00000.549 00012.765 00209.894 00197.492 00190.150 00163.586 00019.927 00196.324 00370.997 00318.235 00315.651 00294.099 00256.391 00178.376 00107.110 00081.555 00054.799 00063.465 00076.508 00085.774 00087.696 00089.356 00089.941 00091.022 00091.445 00130.950 00166.404 00112.844 00067.926 00033.956 00035.635 00044.751 00002.019 00002.446 00001.414 00000.898 00001.252 00003.596 00003.882 00003.638 00003.501 00003.478 00002.983
00063.777 00111.088 00187.951 00150.698 00083.374 00000.992 00002.463 00003.061 00000.937 00001.432 00002.114 00002.101 00001.819 00001.649 00001.608 00001.801 00001.947 00001.276 00001.637 00246.490 00285.639 00215.710 00192.513 00117.630 00019.635 00275.016 00244.670 00256.670 00258.764 00233.528 00173.226 00123.637 00098.588 00070.780 00051.786 00063.194 00070.708 00082.910 00088.661 00089.108 00138.598 00174.573 00156.729 00128.144 00132.258 00053.297 00035.237 00035.580 00041.303 00001.821 00002.242 00001.330 00000.966 00003.097 00003.665 00003.756 00003.430 00003.129 00003.540 00002.374
00061.292 00106.790 00150.737 00149.862 00043.471 00001.586 00003.216 00003.007 00001.269 00001.599 00002.113 00002.290 00002.363 00001.880 00002.198 00002.274 00002.397 00001.378 00262.168 00268.188 00296.230 00230.959 00159.990 00148.957 00051.895 00174.163 00260.661 00289.518 00279.382 00214.432 00175.565 00127.186 00101.633 00069.815 00061.834 00051.023 00063.061 00068.670 00080.975 00105.255 00154.010 00198.796 00217.128 00123.490 00138.419 00047.466 00036.728 00035.638 00038.423 00001.960 00001.986 00001.531 00001.315 00002.307 00002.705 00002.734 00002.969 00002.159 00002.540 00001.999
00056.024 00095.227 00154.089 00144.024 00006.106 00002.222 00003.193 00001.080 00001.391 00001.766 00002.546 00002.662 00002.539 00002.138 00001.650 00001.859 00001.403 00044.249 00249.065 00270.224 00265.636 00212.885 00124.960 00118.981 00088.427 00027.235 00224.838 00253.591 00299.574 00217.220 00148.188 00122.924 00107.505 00079.730 00046.278 00030.213 00034.396 00100.584 00122.657 00129.931 00166.173 00217.892 00183.687 00139.923 00123.239 00042.472 00036.174 00036.535 00035.406 00001.798 00001.661 00002.178 00002.393 00002.080 00002.055 00004.310 00008.730 00001.821 00006.319 00012.643
00051.866 00075.441 00125.581 00103.584 00001.922 00002.797 00003.185 00001.301 00001.570 00002.456 00002.285 00002.182 00001.781 00017.908 00048.631 00057.729 00044.017 00129.254 00145.702 00223.989 00234.994 00191.069 00105.652 00098.625 00089.245 00081.333 00065.976 00356.787 00291.645 00233.328 00151.720 00129.619 00123.364 00104.752 00070.760 00040.269 00029.499 00043.152 00087.303 00137.776 00162.963 00182.547 00155.422 00141.785 00106.786 00050.380 00033.895 00034.120 00037.616 00001.546 00001.222 00002.451 00003.287 00013.553 00002.928 00008.093 00017.048 00013.619 00010.598 00019.188
00046.736 00070.148 00109.404 00040.073 00013.971 00002.150 00001.494 00001.512 00018.196 00050.153 00010.336 00032.200 00006.946 00036.763 00050.773 00118.508 00128.594 00120.097 00152.482 00172.899 00185.375 00170.250 00086.548 00079.468 00106.562 00162.351 00229.784 00037.494 00198.837 00134.934 00139.216 00136.250 00130.965 00112.690 00083.522 00051.570 00030.112 00038.799 00054.717 00077.033 00116.528 00146.172 00143.170 00133.542 00096.563 00066.311 00032.983 00025.062 00039.054 00002.845 00003.967 00009.853 00003.707 00017.229 00049.426 00046.297 00020.576 00027.370 00029.055 00020.569
00039.954 00051.914 00098.363 00038.650 00002.288 00001.681 00026.208 00004.565 00024.718 00041.733 00018.868 00039.543 00051.583 00050.949 00055.028 00118.930 00145.189 00140.579 00143.395 00141.449 00151.987 00146.293 00092.034 00061.479 00094.098 00171.528 00230.119 00152.317 00121.685 00082.514 00146.883 00145.637 00147.034 00132.533 00072.235 00058.684 00026.118 00016.408 00033.564 00065.605 00068.649 00111.578 00110.138 00106.924 00083.189 00044.704 00031.666 00027.053 00001.056 00019.385 00058.363 00003.111 00014.370 00034.176 00032.385 00037.524 00041.670 00034.547 00034.511 00032.330
00035.318 00053.023 00063.614 00045.765 00005.626 00016.318 00031.361 00012.917 00035.428 00037.847 00036.646 00040.838 00050.488 00048.483 00065.356 00121.261 00156.678 00153.401 00142.956 00146.692 00143.124 00129.195 00101.088 00055.379 00078.944 00171.301 00187.220 00125.850 00170.468 00155.721 00034.420 00133.607 00144.189 00136.174 00093.548 00048.424 00036.115 00028.006 00003.260 00047.001 00049.895 00080.145 00080.227 00096.215 00057.887 00034.296 00024.742 00031.148 00012.678 00034.274 00062.487 00013.257 00037.409 00039.826 00052.319 00048.930 00049.672 00047.596 00040.290 00037.393
00034.918 00039.121 00050.339 00047.359 00026.852 00038.901 00036.525 00037.083 00035.043 00035.012 00038.907 00050.749 00064.835 00058.178 00077.126 00080.135 00129.375 00147.461 00148.600 00138.861 00137.795 00125.392 00095.734 00052.503 00047.591 00165.099 00176.988 00109.360 00110.356 00199.541 00191.691 00095.526 00141.955 00138.445 00112.586 00068.546 00032.099 00022.356 00009.259 00027.159 00045.635 00054.926 00074.828 00071.813 00048.726 00025.550 00028.363 00030.778 00035.916 00076.063 00084.605 00055.519 00062.219 00071.568 00060.540 00062.026 00049.511 00045.234 00041.989 00041.418
00029.551 00032.307 00038.136 00030.756 00029.901 00035.130 00032.861 00034.531 00034.616 00034.667 00036.109 00042.967 00071.824 00069.830 00067.185 00073.011 00101.651 00117.891 00111.233 00122.252 00133.641 00109.181 00103.730 00057.429 00054.017 00149.644 00127.162 00104.076 00085.116 00106.706 00178.404 00230.276 00135.121 00143.392 00116.680 00076.630 00026.520 00066.902 00010.881 00024.518 00042.907 00062.631 00067.955 00057.806 00033.131 00030.295 00018.582 00023.370 00061.954 00081.687 00104.869 00086.523 00074.830 00084.951 00076.541 00060.957 00044.759 00041.166 00043.145 00045.679
