data/trial9/ashley.fml
NCOLS 382
NROWS 266
XLLCORNER 157819.328125
YLLCORNER 384678.625000
CELLSIZE 30.000000
NODATA_VALUE -1
[rows 0 to 33 of 266, columns 231 to 307 of 382]
-1.00 -1.00 -1.00 -1.00 -1.00 -1.00 -1.00 -1.00 -1.00 -1.00 -1.00 -1.00 -1.00 -1.00 -1.00 -1.00 -1.00 -1.00 -1.00 -1.00 -1.00 -1.00 -1.00 -1.00 -1.00 -1.00 -1.00 -1.00 -1.00 -1.00 -1.00 -1.00 -1.00 -1.00 -1.00 -1.00 -1.00 -1.00 -1.00 -1.00 -1.00 -1.00 -1.00 -1.00 -1.00 -1.00 -1.00 -1.00 -1.00 -1.00 -1.00 -1.00 -1.00 -1.00 -1.00 -1.00 -1.00 -1.00 -1.00 -1.00 -1.00 -1.00 -1.00 -1.00 -1.00 -1.00 -1.00 -1.00 -1.00 -1.00 -1.00 -1.00 -1.00 -1.00 -1.00 -1.00 -1.00
-1.00 -1.00 -1.00 -1.00 -1.00 -1.00 -1.00 -1.00 -1.00 -1.00 -1.00 -1.00 -1.00 -1.00 -1.00 -1.00 -1.00 -1.00 -1.00 -1.00 -1.00 -1.00 -1.00 -1.00 -1.00 -1.00 -1.00 -1.00 -1.00 -1.00 -1.00 -1.00 -1.00 -1.00 -1.00 -1.00 -1.00 -1.00 -1.00 -1.00 -1.00 -1.00 -1.00 -1.00 -1.00 -1.00 -1.00 -1.00 -1.00 -1.00 -1.00 -1.00 -1.00 04.22 06.14 06.42 06.46 06.31 06.11 04.92 05.02 06.24 04.94 -1.00 -1.00 -1.00 -1.00 -1.00 -1.00 -1.00 -1.00 -1.00 -1.00 -1.00 -1.00 -1.00 -1.00
-1.00 -1.00 -1.00 -1.00 -1.00 -1.00 -1.00 -1.00 -1.00 -1.00 -1.00 -1.00 -1.00 -1.00 -1.00 -1.00 -1.00 -1.00 -1.00 -1.00 -1.00 -1.00 -1.00 -1.00 -1.00 -1.00 -1.00 -1.00 -1.00 -1.00 -1.00 -1.00 -1.00 -1.00 -1.00 -1.00 -1.00 -1.00 -1.00 -1.00 -1.00 -1.00 -1.00 -1.00 -1.00 -1.00 -1.00 -1.00 -1.00 -1.00 -1.00 -1.00 -1.00 04.90 06.36 06.34 06.20 05.96 05.80 05.90 06.02 05.86 05.40 -1.00 -1.00 -1.00 -1.00 -1.00 -1.00 -1.00 -1.00 -1.00 -1.00 -1.00 -1.00 -1.00 -1.00
-1.00 -1.00 -1.00 -1.00 -1.00 -1.00 -1.00 -1.00 -1.00 -1.00 -1.00 -1.00 -1.00 -1.00 -1.00 -1.00 -1.00 -1.00 -1.00 -1.00 -1.00 -1.00 -1.00 -1.00 -1.00 -1.00 -1.00 -1.00 -1.00 -1.00 -1.00 -1.00 -1.00 -1.00 -1.00 -1.00 -1.00 -1.00 -1.00 -1.00 -1.00 -1.00 -1.00 -1.00 -1.00 -1.00 -1.00 -1.00 -1.00 -1.00 -1.00 -1.00 02.78 05.77 06.35 06.18 05.90 05.65 05.63 05.87 05.73 05.31 04.57 03.22 -1.00 -1.00 -1.00 -1.00 -1.00 -1.00 -1.00 -1.00 -1.00 -1.00 -1.00 -1.00 -1.00
-1.00 -1.00 -1.00 -1.00 -1.00 -1.00 -1.00 -1.00 -1.00 -1.00 -1.00 -1.00 -1.00 -1.00 -1.00 -1.00 -1.00 -1.00 -1.00 -1.00 -1.00 -1.00 -1.00 -1.00 -1.00 -1.00 -1.00 -1.00 -1.00 -1.00 -1.00 -1.00 -1.00 -1.00 -1.00 -1.00 -1.00 -1.00 -1.00 -1.00 -1.00 -1.00 -1.00 -1.00 -1.00 -1.00 -1.00 -1.00 -1.00 -1.00 -1.00 -1.00 05.68 06.59 06.23 05.95 05.58 05.38 05.65 05.58 05.36 04.51 03.97 03.67 00.69 -1.00 -1.00 -1.00 -1.00 -1.00 -1.00 -1.00 -1.00 -1.00 -1.00 -1.00 -1.00
-1.00 -1.00 -1.00 -1.00 -1.00 -1.00 -1.00 -1.00 -1.00 -1.00 -1.00 -1.00 -1.00 -1.00 -1.00 -1.00 -1.00 -1.00 -1.00 -1.00 -1.00 -1.00 -1.00 -1.00 -1.00 -1.00 -1.00 -1.00 -1.00 -1.00 -1.00 -1.00 -1.00 -1.00 -1.00 -1.00 -1.00 -1.00 -1.00 -1.00 -1.00 -1.00 -1.00 -1.00 -1.00 -1.00 -1.00 -1.00 -1.00 -1.00 -1.00 05.02 06.62 06.52 06.09 05.77 05.25 05.36 05.46 05.28 04.49 03.93 03.52 03.30 02.52 00.60 -1.00 -1.00 -1.00 -1.00 -1.00 -1.00 -1.00 -1.00 -1.00 -1.00 -1.00
-1.00 -1.00 -1.00 -1.00 -1.00 -1.00 -1.00 -1.00 -1.00 -1.00 -1.00 -1.00 -1.00 -1.00 -1.00 -1.00 -1.00 -1.00 -1.00 -1.00 -1.00 -1.00 -1.00 -1.00 -1.00 -1.00 -1.00 -1.00 -1.00 -1.00 -1.00 -1.00 -1.00 -1.00 -1.00 -1.00 -1.00 -1.00 -1.00 -1.00 -1.00 -1.00 -1.00 -1.00 -1.00 -1.00 -1.00 -1.00 -1.00 -1.00 03.61 05.77 06.78 06.34 05.98 05.62 05.18 05.29 05.25 04.62 03.81 03.42 03.12 02.94 02.96 03.05 00.99 02.49 -1.00 -1.00 -1.00 -1.00 -1.00 -1.00 -1.00 -1.00 -1.00
-1.00 -1.00 -1.00 -1.00 -1.00 -1.00 -1.00 -1.00 -1.00 -1.00 -1.00 -1.00 -1.00 -1.00 -1.00 -1.00 -1.00 -1.00 -1.00 -1.00 -1.00 -1.00 -1.00 -1.00 -1.00 -1.00 -1.00 -1.00 -1.00 -1.00 -1.00 -1.00 -1.00 -1.00 -1.00 -1.00 -1.00 -1.00 -1.00 -1.00 -1.00 -1.00 -1.00 -1.00 -1.00 -1.00 -1.00 -1.00 -1.00 -1.00 03.18 06.41 06.45 06.13 05.83 05.53 05.24 05.17 04.65 03.72 03.27 02.98 02.76 02.64 02.69 02.66 02.83 02.60 00.68 -1.00 -1.00 -1.00 -1.00 -1.00 -1.00 -1.00 -1.00
-1.00 -1.00 -1.00 -1.00 -1.00 -1.00 -1.00 -1.00 -1.00 -1.00 -1.00 -1.00 -1.00 -1.00 -1.00 -1.00 -1.00 -1.00 -1.00 -1.00 -1.00 -1.00 -1.00 -1.00 -1.00 -1.00 -1.00 -1.00 -1.00 -1.00 -1.00 -1.00 -1.00 -1.00 -1.00 -1.00 -1.00 -1.00 -1.00 -1.00 -1.00 -1.00 -1.00 -1.00 -1.00 -1.00 -1.00 -1.00 04.12 06.51 05.69 06.51 06.16 05.92 05.70 05.39 05.15 05.04 03.76 03.03 02.77 02.62 02.42 02.37 02.31 02.36 02.25 02.01 02.70 02.03 -1.00 -1.00 -1.00 -1.00 -1.00 -1.00 -1.00
-1.00 -1.00 -1.00 -1.00 -1.00 -1.00 -1.00 -1.00 -1.00 -1.00 -1.00 -1.00 -1.00 -1.00 -1.00 -1.00 -1.00 -1.00 -1.00 -1.00 -1.00 -1.00 -1.00 -1.00 -1.00 -1.00 -1.00 -1.00 -1.00 -1.00 -1.00 -1.00 -1.00 -1.00 -1.00 -1.00 -1.00 -1.00 -1.00 -1.00 -1.00 -1.00 -1.00 -1.00 -1.00 -1.00 -1.00 -1.00 06.41 06.64 06.52 06.18 05.96 05.77 05.56 05.26 05.05 04.37 02.51 02.33 01.89 02.03 02.00 02.07 02.06 02.03 02.15 02.26 02.30 01.51 02.10 02.86 00.49 -1.00 -1.00 00.12 -1.00
-1.00 -1.00 -1.00 -1.00 -1.00 -1.00 -1.00 -1.00 -1.00 -1.00 -1.00 -1.00 -1.00 -1.00 -1.00 -1.00 -1.00 -1.00 -1.00 -1.00 -1.00 -1.00 -1.00 -1.00 -1.00 -1.00 -1.00 -1.00 -1.00 -1.00 -1.00 -1.00 -1.00 -1.00 -1.00 -1.00 -1.00 -1.00 -1.00 -1.00 -1.00 -1.00 -1.00 -1.00 -1.00 -1.00 -1.00 03.96 06.64 06.48 06.24 05.97 05.77 05.62 05.42 05.13 04.94 02.42 01.69 01.49 01.58 01.69 01.75 01.78 01.81 01.89 01.94 02.00 02.08 02.39 02.10 02.28 01.94 01.82 02.88 00.86 -1.00
-1.00 -1.00 -1.00 -1.00 -1.00 -1.00 -1.00 -1.00 -1.00 -1.00 -1.00 -1.00 -1.00 -1.00 -1.00 -1.00 -1.00 -1.00 -1.00 -1.00 -1.00 -1.00 -1.00 -1.00 -1.00 -1.00 -1.00 -1.00 -1.00 -1.00 -1.00 -1.00 -1.00 -1.00 -1.00 -1.00 -1.00 -1.00 -1.00 -1.00 -1.00 -1.00 -1.00 -1.00 -1.00 04.44 06.48 06.47 06.43 06.29 05.99 05.79 05.62 05.45 05.32 04.99 04.82 02.29 02.26 01.79 00.91 01.64 01.64 01.60 01.62 01.67 01.72 01.78 01.83 01.82 01.85 01.82 01.87 01.90 02.04 01.97 -1.00
-1.00 -1.00 -1.00 -1.00 -1.00 -1.00 -1.00 -1.00 -1.00 -1.00 -1.00 -1.00 -1.00 -1.00 -1.00 -1.00 -1.00 -1.00 -1.00 -1.00 -1.00 -1.00 -1.00 -1.00 -1.00 -1.00 -1.00 -1.00 -1.00 -1.00 -1.00 -1.00 -1.00 -1.00 -1.00 -1.00 -1.00 -1.00 -1.00 -1.00 -1.00 01.98 04.42 06.75 03.55 05.93 06.28 06.33 06.30 06.08 05.83 05.61 05.48 05.31 05.22 04.88 04.66 02.61 02.84 01.91 01.32 01.51 01.25 01.68 01.52 01.60 01.65 01.68 01.69 01.68 01.67 01.69 01.71 01.75 01.79 01.59 01.22
-1.00 -1.00 -1.00 -1.00 -1.00 -1.00 -1.00 -1.00 -1.00 -1.00 -1.00 -1.00 -1.00 -1.00 -1.00 -1.00 -1.00 -1.00 -1.00 -1.00 -1.00 -1.00 -1.00 -1.00 -1.00 -1.00 -1.00 -1.00 -1.00 -1.00 -1.00 -1.00 -1.00 -1.00 -1.00 -1.00 -1.00 -1.00 -1.00 05.46 06.56 06.56 06.60 06.36 06.08 05.87 06.16 06.16 06.14 05.89 05.66 05.42 05.33 05.24 04.98 04.73 04.43 02.84 03.02 01.72 01.46 01.27 01.00 01.23 01.45 01.49 01.54 01.58 01.59 01.61 01.62 01.63 01.63 01.64 01.66 02.28 02.10
-1.00 -1.00 -1.00 -1.00 -1.00 -1.00 -1.00 -1.00 -1.00 -1.00 -1.00 -1.00 -1.00 -1.00 -1.00 -1.00 -1.00 -1.00 -1.00 -1.00 -1.00 -1.00 -1.00 -1.00 -1.00 -1.00 -1.00 -1.00 -1.00 -1.00 -1.00 -1.00 -1.00 -1.00 -1.00 -1.00 -1.00 -1.00 03.20 06.17 06.29 06.48 06.24 05.91 05.63 05.85 06.04 06.05 05.95 05.75 05.52 05.32 05.23 05.07 04.74 04.44 04.21 03.76 03.01 02.29 01.94 01.20 01.12 01.29 01.11 01.45 01.48 01.52 01.55 01.56 01.56 01.57 01.85 01.94 01.96 01.94 01.97
-1.00 -1.00 -1.00 -1.00 -1.00 -1.00 -1.00 -1.00 -1.00 -1.00 -1.00 -1.00 -1.00 -1.00 -1.00 -1.00 -1.00 -1.00 -1.00 -1.00 -1.00 -1.00 -1.00 -1.00 -1.00 -1.00 -1.00 -1.00 -1.00 -1.00 -1.00 -1.00 -1.00 -1.00 -1.00 05.05 05.68 05.98 06.04 06.03 05.95 05.84 05.50 05.40 05.55 05.79 05.94 05.96 05.81 05.60 05.38 05.20 05.12 04.76 04.45 04.14 04.17 04.12 02.92 02.60 02.09 01.05 01.13 00.96 00.64 00.79 01.44 01.56 01.64 01.72 01.75 01.80 01.84 01.87 01.88 01.85 01.81
-1.00 -1.00 -1.00 -1.00 -1.00 -1.00 -1.00 -1.00 -1.00 -1.00 -1.00 -1.00 -1.00 -1.00 -1.00 -1.00 -1.00 -1.00 -1.00 -1.00 -1.00 -1.00 -1.00 -1.00 -1.00 -1.00 -1.00 -1.00 -1.00 -1.00 -1.00 -1.00 -1.00 03.79 05.17 06.16 06.31 06.31 06.25 06.23 06.20 05.88 04.67 04.76 05.38 05.67 05.84 05.84 05.71 05.49 05.22 05.06 04.74 04.50 04.17 04.16 04.06 03.83 03.75 02.74 01.95 01.04 00.92 00.47 01.37 00.34 00.78 01.43 01.54 01.62 01.66 01.68 01.68 01.68 01.67 01.60 01.49
-1.00 -1.00 -1.00 -1.00 -1.00 -1.00 -1.00 -1.00 -1.00 -1.00 -1.00 -1.00 -1.00 -1.00 -1.00 -1.00 -1.00 -1.00 -1.00 -1.00 -1.00 -1.00 -1.00 -1.00 -1.00 -1.00 -1.00 -1.00 -1.00 -1.00 -1.00 01.83 04.84 05.19 05.71 06.15 06.24 06.25 06.24 06.33 06.40 05.95 05.03 03.85 05.13 05.53 05.71 05.72 05.60 05.37 05.07 04.81 04.43 04.29 04.09 04.07 03.83 03.61 03.46 02.94 01.08 01.18 00.94 00.51 01.29 01.10 00.68 00.78 00.97 01.18 01.55 01.57 01.58 01.56 01.49 01.40 01.29
00.91 00.52 -1.00 -1.00 -1.00 -1.00 -1.00 -1.00 -1.00 01.35 01.03 01.34 00.88 -1.00 -1.00 -1.00 -1.00 -1.00 -1.00 -1.00 -1.00 -1.00 -1.00 -1.00 -1.00 -1.00 -1.00 -1.00 03.73 05.03 05.39 05.53 05.53 05.56 05.69 05.84 05.92 06.01 06.12 06.28 06.41 05.93 05.35 04.07 04.80 05.37 05.59 05.60 05.45 05.25 04.91 04.48 04.28 04.12 04.01 03.85 03.56 03.40 03.32 02.06 01.22 01.16 00.95 00.55 01.33 01.28 01.34 00.78 00.60 00.76 01.02 01.26 01.25 01.22 01.14 00.88 00.73
01.13 00.95 01.09 00.75 00.35 01.13 00.77 01.25 01.41 01.44 01.52 01.49 01.52 01.13 01.73 01.68 01.65 01.73 00.90 -1.00 -1.00 -1.00 -1.00 -1.00 -1.00 -1.00 -1.00 03.34 04.71 05.64 05.58 05.61 05.60 05.59 05.58 05.65 05.78 05.92 06.05 06.18 06.13 05.78 05.34 04.25 04.21 05.21 05.47 05.45 05.29 05.10 04.72 04.29 04.06 03.93 03.77 03.61 03.43 03.29 03.04 02.64 01.46 01.13 00.90 00.95 01.23 01.29 01.58 01.66 00.86 00.81 00.77 00.65 00.68 00.67 00.97 01.33 01.50
01.08 01.09 01.42 00.86 01.06 01.18 01.12 01.45 01.81 01.66 01.66 01.75 01.80 01.82 01.66 01.73 01.68 01.63 01.60 00.93 01.05 01.55 02.97 01.94 03.25 03.76 03.66 04.22 05.52 05.93 05.71 05.58 05.58 05.58 05.58 05.65 05.79 05.94 06.04 06.14 06.00 05.70 05.17 04.21 03.69 05.00 05.33 05.29 05.13 04.95 04.44 04.06 03.85 03.62 03.58 03.41 03.23 02.98 02.08 02.99 01.66 01.10 00.87 01.20 01.08 01.84 03.15 03.71 03.94 01.55 01.03 00.83 00.82 00.82 00.82 00.82 00.83
00.26 01.00 01.28 00.51 01.16 01.26 01.43 01.51 01.99 01.71 01.81 01.99 01.92 01.96 01.79 01.84 01.83 01.72 01.70 01.72 01.62 02.13 02.72 03.20 03.35 03.68 03.64 04.63 05.54 05.90 05.73 05.55 05.54 05.54 05.55 05.61 05.73 05.86 05.99 06.06 05.90 05.70 05.10 03.95 03.57 04.77 05.15 05.12 04.97 04.69 04.17 03.77 03.59 03.46 03.38 03.06 02.91 02.62 02.40 02.34 01.56 00.97 00.49 00.95 01.37 02.20 02.84 03.08 03.31 03.71 03.21 02.13 01.78 01.79 01.79 01.71 01.62
01.60 00.52 01.19 00.20 01.27 01.26 01.42 01.54 01.93 01.81 01.80 01.98 01.91 01.94 01.90 01.83 01.89 01.87 01.79 01.88 02.55 02.71 02.81 03.23 03.68 03.63 03.61 04.83 05.46 05.86 05.89 05.66 05.52 05.49 05.46 05.57 05.75 05.85 05.92 05.90 05.79 05.62 04.84 03.84 03.43 04.64 04.95 04.93 04.71 04.32 03.95 03.58 03.31 03.27 03.03 02.65 02.51 02.55 02.63 01.89 01.05 00.86 00.45 01.07 01.30 01.67 01.79 02.27 02.60 02.96 03.31 03.31 03.26 03.12 02.91 02.52 02.03
01.71 01.53 01.65 00.50 01.03 01.29 01.40 01.48 01.70 01.85 01.82 01.96 02.14 01.91 01.80 01.80 01.78 01.89 01.86 02.02 02.60 02.72 02.85 03.28 03.95 03.61 03.67 04.78 05.34 05.76 05.88 05.69 05.49 05.46 05.48 05.62 05.82 05.87 05.88 05.77 05.66 05.40 04.52 03.85 03.33 04.49 04.78 04.69 04.32 03.97 03.57 03.30 02.92 01.73 02.40 02.39 02.45 02.57 01.79 01.07 01.26 01.17 00.97 01.09 01.28 01.43 01.47 01.69 01.75 02.51 02.86 03.06 03.02 03.06 03.27 02.87 02.85
01.70 02.15 01.97 01.63 00.81 01.27 01.34 01.42 01.65 01.76 01.83 01.92 02.03 01.92 01.72 02.24 01.75 01.83 01.93 02.13 02.60 02.74 02.95 03.27 03.97 03.69 03.94 04.59 05.17 05.54 05.75 05.60 05.44 05.40 05.44 05.58 05.76 05.86 05.88 05.77 05.62 05.14 04.28 03.72 03.26 04.37 04.60 04.26 04.00 03.54 03.29 03.05 00.33 00.35 00.98 01.78 02.33 01.90 01.87 01.03 01.45 01.34 01.12 00.68 01.39 01.48 01.62 01.78 01.58 01.66 02.46 02.75 02.89 02.97 03.12 03.14 02.27
01.85 02.10 02.09 01.76 00.89 01.16 01.26 01.39 01.60 01.67 01.77 01.87 01.96 02.00 01.95 02.21 01.87 01.98 02.13 02.25 02.61 02.73 02.91 04.05 03.92 03.79 03.96 04.36 04.91 05.25 05.63 05.51 05.37 05.35 05.39 05.52 05.67 05.81 05.80 05.75 05.51 04.84 03.99 03.46 03.10 04.22 04.24 03.92 03.50 03.25 03.07 00.33 00.42 00.37 00.40 00.41 02.17 02.09 01.63 01.18 01.33 01.33 01.11 00.93 01.97 01.79 01.75 02.29 03.32 02.31 02.10 02.56 02.77 02.76 03.02 03.01 01.48
01.91 02.06 02.02 01.86 01.51 00.69 01.25 01.35 01.40 01.61 01.69 01.82 01.90 01.94 01.96 02.13 02.07 02.23 02.28 02.41 02.57 02.74 02.92 04.01 03.85 03.79 03.89 04.20 04.60 05.01 05.49 05.42 05.32 05.30 05.33 05.49 05.66 05.78 05.74 05.69 05.14 04.48 03.69 03.19 03.02 04.09 03.83 03.47 03.23 03.05 00.34 00.36 00.44 00.45 00.37 00.38 00.41 01.15 01.82 02.17 01.60 01.26 01.15 00.94 02.47 01.58 01.84 02.82 03.64 02.25 02.80 02.34 02.63 02.29 02.95 00.61 -1.00
01.79 01.94 01.95 01.83 01.54 00.89 01.25 01.31 01.37 01.55 01.62 01.74 01.83 01.87 01.92 02.04 02.07 02.19 02.27 02.37 02.51 02.73 02.97 03.91 03.79 03.75 03.78 04.08 04.38 04.89 05.46 05.44 05.40 05.40 05.39 05.52 05.67 05.76 05.76 05.47 04.73 04.07 03.38 02.96 03.61 03.69 03.24 03.14 02.99 00.37 00.36 00.40 00.51 00.51 00.47 00.48 00.42 00.42 00.98 01.76 01.37 01.33 01.07 01.03 01.58 01.32 02.26 02.67 03.09 03.31 03.57 02.09 02.48 02.56 00.94 00.74 00.73
01.75 01.85 01.88 01.79 01.59 00.89 01.15 01.29 01.34 01.39 01.57 01.65 01.77 01.82 01.88 01.97 02.04 02.15 02.25 02.32 02.41 02.72 03.21 03.77 03.73 03.69 03.69 03.97 04.32 04.81 05.44 05.44 05.44 05.49 05.54 05.66 05.77 05.84 05.89 05.15 04.29 03.60 02.99 02.72 03.38 03.10 03.00 02.70 00.40 00.28 00.39 -1.00 -1.00 00.50 00.51 00.48 00.47 00.20 00.35 00.51 01.35 01.50 01.36 00.96 00.82 01.06 01.57 02.57 03.23 03.61 02.03 02.24 02.88 02.92 02.20 02.92 00.83
01.68 01.69 01.66 01.57 01.28 00.90 00.99 01.30 01.32 01.38 01.51 01.57 01.71 01.76 01.83 01.90 02.00 02.11 02.20 02.27 02.35 02.57 03.56 03.63 03.66 03.64 03.64 03.89 04.27 04.72 05.31 05.37 05.41 05.46 05.52 05.66 05.79 05.91 05.60 04.86 03.81 03.14 02.70 02.90 02.98 02.53 01.82 00.41 00.29 00.36 00.38 -1.00 -1.00 -1.00 00.46 00.49 00.51 00.48 00.49 01.42 00.33 00.66 00.78 00.85 00.84 01.27 02.49 03.07 03.21 02.93 02.88 03.43 03.84 02.75 03.05 03.38 02.28
01.76 01.74 01.71 01.55 01.33 00.89 00.17 01.21 01.32 01.34 01.40 01.51 01.59 01.67 01.75 01.83 01.92 02.05 02.15 02.24 02.29 02.49 03.35 03.52 03.57 03.59 03.64 03.90 04.24 04.87 05.19 05.19 05.22 05.36 05.48 05.62 05.75 05.81 05.22 04.62 03.61 02.75 03.08 03.29 01.62 02.18 00.48 00.32 00.40 00.38 -1.00 -1.00 -1.00 -1.00 -1.00 -1.00 00.49 00.52 00.52 01.00 01.58 02.06 01.89 01.31 00.94 01.54 02.41 03.73 03.02 03.15 03.44 03.54 03.79 03.34 02.99 03.14 03.38
01.65 01.69 01.72 01.65 01.55 01.41 01.19 00.89 01.28 01.52 01.67 01.53 01.69 01.79 01.67 01.73 01.88 01.97 02.05 02.20 02.23 02.37 03.14 03.41 03.51 03.53 03.65 03.87 04.32 04.80 05.12 05.12 05.07 05.27 05.44 05.54 05.66 05.65 05.37 04.42 03.22 03.17 03.78 04.47 03.14 01.42 00.51 00.45 00.41 00.40 -1.00 -1.00 -1.00 -1.00 -1.00 -1.00 -1.00 00.61 00.85 00.74 02.38 01.38 01.86 01.84 01.60 01.48 02.95 03.32 03.51 03.35 03.24 03.56 03.65 02.84 02.71 02.88 03.13
01.49 01.59 01.55 01.50 01.48 01.46 01.35 01.23 01.14 01.56 01.76 01.84 01.90 01.85 01.83 01.74 01.82 01.85 01.94 02.11 02.18 02.26 02.97 03.31 03.38 03.40 03.58 03.85 04.32 04.75 05.07 05.15 05.22 05.31 05.40 05.49 05.55 05.57 05.44 04.26 03.21 03.97 04.02 06.25 03.25 00.78 00.55 00.46 00.43 00.43 -1.00 -1.00 -1.00 -1.00 -1.00 -1.00 00.55 00.62 01.68 01.79 01.80 02.03 02.04 01.96 01.92 01.61 02.12 03.08 03.47 04.10 02.38 02.17 02.22 02.31 02.44 02.67 02.90
01.40 01.33 01.57 01.55 01.50 01.78 01.94 01.61 01.24 01.70 01.73 01.76 01.86 01.86 01.69 01.77 01.80 01.77 01.80 02.05 02.12 02.17 02.68 03.10 03.25 03.29 03.80 03.96 04.34 04.65 05.25 05.30 05.32 05.31 05.36 05.45 05.60 05.73 05.50 04.05 03.49 04.06 06.60 06.11 06.44 00.69 00.60 00.47 00.43 00.44 00.41 -1.00 -1.00 -1.00 -1.00 -1.00 00.55 00.62 02.36 02.50 02.74 02.56 02.37 02.11 02.04 01.97 02.02 03.11 03.02 03.94 02.50 02.51 02.59 02.90 02.22 02.54 02.63
