data/trial9/ashley.toa
NCOLS 382
NROWS 266
XLLCORNER 157819.328125
YLLCORNER 384678.625000
CELLSIZE 30.000000
NODATA_VALUE -1
[rows 26 to 51 of 266, columns 240 to 299 of 382]
00016.764 00016.435 00016.134 00015.853 00015.595 00015.339 00015.119 00014.911 00014.713 00014.555 00014.394 00014.275 00014.161 00014.064 00013.981 00013.935 00013.882 00013.828 00013.778 00013.744 00013.716 00013.694 00013.699 00013.704 00013.707 00013.710 00013.714 00013.717 00013.721 00013.728 00013.735 00013.765 00013.801 00013.852 00013.923 00014.001 00014.056 00014.095 00014.150 00014.210 00014.273 00018.267 00033.795 00037.224 00034.784 00032.070 00020.469 00017.051 00015.469 00015.321 00015.547 00017.064 00017.951 00019.600 00021.263 00032.349 00033.289 00033.949 00034.460 00034.922
00016.874 00016.522 00016.196 00015.902 00015.624 00015.359 00015.112 00014.900 00014.710 00014.544 00014.387 00014.248 00014.135 00014.038 00013.968 00013.916 00013.864 00013.811 00013.758 00013.720 00013.691 00013.668 00013.672 00013.677 00013.680 00013.683 00013.688 00013.692 00013.698 00013.704 00013.720 00013.755 00013.797 00013.864 00013.937 00014.027 00014.071 00014.131 00014.193 00014.251 00017.845 00033.766 00039.110 00040.375 00037.911 00035.354 00032.519 00021.303 00018.496 00017.198 00017.156 00017.291 00017.705 00018.925 00020.704 00032.491 00033.813 00034.638 00034.967 00035.259
00017.058 00016.669 00016.291 00015.955 00015.666 00015.396 00015.129 00014.893 00014.708 00014.540 00014.381 00014.222 00014.108 00014.012 00013.953 00013.897 00013.843 00013.790 00013.736 00013.695 00013.666 00013.642 00013.646 00013.651 00013.654 00013.657 00013.662 00013.667 00013.673 00013.679 00013.710 00013.745 00013.808 00013.881 00013.982 00014.050 00014.119 00014.179 00014.260 00015.198 00022.589 00037.928 -0001.000 -0001.000 00040.510 00038.101 00035.982 00033.777 00023.998 00021.085 00018.098 00017.443 00017.671 00017.875 00020.164 00033.036 00035.451 00035.947 00035.725 00035.813
00017.285 00016.849 00016.458 00016.079 00015.733 00015.434 00015.167 00014.911 00014.706 00014.540 00014.378 00014.216 00014.081 00013.991 00013.936 00013.877 00013.821 00013.766 00013.712 00013.670 00013.640 00013.614 00013.620 00013.625 00013.628 00013.631 00013.637 00013.643 00013.649 00013.669 00013.700 00013.754 00013.829 00013.927 00014.045 00014.134 00014.207 00014.338 00015.077 00021.138 00035.980 00041.569 -0001.000 -0001.000 -0001.000 00041.769 00039.501 00037.398 00035.217 00033.063 00032.060 00018.602 00018.398 00018.295 00018.931 00033.123 00035.762 00036.602 00036.912 00036.575
00017.544 00017.077 00016.642 00016.245 00015.867 00015.529 00015.220 00014.953 00014.732 00014.541 00014.382 00014.219 00014.053 00013.972 00013.916 00013.855 00013.797 00013.741 00013.688 00013.644 00013.614 00013.586 00013.592 00013.597 00013.601 00013.606 00013.612 00013.618 00013.629 00013.658 00013.697 00013.771 00013.882 00014.061 00014.133 00014.287 00014.543 00015.213 00020.693 00035.286 00041.235 -0001.000 -0001.000 -0001.000 -0001.000 -0001.000 -0001.000 00040.449 00038.218 00036.181 00034.105 00032.710 00032.333 00032.507 00032.629 00034.029 00035.996 00037.053 00037.605 00037.505
00018.011 00017.406 00016.971 00016.716 00016.188 00015.654 00015.329 00015.011 00014.775 00014.576 00014.389 00014.227 00014.062 00013.950 00013.892 00013.832 00013.772 00013.715 00013.663 00013.617 00013.587 00013.558 00013.563 00013.568 00013.574 00013.580 00013.586 00013.592 00013.611 00013.644 00013.700 00013.821 00013.991 00014.106 00014.290 00014.416 00014.542 00017.030 00020.295 00034.490 00040.091 -0001.000 -0001.000 -0001.000 -0001.000 -0001.000 -0001.000 -0001.000 00040.143 00037.837 00035.873 00034.449 00033.674 00033.059 00033.997 00035.345 00036.095 00037.117 00037.412 00037.720
00018.713 00018.527 00018.098 00017.839 00017.335 00016.271 00015.584 00015.074 00014.831 00014.618 00014.430 00014.248 00014.080 00013.929 00013.868 00013.808 00013.746 00013.688 00013.638 00013.591 00013.562 00013.530 00013.534 00013.540 00013.547 00013.553 00013.560 00013.569 00013.586 00013.619 00013.706 00013.863 00014.049 00014.181 00014.287 00014.320 00014.538 00016.924 00020.139 00033.819 00038.825 -0001.000 -0001.000 -0001.000 -0001.000 -0001.000 -0001.000 00042.938 00040.048 00037.804 00036.596 00035.653 00034.797 00034.817 00035.129 00035.705 00036.154 00036.527 00037.014 00037.337
00020.032 00020.064 00020.092 00019.827 00019.503 00018.535 00016.962 00015.542 00014.907 00014.698 00014.493 00014.294 00014.115 00013.963 00013.844 00013.782 00013.717 00013.660 00013.613 00013.568 00013.536 00013.502 00013.507 00013.513 00013.520 00013.527 00013.534 00013.539 00013.545 00013.574 00013.722 00013.899 00014.075 00014.203 00014.225 00014.245 00014.642 00017.026 00019.993 00032.841 00037.587 00042.294 -0001.000 -0001.000 -0001.000 -0001.000 -0001.000 00042.581 00039.717 00037.786 00036.896 00036.256 00036.281 00036.095 00035.812 00035.828 00036.185 00036.401 00036.881 00037.677
00022.398 00022.092 00021.971 00022.033 00021.704 00021.098 00019.365 00017.606 00016.015 00014.912 00014.742 00014.405 00014.159 00013.989 00013.858 00013.756 00013.692 00013.636 00013.591 00013.546 00013.509 00013.476 00013.480 00013.487 00013.493 00013.500 00013.507 00013.514 00013.520 00013.596 00013.742 00013.926 00014.116 00014.148 00014.168 00014.189 00014.816 00017.036 00019.294 00024.014 00036.014 00040.371 -0001.000 -0001.000 -0001.000 -0001.000 -0001.000 00042.195 00039.327 00038.113 00037.869 00037.689 00037.340 00036.867 00036.335 00036.094 00036.533 00036.744 00037.135 00037.986
00033.785 00033.273 00032.964 00032.917 00032.947 00032.690 00022.009 00019.949 00018.022 00016.523 00015.750 00015.115 00014.466 00014.137 00013.903 00013.733 00013.672 00013.615 00013.569 00013.523 00013.482 00013.449 00013.454 00013.461 00013.468 00013.475 00013.482 00013.489 00013.516 00013.616 00013.767 00013.992 00014.075 00014.096 00014.117 00014.166 00014.900 00016.711 00018.755 00022.166 00034.720 00039.222 -0001.000 -0001.000 -0001.000 -0001.000 -0001.000 -0001.000 00041.015 00039.424 00038.901 00038.382 00037.928 00037.506 00037.059 00036.838 00036.796 00036.963 00037.570 00038.558
00035.808 00035.219 00034.794 00034.544 00034.620 00034.678 00033.545 00022.564 00020.438 00018.964 00017.323 00016.233 00015.244 00014.731 00014.220 00013.768 00013.658 00013.600 00013.545 00013.498 00013.456 00013.422 00013.427 00013.434 00013.441 00013.449 00013.456 00013.472 00013.520 00013.653 00013.853 00013.996 00014.022 00014.047 00014.074 00014.124 00014.825 00016.472 00018.335 00021.459 00034.356 00038.590 00042.778 -0001.000 -0001.000 -0001.000 -0001.000 -0001.000 -0001.000 00041.030 00039.532 00038.964 00038.452 00037.943 00037.462 00037.122 00037.003 00037.265 00038.221 00039.322
00037.464 00036.827 00036.346 00036.151 00035.992 00036.149 00035.981 00034.182 00036.388 00020.975 00019.261 00017.627 00016.389 00015.612 00014.754 00013.899 00013.660 00013.591 00013.522 00013.475 00013.430 00013.394 00013.398 00013.406 00013.415 00013.423 00013.431 00013.480 00013.572 00013.747 00013.889 00013.925 00013.960 00013.992 00014.043 00014.092 00014.750 00016.283 00018.349 00021.994 00034.095 00037.910 00041.640 00041.158 00040.096 00041.544 00042.808 -0001.000 -0001.000 -0001.000 00040.670 00039.362 00038.741 00038.266 00037.817 00037.272 00037.128 00037.860 00038.583 00039.853
00038.401 00038.230 00037.810 00037.520 00037.801 00038.763 00039.312 00039.189 00040.083 00021.958 00019.371 00017.681 00016.464 00015.630 00014.801 00014.032 00013.679 00013.582 00013.507 00013.452 00013.406 00013.364 00013.368 00013.377 00013.387 00013.397 00013.432 00013.503 00013.661 00013.808 00013.822 00013.859 00013.899 00013.935 00014.009 00014.079 00014.738 00016.592 00018.702 00021.566 00033.592 00037.255 00040.473 00038.479 00036.861 00037.929 00039.398 00040.643 00040.602 00040.437 00040.143 00039.853 00039.262 00038.745 00038.276 00037.776 00037.949 00038.106 00038.878 00039.476
00038.841 00039.203 00039.111 00038.832 00038.755 00039.486 00041.224 -0001.000 00042.134 00033.129 00019.520 00017.732 00016.522 00015.723 00014.920 00014.173 00013.740 00013.574 00013.501 00013.429 00013.381 00013.333 00013.335 00013.347 00013.358 00013.378 00013.442 00013.560 00013.717 00013.728 00013.748 00013.787 00013.832 00013.877 00013.956 00014.090 00015.241 00016.721 00018.259 00020.772 00033.034 00036.699 00038.402 00036.941 00035.497 00034.854 00036.161 00037.882 00038.144 00038.130 00038.927 00039.217 00039.856 00039.273 00038.819 00038.625 00038.520 00038.456 00038.981 00039.172
00039.667 00039.680 00039.988 00040.234 00040.090 00040.252 00041.650 -0001.000 00039.211 00024.953 00019.956 00018.413 00016.944 00016.012 00015.033 00014.340 00013.847 00013.632 00013.496 00013.419 00013.351 00013.300 00013.299 00013.315 00013.329 00013.378 00013.461 00013.591 00013.641 00013.643 00013.669 00013.704 00013.751 00013.789 00013.816 00014.205 00015.287 00016.551 00017.939 00020.066 00024.287 00035.235 00037.109 00035.846 00034.855 00034.273 00034.383 00034.979 00036.152 00036.448 00037.645 00038.430 00039.774 00040.107 00039.750 00039.420 00039.129 00038.897 00039.009 00039.273
00040.602 00040.637 00040.678 00040.765 00041.270 00041.769 -0001.000 -0001.000 00037.326 00022.978 00020.227 00019.125 00017.989 00016.804 00015.977 00015.187 00014.487 00013.902 00013.562 00013.417 00013.322 00013.271 00013.261 00013.279 00013.310 00013.377 00013.479 00013.549 00013.562 00013.564 00013.588 00013.612 00013.642 00013.701 00013.742 00014.140 00015.185 00016.393 00017.692 00019.023 00021.518 00033.563 00036.143 00035.009 00034.154 00033.596 00033.228 00033.979 00034.655 00035.459 00036.585 00037.797 00039.142 00040.579 00040.519 00039.944 00039.493 00039.318 00039.309 00039.367
00041.619 00041.649 00041.718 00042.041 00042.780 -0001.000 -0001.000 -0001.000 00036.792 00022.728 00020.960 00020.003 00019.073 00017.986 00016.841 00016.026 00015.275 00014.566 00013.846 00013.447 00013.318 00013.242 00013.222 00013.243 00013.284 00013.376 00013.443 00013.475 00013.484 00013.493 00013.515 00013.534 00013.549 00013.566 00013.686 00014.078 00015.089 00016.091 00017.180 00018.315 00020.224 00032.028 00035.843 00034.165 00033.277 00032.842 00032.575 00032.865 00033.634 00034.413 00035.692 00037.063 00038.531 00040.018 00041.631 00041.284 00040.417 00040.033 00039.928 00039.946
00042.824 00042.708 00042.780 00042.865 -0001.000 -0001.000 -0001.000 -0001.000 00036.992 00022.894 00021.337 00020.346 00019.431 00018.475 00017.365 00016.390 00015.575 00014.902 00014.142 00013.594 00013.307 00013.215 00013.178 00013.207 00013.246 00013.327 00013.388 00013.403 00013.409 00013.423 00013.446 00013.462 00013.471 00013.483 00013.525 00014.014 00014.791 00015.599 00016.615 00017.761 00019.620 00023.035 00035.771 00033.178 00032.440 00032.110 00023.468 00023.173 00032.530 00033.403 00034.721 00036.170 00037.757 00040.148 -0001.000 00042.396 00041.112 00040.645 00040.663 00040.688
-0001.000 -0001.000 -0001.000 -0001.000 -0001.000 -0001.000 -0001.000 -0001.000 00037.196 00023.059 00021.719 00020.911 00020.040 00019.210 00018.121 00016.897 00016.002 00015.093 00014.290 00013.681 00013.300 00013.194 00013.155 00013.166 00013.206 00013.273 00013.311 00013.330 00013.331 00013.349 00013.371 00013.384 00013.386 00013.384 00013.380 00013.491 00014.377 00015.172 00016.162 00017.515 00019.191 00022.254 00032.885 00032.484 00023.188 00022.707 00022.361 00022.015 00022.805 00032.353 00033.681 00035.349 00038.442 00041.501 -0001.000 -0001.000 00041.691 00041.152 00041.343 00041.735
-0001.000 -0001.000 -0001.000 -0001.000 -0001.000 -0001.000 -0001.000 -0001.000 00037.799 00032.364 00022.537 00021.906 00020.939 00019.907 00018.945 00017.773 00016.627 00015.645 00014.724 00013.878 00013.332 00013.173 00013.126 00013.111 00013.152 00013.207 00013.233 00013.249 00013.249 00013.268 00013.289 00013.292 00013.280 00013.266 00013.284 00013.346 00013.894 00014.855 00015.936 00017.282 00018.863 00021.218 00022.787 00022.811 00022.351 00021.746 00021.391 00021.079 00021.264 00022.753 00032.607 00034.932 00039.416 -0001.000 -0001.000 -0001.000 00042.352 00041.506 00041.823 00042.067
-0001.000 -0001.000 -0001.000 -0001.000 -0001.000 -0001.000 -0001.000 -0001.000 00038.785 00033.381 00032.127 00022.544 00022.061 00021.842 00021.394 00020.518 00018.785 00016.657 00015.288 00014.366 00013.523 00013.133 00013.076 00013.059 00013.080 00013.113 00013.155 00013.163 00013.162 00013.176 00013.194 00013.183 00013.158 00013.141 00013.134 00013.126 00013.425 00014.596 00015.692 00017.079 00018.318 00020.138 00020.309 00021.219 00021.892 00020.939 00020.675 00020.467 00020.267 00021.468 00023.152 00033.548 00040.607 -0001.000 -0001.000 -0001.000 00042.794 00041.872 00042.075 00042.353
-0001.000 -0001.000 -0001.000 -0001.000 -0001.000 -0001.000 -0001.000 -0001.000 00039.049 00033.759 00032.550 00032.073 00023.212 00023.342 00024.049 00024.736 00022.898 00020.163 00017.222 00015.222 00014.019 00012.986 00012.979 00012.992 00013.011 00013.039 00013.074 00013.075 00013.075 00013.077 00013.080 00013.045 00013.006 00012.989 00012.969 00013.022 00013.158 00014.255 00015.371 00016.483 00017.705 00018.594 00018.353 00019.244 00020.437 00020.425 00020.076 00019.831 00019.550 00020.407 00021.939 00032.253 00037.683 -0001.000 -0001.000 -0001.000 -0001.000 00042.174 00042.354 00042.553
-0001.000 -0001.000 -0001.000 -0001.000 -0001.000 -0001.000 -0001.000 00041.495 00039.299 00033.659 00032.372 00022.641 00022.071 00021.533 00021.466 00021.756 00022.365 00020.326 00018.857 00017.820 00015.281 00013.342 00012.916 00012.887 00012.899 00012.926 00012.954 00012.979 00012.982 00012.957 00012.912 00012.865 00012.827 00012.809 00012.793 00012.829 00012.979 00013.810 00014.745 00015.726 00016.842 00016.857 00017.130 00017.837 00018.786 00019.779 00019.340 00019.049 00018.724 00019.400 00020.864 00023.130 00038.830 -0001.000 -0001.000 -0001.000 -0001.000 00042.485 00042.744 00042.927
-0001.000 -0001.000 -0001.000 -0001.000 -0001.000 -0001.000 00040.865 00036.727 00034.127 00033.439 00022.947 00022.089 00021.458 00020.954 00020.584 00020.265 00019.741 00018.840 00018.074 00016.353 00014.740 00013.267 00012.820 00012.811 00012.810 00012.812 00012.830 00012.856 00012.872 00012.814 00012.748 00012.701 00012.672 00012.670 00012.669 00012.668 00012.668 00012.987 00014.113 00014.928 00015.628 00015.514 00015.944 00016.630 00017.401 00018.329 00018.525 00018.259 00017.901 00018.495 00020.049 00032.160 00040.627 -0001.000 -0001.000 -0001.000 -0001.000 00042.897 -0001.000 -0001.000
-0001.000 -0001.000 -0001.000 -0001.000 -0001.000 00042.867 00037.026 00033.152 00032.871 00032.975 00032.078 00022.065 00021.367 00020.770 00020.196 00019.633 00019.121 00018.468 00017.291 00015.885 00014.441 00013.127 00012.728 00012.708 00012.725 00012.736 00012.736 00012.735 00012.733 00012.673 00012.609 00012.558 00012.540 00012.549 00012.554 00012.551 00012.548 00012.597 00013.324 00014.135 00014.426 00014.457 00015.004 00015.574 00016.193 00017.108 00017.829 00017.411 00016.977 00017.886 00019.548 00033.448 00041.694 -0001.000 -0001.000 -0001.000 -0001.000 -0001.000 -0001.000 -0001.000
-0001.000 -0001.000 -0001.000 00041.535 00038.600 00037.973 00033.193 00032.671 00032.499 00032.621 00032.694 00022.987 00021.966 00021.357 00020.815 00020.356 00019.913 00018.967 00017.545 00016.015 00014.536 00013.273 00012.643 00012.605 00012.600 00012.619 00012.653 00012.628 00012.594 00012.540 00012.482 00012.431 00012.425 00012.437 00012.443 00012.439 00012.435 00012.458 00012.526 00013.178 00013.251 00013.542 00014.222 00014.753 00015.323 00015.918 00016.412 00016.212 00016.103 00017.504 00019.036 00033.270 00041.753 -0001.000 -0001.000 -0001.000 -0001.000 -0001.000 -0001.000 -0001.000
