data/trial9/ashley.fli
NCOLS 382
NROWS 266
XLLCORNER 157819.328125
YLLCORNER 384678.625000
CELLSIZE 30.000000
NODATA_VALUE -1
[rows 26 to 51 of 266, columns 240 to 299 of 382]
00016.006 00017.827 00020.827 00022.768 00024.079 00024.388 00029.216 00027.440 00032.288 00033.988 00038.262 00044.234 00050.654 00058.134 00115.797 00106.366 00102.548 00108.782 00128.120 00156.776 00188.663 00230.217 00223.736 00214.375 00212.673 00215.721 00229.759 00245.428 00257.347 00253.157 00248.001 00199.162 00147.538 00096.693 00070.607 00062.866 00120.967 00104.985 00084.597 00072.676 00063.991 00000.539 00000.620 00000.973 00000.977 00000.660 00000.704 00000.835 00007.710 00020.785 00030.599 00015.821 00009.337 00007.663 00004.984 00040.316 00015.240 00021.370 00054.123 00093.856
00014.789 00016.184 00018.886 00021.124 00022.158 00023.372 00026.628 00027.556 00031.168 00033.605 00036.846 00041.783 00050.170 00060.511 00109.775 00102.432 00100.065 00102.246 00120.544 00140.683 00178.650 00227.430 00225.337 00222.082 00221.527 00221.045 00232.524 00246.687 00254.712 00255.341 00227.668 00166.550 00120.066 00080.237 00059.939 00092.500 00096.625 00072.865 00068.179 00061.496 00000.656 00000.633 00000.780 00001.305 00001.327 00001.114 00001.140 00000.850 00000.882 00005.457 00019.468 00011.154 00010.581 00006.612 00006.052 00015.237 00010.399 00033.536 00047.907 00065.695
00011.691 00015.060 00016.813 00019.674 00020.876 00022.439 00024.848 00026.853 00030.013 00032.939 00035.323 00038.222 00050.028 00071.565 00101.560 00099.020 00097.047 00096.810 00113.410 00136.175 00172.787 00225.335 00225.344 00225.407 00229.572 00234.612 00245.837 00255.797 00262.609 00267.581 00200.021 00134.522 00091.746 00061.335 00049.949 00080.086 00066.239 00061.600 00049.095 00000.754 00000.369 00000.743 -0001.000 -0001.000 00001.248 00001.294 00001.176 00001.083 00000.175 00000.571 00001.297 00010.968 00013.616 00011.062 00005.166 00003.728 00006.498 00015.084 00044.222 00072.444
00011.380 00013.799 00015.103 00018.131 00019.482 00021.047 00022.913 00025.645 00028.850 00031.512 00033.809 00036.189 00044.279 00089.648 00093.340 00095.436 00094.078 00094.044 00108.977 00133.095 00165.424 00213.476 00218.910 00222.418 00226.868 00232.695 00245.348 00257.638 00269.565 00239.550 00176.521 00103.816 00068.076 00049.070 00057.243 00060.673 00042.771 00020.848 00000.826 00000.387 00000.632 00000.697 -0001.000 -0001.000 -0001.000 00001.036 00001.228 00001.314 00001.133 00001.221 00012.124 00000.508 00002.326 00003.330 00003.942 00003.916 00009.459 00041.311 00065.092 00071.609
00010.644 00011.798 00013.791 00015.537 00017.254 00019.155 00021.085 00023.338 00026.947 00030.089 00032.769 00034.247 00041.052 00078.322 00087.240 00090.139 00091.214 00094.230 00109.338 00131.174 00177.394 00203.035 00203.017 00205.958 00218.214 00229.091 00241.407 00254.421 00259.920 00206.289 00157.831 00092.551 00051.043 00065.390 00075.492 00016.144 00030.971 00001.131 00000.481 00000.755 00000.688 -0001.000 -0001.000 -0001.000 -0001.000 -0001.000 -0001.000 00001.218 00001.348 00001.357 00005.675 00015.363 00027.424 00022.526 00010.282 00004.945 00014.526 00038.287 00099.216 00062.801
00014.003 00017.268 00014.386 00017.726 00020.216 00017.303 00018.703 00022.347 00024.701 00026.949 00031.584 00032.571 00037.057 00068.320 00081.406 00086.866 00087.958 00094.594 00107.711 00136.767 00171.766 00197.275 00197.114 00192.911 00210.032 00225.141 00234.749 00245.694 00244.521 00219.045 00143.193 00071.964 00069.523 00101.894 00147.224 00068.085 00012.162 00001.337 00000.992 00000.821 00000.789 -0001.000 -0001.000 -0001.000 -0001.000 -0001.000 -0001.000 -0001.000 00001.903 00003.939 00002.906 00037.239 00011.372 00021.881 00021.333 00015.737 00013.259 00059.637 00076.842 00087.148
00014.877 00019.450 00021.302 00023.005 00021.646 00021.029 00018.946 00020.949 00021.683 00023.838 00028.890 00030.733 00033.279 00060.611 00076.426 00080.219 00081.299 00090.467 00106.336 00136.485 00167.623 00193.432 00200.323 00206.382 00213.755 00222.067 00229.770 00235.509 00237.465 00225.108 00132.704 00071.382 00113.377 00116.916 00304.949 00073.381 00003.320 00001.559 00001.058 00000.916 00000.887 -0001.000 -0001.000 -0001.000 -0001.000 -0001.000 -0001.000 00001.577 00001.991 00017.567 00020.115 00020.465 00026.511 00026.805 00024.568 00023.417 00015.952 00028.968 00065.297 00084.549
00017.939 00018.737 00019.488 00021.840 00021.950 00017.689 00019.520 00020.395 00019.587 00020.417 00026.994 00029.064 00030.626 00048.229 00066.404 00073.569 00075.692 00103.088 00113.269 00138.212 00160.163 00208.485 00213.064 00214.263 00213.357 00217.800 00226.589 00240.404 00252.688 00230.751 00118.753 00086.105 00119.176 00342.437 00289.674 00325.073 00002.525 00001.859 00001.100 00000.912 00000.930 00000.795 -0001.000 -0001.000 -0001.000 -0001.000 -0001.000 00001.574 00001.994 00036.572 00041.626 00050.870 00043.745 00037.078 00028.866 00026.843 00024.870 00026.084 00066.589 00062.497
00015.177 00018.626 00020.990 00019.644 00020.889 00013.919 00015.841 00016.946 00019.608 00020.206 00018.841 00030.506 00027.589 00038.048 00050.770 00068.794 00077.512 00103.916 00112.455 00128.335 00153.259 00220.949 00220.999 00222.048 00232.759 00242.814 00242.267 00247.180 00258.869 00157.748 00107.423 00079.048 00274.352 00354.262 00346.135 00334.055 00002.781 00002.099 00001.310 00000.196 00000.977 00001.147 -0001.000 -0001.000 -0001.000 -0001.000 -0001.000 00001.545 00001.930 00051.957 00053.570 00052.970 00053.863 00044.561 00034.940 00031.683 00033.633 00047.666 00042.741 00051.262
00018.710 00020.845 00021.397 00021.120 00019.891 00016.768 00012.844 00013.986 00016.233 00019.191 00024.301 00028.459 00028.903 00028.131 00042.651 00065.276 00095.024 00113.223 00109.193 00119.853 00149.488 00210.894 00210.277 00211.158 00224.114 00238.256 00244.324 00249.725 00206.443 00122.550 00091.147 00104.573 00390.081 00409.033 00394.611 00199.861 00003.058 00002.269 00001.852 00000.846 00000.999 00001.191 -0001.000 -0001.000 -0001.000 -0001.000 -0001.000 -0001.000 00001.727 00030.732 00050.134 00055.959 00064.764 00063.422 00053.836 00042.367 00029.813 00030.229 00028.987 00038.964
00024.181 00024.291 00023.904 00024.756 00025.413 00023.166 00015.541 00010.421 00013.823 00014.831 00020.437 00027.843 00028.822 00023.823 00035.079 00075.610 00109.808 00102.209 00095.268 00109.710 00144.933 00203.775 00203.373 00201.731 00214.648 00223.434 00228.091 00222.636 00130.945 00105.497 00087.468 00220.938 00332.486 00374.763 00398.084 00260.499 00003.418 00002.604 00002.006 00001.035 00001.139 00001.198 00000.913 -0001.000 -0001.000 -0001.000 -0001.000 -0001.000 -0001.000 00001.618 00053.759 00063.367 00065.340 00078.581 00061.459 00048.402 00034.356 00022.956 00031.313 00045.163
00041.801 00030.686 00031.294 00032.321 00032.013 00033.714 00013.945 00015.565 00000.435 00014.175 00025.375 00022.850 00040.947 00050.490 00042.331 00080.072 00130.173 00090.535 00089.349 00109.186 00143.593 00184.135 00192.032 00195.689 00211.137 00225.706 00238.561 00128.757 00124.410 00097.620 00301.161 00257.861 00288.929 00305.073 00352.983 00322.307 00003.537 00002.532 00002.056 00001.061 00001.292 00001.193 00001.281 00001.201 00001.250 00001.243 00001.134 -0001.000 -0001.000 -0001.000 00014.083 00055.359 00071.864 00071.752 00073.344 00044.420 00030.729 00025.392 00028.586 00053.900
00060.569 00042.786 00037.379 00031.606 00011.803 00001.802 00001.260 00000.897 00000.545 00003.256 00022.181 00023.267 00044.390 00058.409 00054.868 00070.920 00143.063 00078.060 00085.179 00104.067 00126.384 00158.326 00174.670 00187.642 00202.411 00219.692 00194.764 00087.576 00107.207 00240.793 00274.081 00258.541 00294.629 00294.997 00277.939 00220.748 00003.429 00002.855 00002.035 00001.174 00001.238 00001.267 00001.395 00005.232 00003.216 00001.691 00001.393 00001.637 00001.783 00005.255 00032.272 00053.014 00055.062 00063.005 00059.296 00042.112 00034.663 00016.674 00028.410 00052.212
00065.324 00066.754 00038.172 00044.644 00040.130 00025.537 00002.044 -0001.000 00000.475 00000.402 00019.420 00023.710 00048.146 00052.633 00050.045 00080.659 00138.985 00068.790 00075.832 00091.163 00110.172 00139.569 00155.737 00172.655 00185.659 00208.915 00157.515 00120.372 00175.677 00253.367 00241.712 00230.002 00246.083 00205.614 00078.124 00059.679 00003.898 00003.294 00002.631 00001.410 00001.089 00001.388 00006.046 00013.458 00021.160 00056.498 00001.294 00001.760 00001.818 00001.754 00015.238 00041.994 00048.551 00051.568 00053.534 00046.219 00035.727 00020.942 00025.480 00067.051
00061.913 00068.536 00061.823 00055.603 00024.381 00005.536 00001.969 -0001.000 00000.664 00000.100 00022.143 00029.506 00043.048 00046.111 00045.782 00065.075 00102.836 00062.227 00064.408 00078.642 00101.369 00132.540 00138.149 00150.641 00173.040 00209.988 00146.388 00131.682 00223.421 00253.839 00236.413 00204.830 00201.178 00243.380 00287.604 00004.586 00004.513 00003.691 00003.648 00001.538 00000.174 00001.175 00016.932 00028.812 00039.759 00048.594 00045.145 00041.711 00008.677 00035.039 00013.649 00040.003 00034.707 00049.206 00056.004 00051.714 00048.116 00026.073 00022.234 00063.974
00048.432 00052.138 00058.852 00064.259 00055.092 00001.534 -0001.000 -0001.000 00000.668 00000.588 00029.193 00031.475 00027.124 00036.008 00035.407 00049.630 00054.805 00080.087 00078.660 00068.692 00098.891 00150.385 00148.109 00129.455 00154.608 00210.636 00171.481 00265.531 00255.859 00268.699 00250.799 00229.584 00080.698 00174.211 00267.794 00005.350 00005.116 00004.147 00004.319 00002.149 00001.280 00001.087 00022.033 00029.972 00047.489 00046.426 00054.447 00038.930 00034.982 00029.851 00033.262 00032.331 00030.695 00029.539 00031.297 00053.322 00035.619 00031.402 00051.083 00056.819
00039.323 00040.190 00036.034 00017.712 00006.689 -0001.000 -0001.000 -0001.000 00000.658 00000.794 00030.726 00035.107 00032.202 00028.101 00039.480 00044.174 00056.689 00050.789 00076.842 00093.344 00125.689 00157.098 00150.529 00125.737 00152.382 00210.638 00269.281 00296.581 00300.198 00311.727 00306.208 00286.895 00270.846 00255.148 00072.656 00005.931 00005.744 00004.659 00004.467 00003.453 00001.795 00000.398 00008.522 00030.034 00036.078 00060.352 00049.412 00040.909 00030.985 00030.053 00029.606 00029.112 00027.901 00028.865 00030.046 00002.352 00003.260 00042.026 00037.290 00042.852
00036.953 00041.344 00044.383 00047.779 -0001.000 -0001.000 -0001.000 -0001.000 00000.645 00005.144 00037.375 00039.049 00040.309 00035.239 00030.950 00042.857 00057.249 00061.069 00055.764 00098.893 00144.556 00154.491 00153.121 00121.421 00165.865 00204.960 00292.502 00288.219 00283.812 00282.767 00288.608 00284.093 00256.171 00184.511 00049.744 00005.716 00006.532 00005.869 00004.246 00003.995 00001.832 00000.703 00001.080 00036.008 00052.394 00040.606 00023.109 00024.191 00034.854 00028.494 00026.519 00024.038 00023.690 00017.359 -0001.000 00005.723 00005.549 00008.587 00025.319 00037.188
-0001.000 -0001.000 -0001.000 -0001.000 -0001.000 -0001.000 -0001.000 -0001.000 00000.660 00000.797 00038.279 00032.961 00042.032 00035.539 00029.212 00039.721 00036.805 00050.539 00050.473 00090.465 00146.182 00150.251 00137.131 00161.940 00166.423 00233.079 00266.088 00276.313 00270.196 00262.814 00260.836 00243.474 00210.739 00203.294 00205.604 00004.977 00006.278 00006.231 00004.583 00003.959 00001.937 00001.118 00010.081 00044.915 00030.926 00038.614 00036.058 00032.633 00024.849 00029.098 00025.545 00018.264 00011.320 00009.995 -0001.000 -0001.000 00005.158 00014.261 00028.314 00036.193
-0001.000 -0001.000 -0001.000 -0001.000 -0001.000 -0001.000 -0001.000 -0001.000 00000.616 00026.023 00039.215 00030.801 00011.714 00036.939 00025.104 00021.747 00032.196 00039.114 00044.942 00077.012 00130.572 00107.158 00081.816 00128.291 00166.152 00230.312 00248.084 00255.927 00241.514 00234.349 00231.744 00214.765 00186.999 00162.066 00090.143 00035.476 00004.829 00005.953 00004.931 00003.996 00002.571 00001.553 00009.177 00034.328 00036.931 00040.490 00042.252 00053.623 00037.749 00019.786 00024.900 00007.313 00009.369 -0001.000 -0001.000 -0001.000 00002.561 00017.116 00026.987 00045.979
-0001.000 -0001.000 -0001.000 -0001.000 -0001.000 -0001.000 -0001.000 -0001.000 00000.539 00001.852 00075.332 00044.787 00049.672 00005.014 00001.221 00000.726 00005.268 00004.435 00037.245 00043.638 00024.618 00016.201 00048.690 00100.521 00119.161 00149.723 00242.276 00250.405 00223.202 00199.207 00188.745 00164.874 00142.659 00142.305 00156.306 00168.898 00004.121 00005.417 00004.717 00004.201 00003.080 00001.916 00002.274 00001.660 00021.242 00070.665 00066.137 00062.553 00060.068 00024.983 00013.828 00008.813 00000.748 -0001.000 -0001.000 -0001.000 00002.528 00014.803 00030.592 00049.464
-0001.000 -0001.000 -0001.000 -0001.000 -0001.000 -0001.000 -0001.000 -0001.000 00000.509 00011.401 00058.114 00047.722 00005.395 00002.461 00000.436 00000.702 00001.192 00000.846 00000.945 00018.357 00033.486 00075.923 00086.877 00067.263 00090.197 00148.603 00204.382 00240.551 00240.461 00183.374 00138.878 00115.012 00095.868 00097.846 00100.735 00082.506 00057.916 00005.201 00004.665 00003.519 00003.900 00003.186 00003.319 00002.430 00006.098 00074.266 00061.464 00047.783 00043.681 00035.874 00018.669 00021.654 00000.665 -0001.000 -0001.000 -0001.000 -0001.000 00019.835 00031.574 00047.886
-0001.000 -0001.000 -0001.000 -0001.000 -0001.000 -0001.000 -0001.000 00000.832 00000.804 00017.088 00056.380 00046.146 00042.227 00048.878 00030.398 00009.420 00001.000 00002.144 00009.533 00001.080 00002.769 00003.272 00037.707 00060.117 00096.333 00135.478 00160.010 00190.254 00185.240 00126.324 00095.847 00098.806 00102.502 00113.040 00129.562 00061.578 00013.712 00003.938 00004.828 00004.332 00003.338 00003.461 00004.020 00003.654 00002.564 00057.858 00050.502 00050.701 00047.231 00034.394 00023.769 00010.840 00000.725 -0001.000 -0001.000 -0001.000 -0001.000 00020.851 00035.681 00045.668
-0001.000 -0001.000 -0001.000 -0001.000 -0001.000 -0001.000 00000.851 00000.750 00014.347 00013.360 00014.690 00043.085 00063.474 00071.946 00065.868 00051.404 00026.061 00044.261 00002.699 00003.257 00003.164 00004.245 00039.032 00057.231 00070.068 00085.412 00102.458 00142.137 00155.409 00118.778 00114.600 00118.790 00124.909 00143.213 00162.079 00161.959 00161.832 00002.518 00005.442 00005.087 00004.553 00004.763 00004.979 00003.578 00003.238 00004.268 00047.917 00054.832 00056.949 00038.093 00021.570 00004.777 00000.749 -0001.000 -0001.000 -0001.000 -0001.000 00004.770 -0001.000 -0001.000
-0001.000 -0001.000 -0001.000 -0001.000 -0001.000 00000.615 00000.813 00017.627 00016.851 00032.410 00022.497 00040.336 00067.512 00077.002 00083.251 00081.980 00068.825 00073.544 00003.254 00003.909 00003.631 00004.586 00011.168 00041.897 00058.258 00075.243 00088.685 00108.554 00125.862 00123.088 00124.083 00135.535 00145.893 00161.424 00173.316 00173.110 00173.298 00150.605 00004.206 00005.611 00005.411 00005.682 00005.389 00005.301 00004.056 00003.226 00067.437 00020.406 00039.895 00040.554 00020.590 00000.570 00000.732 -0001.000 -0001.000 -0001.000 -0001.000 -0001.000 -0001.000 -0001.000
-0001.000 -0001.000 -0001.000 00000.956 00000.947 00000.866 00005.305 00015.840 00069.952 00058.443 00085.076 00006.588 00038.819 00060.914 00055.830 00049.225 00021.495 00013.676 00002.787 00003.529 00003.651 00004.892 00014.950 00052.602 00068.076 00087.485 00050.469 00104.650 00122.301 00142.477 00134.265 00169.014 00173.121 00178.111 00181.416 00181.373 00181.325 00154.465 00028.933 00004.489 00004.760 00004.697 00006.108 00006.292 00005.902 00005.191 00007.588 00023.335 00044.290 00040.580 00021.584 00000.567 00000.729 -0001.000 -0001.000 -0001.000 -0001.000 -0001.000 -0001.000 -0001.000
