data/trial9/ashley.fli
NCOLS 382
NROWS 266
XLLCORNER 157819.328125
YLLCORNER 384678.625000
CELLSIZE 30.000000
NODATA_VALUE -1
[rows 0 to 25 of 266, columns 240 to 299 of 382]
-0001.000 -0001.000 -0001.000 -0001.000 -0001.000 -0001.000 -0001.000 -0001.000 -0001.000 -0001.000 -0001.000 -0001.000 -0001.000 -0001.000 -0001.000 -0001.000 -0001.000 -0001.000 -0001.000 -0001.000 -0001.000 -0001.000 -0001.000 -0001.000 -0001.000 -0001.000 -0001.000 -0001.000 -0001.000 -0001.000 -0001.000 -0001.000 -0001.000 -0001.000 -0001.000 -0001.000 -0001.000 -0001.000 -0001.000 -0001.000 -0001.000 -0001.000 -0001.000 -0001.000 -0001.000 -0001.000 -0001.000 -0001.000 -0001.000 -0001.000 -0001.000 -0001.000 -0001.000 -0001.000 -0001.000 -0001.000 -0001.000 -0001.000 -0001.000 -0001.000
-0001.000 -0001.000 -0001.000 -0001.000 -0001.000 -0001.000 -0001.000 -0001.000 -0001.000 -0001.000 -0001.000 -0001.000 -0001.000 -0001.000 -0001.000 -0001.000 -0001.000 -0001.000 -0001.000 -0001.000 -0001.000 -0001.000 -0001.000 -0001.000 -0001.000 -0001.000 -0001.000 -0001.000 -0001.000 -0001.000 -0001.000 -0001.000 -0001.000 -0001.000 -0001.000 -0001.000 -0001.000 -0001.000 -0001.000 -0001.000 -0001.000 -0001.000 -0001.000 -0001.000 00129.818 00293.314 00323.485 00327.747 00310.576 00290.523 00181.280 00189.565 00304.110 00183.051 -0001.000 -0001.000 -0001.000 -0001.000 -0001.000 -0001.000
-0001.000 -0001.000 -0001.000 -0001.000 -0001.000 -0001.000 -0001.000 -0001.000 -0001.000 -0001.000 -0001.000 -0001.000 -0001.000 -0001.000 -0001.000 -0001.000 -0001.000 -0001.000 -0001.000 -0001.000 -0001.000 -0001.000 -0001.000 -0001.000 -0001.000 -0001.000 -0001.000 -0001.000 -0001.000 -0001.000 -0001.000 -0001.000 -0001.000 -0001.000 -0001.000 -0001.000 -0001.000 -0001.000 -0001.000 -0001.000 -0001.000 -0001.000 -0001.000 -0001.000 00179.642 00316.763 00313.851 00299.610 00274.777 00259.453 00268.603 00280.639 00265.244 00222.068 -0001.000 -0001.000 -0001.000 -0001.000 -0001.000 -0001.000
-0001.000 -0001.000 -0001.000 -0001.000 -0001.000 -0001.000 -0001.000 -0001.000 -0001.000 -0001.000 -0001.000 -0001.000 -0001.000 -0001.000 -0001.000 -0001.000 -0001.000 -0001.000 -0001.000 -0001.000 -0001.000 -0001.000 -0001.000 -0001.000 -0001.000 -0001.000 -0001.000 -0001.000 -0001.000 -0001.000 -0001.000 -0001.000 -0001.000 -0001.000 -0001.000 -0001.000 -0001.000 -0001.000 -0001.000 -0001.000 -0001.000 -0001.000 -0001.000 00052.275 00255.948 00315.488 00297.770 00268.825 00244.889 00242.436 00265.388 00251.938 00213.974 00154.289 00072.082 -0001.000 -0001.000 -0001.000 -0001.000 -0001.000
-0001.000 -0001.000 -0001.000 -0001.000 -0001.000 -0001.000 -0001.000 -0001.000 -0001.000 -0001.000 -0001.000 -0001.000 -0001.000 -0001.000 -0001.000 -0001.000 -0001.000 -0001.000 -0001.000 -0001.000 -0001.000 -0001.000 -0001.000 -0001.000 -0001.000 -0001.000 -0001.000 -0001.000 -0001.000 -0001.000 -0001.000 -0001.000 -0001.000 -0001.000 -0001.000 -0001.000 -0001.000 -0001.000 -0001.000 -0001.000 -0001.000 -0001.000 -0001.000 00247.511 00341.687 00302.885 00274.064 00237.832 00220.287 00244.981 00238.455 00218.062 00150.054 00113.608 00095.843 00002.531 -0001.000 -0001.000 -0001.000 -0001.000
-0001.000 -0001.000 -0001.000 -0001.000 -0001.000 -0001.000 -0001.000 -0001.000 -0001.000 -0001.000 -0001.000 -0001.000 -0001.000 -0001.000 -0001.000 -0001.000 -0001.000 -0001.000 -0001.000 -0001.000 -0001.000 -0001.000 -0001.000 -0001.000 -0001.000 -0001.000 -0001.000 -0001.000 -0001.000 -0001.000 -0001.000 -0001.000 -0001.000 -0001.000 -0001.000 -0001.000 -0001.000 -0001.000 -0001.000 -0001.000 -0001.000 -0001.000 00188.964 00345.739 00333.679 00288.295 00256.498 00208.227 00218.383 00227.442 00211.054 00148.092 00111.015 00087.258 00076.133 00042.203 00001.870 -0001.000 -0001.000 -0001.000
-0001.000 -0001.000 -0001.000 -0001.000 -0001.000 -0001.000 -0001.000 -0001.000 -0001.000 -0001.000 -0001.000 -0001.000 -0001.000 -0001.000 -0001.000 -0001.000 -0001.000 -0001.000 -0001.000 -0001.000 -0001.000 -0001.000 -0001.000 -0001.000 -0001.000 -0001.000 -0001.000 -0001.000 -0001.000 -0001.000 -0001.000 -0001.000 -0001.000 -0001.000 -0001.000 -0001.000 -0001.000 -0001.000 -0001.000 -0001.000 -0001.000 00092.614 00256.358 00364.007 00313.843 00276.427 00241.557 00202.804 00212.067 00208.663 00157.653 00104.015 00082.356 00067.505 00058.981 00060.057 00064.111 00005.578 00041.290 -0001.000
-0001.000 -0001.000 -0001.000 -0001.000 -0001.000 -0001.000 -0001.000 -0001.000 -0001.000 -0001.000 -0001.000 -0001.000 -0001.000 -0001.000 -0001.000 -0001.000 -0001.000 -0001.000 -0001.000 -0001.000 -0001.000 -0001.000 -0001.000 -0001.000 -0001.000 -0001.000 -0001.000 -0001.000 -0001.000 -0001.000 -0001.000 -0001.000 -0001.000 -0001.000 -0001.000 -0001.000 -0001.000 -0001.000 -0001.000 -0001.000 -0001.000 00070.283 00322.220 00326.456 00291.711 00262.362 00233.578 00208.002 00202.028 00159.812 00098.445 00074.661 00060.839 00051.726 00046.977 00048.840 00047.700 00054.258 00045.080 00002.463
-0001.000 -0001.000 -0001.000 -0001.000 -0001.000 -0001.000 -0001.000 -0001.000 -0001.000 -0001.000 -0001.000 -0001.000 -0001.000 -0001.000 -0001.000 -0001.000 -0001.000 -0001.000 -0001.000 -0001.000 -0001.000 -0001.000 -0001.000 -0001.000 -0001.000 -0001.000 -0001.000 -0001.000 -0001.000 -0001.000 -0001.000 -0001.000 -0001.000 -0001.000 -0001.000 -0001.000 -0001.000 -0001.000 -0001.000 00123.029 00332.616 00248.061 00332.671 00295.012 00270.564 00249.091 00221.042 00200.167 00190.483 00100.999 00062.935 00051.787 00046.079 00038.788 00037.018 00034.857 00036.772 00032.969 00025.778 00049.179
-0001.000 -0001.000 -0001.000 -0001.000 -0001.000 -0001.000 -0001.000 -0001.000 -0001.000 -0001.000 -0001.000 -0001.000 -0001.000 -0001.000 -0001.000 -0001.000 -0001.000 -0001.000 -0001.000 -0001.000 -0001.000 -0001.000 -0001.000 -0001.000 -0001.000 -0001.000 -0001.000 -0001.000 -0001.000 -0001.000 -0001.000 -0001.000 -0001.000 -0001.000 -0001.000 -0001.000 -0001.000 -0001.000 -0001.000 00321.447 00347.794 00333.846 00297.289 00275.131 00255.835 00236.597 00209.751 00191.875 00139.867 00042.077 00035.512 00022.619 00026.561 00025.556 00027.492 00027.348 00026.514 00029.827 00033.269 00034.787
-0001.000 -0001.000 -0001.000 -0001.000 -0001.000 -0001.000 -0001.000 -0001.000 -0001.000 -0001.000 -0001.000 -0001.000 -0001.000 -0001.000 -0001.000 -0001.000 -0001.000 -0001.000 -0001.000 -0001.000 -0001.000 -0001.000 -0001.000 -0001.000 -0001.000 -0001.000 -0001.000 -0001.000 -0001.000 -0001.000 -0001.000 -0001.000 -0001.000 -0001.000 -0001.000 -0001.000 -0001.000 -0001.000 00112.945 00347.602 00329.382 00303.233 00275.945 00255.973 00241.867 00223.785 00198.663 00182.371 00038.605 00017.638 00013.408 00015.368 00017.840 00019.256 00019.951 00020.526 00022.729 00023.830 00025.720 00027.910
-0001.000 -0001.000 -0001.000 -0001.000 -0001.000 -0001.000 -0001.000 -0001.000 -0001.000 -0001.000 -0001.000 -0001.000 -0001.000 -0001.000 -0001.000 -0001.000 -0001.000 -0001.000 -0001.000 -0001.000 -0001.000 -0001.000 -0001.000 -0001.000 -0001.000 -0001.000 -0001.000 -0001.000 -0001.000 -0001.000 -0001.000 -0001.000 -0001.000 -0001.000 -0001.000 -0001.000 00145.009 00329.295 00328.347 00323.740 00308.672 00277.380 00258.121 00242.231 00225.757 00214.735 00187.062 00172.849 00034.490 00033.321 00020.024 00004.567 00016.541 00016.669 00015.842 00016.105 00017.319 00018.388 00019.868 00021.004
-0001.000 -0001.000 -0001.000 -0001.000 -0001.000 -0001.000 -0001.000 -0001.000 -0001.000 -0001.000 -0001.000 -0001.000 -0001.000 -0001.000 -0001.000 -0001.000 -0001.000 -0001.000 -0001.000 -0001.000 -0001.000 -0001.000 -0001.000 -0001.000 -0001.000 -0001.000 -0001.000 -0001.000 -0001.000 -0001.000 -0001.000 -0001.000 00025.041 00143.688 00359.822 00089.152 00271.617 00307.665 00312.905 00310.171 00286.469 00261.426 00241.138 00228.730 00213.546 00206.123 00177.659 00160.961 00045.810 00055.034 00023.052 00010.361 00013.935 00009.251 00017.456 00014.147 00015.693 00016.877 00017.407 00017.726
-0001.000 -0001.000 -0001.000 -0001.000 -0001.000 -0001.000 -0001.000 -0001.000 -0001.000 -0001.000 -0001.000 -0001.000 -0001.000 -0001.000 -0001.000 -0001.000 -0001.000 -0001.000 -0001.000 -0001.000 -0001.000 -0001.000 -0001.000 -0001.000 -0001.000 -0001.000 -0001.000 -0001.000 -0001.000 -0001.000 00226.738 00338.667 00338.898 00342.634 00316.190 00286.923 00265.970 00295.380 00295.695 00293.079 00267.697 00245.544 00223.838 00215.700 00207.580 00185.993 00166.093 00144.155 00054.886 00062.817 00018.549 00012.930 00009.526 00005.651 00008.854 00012.684 00013.534 00014.464 00015.255 00015.590
-0001.000 -0001.000 -0001.000 -0001.000 -0001.000 -0001.000 -0001.000 -0001.000 -0001.000 -0001.000 -0001.000 -0001.000 -0001.000 -0001.000 -0001.000 -0001.000 -0001.000 -0001.000 -0001.000 -0001.000 -0001.000 -0001.000 -0001.000 -0001.000 -0001.000 -0001.000 -0001.000 -0001.000 -0001.000 00070.935 00296.302 00309.188 00329.748 00304.089 00269.994 00242.382 00263.845 00283.247 00284.322 00273.972 00253.984 00232.666 00214.418 00206.636 00193.432 00167.213 00144.688 00129.254 00100.820 00062.292 00034.426 00023.947 00008.457 00007.223 00009.875 00007.120 00012.653 00013.368 00014.090 00014.701
-0001.000 -0001.000 -0001.000 -0001.000 -0001.000 -0001.000 -0001.000 -0001.000 -0001.000 -0001.000 -0001.000 -0001.000 -0001.000 -0001.000 -0001.000 -0001.000 -0001.000 -0001.000 -0001.000 -0001.000 -0001.000 -0001.000 -0001.000 -0001.000 -0001.000 -0001.000 00191.879 00247.913 00276.858 00282.628 00281.748 00274.201 00263.249 00230.698 00221.407 00235.707 00257.666 00272.782 00274.366 00260.417 00240.276 00219.607 00204.314 00197.687 00168.233 00145.830 00124.571 00126.637 00123.234 00058.082 00045.096 00028.208 00006.274 00007.447 00005.198 00002.167 00003.380 00012.606 00014.986 00016.694
-0001.000 -0001.000 -0001.000 -0001.000 -0001.000 -0001.000 -0001.000 -0001.000 -0001.000 -0001.000 -0001.000 -0001.000 -0001.000 -0001.000 -0001.000 -0001.000 -0001.000 -0001.000 -0001.000 -0001.000 -0001.000 -0001.000 -0001.000 -0001.000 00102.787 00202.100 00295.051 00310.517 00311.158 00304.885 00302.316 00299.142 00266.401 00162.037 00168.493 00219.983 00246.219 00263.124 00263.308 00249.986 00229.563 00206.090 00192.453 00166.791 00148.957 00126.437 00125.968 00119.333 00105.300 00100.489 00050.681 00024.300 00006.219 00004.710 00001.101 00011.278 00000.534 00003.348 00012.254 00014.452
-0001.000 -0001.000 -0001.000 -0001.000 -0001.000 -0001.000 -0001.000 -0001.000 -0001.000 -0001.000 -0001.000 -0001.000 -0001.000 -0001.000 -0001.000 -0001.000 -0001.000 -0001.000 -0001.000 -0001.000 -0001.000 -0001.000 00021.160 00174.956 00203.328 00250.243 00294.512 00303.887 00304.492 00303.528 00312.711 00320.847 00274.220 00190.209 00106.380 00197.989 00233.689 00250.791 00251.193 00239.500 00219.088 00193.347 00172.030 00143.980 00134.308 00121.338 00120.064 00105.127 00092.449 00084.211 00059.123 00006.683 00008.134 00005.007 00001.329 00009.934 00007.017 00002.443 00003.306 00005.336
00010.892 00006.095 00010.739 00004.297 -0001.000 -0001.000 -0001.000 -0001.000 -0001.000 -0001.000 -0001.000 -0001.000 -0001.000 -0001.000 -0001.000 -0001.000 -0001.000 -0001.000 -0001.000 00099.418 00189.904 00220.931 00233.849 00233.506 00236.234 00248.669 00263.275 00270.942 00279.360 00291.156 00307.814 00321.815 00272.047 00216.879 00120.217 00171.841 00219.406 00239.320 00239.594 00226.115 00208.591 00180.027 00147.696 00133.690 00122.846 00116.063 00106.105 00089.863 00081.057 00076.838 00027.213 00008.800 00007.822 00005.088 00001.534 00010.488 00009.742 00010.779 00003.261 00001.837
00012.524 00014.037 00013.495 00014.180 00007.436 00018.694 00017.456 00016.747 00018.747 00004.557 -0001.000 -0001.000 -0001.000 -0001.000 -0001.000 -0001.000 -0001.000 -0001.000 00078.040 00164.349 00243.594 00237.777 00241.143 00239.609 00238.757 00238.144 00244.365 00257.499 00270.927 00284.044 00297.606 00292.338 00256.730 00216.233 00131.644 00128.852 00204.716 00227.826 00226.361 00211.825 00196.000 00165.128 00134.210 00119.164 00111.171 00101.461 00092.248 00082.774 00075.361 00063.622 00046.904 00012.954 00007.444 00004.555 00005.019 00008.931 00009.867 00015.372 00017.165 00004.122
00017.168 00017.088 00019.207 00020.307 00020.739 00017.141 00018.566 00017.444 00016.345 00015.840 00004.792 00006.263 00014.611 00060.624 00023.836 00073.551 00101.077 00095.025 00129.985 00232.909 00271.929 00249.887 00237.945 00237.862 00237.893 00237.687 00244.578 00258.456 00272.618 00282.525 00292.610 00278.935 00249.324 00201.487 00128.744 00096.679 00187.702 00215.287 00212.165 00198.203 00183.125 00144.982 00119.190 00106.499 00093.043 00090.498 00081.415 00072.552 00060.757 00027.907 00061.415 00016.984 00007.030 00004.149 00008.425 00006.743 00021.305 00068.612 00098.071 00111.689
00018.254 00020.525 00025.378 00023.335 00024.522 00020.010 00021.290 00021.074 00018.515 00017.999 00018.489 00016.116 00029.438 00049.982 00071.098 00078.455 00096.564 00094.191 00158.506 00234.356 00268.880 00251.848 00235.226 00234.646 00234.825 00234.975 00241.217 00252.568 00264.901 00278.089 00285.247 00268.385 00249.527 00195.885 00112.651 00090.038 00169.644 00199.671 00197.092 00184.793 00163.483 00126.512 00101.445 00091.401 00084.403 00079.953 00064.391 00057.991 00045.976 00038.190 00035.902 00014.852 00005.271 00001.180 00005.041 00011.293 00031.403 00054.789 00065.379 00076.260
00020.681 00020.443 00024.908 00023.098 00023.978 00022.877 00021.012 00022.711 00022.172 00020.191 00022.252 00043.257 00049.607 00053.462 00072.313 00096.482 00093.650 00092.387 00173.812 00227.324 00265.255 00267.371 00245.267 00232.592 00229.709 00227.358 00236.736 00253.957 00263.876 00270.321 00269.067 00257.820 00242.099 00174.655 00105.758 00082.585 00159.230 00183.860 00181.630 00164.360 00136.573 00112.258 00090.776 00076.614 00074.473 00062.973 00047.200 00041.896 00043.417 00046.336 00022.564 00006.365 00004.044 00001.011 00006.535 00010.107 00017.261 00020.011 00033.781 00045.271
00021.560 00020.723 00024.549 00029.671 00023.181 00020.397 00020.238 00019.802 00022.681 00021.772 00026.155 00045.233 00049.781 00055.331 00074.835 00112.645 00092.274 00095.774 00170.060 00216.799 00254.739 00266.839 00248.007 00230.058 00227.026 00229.173 00242.173 00260.926 00265.966 00267.094 00256.127 00245.595 00222.001 00150.350 00105.994 00077.280 00148.277 00170.117 00163.568 00136.787 00113.435 00090.096 00076.243 00058.273 00018.720 00037.956 00037.640 00039.768 00043.965 00020.225 00006.567 00009.409 00007.967 00005.308 00006.775 00009.761 00012.271 00013.172 00017.765 00019.207
00019.479 00021.110 00023.460 00026.483 00023.345 00018.411 00032.628 00019.143 00021.021 00023.605 00029.464 00045.367 00050.552 00059.408 00074.452 00113.787 00096.902 00111.686 00156.016 00201.387 00234.464 00254.577 00240.179 00224.864 00221.970 00225.062 00238.195 00255.453 00264.655 00266.947 00255.618 00241.815 00199.155 00133.825 00098.809 00073.862 00139.700 00156.128 00132.159 00115.223 00088.564 00075.294 00064.260 00000.524 00000.593 00005.441 00019.842 00035.790 00022.963 00022.059 00006.061 00012.644 00010.697 00007.321 00002.473 00011.597 00013.377 00016.217 00019.864 00015.349
00017.371 00019.585 00022.176 00024.385 00025.486 00024.092 00031.885 00022.125 00024.987 00029.441 00033.117 00045.604 00050.393 00057.756 00118.416 00110.792 00102.641 00112.714 00139.115 00180.184 00208.793 00242.439 00231.491 00218.851 00217.329 00220.486 00232.346 00246.122 00259.826 00259.024 00253.854 00231.312 00174.403 00115.121 00084.256 00066.319 00129.462 00131.287 00110.443 00086.380 00073.575 00064.983 00000.519 00000.871 00000.656 00000.777 00000.831 00030.638 00028.186 00016.358 00008.087 00010.524 00010.476 00007.056 00004.794 00024.768 00020.014 00019.048 00034.440 00076.888
