data/trial9/ashley.ros
NCOLS 382
NROWS 266
XLLCORNER 157819.328125
YLLCORNER 384678.625000
CELLSIZE 30.000000
NODATA_VALUE -1
[rows 68 to 101 of 266, columns 231 to 307 of 382]
05.65 03.74 04.25 07.04 09.14 08.40 08.60 08.16 08.65 08.46 14.55 21.40 19.41 13.19 01.46 00.68 01.10 00.92 00.46 00.61 00.70 00.72 00.74 00.53 00.61 00.42 00.19 01.92 26.33 24.78 23.89 20.62 01.03 10.05 19.04 16.34 16.22 15.15 13.22 09.15 05.52 18.92 30.66 25.73 18.44 13.22 14.31 15.22 15.15 15.38 15.79 19.37 22.60 17.32 09.54 04.49 04.65 05.77 00.65 00.80 00.51 00.35 00.46 01.26 01.35 01.24 01.16 01.15 00.99 01.28 01.25 01.07 01.02 01.19 01.39 01.62 02.07
05.95 03.52 04.42 06.59 09.78 08.52 08.11 07.48 08.01 08.75 15.23 25.40 20.63 11.64 00.37 00.95 01.25 00.39 00.55 00.79 00.79 00.68 00.61 00.58 00.62 00.67 00.43 00.60 30.94 35.79 27.10 24.30 14.55 01.01 14.17 12.63 13.25 13.35 12.04 08.90 06.35 09.57 17.50 21.12 11.77 10.92 13.88 15.49 15.88 20.61 24.07 22.91 19.86 18.01 07.33 04.65 04.65 05.33 00.58 00.74 00.49 00.38 01.14 01.33 01.35 01.20 01.05 01.16 00.77 01.36 01.16 00.99 01.07 01.29 01.50 01.75 01.97
04.94 03.47 04.59 06.28 09.80 09.63 07.46 07.26 07.03 08.36 14.47 20.31 20.44 06.24 00.59 01.24 01.23 00.49 00.60 00.74 00.79 00.81 00.64 00.71 00.75 00.79 00.46 32.87 33.69 37.13 29.00 20.21 19.10 05.87 09.00 13.47 14.95 14.42 11.05 09.05 06.55 05.24 03.77 04.75 06.54 09.62 11.89 14.57 17.73 22.57 27.02 28.54 18.40 17.91 06.50 04.84 04.66 04.96 00.63 00.67 00.56 00.51 00.88 01.01 01.01 01.07 00.75 00.85 00.65 00.76 01.01 01.24 01.32 01.51 01.67 01.76 01.88
04.52 03.97 04.15 06.31 08.60 09.41 07.74 06.52 06.05 07.62 12.81 20.84 19.58 01.19 00.83 01.23 00.41 00.52 00.60 00.84 00.87 00.83 00.70 00.56 00.64 00.49 06.07 31.24 33.99 33.35 26.73 15.79 15.36 08.36 01.40 11.58 13.09 15.46 11.21 07.63 06.36 05.56 04.14 28.80 16.02 07.87 13.79 18.12 19.98 24.31 29.51 24.23 18.28 15.90 05.80 04.77 04.77 04.53 00.58 00.57 00.81 00.91 00.80 00.80 00.76 00.86 00.66 00.76 00.93 01.20 01.35 01.50 01.65 01.79 01.73 01.81 02.21
07.38 03.68 04.20 04.92 07.62 08.14 07.89 05.55 05.57 07.06 10.13 17.15 14.37 00.70 01.05 01.22 00.48 00.53 00.80 00.75 00.72 00.59 02.51 06.41 07.66 05.76 16.51 18.31 28.19 29.54 23.99 13.36 12.76 09.67 04.61 05.66 18.39 15.04 12.07 07.85 06.74 06.40 05.44 19.78 24.10 12.06 09.46 13.08 19.06 22.72 24.70 20.65 18.78 13.76 06.58 04.47 04.44 04.83 00.50 00.42 00.89 01.22 01.43 00.92 00.97 01.15 00.82 00.78 01.18 01.50 01.69 01.78 01.91 02.04 02.13 02.52 03.20
07.37 06.09 04.02 03.35 06.43 07.14 07.57 05.76 05.35 06.34 09.42 14.72 06.01 02.79 00.79 00.53 00.50 02.53 06.26 01.55 04.19 01.10 04.84 06.68 14.77 16.07 15.23 19.08 21.73 23.32 21.38 10.94 10.30 13.74 19.56 29.11 01.94 10.25 06.97 07.24 07.08 06.82 05.87 11.00 16.75 16.70 07.93 09.69 11.87 17.54 19.82 19.28 17.87 12.47 08.31 04.32 03.08 04.98 00.94 01.35 01.26 01.04 01.41 02.72 02.47 01.35 01.50 01.63 01.34 00.96 01.83 02.37 02.40 02.57 02.70 01.79 02.85
06.29 02.28 03.29 03.57 04.65 06.52 06.01 05.94 05.12 05.37 06.97 13.08 05.47 00.78 00.57 03.40 00.78 03.21 05.21 02.51 05.07 06.64 06.61 07.20 14.86 18.08 17.53 17.95 17.69 19.08 18.37 11.67 07.99 12.08 21.74 28.37 13.07 13.99 04.28 07.67 07.63 07.68 06.93 37.16 27.68 17.20 10.52 07.31 11.03 12.23 15.59 15.89 14.04 10.71 05.90 04.11 03.26 00.35 01.47 03.98 01.04 01.27 01.98 01.69 01.98 02.22 01.86 01.89 01.84 01.61 00.93 02.57 03.10 02.83 03.05 01.13 01.93
04.38 04.59 02.63 03.16 03.38 05.20 05.72 04.96 04.79 04.72 07.08 08.42 06.07 00.97 02.20 03.94 01.75 04.42 04.72 04.64 05.23 06.47 06.27 08.30 15.09 19.50 19.13 17.86 18.33 17.91 16.20 12.77 07.18 10.09 21.66 23.68 11.60 17.04 18.94 01.79 06.96 07.50 07.10 17.02 02.55 04.77 07.50 02.29 09.76 09.90 12.97 12.28 12.62 07.22 04.38 02.99 03.83 00.91 01.90 03.07 01.25 02.27 02.29 02.66 02.52 02.60 02.54 02.18 02.08 01.96 01.96 01.81 03.31 03.57 01.63 00.91 01.34
04.51 04.49 02.80 02.22 03.12 04.09 04.27 04.64 04.34 04.76 05.24 06.63 06.14 03.42 04.83 04.53 04.61 04.36 04.36 04.91 06.47 08.22 07.34 09.53 09.98 16.12 18.38 18.59 17.37 17.23 15.74 12.14 06.79 06.23 20.80 22.34 13.95 12.72 25.27 23.97 12.03 07.35 07.20 07.45 03.61 16.60 12.76 05.22 08.11 09.29 10.04 10.67 09.33 05.94 03.09 03.39 03.63 01.76 03.73 04.14 02.89 03.08 03.56 03.03 03.18 02.58 02.41 02.27 02.30 02.29 02.54 00.64 01.88 02.48 00.87 01.12 01.55
04.45 04.11 02.88 01.95 03.16 04.05 04.24 03.75 03.92 04.08 04.37 05.02 03.95 03.76 04.37 04.07 04.29 04.30 04.31 04.54 05.39 08.94 08.81 08.32 09.03 12.64 14.71 13.89 15.28 16.71 13.74 13.07 07.41 06.98 18.83 16.06 13.22 10.91 13.67 22.63 28.19 14.10 10.57 06.07 04.02 06.88 43.57 07.22 07.50 07.50 09.55 09.73 07.28 04.01 03.62 01.46 01.15 03.04 04.00 05.13 04.23 03.70 04.22 03.83 03.09 02.33 02.19 02.34 02.54 02.67 03.25 02.90 00.78 00.84 00.99 01.12 03.49
04.98 04.46 03.78 01.59 02.29 04.12 04.09 03.26 03.33 03.81 03.55 03.52 03.51 03.53 03.89 04.04 04.04 04.02 04.33 04.88 05.22 08.85 09.53 09.03 08.96 09.04 12.12 13.00 12.16 12.19 12.02 12.05 07.37 06.65 16.98 15.17 12.37 09.20 09.21 13.40 21.34 15.83 08.70 06.06 03.46 08.42 08.27 07.78 05.12 08.35 08.67 08.13 06.55 04.46 03.17 01.05 02.78 05.13 05.13 05.24 04.76 04.39 04.69 04.03 03.27 02.26 02.06 02.41 02.79 03.05 03.22 02.52 00.71 00.87 01.16 03.72 04.01
06.00 05.88 06.02 03.27 01.45 04.82 04.85 04.19 02.74 03.08 03.50 03.39 03.49 03.46 03.66 03.74 03.75 03.80 03.82 05.06 04.98 05.44 08.90 09.10 09.21 09.13 10.86 12.38 11.80 10.22 09.97 09.75 08.05 12.22 15.84 15.70 12.01 09.72 07.89 08.20 11.23 18.27 18.92 11.61 03.65 04.42 02.01 01.68 05.30 07.48 06.11 05.77 03.40 05.42 01.00 02.67 05.35 05.55 05.37 04.82 05.08 05.06 05.12 04.19 03.35 02.50 02.15 02.49 02.70 02.82 02.99 02.20 00.71 00.87 03.25 02.78 03.63
06.37 05.12 06.18 03.42 02.24 01.50 02.50 02.71 03.03 02.61 02.92 03.10 03.51 03.51 03.45 03.48 03.47 03.51 03.61 04.33 05.29 05.29 05.26 08.54 08.64 08.97 10.78 10.94 13.12 11.24 08.90 08.48 08.21 05.58 14.74 16.69 15.14 11.18 08.77 07.06 07.09 08.30 16.53 18.62 12.41 05.75 06.18 00.30 00.58 00.82 00.74 00.76 00.87 01.01 02.58 03.31 05.42 05.67 04.64 04.86 05.15 05.79 06.16 04.96 03.45 02.75 02.44 02.53 02.54 02.50 02.59 01.19 00.67 01.99 02.86 03.35 03.55
06.92 05.25 04.67 04.64 04.24 04.31 03.45 02.42 02.05 02.58 02.85 03.17 03.45 03.71 03.37 03.16 03.18 03.68 04.05 04.24 04.39 05.39 05.32 05.15 08.00 08.05 08.78 11.05 10.81 10.63 09.88 07.77 07.43 07.50 07.10 13.02 14.25 12.32 10.02 07.58 06.42 06.26 09.01 12.41 12.46 06.58 02.78 00.42 00.26 01.59 01.45 01.46 02.21 03.04 04.00 05.21 05.56 05.20 04.47 05.45 06.72 06.88 06.62 04.67 03.78 03.01 02.83 02.50 02.55 02.48 02.00 00.45 00.65 03.06 02.55 02.94 03.65
07.37 04.79 04.62 05.01 04.93 04.48 03.72 02.79 00.77 02.40 02.57 03.12 03.96 03.69 03.47 03.29 02.89 03.49 04.14 04.99 04.99 04.47 05.43 05.28 04.96 07.56 07.70 08.96 10.81 11.07 08.97 07.84 07.33 07.07 07.13 09.24 10.43 10.32 09.33 08.55 06.77 05.79 06.30 07.71 09.67 03.86 00.41 00.58 01.07 04.45 01.46 01.81 02.46 02.78 03.50 04.77 04.49 05.21 05.13 06.24 08.72 08.24 06.98 04.90 04.03 03.21 02.91 02.83 02.57 02.50 01.12 00.55 00.65 03.10 02.18 03.37 03.06
11.29 05.67 04.28 04.46 04.16 04.25 03.62 02.80 02.85 02.48 02.92 03.44 04.12 03.85 03.67 03.35 04.02 03.84 04.05 05.15 04.62 04.37 04.21 05.14 04.77 04.52 07.63 08.64 09.63 09.64 08.43 07.96 07.31 07.27 08.15 08.56 07.75 07.78 07.40 06.97 05.89 05.56 05.14 04.57 04.00 03.37 00.18 00.45 02.94 05.45 13.24 08.62 02.47 03.20 03.66 04.20 04.96 06.04 06.52 07.87 09.09 08.51 07.49 05.12 04.16 03.56 02.46 03.34 03.21 02.66 00.60 00.60 00.67 02.53 04.01 03.62 03.44
10.20 07.24 05.40 04.65 04.46 04.03 03.49 03.16 01.99 02.34 02.90 03.63 03.88 03.65 03.29 06.38 04.59 04.62 04.42 04.70 04.86 04.26 04.32 04.31 04.77 04.45 05.11 08.65 08.82 09.50 09.12 06.99 07.04 06.79 07.90 08.21 07.71 07.94 07.46 07.10 05.74 05.53 04.83 04.38 04.38 04.10 00.38 00.67 00.41 13.15 13.54 13.94 14.30 05.59 02.61 03.85 04.90 06.45 07.63 08.10 08.94 08.39 07.47 05.06 04.39 03.80 01.19 02.19 03.85 02.95 00.45 00.64 01.18 01.63 03.22 01.22 02.68
07.93 06.12 05.43 05.04 04.69 04.45 04.09 03.45 02.50 01.95 03.01 03.53 03.84 03.33 03.29 03.72 05.57 06.16 05.05 05.74 05.75 05.06 04.40 04.10 03.97 05.19 05.95 05.65 06.76 08.56 08.54 07.54 06.70 06.65 07.46 08.27 08.26 07.64 07.47 07.08 06.62 05.94 04.67 04.37 04.29 01.36 00.67 03.81 11.71 13.21 14.35 14.96 15.44 14.43 10.27 02.86 02.75 05.28 06.50 07.28 07.00 07.00 05.07 04.99 04.85 02.13 00.76 01.34 03.28 03.16 00.51 00.69 00.87 01.63 01.32 01.28 01.43
07.27 06.27 05.66 05.09 04.48 04.00 03.84 03.67 03.29 01.64 02.81 03.44 03.77 03.47 04.05 04.72 04.56 05.06 05.00 04.96 05.46 05.50 04.81 04.17 03.90 04.26 04.92 05.75 05.85 05.75 07.53 07.74 06.95 06.76 06.36 08.35 08.36 07.64 06.97 06.13 05.75 05.29 04.57 04.32 00.94 00.62 02.96 06.01 10.73 14.60 15.15 15.96 16.74 16.14 17.11 04.15 02.97 02.94 03.00 02.75 03.45 04.07 03.84 03.67 01.63 00.77 01.36 03.78 00.98 00.51 00.59 00.75 00.88 01.19 01.26 01.40 -1.00
08.06 06.74 05.73 04.97 04.18 03.46 03.24 04.22 04.40 03.04 02.43 03.32 03.08 03.12 04.45 05.49 05.88 04.74 04.55 04.76 06.02 05.82 04.88 04.12 03.99 04.26 04.67 04.95 05.24 04.81 04.80 04.41 06.68 06.61 06.87 07.58 08.00 07.34 06.53 05.93 05.43 04.92 04.70 03.88 00.72 05.02 14.81 16.29 14.71 14.83 15.26 16.76 17.65 17.42 16.82 17.30 10.97 17.58 17.22 03.65 03.57 04.50 04.18 02.10 00.73 00.62 00.44 00.45 00.54 00.60 00.69 00.85 00.88 01.14 01.38 -1.00 -1.00
01.07 01.11 00.92 00.73 01.31 02.54 02.26 03.22 04.98 03.52 00.84 02.39 01.88 01.42 04.73 05.46 05.41 04.15 03.99 03.72 04.39 04.35 05.39 04.08 03.74 03.83 04.57 04.17 04.34 04.22 04.67 04.32 04.30 06.42 06.40 06.31 06.72 06.80 05.88 03.65 00.62 00.26 00.26 00.63 01.35 15.70 06.05 13.42 16.26 21.92 24.69 27.68 29.21 28.93 18.68 17.94 17.09 18.59 27.35 05.27 04.05 05.27 04.65 01.10 00.62 00.53 00.47 00.62 00.61 00.70 00.82 00.96 00.99 01.11 -1.00 -1.00 -1.00
01.07 00.95 00.78 00.66 00.63 00.60 00.72 00.82 01.49 00.68 00.32 00.58 00.59 00.69 00.88 02.47 04.52 04.82 03.48 03.51 04.28 07.04 04.60 03.90 03.99 03.86 04.01 04.34 03.85 03.53 03.58 03.76 04.17 04.23 04.39 05.96 05.94 05.52 04.88 04.02 00.31 00.34 01.26 02.09 09.25 08.60 27.10 27.49 24.00 22.08 23.88 26.54 29.31 29.25 20.05 17.32 15.80 19.17 23.13 06.03 01.83 02.21 00.61 00.51 00.57 00.40 00.52 00.75 00.78 00.64 00.69 00.91 01.09 00.99 -1.00 -1.00 -1.00
01.03 00.81 00.67 -1.00 -1.00 00.62 00.72 00.85 00.94 00.93 00.74 00.66 00.92 00.89 01.32 01.33 05.84 05.25 04.13 03.49 04.93 06.54 05.51 04.99 03.84 04.25 04.09 03.78 03.83 03.63 03.83 03.84 03.65 04.19 04.67 04.91 05.03 04.55 02.85 00.26 00.28 00.21 03.64 05.79 08.88 04.10 14.41 19.48 23.46 22.61 22.30 24.96 27.49 25.77 19.00 12.85 12.98 15.14 07.63 01.39 00.68 00.53 00.50 00.40 00.40 00.52 00.59 00.76 00.74 -1.00 00.47 00.57 00.74 -1.00 -1.00 -1.00 -1.00
-1.00 -1.00 -1.00 -1.00 -1.00 -1.00 -1.00 00.69 00.71 00.85 00.79 00.70 00.86 01.39 01.45 03.78 05.19 03.72 04.07 04.75 05.58 06.50 05.02 03.81 03.65 04.15 04.29 04.42 04.35 04.07 03.79 03.90 03.69 03.78 03.79 03.81 01.75 00.65 00.29 00.30 00.17 01.88 04.92 06.31 06.50 05.49 01.51 01.01 00.87 00.76 00.60 00.51 07.33 11.09 09.95 04.87 08.55 08.55 09.35 00.73 00.62 00.57 00.29 00.63 00.64 00.56 00.67 00.71 00.67 -1.00 -1.00 -1.00 -1.00 -1.00 -1.00 -1.00 -1.00
-1.00 -1.00 -1.00 -1.00 -1.00 -1.00 -1.00 -1.00 00.78 00.84 00.76 00.84 01.12 01.73 01.62 01.80 05.48 04.71 03.60 04.17 04.87 05.77 04.44 03.42 03.67 03.94 03.87 03.72 03.70 04.09 04.02 03.70 03.70 03.71 03.72 03.73 03.91 00.32 00.31 00.65 00.72 03.30 06.15 07.85 06.78 08.54 04.86 01.56 01.22 00.97 00.89 00.85 00.73 00.60 01.44 04.59 05.66 04.62 00.58 00.53 00.51 00.45 00.53 00.60 00.76 00.65 00.64 -1.00 -1.00 -1.00 -1.00 -1.00 -1.00 -1.00 -1.00 -1.00 -1.00
-1.00 -1.00 -1.00 -1.00 -1.00 -1.00 -1.00 -1.00 00.83 00.84 00.74 00.82 01.23 01.67 02.35 05.06 04.86 04.63 04.53 04.66 04.92 04.35 03.80 03.39 03.62 03.57 03.53 03.31 03.44 03.40 03.68 03.85 03.88 03.62 01.98 00.59 00.24 00.21 00.41 00.77 03.20 05.56 06.64 07.99 06.75 02.12 00.95 01.36 01.21 01.07 00.89 00.77 00.71 00.68 00.53 00.40 00.36 00.39 00.41 00.42 00.33 00.47 00.53 00.66 00.68 00.68 -1.00 -1.00 -1.00 -1.00 -1.00 -1.00 -1.00 -1.00 -1.00 -1.00 -1.00
-1.00 -1.00 -1.00 -1.00 -1.00 -1.00 -1.00 -1.00 00.81 00.81 00.73 00.75 01.12 01.77 04.74 03.83 03.88 03.77 03.67 04.33 04.48 04.36 03.66 03.54 03.49 03.25 03.15 03.22 03.09 03.47 03.36 03.49 03.20 02.73 00.31 00.27 00.23 00.14 02.48 04.35 04.35 04.70 06.38 08.19 09.33 05.16 01.93 01.33 01.22 00.99 00.88 00.61 00.63 00.57 00.48 00.34 00.26 00.24 00.27 00.31 00.43 00.51 00.61 00.60 00.58 -1.00 -1.00 -1.00 -1.00 -1.00 -1.00 -1.00 -1.00 -1.00 -1.00 -1.00 -1.00
-1.00 -1.00 -1.00 -1.00 -1.00 -1.00 -1.00 -1.00 00.76 00.82 00.73 00.78 01.05 01.09 02.83 05.09 03.53 03.14 03.24 03.51 04.21 03.47 02.89 03.18 02.93 02.81 02.67 02.62 02.88 01.19 03.73 01.83 00.30 00.40 00.39 00.51 01.41 00.35 04.31 03.10 04.83 05.10 07.16 07.27 09.54 06.90 03.37 03.45 01.47 01.07 00.79 00.65 00.59 00.35 00.39 00.42 00.44 00.41 00.41 00.39 00.46 00.52 00.49 00.51 -1.00 -1.00 -1.00 -1.00 -1.00 -1.00 -1.00 -1.00 -1.00 -1.00 -1.00 -1.00 -1.00
-1.00 -1.00 -1.00 -1.00 -1.00 -1.00 -1.00 -1.00 00.71 00.81 00.89 00.91 01.16 01.16 01.66 04.39 04.56 04.46 03.22 03.03 02.85 02.65 02.79 02.37 00.96 00.13 00.12 00.11 00.13 00.16 00.90 01.86 01.28 01.31 00.93 01.99 00.80 00.80 05.91 02.15 05.25 05.13 05.36 07.20 06.00 08.96 09.03 08.26 01.62 01.38 01.00 00.67 00.52 00.63 00.47 00.51 00.56 00.52 00.46 -1.00 -1.00 -1.00 -1.00 -1.00 -1.00 -1.00 -1.00 -1.00 -1.00 -1.00 -1.00 -1.00 -1.00 -1.00 -1.00 -1.00 -1.00
-1.00 -1.00 -1.00 -1.00 -1.00 -1.00 -1.00 -1.00 00.69 00.79 00.92 00.88 01.01 00.91 01.46 02.48 03.28 04.00 04.51 04.31 03.79 03.27 01.36 00.26 00.16 00.27 00.30 00.28 00.18 00.28 01.24 02.21 02.76 04.13 02.75 02.60 01.32 01.69 02.14 03.56 02.75 06.04 03.88 05.44 06.09 06.58 07.27 03.43 01.96 01.49 01.09 00.68 00.42 00.59 00.61 00.49 00.50 -1.00 -1.00 -1.00 -1.00 -1.00 -1.00 -1.00 -1.00 -1.00 -1.00 -1.00 -1.00 -1.00 -1.00 -1.00 -1.00 -1.00 -1.00 -1.00 -1.00
-1.00 -1.00 -1.00 -1.00 -1.00 -1.00 -1.00 -1.00 00.68 00.84 00.98 01.14 01.06 01.07 01.35 00.72 01.74 02.55 02.70 02.26 01.70 00.33 00.17 00.25 00.32 00.38 -1.00 00.99 00.75 00.65 01.44 03.71 05.28 05.34 04.23 03.80 01.56 01.82 02.21 02.69 02.52 02.68 02.65 01.83 01.93 02.03 01.48 00.86 00.94 01.07 01.02 00.75 00.49 00.58 00.57 00.57 -1.00 -1.00 -1.00 -1.00 -1.00 -1.00 -1.00 -1.00 -1.00 -1.00 -1.00 -1.00 -1.00 -1.00 -1.00 -1.00 -1.00 -1.00 -1.00 -1.00 -1.00
-1.00 -1.00 -1.00 -1.00 -1.00 -1.00 -1.00 -1.00 -1.00 00.73 00.87 01.05 01.08 00.80 01.40 03.77 03.32 02.69 01.49 00.15 00.19 00.24 00.26 -1.00 -1.00 -1.00 -1.00 00.36 00.98 01.22 01.94 03.43 05.56 05.84 04.18 04.30 01.72 02.02 02.21 02.73 02.72 03.25 03.39 03.45 03.34 02.99 02.71 02.06 01.67 01.71 01.09 00.68 00.58 00.60 00.54 00.51 -1.00 -1.00 -1.00 -1.00 -1.00 -1.00 -1.00 -1.00 -1.00 -1.00 -1.00 -1.00 -1.00 -1.00 -1.00 -1.00 -1.00 -1.00 -1.00 -1.00 -1.00
-1.00 -1.00 -1.00 -1.00 -1.00 -1.00 -1.00 -1.00 -1.00 -1.00 00.75 00.86 00.87 00.84 00.53 01.49 01.65 00.18 00.24 00.27 -1.00 -1.00 -1.00 -1.00 -1.00 -1.00 01.00 00.84 01.10 01.03 01.48 02.58 03.62 05.58 04.03 04.03 01.70 02.02 02.47 02.77 02.94 03.34 04.40 04.40 04.41 03.86 03.66 04.16 03.95 03.06 01.38 00.69 00.51 00.52 00.51 -1.00 -1.00 00.23 01.84 00.23 00.29 -1.00 -1.00 -1.00 -1.00 -1.00 -1.00 -1.00 -1.00 -1.00 -1.00 -1.00 -1.00 -1.00 -1.00 -1.00 -1.00
-1.00 -1.00 -1.00 -1.00 -1.00 -1.00 -1.00 -1.00 -1.00 -1.00 -1.00 00.45 00.27 00.19 00.20 00.21 00.24 00.28 -1.00 -1.00 -1.00 -1.00 -1.00 -1.00 -1.00 -1.00 01.07 01.21 01.21 01.17 01.46 02.22 03.10 03.49 03.79 03.42 02.42 02.24 02.57 02.95 02.94 02.91 04.21 04.43 04.64 04.79 05.03 05.31 05.61 04.41 01.69 01.84 01.17 00.32 00.26 00.24 00.22 00.94 02.95 03.58 00.32 00.34 -1.00 -1.00 -1.00 -1.00 -1.00 -1.00 -1.00 01.37 -1.00 -1.00 -1.00 -1.00 -1.00 -1.00 -1.00
