data/trial9/ashley.toa
NCOLS 382
NROWS 266
XLLCORNER 157819.328125
YLLCORNER 384678.625000
CELLSIZE 30.000000
NODATA_VALUE -1
[rows 78 to 103 of 266, columns 240 to 299 of 382]
00019.801 00019.322 00018.761 00018.138 00017.426 00016.741 00016.113 00015.481 00014.842 00014.223 00013.710 00013.302 00012.950 00012.739 00012.530 00012.314 00012.110 00011.943 00011.830 00011.713 00011.575 00011.413 00011.221 00011.025 00010.737 00010.507 00010.412 00010.293 00010.116 00009.907 00009.718 00009.552 00009.431 00009.429 00009.307 00008.728 00008.142 00009.199 00009.636 00010.034 00010.334 00010.513 00010.698 00010.945 00011.419 00012.021 00013.360 00014.426 00014.950 00015.371 00015.806 00016.274 00016.780 00017.282 00017.792 00018.391 00019.180 00020.186 00021.226 00022.159
00020.264 00019.659 00019.080 00018.402 00017.701 00016.992 00016.341 00015.692 00015.051 00014.443 00013.945 00013.547 00013.168 00012.883 00012.674 00012.470 00012.278 00012.114 00011.985 00011.867 00011.729 00011.554 00011.349 00011.099 00010.763 00010.621 00010.529 00010.419 00010.280 00010.084 00009.850 00009.606 00009.420 00009.269 00009.176 00008.960 00008.512 00008.111 00010.060 00010.516 00010.697 00010.872 00011.060 00011.366 00011.664 00013.123 00014.347 00014.925 00015.297 00015.664 00016.080 00016.475 00016.865 00017.315 00017.832 00018.434 00019.193 00020.133 00021.138 00022.046
00020.889 00020.136 00019.404 00018.673 00017.974 00017.265 00016.585 00015.921 00015.265 00014.656 00014.155 00013.775 00013.432 00013.096 00012.855 00012.653 00012.449 00012.267 00012.138 00012.012 00011.893 00011.741 00011.522 00011.254 00010.943 00010.738 00010.627 00010.540 00010.426 00010.277 00010.056 00009.800 00009.539 00009.337 00009.184 00009.055 00008.762 00008.492 00013.596 00012.410 00012.096 00012.292 00012.419 00012.466 00012.846 00014.172 00014.746 00015.162 00015.543 00015.972 00016.431 00016.828 00017.190 00017.537 00017.949 00018.482 00019.204 00020.062 00021.038 00021.922
00021.259 00020.426 00019.656 00018.943 00018.231 00017.528 00016.833 00016.119 00015.487 00014.976 00014.559 00014.145 00013.788 00013.463 00013.132 00012.869 00012.656 00012.460 00012.299 00012.181 00012.047 00011.895 00011.697 00011.440 00011.165 00010.904 00010.765 00010.659 00010.559 00010.435 00010.266 00010.022 00009.742 00009.464 00009.282 00009.134 00008.927 00009.817 00015.089 00015.764 00013.835 00014.158 00014.540 00014.466 00014.418 00014.539 00014.983 00015.367 00015.771 00016.215 00016.672 00017.047 00017.380 00017.731 00018.141 00018.649 00019.268 00019.991 00020.904 00021.800
00021.726 00020.781 00019.914 00019.172 00018.461 00017.779 00017.087 00016.346 00015.686 00015.188 00014.833 00014.508 00014.150 00013.821 00013.510 00013.174 00012.884 00012.668 00012.489 00012.347 00012.230 00012.096 00011.898 00011.626 00011.341 00011.112 00010.944 00010.826 00010.720 00010.602 00010.456 00010.258 00009.992 00009.690 00009.416 00009.231 00009.652 00010.577 00015.506 00017.118 00016.005 00015.317 00015.794 00015.873 00015.596 00015.469 00015.345 00015.599 00016.008 00016.445 00016.852 00017.172 00017.465 00017.789 00018.201 00018.739 00019.366 00020.075 00020.854 00021.676
00021.766 00020.752 00019.904 00019.175 00018.447 00017.700 00017.161 00016.459 00015.947 00015.522 00015.217 00014.927 00014.601 00014.243 00013.883 00013.534 00013.148 00012.869 00012.693 00012.558 00012.439 00012.305 00012.118 00011.866 00011.585 00011.346 00011.207 00011.091 00010.983 00010.869 00010.729 00010.553 00010.307 00010.019 00009.694 00009.675 00010.155 00012.316 00016.487 00017.169 00016.540 00015.923 00015.965 00016.255 00016.374 00016.204 00016.098 00016.072 00016.235 00016.619 00016.966 00017.254 00017.541 00017.853 00018.244 00018.769 00019.388 00020.132 00020.863 00021.658
00021.839 00020.800 00019.887 00019.105 00018.364 00017.652 00017.009 00016.672 00016.238 00015.895 00015.598 00015.355 00015.093 00014.775 00014.375 00013.937 00013.526 00013.180 00012.940 00012.793 00012.648 00012.517 00012.342 00012.080 00011.815 00011.612 00011.480 00011.379 00011.285 00011.175 00011.051 00010.890 00010.674 00010.410 00010.071 00010.351 00010.623 00014.167 00017.745 00016.701 00015.787 00015.786 00015.784 00015.808 00015.902 00016.339 00016.711 00016.655 00016.633 00016.758 00017.082 00017.349 00017.621 00017.938 00018.374 00018.864 00019.417 00020.196 00021.186 00021.641
00021.945 00020.787 00019.962 00019.243 00018.450 00017.731 00017.187 00016.856 00016.551 00016.248 00016.005 00015.750 00015.475 00015.121 00014.687 00014.208 00013.787 00013.511 00013.270 00013.033 00012.871 00012.729 00012.544 00012.296 00012.034 00011.860 00011.744 00011.652 00011.565 00011.467 00011.348 00011.217 00011.067 00010.854 00010.792 00011.017 00011.542 00016.712 00015.704 00015.633 00015.627 00015.621 00015.636 00015.656 00015.705 00015.806 00016.262 00016.743 00017.247 00017.166 00017.212 00017.500 00017.809 00018.141 00018.516 00019.004 00019.772 00020.999 00021.966 00022.180
00022.593 00021.210 00020.109 00019.179 00018.492 00017.934 00017.528 00017.208 00016.890 00016.579 00016.269 00016.009 00015.744 00015.431 00015.035 00014.560 00014.126 00013.826 00013.605 00013.391 00013.172 00012.975 00012.797 00012.591 00012.338 00012.119 00011.993 00011.922 00011.853 00011.773 00011.685 00011.575 00011.448 00011.333 00011.514 00011.765 00014.305 00015.264 00015.381 00015.429 00015.449 00015.458 00015.481 00015.533 00015.596 00015.670 00015.872 00016.208 00016.425 00016.658 00016.911 00017.219 00017.578 00017.965 00018.480 00019.396 00021.129 00022.283 00022.664 00023.354
00035.142 00021.504 00020.170 00019.346 00018.628 00018.113 00017.780 00017.519 00017.261 00016.944 00016.619 00016.336 00016.125 00015.881 00015.505 00015.044 00014.616 00014.280 00014.032 00013.819 00013.625 00013.403 00013.171 00012.901 00012.652 00012.434 00012.284 00012.204 00012.173 00012.140 00012.080 00011.998 00011.903 00011.998 00012.112 00013.096 00014.649 00015.169 00015.215 00015.235 00015.263 00015.313 00015.361 00015.414 00015.486 00015.570 00015.666 00015.817 00015.902 00015.977 00016.328 00016.832 00017.310 00017.794 00018.485 00020.127 00022.761 00024.683 00033.187 00034.116
00035.475 00022.315 00020.633 00020.167 00019.515 00018.461 00018.169 00017.937 00017.712 00017.410 00017.027 00016.718 00016.473 00016.257 00015.974 00015.521 00015.057 00014.753 00014.542 00014.338 00014.139 00013.925 00013.644 00013.316 00012.945 00012.757 00012.655 00012.582 00012.539 00012.543 00012.570 00012.828 00014.669 00014.551 00013.942 00013.846 00014.674 00014.870 00014.980 00015.052 00015.111 00015.171 00015.232 00015.305 00015.377 00015.471 00015.572 00015.684 00015.802 00015.884 00016.093 00016.605 00017.132 00017.607 00018.500 00020.700 00023.567 00034.443 00036.650 00037.145
00036.384 00034.298 00022.573 00022.336 00021.924 00019.680 00018.657 00018.474 00018.290 00018.010 00017.468 00017.079 00016.932 00016.787 00016.466 00016.080 00015.647 00015.310 00015.139 00015.028 00014.849 00014.476 00014.128 00013.797 00013.462 00013.197 00012.995 00012.974 00012.978 00012.995 00013.306 00015.681 00019.215 00016.483 00015.296 00015.079 00014.870 00014.777 00014.894 00014.984 00015.066 00015.149 00015.225 00015.292 00015.356 00015.432 00015.534 00015.654 00015.784 00015.894 00016.174 00016.933 00017.639 00018.703 00020.392 00022.197 00024.677 00035.572 00038.348 00040.119
00038.217 00035.298 00033.799 00024.337 00022.314 00020.710 00019.509 00019.112 00018.781 00018.297 00017.773 00017.424 00017.257 00017.100 00016.890 00016.525 00016.202 00016.078 00015.958 00015.843 00015.507 00015.120 00014.765 00014.360 00013.948 00013.669 00013.568 00013.514 00013.498 00013.654 00017.019 00020.435 00019.184 00016.412 00015.818 00015.279 00015.152 00014.988 00014.987 00014.985 00015.038 00015.142 00015.228 00015.299 00015.366 00015.447 00015.568 00015.711 00015.850 00016.028 00016.388 00018.260 00020.367 00022.087 00023.867 00033.430 00035.383 00037.193 00039.050 00041.215
00037.843 00035.242 00032.953 00023.882 00022.275 00021.076 00019.795 00019.334 00019.009 00018.557 00018.096 00017.785 00017.628 00017.533 00017.368 00017.141 00016.949 00016.782 00016.602 00016.367 00016.077 00015.697 00015.304 00014.893 00014.528 00014.334 00014.150 00014.337 00014.902 00017.044 00022.679 00021.962 00017.232 00016.390 00015.986 00015.627 00015.438 00015.479 00015.524 00015.426 00015.654 00016.204 00015.714 00015.536 00015.554 00015.640 00015.797 00015.906 00016.025 00016.164 00017.314 00019.468 00021.994 00032.112 00034.922 00036.496 00037.961 00039.498 00040.895 00042.398
00037.895 00034.934 00032.286 00023.358 00022.117 00021.138 00020.185 00019.624 00019.273 00018.812 00018.434 00018.236 00018.139 00018.110 00018.084 00017.839 00017.626 00017.438 00017.233 00016.940 00016.591 00016.235 00015.855 00015.460 00015.278 00015.107 00014.914 00015.254 00015.858 00018.673 00021.286 00018.088 00016.971 00016.480 00016.153 00015.850 00015.607 00015.750 00016.597 00018.070 00017.662 00018.166 00018.210 00016.576 00016.807 00016.419 00016.270 00016.203 00016.303 00017.108 00019.160 00021.623 00024.030 00034.108 00036.408 00038.341 00040.249 00041.738 -0001.000 -0001.000
00037.943 00035.206 00032.049 00022.981 00021.945 00021.175 00020.313 00020.002 00019.655 00019.288 00018.904 00018.655 00018.714 00018.799 00018.792 00018.464 00018.299 00018.136 00017.894 00017.550 00017.176 00016.774 00016.408 00016.212 00016.020 00016.037 00016.346 00018.688 00021.922 00023.193 00018.766 00017.620 00016.990 00016.638 00016.324 00016.072 00015.973 00015.903 00016.731 00018.130 00019.982 00019.758 00020.401 00019.353 00018.501 00018.462 00018.469 00018.576 00018.800 00019.084 00021.790 00024.608 00034.459 00036.419 00038.187 00039.899 00041.744 -0001.000 -0001.000 -0001.000
00038.172 00035.470 00032.712 00023.512 00021.777 00021.173 00020.834 00020.479 00020.105 00019.698 00019.446 00019.344 00019.336 00019.523 00019.376 00019.188 00019.034 00018.857 00018.551 00018.215 00017.800 00017.377 00017.135 00016.955 00016.784 00017.471 00021.111 00024.712 00033.905 00018.992 00018.190 00017.683 00017.205 00016.810 00016.515 00016.260 00016.277 00016.328 00016.868 00018.179 00019.770 00021.782 00022.343 00022.373 00021.340 00021.979 00023.021 00024.109 00032.162 00032.971 00033.782 00035.143 00037.062 00038.708 00040.319 00042.012 -0001.000 -0001.000 -0001.000 -0001.000
00038.466 00035.915 00033.407 00024.477 00022.948 00021.760 00021.335 00021.077 00020.738 00020.385 00020.090 00019.875 00020.083 00020.325 00020.113 00019.969 00019.818 00019.580 00019.295 00018.975 00018.616 00018.021 00018.036 00019.040 00021.536 00022.822 00024.430 00033.382 00021.549 00018.940 00018.380 00017.874 00017.410 00016.998 00016.740 00016.561 00016.485 00016.661 00016.941 00017.807 00019.241 00021.078 00023.485 00033.718 00032.418 00033.102 00034.513 00035.916 00037.540 00038.286 00038.925 00039.354 00039.761 00040.836 00042.662 -0001.000 -0001.000 -0001.000 -0001.000 -0001.000
00038.856 00036.496 00034.268 00032.446 00024.002 00022.510 00021.811 00021.558 00021.297 00021.056 00020.727 00020.838 00021.002 00021.168 00021.031 00021.211 00024.554 00032.029 00032.009 00024.004 00022.627 00019.927 00019.769 00020.715 00021.897 00023.464 00033.175 00023.436 00020.948 00019.126 00018.723 00018.048 00017.619 00017.278 00016.990 00016.879 00016.733 00016.786 00016.949 00017.472 00018.711 00020.374 00022.737 00033.131 00036.442 00036.637 00037.853 00039.065 00040.521 00042.209 -0001.000 -0001.000 -0001.000 -0001.000 -0001.000 -0001.000 -0001.000 -0001.000 -0001.000 -0001.000
00039.230 00037.011 00035.189 00033.612 00032.115 00023.535 00022.603 00022.169 00021.832 00021.547 00021.521 00021.621 00021.728 00022.064 00022.307 00034.237 00038.960 00040.534 00039.341 00038.436 00024.560 00021.823 00021.036 00021.161 00021.787 00022.696 00023.459 00022.759 00020.765 00019.585 00019.053 00018.353 00017.859 00017.611 00017.305 00017.214 00017.139 00017.095 00017.122 00017.318 00018.422 00019.868 00021.963 00032.383 00035.865 00039.007 00040.671 00041.948 -0001.000 -0001.000 -0001.000 -0001.000 -0001.000 -0001.000 -0001.000 -0001.000 -0001.000 -0001.000 -0001.000 -0001.000
00040.134 00037.886 00036.147 00034.639 00033.255 00032.385 00024.895 00023.179 00022.604 00022.340 00022.505 00022.697 00023.355 00035.131 00038.410 00040.256 00042.615 -0001.000 00041.873 00034.850 00024.643 00022.619 00021.839 00021.384 00021.915 00022.424 00023.137 00022.457 00021.234 00020.069 00019.630 00019.180 00018.346 00018.108 00017.814 00017.811 00017.807 00017.723 00017.466 00017.888 00019.176 00020.676 00022.759 00033.051 00036.080 00038.907 00041.741 -0001.000 -0001.000 -0001.000 -0001.000 -0001.000 -0001.000 -0001.000 -0001.000 -0001.000 -0001.000 -0001.000 -0001.000 -0001.000
00041.147 00039.005 00037.408 00036.170 00034.870 00033.199 00032.719 00032.530 00032.290 00032.371 00033.485 00036.773 00039.467 00041.723 -0001.000 -0001.000 -0001.000 -0001.000 00038.125 00034.648 00024.677 00023.238 00022.437 00021.984 00022.082 00022.642 00023.096 00022.728 00021.708 00020.571 00020.275 00019.807 00019.112 00018.809 00018.708 00018.637 00018.603 00018.558 00018.748 00019.185 00019.892 00021.236 00023.437 00033.749 00036.630 00039.450 00042.461 -0001.000 -0001.000 -0001.000 -0001.000 -0001.000 -0001.000 -0001.000 -0001.000 -0001.000 -0001.000 -0001.000 -0001.000 -0001.000
-0001.000 00041.172 00039.728 00038.013 00036.746 00035.596 00034.354 00034.190 00036.073 00039.198 00041.112 -0001.000 -0001.000 -0001.000 -0001.000 -0001.000 -0001.000 00040.230 00037.216 00034.745 00032.550 00023.968 00023.064 00022.704 00022.315 00022.900 00023.395 00023.256 00022.199 00021.245 00020.901 00020.357 00019.699 00019.331 00019.328 00019.325 00019.353 00019.386 00019.415 00019.689 00020.206 00021.151 00023.107 00033.610 00036.997 00040.119 -0001.000 -0001.000 00041.666 00037.586 00038.283 00041.763 -0001.000 -0001.000 -0001.000 -0001.000 -0001.000 -0001.000 -0001.000 -0001.000
-0001.000 -0001.000 00042.960 00042.600 00041.763 00040.765 00039.677 00039.326 00042.302 -0001.000 -0001.000 -0001.000 -0001.000 -0001.000 -0001.000 -0001.000 -0001.000 00039.150 00037.203 00034.900 00033.581 00024.823 00023.785 00023.347 00023.155 00023.227 00023.739 00023.797 00022.693 00021.832 00021.449 00020.896 00020.290 00019.811 00019.836 00019.862 00019.927 00020.019 00020.066 00020.109 00020.362 00021.097 00023.461 00033.923 00036.064 00038.009 00037.981 00037.950 00036.770 00036.640 00036.653 00037.692 00040.490 -0001.000 -0001.000 -0001.000 -0001.000 -0001.000 -0001.000 -0001.000
-0001.000 -0001.000 -0001.000 -0001.000 -0001.000 -0001.000 -0001.000 -0001.000 -0001.000 -0001.000 -0001.000 -0001.000 -0001.000 -0001.000 -0001.000 -0001.000 00042.752 00039.469 00037.472 00035.808 00034.606 00033.209 00024.802 00024.237 00023.923 00023.818 00024.124 00024.433 00023.253 00022.409 00022.006 00021.480 00020.975 00020.438 00020.447 00020.453 00020.469 00020.561 00020.686 00020.839 00021.097 00021.535 00033.619 00034.021 00034.333 00034.763 00034.876 00035.277 00035.636 00035.877 00036.275 00036.681 00037.470 00037.818 00038.616 00039.954 00041.065 00042.018 00042.057 00041.643
-0001.000 -0001.000 -0001.000 -0001.000 -0001.000 -0001.000 -0001.000 -0001.000 -0001.000 -0001.000 -0001.000 -0001.000 -0001.000 -0001.000 -0001.000 -0001.000 00042.350 00039.788 00037.770 00036.688 00035.584 00034.420 00033.397 00032.902 00024.886 00024.668 00024.498 00032.825 00023.918 00023.019 00022.649 00022.108 00021.590 00021.259 00021.154 00021.138 00021.210 00021.294 00021.347 00021.739 00032.907 00033.363 00033.733 00034.034 00034.303 00034.606 00035.043 00035.327 00035.618 00035.929 00036.242 00036.557 00036.812 00037.074 00037.386 00037.607 00037.831 00038.429 00039.413 00040.080
