data/trial9/ashley.hpa
NCOLS 382
NROWS 266
XLLCORNER 157819.328125
YLLCORNER 384678.625000
CELLSIZE 30.000000
NODATA_VALUE -1
[rows 26 to 51 of 266, columns 240 to 299 of 382]
00093.160 00095.995 00099.517 00101.522 00099.286 00100.459 00101.798 00100.241 00099.009 00094.421 00094.039 00096.103 00095.721 00093.937 00092.969 00097.560 00098.893 00098.729 00097.614 00096.799 00095.453 00095.474 00095.189 00094.998 00095.141 00095.406 00097.894 00100.518 00102.528 00102.755 00102.906 00103.090 00103.077 00103.068 00102.784 00102.756 00101.521 00098.034 00095.810 00094.242 00092.942 00162.901 00165.809 00173.416 00166.343 00152.309 00157.249 00166.929 00092.700 00100.318 00105.914 00075.682 00225.908 00218.756 00195.856 00470.028 00223.239 00236.781 00459.225 00575.167
00092.629 00095.399 00099.391 00102.003 00100.771 00101.357 00102.820 00101.774 00098.119 00093.759 00092.818 00095.047 00095.736 00093.968 00093.410 00096.796 00097.867 00098.051 00098.123 00096.807 00096.081 00096.134 00095.710 00095.292 00095.999 00097.081 00099.206 00101.385 00102.468 00102.868 00102.980 00102.972 00102.983 00103.125 00102.907 00102.718 00100.980 00097.309 00095.862 00093.367 00164.352 00165.722 00174.503 00173.164 00176.015 00167.865 00167.619 00155.224 00161.910 00076.882 00073.934 00096.195 00122.766 00222.759 00206.917 00405.966 00245.994 00452.155 00514.891 00549.159
00092.409 00095.121 00099.168 00102.769 00102.327 00102.226 00103.236 00103.031 00097.422 00092.929 00091.419 00093.190 00094.380 00094.426 00094.541 00096.459 00097.720 00098.200 00098.594 00097.101 00096.360 00096.380 00095.982 00095.607 00096.247 00097.101 00099.749 00102.187 00102.607 00102.975 00103.026 00102.888 00103.049 00102.975 00103.224 00102.586 00100.567 00097.949 00095.878 00176.227 00150.836 00175.008 -0001.000 -0001.000 00173.821 00177.141 00169.707 00164.893 00083.897 00126.263 00073.162 00068.310 00075.789 00100.995 00215.204 00226.127 00236.201 00393.051 00588.523 00636.480
00092.030 00093.786 00098.028 00102.937 00103.503 00101.932 00102.825 00103.032 00097.277 00092.175 00090.115 00091.922 00092.544 00094.150 00095.136 00096.175 00097.847 00098.669 00098.111 00097.517 00096.218 00095.956 00096.246 00096.202 00096.591 00097.361 00099.249 00101.204 00102.581 00102.969 00102.983 00103.038 00110.261 00103.147 00103.156 00107.305 00100.825 00097.619 00180.104 00155.527 00169.345 00168.810 -0001.000 -0001.000 -0001.000 00169.458 00175.492 00173.974 00167.188 00167.088 00099.166 00030.241 00083.738 00147.840 00222.663 00228.341 00314.268 00599.070 00685.651 00677.692
00091.391 00093.022 00096.244 00108.076 00103.365 00101.890 00102.691 00102.905 00097.012 00091.336 00089.805 00090.640 00092.065 00093.735 00094.710 00096.183 00097.951 00099.010 00098.436 00097.244 00096.283 00095.411 00096.229 00096.960 00097.232 00097.784 00099.682 00101.572 00111.824 00106.623 00133.935 00150.123 00103.234 00103.464 00292.526 00102.950 00100.036 00181.597 00156.614 00167.518 00169.344 -0001.000 -0001.000 -0001.000 -0001.000 -0001.000 -0001.000 00174.150 00176.775 00170.171 00548.418 00907.375 01127.388 00271.084 00116.043 00170.629 00383.009 00489.106 00633.907 00705.343
00184.829 00469.810 00123.042 00248.365 00442.432 00103.688 00102.211 00101.594 00096.244 00091.283 00089.547 00090.050 00091.857 00093.315 00094.357 00095.315 00097.857 00098.901 00098.494 00097.055 00095.766 00095.863 00096.132 00096.681 00097.674 00098.648 00100.211 00101.690 00144.254 00163.911 00237.210 00270.635 00509.649 00439.989 00505.119 00489.090 00106.862 00171.147 00157.716 00164.438 00172.576 -0001.000 -0001.000 -0001.000 -0001.000 -0001.000 -0001.000 -0001.000 00173.600 00278.315 00270.915 01162.022 00834.352 01086.619 00105.019 00733.966 00411.027 00499.213 00712.982 00900.272
00241.585 00664.673 01223.369 01234.327 01256.081 01306.105 00236.264 00098.676 00096.550 00091.367 00090.179 00089.662 00091.902 00092.653 00094.009 00094.887 00096.271 00097.221 00097.732 00096.421 00096.045 00096.834 00096.575 00096.564 00098.220 00099.640 00101.134 00129.696 00202.845 00322.068 00506.559 00231.452 00441.432 00506.032 00504.818 00471.114 00153.250 00172.662 00157.984 00162.882 00178.531 -0001.000 -0001.000 -0001.000 -0001.000 -0001.000 -0001.000 00164.732 00172.995 00774.707 00849.480 00957.056 01122.646 01165.867 01170.398 00098.816 00177.700 00204.966 00916.302 01188.431
01114.329 01113.740 01113.173 01124.717 01138.828 01188.431 01260.480 01198.351 00096.173 00095.567 00113.959 00090.776 00091.740 00092.426 00092.837 00094.792 00094.620 00095.633 00095.987 00096.341 00096.618 00096.935 00096.420 00096.341 00098.024 00099.584 00101.096 00101.634 00101.994 00504.194 00505.864 00507.159 00507.444 00505.359 00505.434 00505.127 00184.173 00172.356 00158.148 00161.002 00176.343 00168.797 -0001.000 -0001.000 -0001.000 -0001.000 -0001.000 00165.911 00172.977 01056.022 01112.311 01177.246 01180.765 01075.668 00222.470 00093.665 00110.959 00103.934 00877.954 01198.498
01003.973 01011.549 01019.675 01012.828 01053.816 01076.932 01142.548 01201.983 01263.592 00091.986 00106.474 00370.375 00091.509 00092.079 00092.461 00093.289 00093.269 00094.516 00095.387 00096.367 00097.003 00097.280 00095.979 00095.438 00097.653 00099.352 00100.305 00100.893 00101.638 00505.050 00505.543 00506.514 00506.780 00506.312 00506.364 00506.744 00184.055 00172.661 00160.335 00083.172 00169.189 00180.114 -0001.000 -0001.000 -0001.000 -0001.000 -0001.000 00166.927 00172.467 01193.434 01190.150 01188.620 01185.902 01185.063 01182.492 00450.214 00193.414 00325.431 01138.683 01212.001
01094.586 01062.415 01047.161 01046.125 01052.034 01033.741 01014.951 01118.645 01179.934 01199.148 01206.985 01211.341 01224.004 00270.741 00127.484 00093.605 00092.246 00092.697 00094.506 00096.336 00097.300 00095.687 00094.939 00094.771 00097.604 00100.096 00100.241 00100.297 00101.288 00504.718 00506.176 00507.971 00506.827 00508.452 00509.459 00499.207 00184.130 00176.085 00162.743 00151.528 00162.899 00180.869 -0001.000 -0001.000 -0001.000 -0001.000 -0001.000 -0001.000 00169.693 01033.692 01192.829 01195.205 01183.454 01188.962 01185.246 00555.122 00160.398 00116.961 00588.629 01217.315
01184.770 01152.207 01139.698 01140.695 01146.430 01151.828 01122.499 01000.738 01104.857 01137.748 01167.314 01189.809 01206.156 00112.817 01229.952 00397.524 00091.264 00091.959 00094.540 00095.838 00095.245 00095.462 00094.937 00094.585 00097.088 00099.400 00100.094 00101.360 00100.947 00505.686 00507.815 00506.163 00506.684 00510.168 00511.602 00508.907 00184.520 00178.578 00165.491 00154.895 00160.874 00181.120 00167.005 -0001.000 -0001.000 -0001.000 -0001.000 -0001.000 -0001.000 00170.123 01192.696 01195.140 01196.336 01182.356 01187.790 00354.832 00133.264 00104.549 01092.417 01230.090
01268.344 01233.934 01211.717 01210.188 01204.446 01221.352 01097.823 01153.459 00165.949 01027.735 01129.320 01159.203 01184.134 01198.370 01216.621 01229.736 00176.369 00090.974 00093.245 00094.447 00094.254 00095.261 00095.520 00095.471 00097.011 00098.460 00099.874 00100.322 00504.944 00506.818 00506.908 00504.412 00506.488 00508.605 00512.877 00513.197 00184.979 00180.285 00165.834 00151.861 00159.724 00179.313 00173.450 00173.539 00175.536 00169.650 00165.472 -0001.000 -0001.000 -0001.000 00710.905 01196.491 01190.247 01189.787 01185.918 00167.312 00092.372 00204.045 00607.826 01237.111
01317.809 01316.922 01287.744 01231.935 00906.837 00219.539 00179.214 00178.114 00178.350 00725.432 01127.015 01157.855 01184.636 01199.239 01215.500 01221.402 00518.602 00090.606 00092.259 00092.580 00093.859 00095.171 00096.003 00096.941 00098.140 00099.370 00144.637 00113.757 00505.405 00506.283 00503.309 00501.012 00505.683 00507.301 00513.028 00508.234 00185.499 00179.001 00163.976 00154.613 00158.880 00175.430 00180.700 00441.689 00275.729 00173.648 00173.552 00171.518 00171.970 00393.074 00993.639 01196.836 01198.818 01190.581 01191.025 01187.222 00307.776 00118.960 00619.908 01226.672
01322.071 01328.467 01328.396 01318.534 01263.984 01048.697 00175.961 -0001.000 00167.332 00158.538 01123.895 01157.054 01185.195 01199.885 01207.499 01213.519 01213.915 00090.012 00091.443 00090.832 00093.806 00093.648 00095.601 00097.197 00098.797 00112.488 00302.238 00503.635 00506.655 00505.984 00503.537 00498.735 00502.632 00500.544 00467.259 00458.979 00185.875 00179.347 00167.609 00156.418 00158.412 00171.989 00497.821 00907.266 00885.388 01155.816 00168.575 00173.394 00174.698 00175.350 00805.218 01165.935 01199.631 01200.350 01098.348 00713.627 00367.845 00147.258 00277.610 00148.696
01337.255 01336.392 01327.480 01327.628 01094.256 00437.132 00173.730 -0001.000 00177.007 00075.565 01114.532 01145.068 01174.667 01198.692 01198.259 01208.361 01213.401 00172.031 00090.203 00090.118 00092.628 00092.449 00093.652 00096.468 00099.407 00165.413 00381.412 00504.073 00505.224 00504.490 00501.487 00498.621 00502.803 00506.897 00509.335 00188.419 00186.858 00181.932 00170.119 00158.069 00075.925 00164.039 01014.993 01138.698 01153.470 01149.710 01151.972 01160.801 00648.086 01128.266 00835.032 01198.383 01201.065 01195.442 01193.538 00931.586 00482.548 00192.895 00115.508 00458.145
01306.589 01298.154 01300.832 01302.276 01273.210 00173.555 -0001.000 -0001.000 00170.095 00138.297 01109.445 01131.564 01153.840 01181.350 01201.768 01196.573 01204.291 01209.084 00480.768 00089.518 00091.298 00105.504 00092.349 00093.953 00132.299 00262.534 00450.541 00503.157 00503.203 00502.388 00499.917 00498.660 00462.362 00505.883 00509.909 00188.129 00187.713 00184.683 00171.685 00162.287 00154.737 00159.286 01136.790 01153.136 01149.656 01158.967 01166.433 01152.993 01159.561 01122.352 01183.025 01200.331 01206.604 01192.688 01015.545 01190.868 00264.005 00187.499 00723.366 01229.452
01240.180 01226.147 01182.515 00933.493 00503.699 -0001.000 -0001.000 -0001.000 00167.367 00147.634 01080.877 01112.205 01132.341 01154.708 01182.701 01202.676 01196.015 01205.349 01210.100 00336.677 00223.798 00116.104 00091.948 00093.391 00179.583 00462.431 00501.493 00501.662 00501.179 00500.862 00499.399 00498.354 00501.038 00503.224 00476.413 00187.873 00188.298 00187.951 00176.564 00169.609 00157.838 00114.918 00760.855 01141.325 01152.262 01160.062 01161.450 01159.695 01155.540 01155.296 01169.867 01188.402 01195.977 01195.652 01174.417 00139.776 00112.565 00273.779 00156.002 00190.535
01181.837 01187.102 01174.909 01161.165 -0001.000 -0001.000 -0001.000 -0001.000 00167.787 00551.072 01068.735 01106.635 01125.797 01144.872 01169.288 01199.120 01199.512 01203.755 01230.016 01209.095 00633.035 00091.299 00091.337 00093.105 00180.397 00498.834 00500.262 00500.414 00500.247 00499.654 00499.765 00500.579 00501.666 00497.212 00436.510 00187.567 00188.242 00188.606 00183.416 00174.724 00160.168 00137.232 00167.455 01138.921 01162.881 01161.609 00872.053 00925.478 01160.017 01155.620 01157.228 01170.987 01183.940 01078.746 -0001.000 00351.623 00094.986 00090.102 00378.299 00802.409
-0001.000 -0001.000 -0001.000 -0001.000 -0001.000 -0001.000 -0001.000 -0001.000 00168.060 00136.326 01051.753 01062.147 01111.446 01134.553 01158.045 01180.950 01167.727 01212.798 01225.277 01222.120 01213.832 00091.166 00091.604 00132.717 00206.462 00434.059 00498.894 00499.061 00498.945 00498.951 00498.120 00498.095 00499.795 00497.866 00494.611 00181.456 00187.688 00188.599 00187.142 00175.815 00163.199 00152.452 00718.730 01138.752 00927.210 01036.314 01055.327 01059.960 01011.100 01159.559 01154.105 01118.594 00983.991 00908.563 -0001.000 -0001.000 00097.223 00122.693 00436.266 00881.712
-0001.000 -0001.000 -0001.000 -0001.000 -0001.000 -0001.000 -0001.000 -0001.000 00170.201 00881.817 00996.596 00946.623 00704.893 01123.585 01144.789 01147.857 01145.847 01207.048 01219.588 01233.822 01213.704 00091.373 00093.168 00100.848 00287.676 00496.519 00496.955 00497.714 00497.778 00497.939 00497.809 00496.448 00493.960 00490.902 00473.275 00419.214 00186.095 00188.149 00187.768 00177.144 00165.072 00156.922 00660.276 01007.459 01055.881 01082.804 01092.499 01098.939 01095.386 01024.125 01157.451 00860.802 00909.243 -0001.000 -0001.000 -0001.000 00140.147 00113.202 00298.635 00168.305
-0001.000 -0001.000 -0001.000 -0001.000 -0001.000 -0001.000 -0001.000 -0001.000 00173.013 00159.446 01117.870 00990.215 00999.705 00414.134 00156.625 00158.361 00656.433 00495.062 01214.178 01231.521 00820.470 00105.798 00094.019 00094.190 00118.149 00214.122 00496.159 00496.459 00496.152 00496.237 00496.539 00494.180 00491.659 00490.020 00489.970 00489.907 00181.124 00187.792 00187.627 00177.904 00168.563 00159.243 00158.950 00156.965 00898.838 01102.313 01109.879 01116.300 01120.994 01090.197 00927.488 00898.177 00168.446 -0001.000 -0001.000 -0001.000 00165.009 00101.397 00088.819 00627.661
-0001.000 -0001.000 -0001.000 -0001.000 -0001.000 -0001.000 -0001.000 -0001.000 00175.048 00797.273 01031.533 01085.704 00409.952 00306.156 00122.192 00113.774 00150.153 00159.222 00168.310 00954.394 01023.164 00092.088 00104.293 00111.793 00183.909 00307.981 00494.616 00495.239 00495.302 00494.477 00493.491 00489.348 00486.504 00486.560 00486.353 00479.126 00456.507 00187.901 00187.534 00182.055 00172.088 00165.685 00166.185 00161.876 00369.133 01117.844 01123.819 01128.506 01133.391 01118.265 01066.984 01156.277 00164.916 -0001.000 -0001.000 -0001.000 -0001.000 00085.043 00123.763 00484.406
-0001.000 -0001.000 -0001.000 -0001.000 -0001.000 -0001.000 -0001.000 00173.587 00177.767 01081.838 01112.168 00981.945 00998.544 01070.378 01000.396 00710.181 00154.381 00158.868 00496.175 00166.106 00281.237 00174.025 00093.114 00092.102 00177.061 00332.946 00495.265 00494.794 00494.465 00492.295 00489.305 00486.826 00485.167 00484.784 00484.989 00463.365 00382.493 00185.920 00187.253 00186.157 00177.745 00176.312 00173.002 00168.307 00163.276 01108.639 01113.872 01143.451 01149.305 01136.085 01104.284 00902.695 00167.332 -0001.000 -0001.000 -0001.000 -0001.000 00095.557 00412.404 00199.482
-0001.000 -0001.000 -0001.000 -0001.000 -0001.000 -0001.000 00178.021 00166.324 00983.315 01090.895 00662.700 00998.577 01062.216 01081.591 01099.804 01060.613 00867.852 00995.349 00165.219 00170.388 00172.308 00172.168 00092.147 00091.126 00093.973 00107.904 00204.531 00412.796 00494.053 00488.159 00484.471 00485.511 00485.638 00485.654 00485.697 00486.122 00486.535 00177.887 00187.943 00186.078 00184.354 00184.106 00182.815 00176.870 00170.378 00272.628 01093.344 01162.606 01166.440 01152.767 01121.797 00756.849 00168.551 -0001.000 -0001.000 -0001.000 -0001.000 00093.385 -0001.000 -0001.000
-0001.000 -0001.000 -0001.000 -0001.000 -0001.000 00163.809 00168.113 00250.257 00213.414 00665.027 01057.935 00999.862 01065.708 01086.007 01118.055 01094.951 01079.574 01106.184 00166.782 00170.319 00172.578 00170.870 00100.232 00090.888 00093.001 00112.357 00147.672 00254.896 00463.734 00486.659 00483.387 00483.194 00483.721 00484.503 00485.016 00484.962 00484.928 00486.598 00181.137 00187.445 00186.532 00185.954 00184.789 00183.235 00180.936 00173.536 01174.797 00774.570 01102.393 01164.422 01133.274 00158.179 00166.514 -0001.000 -0001.000 -0001.000 -0001.000 -0001.000 -0001.000 -0001.000
-0001.000 -0001.000 -0001.000 00174.573 00176.574 00173.900 00241.945 00275.067 00332.015 00327.583 00370.307 00563.399 01017.100 01078.095 01096.619 01083.468 00747.414 00607.903 00166.252 00170.220 00172.589 00171.327 00104.049 00091.520 00119.902 00214.270 00094.598 00349.444 00488.473 00485.482 00482.106 00483.722 00483.893 00484.293 00484.383 00484.078 00483.772 00480.529 00420.618 00180.228 00180.846 00183.093 00186.286 00185.211 00184.230 00183.429 00392.970 00835.686 01130.379 01170.560 01142.601 00158.239 00166.465 -0001.000 -0001.000 -0001.000 -0001.000 -0001.000 -0001.000 -0001.000
