data/trial9/ashley.ros
NCOLS 382
NROWS 266
XLLCORNER 157819.328125
YLLCORNER 384678.625000
CELLSIZE 30.000000
NODATA_VALUE -1
[rows 34 to 67 of 266, columns 231 to 307 of 382]
01.09 05.99 10.91 10.43 10.23 09.49 08.67 01.42 02.35 00.91 01.10 01.24 01.16 01.19 00.78 00.83 00.85 00.93 13.18 10.62 04.94 18.09 24.79 32.95 44.25 49.86 65.97 70.74 79.90 94.80 136.28 138.16 139.60 143.01 146.64 144.92 147.00 152.82 18.74 12.75 09.36 32.48 41.98 41.01 39.55 00.91 00.73 00.49 00.14 00.35 00.38 -1.00 -1.00 -1.00 -1.00 -1.00 00.56 00.67 02.61 02.70 02.67 02.73 02.26 01.77 04.22 10.43 08.79 02.25 02.54 02.39 02.62 02.84 02.93 03.33 02.33 02.25 02.20
01.03 00.84 10.69 12.37 13.12 08.40 04.24 03.70 00.90 01.03 01.18 01.23 01.21 01.13 00.97 00.76 00.75 00.83 00.96 01.21 01.41 01.42 06.23 20.07 41.84 61.81 73.29 69.32 74.65 92.18 132.24 132.89 133.68 137.77 142.82 146.24 149.39 122.29 14.57 10.80 12.35 46.18 48.27 46.47 24.02 01.00 00.77 00.68 00.34 00.37 00.39 -1.00 -1.00 -1.00 -1.00 -1.00 -1.00 00.61 01.78 02.52 02.81 03.28 03.20 02.73 04.58 11.15 15.51 02.95 01.92 02.40 02.57 02.66 02.69 02.74 02.76 -1.00 -1.00
01.01 01.01 01.00 09.29 11.77 06.38 03.24 03.15 01.18 01.22 01.26 01.26 01.30 01.33 01.21 00.83 00.62 00.75 00.78 01.05 01.40 01.43 12.67 01.71 11.41 72.19 66.69 60.46 68.68 91.30 128.08 128.53 127.97 132.65 134.87 136.73 131.79 77.83 12.52 10.33 26.19 39.37 44.08 46.69 30.71 01.11 00.87 00.73 00.40 00.42 00.40 00.33 -1.00 -1.00 -1.00 -1.00 -1.00 -1.00 00.57 02.70 03.18 03.28 03.99 03.10 08.18 15.47 13.17 01.72 02.20 02.26 02.25 02.29 02.34 04.11 -1.00 -1.00 -1.00
00.88 01.11 01.17 01.39 01.64 02.29 02.65 02.87 02.25 01.98 01.49 01.55 01.60 01.59 01.66 00.76 00.81 00.16 00.83 01.35 01.18 02.07 02.53 02.09 03.91 44.28 59.71 57.49 69.36 91.41 115.98 120.62 122.98 130.59 137.54 143.32 77.01 14.78 11.56 35.65 30.67 34.23 35.99 41.29 37.68 01.15 00.84 00.74 00.42 00.49 00.40 00.44 00.42 00.43 00.44 00.41 -1.00 -1.00 -1.00 01.19 02.78 03.62 03.62 03.71 15.93 19.96 07.47 02.82 02.61 03.06 03.57 04.69 05.28 04.85 04.83 -1.00 -1.00
00.70 01.07 01.25 01.40 01.67 01.87 02.35 02.67 02.72 02.76 01.95 01.74 01.54 00.78 00.49 00.42 00.30 00.18 00.27 01.18 01.21 02.25 02.92 02.71 03.48 16.55 51.69 55.40 67.44 80.79 99.82 109.17 116.14 123.75 132.65 80.79 46.19 12.73 28.54 32.67 30.96 34.96 34.89 32.51 26.06 01.11 00.96 00.74 00.46 00.47 00.43 00.46 00.71 00.70 00.58 00.48 00.57 00.62 00.80 01.95 02.66 02.76 03.18 02.99 02.13 06.76 08.41 02.75 02.55 03.23 03.30 04.36 04.96 04.97 02.76 -1.00 -1.00
-1.00 00.91 01.25 01.41 01.50 01.80 02.09 02.43 02.75 02.96 03.01 01.72 02.03 01.90 01.46 00.70 -1.00 00.17 00.15 01.04 01.23 02.44 02.63 02.49 03.99 06.87 45.85 49.76 60.22 70.47 89.42 97.74 106.58 112.75 111.43 31.27 14.34 20.80 30.04 28.80 27.67 29.38 24.65 10.03 07.80 01.26 01.10 00.94 00.54 00.41 00.48 00.73 00.89 01.43 02.93 00.46 00.61 00.62 00.60 01.14 02.16 02.43 02.58 02.92 03.89 05.83 08.53 05.51 27.06 03.46 03.42 03.98 04.50 04.94 -1.00 -1.00 -1.00
-1.00 -1.00 01.19 01.22 01.49 01.70 01.86 02.15 02.47 02.78 03.08 02.79 02.51 01.34 00.76 00.68 -1.00 00.22 00.08 01.19 01.55 02.20 02.31 02.29 03.23 05.09 21.70 42.84 52.36 65.66 86.02 88.51 93.69 104.44 76.17 23.03 15.67 26.53 30.19 28.29 24.65 24.01 28.81 33.88 01.46 01.45 01.22 01.29 00.58 00.14 00.43 01.00 01.52 02.07 02.54 02.35 02.16 00.80 01.86 00.98 02.00 01.73 02.47 02.82 03.33 05.98 08.11 11.55 08.38 03.15 03.42 03.65 04.01 05.09 07.76 09.53 15.76
-1.00 -1.00 -1.00 -1.00 01.38 01.40 01.56 01.84 02.09 02.22 02.41 02.71 02.96 02.60 00.53 -1.00 -1.00 00.24 00.26 01.58 01.67 01.41 01.83 01.77 02.49 02.73 03.97 09.82 46.04 64.99 85.52 96.23 82.67 70.12 48.14 22.84 31.66 30.51 32.09 30.10 27.62 10.47 20.66 31.51 01.71 01.64 01.35 01.51 00.79 00.50 00.41 01.16 01.56 02.48 02.40 02.80 02.03 01.81 01.60 01.69 01.62 01.53 01.49 01.85 02.69 08.10 10.05 04.24 02.77 03.19 03.37 03.38 03.39 09.14 16.02 17.19 17.51
-1.00 -1.00 -1.00 -1.00 -1.00 -1.00 01.55 01.70 01.73 01.90 01.97 01.83 01.14 00.80 -1.00 -1.00 -1.00 00.24 00.32 01.71 01.89 01.71 01.46 02.00 02.20 02.84 02.53 03.81 16.64 33.70 81.18 98.23 80.78 50.91 27.33 32.22 35.47 35.94 37.34 36.79 34.54 32.43 30.42 09.15 01.89 01.83 01.49 01.52 01.22 00.68 00.21 00.67 01.58 01.88 03.12 02.55 02.12 01.61 01.56 01.52 01.47 01.40 01.45 01.54 01.01 01.74 09.21 14.34 13.49 04.28 02.79 02.93 03.43 07.00 11.69 13.33 11.09
-1.00 -1.00 -1.00 -1.00 -1.00 -1.00 -1.00 -1.00 -1.00 01.88 02.09 02.27 02.47 -1.00 -1.00 -1.00 -1.00 00.23 00.56 02.10 02.12 02.15 01.85 01.59 02.14 02.86 03.04 02.72 04.91 13.70 101.53 100.59 78.25 55.17 24.65 35.08 34.56 34.04 33.96 34.65 34.05 30.64 22.27 06.84 01.83 02.08 01.87 01.39 01.37 00.69 00.31 00.39 01.90 02.70 02.10 01.59 01.57 01.80 01.48 01.37 01.23 01.20 00.97 -1.00 00.98 03.51 05.72 04.02 02.78 02.18 02.61 02.65 02.97 07.56 08.69 09.58 -1.00
-1.00 -1.00 -1.00 -1.00 -1.00 -1.00 -1.00 -1.00 -1.00 -1.00 -1.00 -1.00 -1.00 -1.00 -1.00 -1.00 -1.00 00.24 00.35 02.18 01.86 02.27 01.88 01.51 02.02 01.89 02.50 02.47 04.44 07.23 98.89 89.82 73.21 48.36 32.22 32.00 33.22 32.49 31.60 31.42 29.33 25.30 24.50 24.94 01.65 02.01 01.98 01.47 01.35 00.71 00.44 00.84 02.37 02.00 02.24 02.05 01.85 01.47 01.51 01.33 00.98 00.69 00.66 -1.00 -1.00 03.18 06.97 03.89 02.46 02.73 02.68 02.32 -1.00 -1.00 -1.00 -1.00 -1.00
-1.00 -1.00 -1.00 -1.00 -1.00 -1.00 -1.00 -1.00 -1.00 -1.00 -1.00 -1.00 -1.00 -1.00 -1.00 -1.00 -1.00 00.22 01.77 02.36 01.95 01.00 01.97 01.32 01.14 01.69 01.94 02.21 03.75 06.45 70.37 52.69 76.33 34.65 27.83 29.95 30.85 29.11 28.24 27.93 25.96 22.71 19.81 11.43 05.08 01.56 01.90 01.58 01.35 00.93 00.59 00.83 02.04 02.10 02.24 02.32 02.93 02.07 01.16 01.29 00.51 00.62 -1.00 -1.00 -1.00 01.10 09.07 05.42 16.39 02.94 -1.00 -1.00 -1.00 -1.00 -1.00 -1.00 -1.00
-1.00 -1.00 -1.00 -1.00 -1.00 -1.00 -1.00 -1.00 -1.00 -1.00 -1.00 -1.00 -1.00 -1.00 -1.00 -1.00 -1.00 00.19 00.70 04.04 02.71 02.98 00.73 00.47 00.28 00.48 00.54 01.84 02.13 01.80 09.19 31.07 64.03 60.51 41.95 29.30 30.26 26.99 24.09 22.81 20.02 17.41 17.42 19.14 20.69 01.36 01.73 01.51 01.42 01.10 00.72 00.86 00.63 01.42 03.85 03.58 03.36 03.22 01.37 00.89 00.59 00.27 -1.00 -1.00 -1.00 00.92 08.76 20.67 04.73 03.37 -1.00 -1.00 -1.00 -1.00 -1.00 -1.00 -1.00
-1.00 -1.00 -1.00 -1.00 -1.00 -1.00 -1.00 -1.00 -1.00 -1.00 -1.00 -1.00 -1.00 -1.00 -1.00 -1.00 -1.00 00.17 00.86 03.38 02.64 00.79 00.48 00.21 00.37 00.48 00.32 00.34 01.15 01.96 49.47 49.98 36.10 29.43 28.95 24.79 29.14 29.13 22.25 16.89 14.10 11.82 12.07 12.43 10.33 07.61 01.66 01.49 01.16 01.36 01.15 01.20 00.90 00.99 03.99 03.28 02.54 02.31 01.92 01.05 01.12 00.24 -1.00 -1.00 -1.00 -1.00 13.99 15.31 05.93 -1.00 -1.00 -1.00 -1.00 -1.00 -1.00 -1.00 -1.00
-1.00 -1.00 -1.00 -1.00 -1.00 -1.00 -1.00 -1.00 -1.00 -1.00 -1.00 -1.00 -1.00 -1.00 -1.00 -1.00 00.29 00.27 00.95 03.04 02.82 02.54 02.74 01.82 00.80 00.39 00.81 01.15 00.39 00.59 01.13 24.30 39.16 32.64 24.41 19.38 23.07 22.48 15.40 11.75 12.18 12.68 13.99 16.03 07.97 02.15 01.27 01.55 01.40 01.13 01.18 01.39 01.30 00.94 03.13 02.72 02.66 02.47 01.82 01.29 00.72 00.26 -1.00 -1.00 -1.00 -1.00 13.09 05.19 13.74 -1.00 -1.00 -1.00 -1.00 -1.00 -1.00 -1.00 -1.00
-1.00 -1.00 -1.00 -1.00 -1.00 -1.00 -1.00 -1.00 -1.00 -1.00 -1.00 -1.00 -1.00 -1.00 -1.00 00.29 00.27 00.88 00.73 01.33 02.59 03.59 03.99 03.59 02.91 01.80 02.67 00.98 01.15 01.10 01.48 25.41 37.68 44.74 47.49 30.06 20.66 18.87 14.60 14.19 14.68 15.43 17.69 20.02 19.99 19.96 00.85 01.74 01.64 01.48 01.55 01.63 01.21 01.14 00.94 02.63 02.83 02.93 01.98 01.15 00.38 00.27 -1.00 -1.00 -1.00 -1.00 03.06 -1.00 -1.00 -1.00 -1.00 -1.00 -1.00 -1.00 -1.00 -1.00 -1.00
-1.00 -1.00 -1.00 -1.00 -1.00 -1.00 -1.00 -1.00 -1.00 -1.00 -1.00 -1.00 -1.00 -1.00 00.23 00.29 04.23 04.74 02.92 01.28 02.42 03.80 04.25 04.47 04.49 03.83 03.99 01.17 01.38 01.26 01.61 06.69 27.66 37.59 40.18 36.03 25.55 16.28 15.18 15.40 16.83 18.10 19.99 21.44 21.42 21.44 18.57 01.39 01.80 01.74 01.83 01.75 01.74 01.35 01.12 03.44 01.58 02.17 02.09 01.09 00.22 00.26 -1.00 -1.00 -1.00 -1.00 -1.00 -1.00 -1.00 -1.00 -1.00 -1.00 -1.00 -1.00 -1.00 -1.00 -1.00
-1.00 -1.00 -1.00 -1.00 -1.00 -1.00 -1.00 -1.00 -1.00 -1.00 -1.00 -1.00 00.33 00.32 00.30 01.32 03.46 12.64 10.70 13.78 00.70 02.29 03.39 03.05 02.73 01.73 01.35 01.01 01.24 01.27 01.71 08.62 34.49 34.07 24.50 32.01 17.97 15.02 17.61 16.71 20.96 21.47 22.07 22.47 22.48 22.49 19.29 04.13 01.49 01.58 01.54 01.97 02.04 01.92 01.70 01.16 01.68 02.35 02.08 01.13 00.21 00.26 -1.00 -1.00 -1.00 -1.00 -1.00 -1.00 -1.00 -1.00 -1.00 -1.00 -1.00 -1.00 -1.00 -1.00 -1.00
-1.00 -1.00 -1.00 -1.00 -1.00 -1.00 -1.00 -1.00 -1.00 -1.00 -1.00 00.34 00.33 00.27 00.30 01.68 07.46 14.32 13.13 12.13 04.55 00.66 02.12 03.25 03.86 02.94 00.91 01.00 01.19 01.16 01.52 11.61 59.94 84.78 62.46 44.13 39.49 26.80 21.08 23.68 26.22 28.55 30.14 31.00 31.56 31.58 27.60 23.62 19.22 09.53 18.21 01.39 01.76 02.13 01.89 02.18 02.68 03.27 01.76 00.69 00.22 00.25 -1.00 -1.00 -1.00 -1.00 -1.00 -1.00 -1.00 -1.00 -1.00 -1.00 -1.00 -1.00 -1.00 -1.00 -1.00
-1.00 -1.00 -1.00 -1.00 -1.00 -1.00 -1.00 -1.00 -1.00 -1.00 00.30 00.33 00.25 00.44 10.01 00.76 03.95 11.02 10.13 10.52 07.08 01.67 01.26 02.09 02.98 01.93 01.07 01.03 00.82 00.88 00.94 01.13 151.51 136.62 115.07 89.79 59.25 34.11 20.10 22.11 23.81 25.29 27.01 27.16 26.66 26.46 27.22 27.98 19.72 09.89 16.73 17.06 01.44 01.73 02.10 01.66 03.24 02.25 00.69 00.18 00.26 -1.00 -1.00 -1.00 -1.00 -1.00 -1.00 -1.00 -1.00 -1.00 -1.00 -1.00 -1.00 -1.00 -1.00 -1.00 -1.00
-1.00 -1.00 -1.00 -1.00 01.84 -1.00 -1.00 -1.00 -1.00 00.25 00.30 00.23 01.60 09.54 14.20 10.99 09.14 03.38 08.45 09.32 04.88 04.09 00.97 01.50 03.43 03.29 01.17 01.16 00.97 00.85 00.92 00.85 00.87 00.93 38.09 36.85 89.03 35.28 19.11 20.91 22.88 23.20 23.85 24.28 24.69 25.23 25.97 26.71 23.72 14.54 18.60 18.26 20.89 01.37 01.51 01.33 01.14 01.35 00.20 00.21 00.35 -1.00 -1.00 -1.00 -1.00 -1.00 -1.00 -1.00 -1.00 -1.00 -1.00 -1.00 -1.00 -1.00 -1.00 -1.00 -1.00
-1.00 -1.00 01.31 00.45 00.46 00.78 -1.00 -1.00 00.30 00.26 00.22 00.58 09.83 13.26 15.08 12.50 09.87 06.86 03.82 07.45 02.87 00.59 00.84 01.45 00.35 01.28 01.53 01.12 01.09 01.03 00.99 01.09 01.44 01.06 01.15 01.39 78.64 08.61 23.49 35.87 22.09 22.71 23.19 23.84 24.49 25.06 25.56 26.09 21.37 18.27 20.42 20.85 22.17 23.74 20.72 20.25 10.40 00.86 00.53 00.18 00.27 00.30 -1.00 -1.00 -1.00 -1.00 -1.00 -1.00 -1.00 -1.00 -1.00 -1.00 -1.00 -1.00 -1.00 -1.00 -1.00
-1.00 01.08 00.72 01.35 01.75 00.29 00.29 00.28 00.22 00.15 05.78 08.06 10.22 14.15 15.92 13.84 10.78 07.42 04.06 05.68 00.81 00.43 00.26 00.84 01.89 02.41 00.42 01.00 00.88 00.89 01.55 01.47 01.73 01.48 01.19 01.72 17.10 24.48 85.59 42.82 24.16 23.08 23.13 23.69 24.27 24.94 25.50 24.06 19.49 18.81 19.74 21.42 21.76 21.55 18.51 16.25 12.86 00.97 00.47 00.34 00.23 00.27 -1.00 -1.00 -1.00 -1.00 -1.00 -1.00 -1.00 -1.00 -1.00 -1.00 -1.00 -1.00 -1.00 -1.00 -1.00
01.17 01.15 01.09 01.13 00.68 00.58 00.24 00.19 06.06 05.54 08.17 17.33 19.47 22.44 21.15 15.17 11.41 07.86 04.80 00.39 00.50 00.80 00.26 00.96 01.50 02.51 02.95 00.63 01.31 01.41 01.74 01.71 01.84 01.73 01.41 01.75 02.14 110.06 60.75 19.41 24.67 25.16 25.12 24.47 23.91 24.06 24.69 24.17 17.55 18.36 18.78 20.52 21.57 19.07 16.70 14.08 10.78 00.75 00.86 00.60 00.33 00.23 00.27 -1.00 -1.00 -1.00 -1.00 -1.00 -1.00 -1.00 -1.00 -1.00 -1.00 -1.00 -1.00 -1.00 -1.00
01.21 01.31 01.03 00.96 00.86 00.70 01.46 05.30 09.01 14.17 17.53 25.11 23.98 23.07 19.71 15.35 11.29 08.00 01.32 00.41 00.62 01.06 00.89 00.73 01.22 01.01 00.76 00.75 01.35 01.49 01.68 01.56 01.68 01.57 01.37 02.01 02.44 30.72 08.89 11.97 23.70 25.23 25.89 24.85 23.84 23.17 22.74 21.74 17.85 17.20 17.32 18.78 18.40 19.94 21.50 13.33 09.10 00.77 01.06 00.66 00.51 00.18 00.25 00.24 -1.00 -1.00 -1.00 -1.00 -1.00 -1.00 -1.00 -1.00 -1.00 -1.00 -1.00 -1.00 -1.00
01.08 00.97 00.94 00.74 00.68 01.52 06.04 12.34 20.32 19.61 20.95 25.35 24.32 21.05 17.61 13.69 10.54 07.02 00.31 00.45 00.76 01.20 01.27 01.12 00.70 00.93 00.72 00.54 01.25 01.41 01.60 01.50 01.55 01.23 01.12 01.85 02.11 02.19 02.71 10.82 21.52 23.46 24.68 24.65 24.65 23.57 22.16 20.43 18.01 16.20 15.71 16.34 15.53 17.67 18.08 14.52 07.97 08.29 01.20 00.83 00.68 00.30 00.33 00.27 -1.00 -1.00 -1.00 -1.00 -1.00 -1.00 -1.00 -1.00 -1.00 -1.00 -1.00 -1.00 -1.00
00.91 00.89 01.30 00.75 02.34 12.55 12.38 20.41 22.09 22.27 20.89 23.09 22.94 20.90 18.07 13.04 09.68 03.63 00.22 00.53 00.96 01.19 01.10 00.68 00.34 00.46 00.66 01.00 01.11 01.25 01.52 01.52 01.35 01.25 01.06 01.55 01.87 28.72 28.17 19.66 19.49 21.57 23.07 23.73 24.40 24.19 23.54 19.18 17.82 15.70 14.26 13.49 14.89 16.68 14.65 12.51 07.13 08.04 00.86 00.98 00.67 00.36 00.32 00.39 00.30 -1.00 -1.00 -1.00 -1.00 -1.00 -1.00 -1.00 -1.00 -1.00 -1.00 -1.00 -1.00
01.73 02.22 00.91 07.29 08.60 13.76 16.23 21.30 21.78 21.72 18.31 20.43 21.03 19.99 18.39 12.38 08.19 00.59 00.42 00.69 01.06 01.18 01.04 00.65 -1.00 00.34 00.68 00.84 00.80 01.27 01.36 01.50 01.27 01.42 01.44 01.50 01.85 01.77 26.35 36.28 16.80 20.08 22.57 23.19 23.81 24.66 25.56 19.59 15.61 14.84 13.41 11.92 13.13 13.45 11.99 09.88 07.37 07.83 06.22 00.88 00.57 00.37 00.39 00.57 00.47 -1.00 -1.00 -1.00 -1.00 -1.00 -1.00 -1.00 -1.00 -1.00 -1.00 -1.00 -1.00
05.35 02.88 06.35 08.15 09.97 12.41 15.38 19.33 20.39 16.73 16.01 18.20 19.35 18.65 17.22 11.10 06.27 00.36 00.63 00.87 01.15 01.25 01.20 00.55 00.37 00.39 00.44 00.64 00.41 00.93 01.19 01.09 01.27 01.39 01.59 01.61 01.74 02.16 33.24 42.27 34.00 24.97 21.41 23.04 24.63 26.05 27.37 18.96 14.18 13.38 12.20 11.25 11.82 10.98 10.04 08.11 07.95 08.30 06.17 00.76 00.62 00.32 00.42 00.57 00.55 -1.00 -1.00 -1.00 -1.00 -1.00 -1.00 -1.00 -1.00 -1.00 -1.00 -1.00 -1.00
09.20 01.07 07.70 08.74 09.57 11.42 14.05 17.98 19.41 15.17 13.53 17.08 18.29 16.91 15.14 09.82 02.63 00.44 00.78 00.95 01.17 01.29 01.00 00.69 00.34 00.26 00.20 00.26 00.55 00.55 00.93 00.85 01.02 01.16 01.64 01.96 02.11 02.32 35.21 45.50 36.74 25.67 19.92 21.38 23.27 24.90 26.47 22.44 16.06 12.51 12.00 11.70 11.55 10.08 08.65 07.23 07.12 08.61 05.77 00.66 00.47 00.33 00.47 00.58 00.63 00.49 -1.00 -1.00 -1.00 -1.00 -1.00 -1.00 -1.00 -1.00 -1.00 -1.00 -1.00
04.63 03.17 07.25 08.11 08.54 11.10 13.53 17.36 17.02 13.54 11.02 15.87 16.40 15.76 12.59 08.63 00.37 00.45 00.80 01.02 01.12 00.93 00.93 00.87 00.25 00.23 00.37 00.36 00.30 00.28 00.63 00.64 00.88 00.93 02.26 02.40 02.68 02.62 02.05 37.26 34.43 25.68 19.39 20.49 21.25 21.22 22.32 19.30 15.79 12.87 12.43 12.22 11.83 09.82 07.94 06.34 06.47 07.69 02.61 00.60 00.52 00.37 00.49 00.58 00.63 00.86 00.72 -1.00 -1.00 -1.00 -1.00 -1.00 -1.00 -1.00 -1.00 -1.00 -1.00
05.15 05.51 06.18 07.71 08.64 10.96 12.47 16.99 13.57 11.50 10.26 19.25 17.15 16.01 10.22 07.29 00.41 00.60 00.79 00.91 00.71 00.83 01.01 01.03 00.26 00.30 00.35 00.42 00.44 00.32 00.35 00.54 00.86 01.65 02.50 03.64 01.69 04.38 04.55 18.03 33.35 22.90 15.00 18.09 18.63 16.74 15.36 15.22 15.23 14.64 13.50 14.03 12.53 09.50 07.51 05.50 05.77 06.66 00.56 00.68 00.57 00.38 00.51 00.58 00.66 01.01 00.87 00.72 -1.00 -1.00 -1.00 -1.00 -1.00 -1.00 -1.00 -1.00 -1.00
02.51 04.89 05.36 07.52 09.73 10.54 11.11 13.35 10.90 09.74 11.76 22.97 19.14 17.11 08.19 02.59 00.64 00.52 00.73 00.74 00.62 00.86 00.98 00.96 00.51 00.28 00.31 10.62 12.15 11.62 01.25 01.93 03.30 04.50 05.78 07.80 13.08 13.83 10.70 07.01 20.99 28.45 20.65 16.24 14.62 13.96 13.69 14.09 14.52 15.17 15.21 14.50 14.63 14.97 08.95 04.56 04.98 06.15 00.63 00.74 00.55 00.40 00.52 00.57 01.47 01.25 01.10 00.94 -1.00 -1.00 -1.00 -1.00 -1.00 -1.00 -1.00 -1.00 -1.00
05.84 04.06 04.86 07.24 09.33 09.42 09.51 10.39 09.27 08.82 13.70 21.71 19.28 15.29 03.18 00.41 00.66 00.73 00.71 00.52 00.57 00.79 00.60 00.68 00.37 00.12 00.30 08.36 05.29 19.89 16.65 02.28 07.98 15.80 13.96 15.26 15.77 15.63 11.44 08.28 10.09 28.36 25.93 14.07 10.87 12.60 13.89 14.92 15.23 15.29 15.86 16.52 16.58 16.44 11.36 04.49 04.65 05.99 00.70 00.77 00.53 00.39 00.49 00.53 01.52 01.31 01.15 01.10 01.06 -1.00 -1.00 -1.00 -1.00 -1.00 -1.00 -1.00 -1.00
