data/trial9/ashley.fml
NCOLS 382
NROWS 266
XLLCORNER 157819.328125
YLLCORNER 384678.625000
CELLSIZE 30.000000
NODATA_VALUE -1
[rows 34 to 67 of 266, columns 231 to 307 of 382]
01.47 01.52 01.65 01.61 01.59 01.65 01.85 02.08 01.34 01.57 01.73 01.83 01.77 01.82 01.51 01.60 01.65 01.77 01.79 01.74 02.17 02.07 02.40 02.74 03.15 03.33 03.81 03.95 04.20 04.56 05.39 05.39 05.40 05.52 05.63 05.62 05.68 05.80 04.62 03.87 03.36 05.96 06.70 06.63 06.52 00.72 00.63 00.51 00.21 00.45 00.48 -1.00 -1.00 -1.00 -1.00 -1.00 00.55 00.61 02.77 02.81 02.80 02.82 02.58 02.31 02.21 02.27 02.66 02.53 02.75 02.69 02.81 02.93 02.96 03.12 02.63 02.56 02.54
01.45 01.30 01.63 01.73 01.78 02.25 02.82 03.23 01.65 01.73 01.82 01.84 01.83 01.78 01.65 01.46 01.51 01.62 01.75 01.95 02.10 02.12 02.09 02.53 03.08 03.66 03.96 03.90 04.07 04.50 05.28 05.27 05.28 05.43 05.58 05.65 05.70 05.23 04.11 03.59 03.82 10.68 11.02 10.76 05.15 00.75 00.66 00.60 00.42 00.45 00.49 -1.00 -1.00 -1.00 -1.00 -1.00 -1.00 00.58 02.18 02.73 02.87 03.07 03.04 02.82 02.52 02.15 02.16 02.12 02.43 02.70 02.80 02.84 02.83 02.85 02.82 -1.00 -1.00
01.55 01.60 01.61 01.67 01.91 02.42 03.06 03.04 01.94 01.95 01.95 01.94 01.97 01.99 01.91 01.59 01.32 01.51 01.56 01.80 02.08 02.11 01.94 02.31 03.29 03.91 03.78 03.66 03.91 04.44 05.19 05.19 05.17 05.32 05.42 05.47 05.41 04.24 03.84 03.52 05.39 06.51 06.87 10.82 05.82 00.79 00.70 00.62 00.46 00.48 00.49 00.43 -1.00 -1.00 -1.00 -1.00 -1.00 -1.00 00.56 02.81 03.04 03.08 03.35 02.99 02.68 02.29 01.90 02.19 02.60 02.64 02.62 02.63 02.64 03.39 -1.00 -1.00 -1.00
01.38 01.81 01.92 01.95 02.24 02.62 02.82 02.95 02.66 02.51 02.17 02.19 02.23 02.22 02.27 01.51 01.59 00.31 01.52 01.99 01.90 02.48 02.73 02.52 03.38 04.23 03.58 03.55 03.90 04.42 04.96 05.05 05.10 05.28 05.44 05.59 04.21 04.14 03.70 06.22 05.79 06.10 06.25 06.69 06.41 00.80 00.69 00.63 00.46 00.51 00.49 00.50 00.49 00.50 00.50 00.48 -1.00 -1.00 -1.00 01.52 02.85 03.22 03.21 03.25 02.58 02.18 01.99 02.10 02.82 03.02 03.23 03.65 03.85 03.68 03.64 -1.00 -1.00
01.18 01.78 02.02 02.12 02.30 02.45 02.71 02.88 02.94 02.97 02.53 02.38 02.20 01.40 00.59 00.50 00.43 00.34 00.77 01.87 01.91 02.58 02.92 02.84 03.20 04.41 03.34 03.48 03.81 04.17 04.63 04.84 05.00 05.18 05.38 05.09 03.52 03.87 05.61 05.95 05.80 06.15 06.16 05.99 05.39 00.79 00.73 00.62 00.48 00.50 00.50 00.52 00.96 00.77 00.57 00.52 00.56 00.59 00.97 02.23 02.80 02.85 03.03 02.94 02.52 02.30 01.64 02.10 02.78 03.11 03.13 03.54 03.74 03.72 02.49 -1.00 -1.00
-1.00 01.60 02.02 02.15 02.20 02.41 02.62 02.80 02.97 03.08 03.11 02.40 02.58 02.46 02.00 00.63 -1.00 00.32 00.30 01.76 01.93 02.67 02.79 02.72 03.39 04.36 03.15 03.30 03.59 03.91 04.36 04.59 04.81 04.98 05.25 04.61 04.08 04.85 05.74 05.62 05.49 05.67 05.22 03.34 02.95 00.84 00.78 00.70 00.53 00.47 00.52 01.03 01.49 01.83 02.88 00.51 00.58 00.59 00.58 01.58 02.51 02.69 02.76 02.81 02.63 02.33 01.82 02.00 03.12 03.20 03.19 03.39 03.58 03.71 -1.00 -1.00 -1.00
-1.00 -1.00 01.93 01.98 02.19 02.36 02.48 02.67 02.85 03.00 03.15 03.00 02.86 01.96 00.99 00.61 -1.00 00.37 00.16 01.87 02.14 02.54 02.62 02.61 03.07 03.79 03.01 03.06 03.35 03.77 04.26 04.34 04.52 04.82 05.27 04.46 04.25 05.42 05.75 05.56 05.21 05.16 05.64 06.09 00.91 00.90 00.82 00.82 00.55 00.20 00.48 01.65 02.11 02.45 02.69 02.60 02.50 01.22 02.31 01.50 02.46 02.30 02.70 02.87 02.76 02.67 02.02 01.87 03.05 03.07 03.19 03.26 03.39 03.63 03.84 03.17 04.05
-1.00 -1.00 -1.00 -1.00 02.07 02.11 02.23 02.42 02.62 02.68 02.77 02.93 03.05 02.85 00.55 -1.00 -1.00 00.37 00.35 02.12 02.20 02.05 02.34 02.32 02.71 02.84 03.38 03.35 03.15 03.72 04.52 04.49 04.22 04.57 05.27 04.80 05.87 05.77 05.90 05.72 05.49 03.39 04.83 05.89 00.97 00.95 00.87 00.88 00.64 00.50 00.47 01.87 02.15 02.66 02.63 02.83 02.43 02.31 02.15 02.26 02.23 02.17 02.14 02.19 02.80 02.33 02.20 02.75 02.89 03.09 03.17 03.15 03.14 03.71 04.22 04.30 04.28
-1.00 -1.00 -1.00 -1.00 -1.00 -1.00 02.18 02.30 02.33 02.44 02.46 02.34 01.69 01.08 -1.00 -1.00 -1.00 00.37 00.40 02.18 02.31 02.22 02.09 02.44 02.57 02.88 02.74 03.32 03.63 04.16 04.61 04.52 04.16 04.54 05.27 05.91 06.17 06.21 06.32 06.26 06.08 05.92 05.76 03.23 01.02 01.01 00.91 00.90 00.80 00.59 00.29 01.21 02.15 02.34 02.97 02.71 02.48 02.18 02.15 02.14 02.12 02.08 02.11 02.15 00.67 00.78 02.51 02.38 02.54 02.90 02.88 02.94 03.14 03.40 03.76 03.77 03.44
-1.00 -1.00 -1.00 -1.00 -1.00 -1.00 -1.00 -1.00 -1.00 02.37 02.49 02.58 02.67 -1.00 -1.00 -1.00 -1.00 00.37 00.96 02.38 02.43 02.47 02.32 02.18 02.54 02.90 02.98 02.86 03.72 04.44 04.57 04.55 04.09 04.73 05.21 06.13 06.09 06.05 06.04 06.10 06.05 05.77 04.96 02.72 01.00 01.07 01.02 00.88 00.85 00.59 00.38 00.47 02.34 02.78 02.47 01.91 01.95 02.31 02.10 02.03 01.94 01.93 01.67 -1.00 01.00 00.99 01.21 01.99 02.38 02.58 02.79 02.79 02.85 03.19 03.19 03.20 -1.00
-1.00 -1.00 -1.00 -1.00 -1.00 -1.00 -1.00 -1.00 -1.00 -1.00 -1.00 -1.00 -1.00 -1.00 -1.00 -1.00 -1.00 00.37 00.41 02.41 02.25 02.51 02.33 02.13 02.45 02.36 02.74 02.73 03.58 04.46 04.52 04.33 04.67 04.73 05.53 05.87 05.98 05.91 05.84 05.82 05.64 05.28 05.19 05.22 00.94 01.05 01.04 00.91 00.85 00.61 00.47 01.30 02.59 02.18 02.42 02.34 02.24 01.97 02.12 02.00 01.71 01.37 01.30 -1.00 -1.00 00.96 01.53 02.10 02.35 02.83 02.78 02.59 -1.00 -1.00 -1.00 -1.00 -1.00
-1.00 -1.00 -1.00 -1.00 -1.00 -1.00 -1.00 -1.00 -1.00 -1.00 -1.00 -1.00 -1.00 -1.00 -1.00 -1.00 -1.00 00.36 02.02 02.43 02.18 01.40 02.37 01.98 01.86 02.22 02.43 02.59 03.32 04.23 03.86 03.41 04.20 04.73 05.50 05.69 05.77 05.62 05.54 05.51 05.32 04.99 04.68 03.57 02.32 00.93 01.02 00.94 00.85 00.69 00.55 01.25 02.29 02.37 02.47 02.52 02.81 02.39 01.78 01.98 01.12 01.26 -1.00 -1.00 -1.00 00.69 01.66 02.05 02.62 02.91 -1.00 -1.00 -1.00 -1.00 -1.00 -1.00 -1.00
-1.00 -1.00 -1.00 -1.00 -1.00 -1.00 -1.00 -1.00 -1.00 -1.00 -1.00 -1.00 -1.00 -1.00 -1.00 -1.00 -1.00 00.34 00.60 03.29 02.59 02.71 00.94 00.49 00.39 00.97 00.89 02.38 02.56 01.96 01.62 02.69 03.75 04.06 04.51 05.62 05.71 05.42 05.14 05.01 04.71 04.41 04.40 04.60 04.76 00.86 00.98 00.92 00.87 00.76 00.61 00.66 00.57 01.84 03.19 03.10 03.02 02.96 01.98 01.51 01.22 00.39 -1.00 -1.00 -1.00 00.69 01.55 02.17 02.71 03.09 -1.00 -1.00 -1.00 -1.00 -1.00 -1.00 -1.00
-1.00 -1.00 -1.00 -1.00 -1.00 -1.00 -1.00 -1.00 -1.00 -1.00 -1.00 -1.00 -1.00 -1.00 -1.00 -1.00 -1.00 00.33 01.38 02.92 02.66 00.98 00.68 00.31 00.38 00.49 00.42 00.44 01.72 02.26 03.30 03.51 03.12 03.57 04.49 05.20 05.61 05.61 04.95 04.35 03.99 03.67 03.71 03.76 03.43 02.91 00.96 00.91 00.80 00.84 00.77 00.78 00.68 01.03 03.27 02.99 02.67 02.56 02.34 01.73 01.85 00.37 -1.00 -1.00 -1.00 -1.00 01.78 02.20 02.67 -1.00 -1.00 -1.00 -1.00 -1.00 -1.00 -1.00 -1.00
-1.00 -1.00 -1.00 -1.00 -1.00 -1.00 -1.00 -1.00 -1.00 -1.00 -1.00 -1.00 -1.00 -1.00 -1.00 -1.00 00.41 00.41 01.66 02.88 02.62 02.52 02.69 02.16 01.26 00.45 00.64 01.27 00.47 00.72 00.78 02.39 02.96 03.68 04.31 04.65 05.03 04.97 04.17 03.67 03.72 03.79 03.96 04.22 03.00 01.50 00.85 00.93 00.88 00.78 00.80 00.85 00.82 00.69 02.91 02.73 02.74 02.65 02.29 01.93 01.35 00.39 -1.00 -1.00 -1.00 -1.00 01.82 02.33 02.61 -1.00 -1.00 -1.00 -1.00 -1.00 -1.00 -1.00 -1.00
-1.00 -1.00 -1.00 -1.00 -1.00 -1.00 -1.00 -1.00 -1.00 -1.00 -1.00 -1.00 -1.00 -1.00 -1.00 00.42 00.39 01.53 01.48 01.55 02.54 03.04 03.22 03.09 02.76 02.02 02.57 00.71 00.77 00.76 00.88 02.43 02.90 03.18 03.48 03.79 04.40 04.59 04.05 03.99 04.05 04.15 04.42 04.68 04.67 04.67 00.69 00.98 00.95 00.90 00.92 00.94 00.81 00.77 00.88 02.67 02.84 02.89 02.40 01.85 00.92 00.39 -1.00 -1.00 -1.00 -1.00 00.92 -1.00 -1.00 -1.00 -1.00 -1.00 -1.00 -1.00 -1.00 -1.00 -1.00
-1.00 -1.00 -1.00 -1.00 -1.00 -1.00 -1.00 -1.00 -1.00 -1.00 -1.00 -1.00 -1.00 -1.00 00.36 00.41 01.68 01.65 02.23 01.88 02.47 03.12 03.32 03.44 03.42 03.15 03.25 00.77 00.84 00.81 00.91 01.37 02.51 02.92 03.28 03.54 03.89 04.16 04.12 04.13 04.31 04.45 04.67 04.82 04.82 04.82 04.52 00.87 01.00 00.98 01.00 00.98 00.97 00.86 00.77 03.12 01.80 02.45 02.47 01.81 00.35 00.39 -1.00 -1.00 -1.00 -1.00 -1.00 -1.00 -1.00 -1.00 -1.00 -1.00 -1.00 -1.00 -1.00 -1.00 -1.00
-1.00 -1.00 -1.00 -1.00 -1.00 -1.00 -1.00 -1.00 -1.00 -1.00 -1.00 -1.00 00.44 00.44 00.42 00.97 01.60 03.18 02.92 03.48 01.07 02.42 02.98 02.86 02.70 01.85 01.50 00.72 00.80 00.82 00.93 01.56 02.79 03.14 03.52 02.73 03.82 04.11 04.41 04.29 04.77 04.82 04.88 04.92 04.92 04.92 04.57 02.12 00.90 00.92 00.92 01.03 01.05 01.02 00.96 01.14 01.92 02.57 02.47 01.85 00.35 00.39 -1.00 -1.00 -1.00 -1.00 -1.00 -1.00 -1.00 -1.00 -1.00 -1.00 -1.00 -1.00 -1.00 -1.00 -1.00
-1.00 -1.00 -1.00 -1.00 -1.00 -1.00 -1.00 -1.00 -1.00 -1.00 -1.00 00.46 00.44 00.38 00.40 01.22 02.57 03.46 03.34 03.18 02.12 00.98 02.36 02.93 03.18 02.72 00.68 00.72 00.78 00.78 00.89 01.76 03.59 04.20 03.99 04.06 04.33 04.56 04.78 05.04 05.25 05.45 05.59 05.68 05.74 05.75 05.40 05.02 04.56 03.27 04.46 00.87 00.98 01.08 01.02 01.78 02.49 03.10 02.29 01.41 00.35 00.38 -1.00 -1.00 -1.00 -1.00 -1.00 -1.00 -1.00 -1.00 -1.00 -1.00 -1.00 -1.00 -1.00 -1.00 -1.00
-1.00 -1.00 -1.00 -1.00 -1.00 -1.00 -1.00 -1.00 -1.00 -1.00 00.42 00.44 00.37 00.48 02.52 00.32 01.89 03.01 02.77 02.92 02.40 01.77 01.91 02.36 02.77 01.84 00.73 00.72 00.66 00.69 00.72 00.78 05.48 05.23 04.85 04.67 04.65 04.66 04.64 04.84 05.01 05.15 05.31 05.32 05.28 05.26 05.33 05.40 04.61 03.34 04.29 04.33 00.88 00.97 01.07 00.96 02.88 02.51 01.31 00.32 00.39 -1.00 -1.00 -1.00 -1.00 -1.00 -1.00 -1.00 -1.00 -1.00 -1.00 -1.00 -1.00 -1.00 -1.00 -1.00 -1.00
-1.00 -1.00 -1.00 -1.00 02.33 -1.00 -1.00 -1.00 -1.00 00.39 00.42 00.35 00.99 02.62 03.18 02.72 02.39 00.68 02.49 02.74 01.85 01.77 01.68 01.84 02.96 02.85 00.75 00.76 00.70 00.67 00.70 00.68 00.69 00.71 02.94 02.92 04.87 04.40 04.53 04.72 04.91 04.94 05.01 05.05 05.09 05.14 05.21 05.28 05.01 04.02 04.50 04.46 04.75 00.86 00.90 00.85 00.80 01.67 00.34 00.34 00.45 -1.00 -1.00 -1.00 -1.00 -1.00 -1.00 -1.00 -1.00 -1.00 -1.00 -1.00 -1.00 -1.00 -1.00 -1.00 -1.00
-1.00 -1.00 02.00 00.68 00.52 01.18 -1.00 -1.00 00.43 00.39 00.34 00.59 02.72 03.14 03.33 03.02 02.64 02.04 01.69 02.33 01.17 01.13 01.57 02.03 00.62 01.50 01.47 00.74 00.73 00.72 00.72 00.75 00.86 00.75 00.79 00.85 04.20 02.99 04.47 04.81 04.83 04.89 04.94 05.00 05.07 05.12 05.17 05.22 04.77 04.45 04.69 04.74 04.87 05.03 04.72 04.67 03.43 00.70 00.54 00.31 00.39 00.42 -1.00 -1.00 -1.00 -1.00 -1.00 -1.00 -1.00 -1.00 -1.00 -1.00 -1.00 -1.00 -1.00 -1.00 -1.00
-1.00 01.84 01.37 02.04 02.31 00.42 00.42 00.41 00.35 00.26 02.11 02.53 02.83 03.28 03.46 03.22 02.83 02.22 01.46 02.02 00.73 00.49 00.39 01.58 02.30 02.58 00.41 00.69 00.66 00.67 00.87 00.86 00.93 00.88 00.80 00.94 02.18 03.09 05.12 04.79 05.02 04.92 04.93 04.98 05.04 05.10 05.16 05.03 04.58 04.51 04.61 04.79 04.82 04.80 04.48 04.22 03.80 00.75 00.52 00.43 00.36 00.40 -1.00 -1.00 -1.00 -1.00 -1.00 -1.00 -1.00 -1.00 -1.00 -1.00 -1.00 -1.00 -1.00 -1.00 -1.00
01.92 01.91 01.85 01.86 01.36 01.23 00.54 00.32 02.15 02.10 02.56 03.72 03.92 04.17 04.03 03.39 02.94 02.38 01.72 00.45 00.52 00.66 00.40 01.69 02.07 02.63 02.81 00.52 00.79 00.82 00.92 00.92 00.96 00.94 00.86 00.95 01.03 04.80 04.56 04.53 05.06 05.11 05.11 05.05 04.99 05.01 05.07 05.03 04.37 04.46 04.50 04.68 04.79 04.53 04.26 03.95 03.50 00.66 00.70 00.57 00.42 00.36 00.40 -1.00 -1.00 -1.00 -1.00 -1.00 -1.00 -1.00 -1.00 -1.00 -1.00 -1.00 -1.00 -1.00 -1.00
01.94 02.01 01.77 01.68 01.59 01.41 02.04 02.03 02.67 03.35 03.74 04.47 04.37 04.28 03.95 03.49 02.95 02.46 00.81 00.47 00.57 00.76 00.71 01.41 01.89 01.39 00.63 00.58 00.80 00.85 00.90 00.88 00.92 00.90 00.85 01.02 01.10 02.71 03.10 03.58 04.96 05.11 05.17 05.08 04.98 04.92 04.88 04.79 04.40 04.33 04.33 04.49 04.44 04.61 04.77 03.84 03.24 00.66 00.77 00.60 00.52 00.31 00.38 00.37 -1.00 -1.00 -1.00 -1.00 -1.00 -1.00 -1.00 -1.00 -1.00 -1.00 -1.00 -1.00 -1.00
01.82 01.72 01.65 01.43 01.36 02.05 02.18 03.09 03.97 03.94 04.11 04.53 04.45 04.16 03.81 03.35 02.88 02.34 00.39 00.49 00.64 00.81 00.84 00.78 01.20 01.21 00.62 00.45 00.77 00.82 00.88 00.86 00.89 00.81 00.78 00.97 01.03 01.02 01.70 03.42 04.74 04.93 05.05 05.05 05.05 04.95 04.81 04.65 04.41 04.19 04.13 04.20 04.10 04.34 04.40 03.99 03.05 03.10 00.82 00.68 00.60 00.40 00.42 00.40 -1.00 -1.00 -1.00 -1.00 -1.00 -1.00 -1.00 -1.00 -1.00 -1.00 -1.00 -1.00 -1.00
01.64 01.61 01.29 01.34 01.46 03.08 03.09 03.98 04.16 04.21 04.14 04.39 04.39 04.19 03.91 03.32 02.82 01.71 00.30 00.53 00.71 00.80 00.78 00.61 00.45 00.51 00.59 00.72 00.73 00.78 00.86 00.87 00.83 00.81 00.76 00.90 00.97 02.88 03.66 03.94 04.52 04.75 04.89 04.92 04.96 04.97 04.94 04.49 04.38 04.12 03.93 03.84 04.01 04.22 03.99 03.73 02.89 03.04 00.70 00.75 00.60 00.44 00.41 00.49 00.41 -1.00 -1.00 -1.00 -1.00 -1.00 -1.00 -1.00 -1.00 -1.00 -1.00 -1.00 -1.00
01.44 01.19 00.79 02.20 02.55 03.23 03.61 04.09 04.17 04.19 03.93 04.22 04.28 04.16 03.98 03.26 02.63 00.63 00.47 00.59 00.74 00.80 00.76 00.59 -1.00 00.46 00.60 00.66 00.59 00.78 00.81 00.86 00.81 00.86 00.87 00.89 00.97 00.94 02.48 03.73 04.23 04.59 04.82 04.84 04.85 04.94 05.04 04.52 04.06 03.95 03.77 03.61 03.78 03.82 03.64 03.35 02.92 02.99 02.69 00.71 00.56 00.45 00.46 00.58 00.52 -1.00 -1.00 -1.00 -1.00 -1.00 -1.00 -1.00 -1.00 -1.00 -1.00 -1.00 -1.00
01.77 01.08 01.95 02.47 02.77 03.09 03.59 03.97 04.11 03.80 03.81 04.06 04.20 04.14 03.95 03.11 02.31 00.43 00.56 00.66 00.77 00.82 00.81 00.55 00.46 00.47 00.49 00.58 00.39 00.67 00.76 00.74 00.80 00.85 00.91 00.91 00.94 01.03 02.76 03.48 03.88 04.33 04.70 04.81 04.91 05.06 05.19 04.38 03.84 03.72 03.55 03.49 03.58 03.47 03.33 03.06 03.01 03.07 02.67 00.67 00.59 00.41 00.48 00.58 00.57 -1.00 -1.00 -1.00 -1.00 -1.00 -1.00 -1.00 -1.00 -1.00 -1.00 -1.00 -1.00
02.48 00.49 02.36 02.69 02.78 03.03 03.50 03.91 04.17 03.74 03.60 04.04 04.20 04.02 03.78 03.00 01.50 00.47 00.62 00.69 00.77 00.83 00.74 00.62 00.45 00.38 00.32 00.36 00.54 00.53 00.68 00.66 00.73 00.78 00.91 00.99 01.02 01.06 02.84 03.54 03.59 04.23 04.55 04.64 04.77 04.94 05.10 04.69 04.00 03.55 03.48 03.48 03.53 03.32 03.09 02.86 02.85 03.12 02.60 00.62 00.51 00.42 00.51 00.58 00.61 00.52 -1.00 -1.00 -1.00 -1.00 -1.00 -1.00 -1.00 -1.00 -1.00 -1.00 -1.00
01.60 01.37 02.36 02.61 02.72 03.09 03.52 03.94 03.97 03.60 03.33 03.98 04.02 03.92 03.49 02.87 00.45 00.45 00.62 00.71 00.76 00.71 00.70 00.68 00.37 00.34 00.44 00.45 00.41 00.39 00.57 00.58 00.69 00.70 01.06 01.08 01.14 01.12 01.00 02.90 03.69 04.20 04.49 04.54 04.56 04.57 04.69 04.34 03.90 03.49 03.50 03.49 03.45 03.21 02.95 02.69 02.72 02.96 01.75 00.59 00.53 00.44 00.51 00.58 00.61 00.68 00.62 -1.00 -1.00 -1.00 -1.00 -1.00 -1.00 -1.00 -1.00 -1.00 -1.00
01.67 01.91 02.17 02.56 02.78 03.13 03.39 03.95 03.59 03.37 03.25 04.37 04.12 03.96 03.18 02.69 00.46 00.53 00.62 00.68 00.61 00.65 00.71 00.72 00.38 00.41 00.45 00.50 00.51 00.44 00.45 00.55 00.68 01.89 02.56 03.20 00.92 02.78 02.77 02.51 02.99 03.50 04.00 04.32 04.32 04.07 03.88 03.80 03.74 03.65 03.53 03.60 03.48 03.14 02.86 02.51 02.58 02.77 00.58 00.63 00.56 00.45 00.52 00.57 00.62 00.75 00.69 00.62 -1.00 -1.00 -1.00 -1.00 -1.00 -1.00 -1.00 -1.00 -1.00
01.34 01.80 02.02 02.54 02.94 03.10 03.22 03.55 03.27 03.15 03.47 04.73 04.34 04.09 02.89 01.60 00.57 00.46 00.60 00.62 00.56 00.65 00.69 00.69 00.51 00.40 00.43 03.44 03.66 03.60 01.96 02.42 03.07 03.52 03.94 04.38 05.63 05.79 05.17 04.25 03.18 02.89 03.29 03.71 03.91 03.74 03.61 03.58 03.55 03.64 03.65 03.57 03.65 03.77 03.08 02.30 02.41 02.67 00.61 00.66 00.55 00.46 00.52 00.57 00.90 00.83 00.78 00.71 -1.00 -1.00 -1.00 -1.00 -1.00 -1.00 -1.00 -1.00 -1.00
02.06 01.59 01.92 02.50 02.88 02.94 03.00 03.17 03.07 03.03 03.73 04.61 04.36 03.89 01.82 00.47 00.57 00.59 00.60 00.52 00.52 00.61 00.50 00.58 00.41 00.24 00.42 03.07 02.45 04.63 04.26 02.08 03.95 06.27 05.92 06.17 06.26 06.24 05.41 04.66 03.61 02.99 02.95 03.19 03.35 03.49 03.56 03.60 03.61 03.62 03.67 03.74 03.78 03.82 03.39 02.28 02.33 02.63 00.64 00.67 00.54 00.45 00.51 00.55 00.90 00.85 00.80 00.78 00.75 -1.00 -1.00 -1.00 -1.00 -1.00 -1.00 -1.00 -1.00
