data/trial9/ashley.fml
NCOLS 382
NROWS 266
XLLCORNER 157819.328125
YLLCORNER 384678.625000
CELLSIZE 30.000000
NODATA_VALUE -1
[rows 68 to 101 of 266, columns 231 to 307 of 382]
02.01 01.52 01.79 02.46 02.85 02.78 02.87 02.85 02.99 02.99 03.84 04.60 04.38 03.65 01.21 00.59 00.71 00.67 00.48 00.55 00.59 00.60 00.61 00.52 00.56 00.47 00.34 01.45 05.27 05.12 05.03 04.70 01.78 05.11 06.84 06.38 06.35 06.15 05.77 04.89 03.86 03.41 02.84 03.04 03.31 03.49 03.52 03.56 03.57 03.59 03.59 04.24 04.73 03.96 03.13 02.28 02.33 02.59 00.62 00.68 00.53 00.43 00.50 00.81 00.84 00.82 00.80 00.80 00.74 00.82 00.81 01.41 01.79 01.92 02.06 02.22 02.48
02.07 01.48 01.83 02.38 02.94 02.79 02.80 02.75 02.89 03.04 03.93 05.00 04.52 03.44 00.45 00.68 00.75 00.44 00.53 00.64 00.63 00.59 00.57 00.56 00.59 00.61 00.50 00.56 05.67 06.07 05.33 05.06 04.03 01.77 05.96 05.65 05.78 05.80 05.53 04.82 04.13 03.72 03.19 02.77 03.03 03.19 03.43 03.54 03.55 04.35 04.84 04.60 04.20 04.26 02.80 02.32 02.33 02.49 00.59 00.65 00.51 00.44 00.76 00.82 00.83 00.79 00.76 00.81 00.67 01.16 01.49 01.70 01.86 02.02 02.16 02.31 02.45
01.89 01.47 01.86 02.31 02.94 02.95 02.69 02.71 02.73 02.99 03.86 04.52 04.51 02.55 00.56 00.77 00.75 00.50 00.56 00.64 00.66 00.67 00.60 00.65 00.66 00.67 00.52 05.83 05.89 06.17 05.50 04.65 04.50 02.77 04.83 05.82 06.11 06.01 05.32 04.85 04.18 03.77 03.17 03.00 02.75 03.03 03.15 03.40 03.83 04.57 05.14 05.35 04.13 04.35 02.66 02.36 02.33 02.41 00.61 00.62 00.55 00.51 00.66 00.71 00.71 00.74 00.64 00.69 00.62 01.14 01.65 01.96 02.02 02.15 02.25 02.32 02.40
01.80 01.55 01.74 02.31 02.76 02.92 02.72 02.58 02.55 02.87 03.66 04.57 04.43 01.03 00.65 00.77 00.47 00.52 00.58 00.69 00.71 00.69 00.64 00.57 00.60 00.53 02.57 05.70 05.91 05.87 05.30 04.15 04.06 03.54 02.06 05.43 05.74 06.20 05.35 04.49 04.12 03.87 03.37 02.63 02.16 02.29 03.75 04.11 04.22 04.73 05.36 04.95 04.37 04.12 02.52 02.35 02.36 02.32 00.59 00.57 00.64 00.67 00.63 00.63 00.88 01.22 00.59 01.05 01.45 01.87 01.99 02.09 02.19 02.29 02.27 02.33 02.57
02.34 01.41 01.70 02.03 02.62 02.73 02.74 02.39 02.46 02.77 03.29 04.16 03.81 00.61 00.72 00.77 00.51 00.55 00.68 00.66 00.64 00.59 01.70 02.69 02.91 02.57 04.21 04.45 05.43 05.55 05.04 03.84 03.72 03.55 03.40 03.09 06.72 06.13 05.53 04.54 04.22 04.12 03.82 03.19 02.46 02.14 02.54 03.52 04.34 04.69 04.94 04.59 04.40 03.86 02.73 02.28 02.28 02.39 00.55 00.49 00.68 00.78 01.49 00.74 01.18 01.66 01.50 01.33 01.75 02.02 02.15 02.22 02.32 02.41 02.48 02.68 03.02
02.39 02.11 01.59 01.60 02.45 02.60 02.69 02.46 02.42 02.64 03.18 03.90 02.46 01.51 00.64 00.54 00.54 01.71 02.73 01.32 02.22 01.10 02.36 02.74 04.05 04.20 04.07 04.55 04.82 04.97 04.78 03.50 03.37 03.86 04.68 05.49 02.38 05.14 04.30 04.36 04.32 04.24 03.96 03.45 02.76 02.16 02.42 02.84 03.32 04.02 04.46 04.42 04.28 03.68 03.10 02.25 01.98 02.43 00.73 00.85 01.29 00.82 01.67 02.71 02.63 01.81 02.06 02.12 01.81 01.30 02.12 02.47 02.53 02.65 02.74 02.06 02.66
02.27 01.08 01.44 01.63 02.09 02.54 02.45 02.51 02.39 02.45 02.77 03.72 02.42 00.66 00.57 02.02 00.91 01.97 02.50 01.74 02.44 02.76 02.75 02.84 04.05 04.44 04.38 04.42 04.39 04.54 04.46 03.60 02.99 03.64 04.80 05.49 04.54 04.10 03.43 04.47 04.45 04.47 04.26 03.22 02.93 02.02 01.63 02.27 03.08 03.15 03.94 03.91 03.86 03.44 02.59 02.21 02.05 00.46 01.76 02.92 00.76 01.53 02.28 02.23 02.39 02.50 02.30 02.30 02.23 01.96 01.27 02.50 02.82 02.74 02.89 01.23 01.82
01.98 01.92 01.27 01.58 01.71 02.27 02.42 02.30 02.31 02.32 02.80 03.04 02.61 01.00 01.63 02.20 01.46 02.32 02.39 02.36 02.48 02.73 02.68 03.08 04.09 04.60 04.56 04.41 04.47 04.42 04.21 03.76 02.85 03.36 04.80 05.00 04.16 04.79 04.59 02.29 04.28 04.43 04.32 03.63 02.68 02.34 02.08 00.78 02.65 02.72 03.38 03.38 03.68 02.91 02.29 01.97 02.19 01.45 02.29 03.02 01.48 02.38 02.45 02.78 02.69 02.71 02.66 02.46 02.38 02.26 02.12 01.73 02.87 03.04 01.84 00.68 00.83
02.07 02.04 01.46 01.19 01.66 01.99 02.10 02.21 02.19 02.31 02.43 02.73 02.65 02.04 02.43 02.36 02.37 02.31 02.31 02.43 02.74 03.07 02.92 03.32 03.38 04.21 04.48 04.49 04.35 04.34 04.15 03.67 02.78 02.66 04.72 04.87 03.90 03.92 05.14 05.05 03.67 04.40 04.35 03.95 03.15 02.22 01.88 01.25 02.06 02.61 02.84 03.28 03.22 02.69 02.00 02.10 02.18 02.34 03.30 03.47 02.86 03.01 03.21 02.97 03.01 02.71 02.60 02.51 02.50 02.44 02.42 00.68 02.01 02.44 00.67 00.76 01.44
02.09 01.94 01.55 01.08 01.61 01.91 02.02 01.97 02.06 02.14 02.23 02.40 02.18 02.15 02.31 02.24 02.30 02.30 02.30 02.34 02.54 03.22 03.17 03.12 03.24 03.77 04.04 03.93 04.11 04.28 03.90 03.81 02.90 02.82 04.51 04.18 03.81 03.48 03.86 04.89 05.49 04.30 04.42 04.02 03.31 02.03 03.11 01.35 01.96 02.54 03.02 03.13 02.91 02.25 02.16 01.73 01.92 03.00 03.41 03.83 03.50 03.28 03.47 03.31 02.98 02.59 02.49 02.54 02.61 02.62 02.80 02.50 00.80 00.65 00.72 00.77 03.11
02.31 02.13 01.87 01.07 01.21 01.85 01.90 01.77 01.86 02.03 02.01 02.03 02.07 02.09 02.19 02.24 02.23 02.23 02.31 02.43 02.51 03.21 03.34 03.25 03.23 03.24 03.70 03.82 03.70 03.70 03.67 03.66 02.89 02.76 04.30 04.09 03.71 03.22 03.21 03.82 04.74 04.53 04.23 04.02 03.09 03.47 01.50 01.41 02.24 03.04 03.08 03.04 02.79 02.37 02.15 01.83 02.88 03.82 03.82 03.87 03.70 03.55 03.64 03.39 03.06 02.55 02.42 02.58 02.73 02.79 02.82 02.34 00.59 00.67 01.13 03.26 03.41
02.57 02.52 02.48 01.68 00.16 01.92 01.99 01.90 01.62 01.80 01.97 01.99 02.06 02.06 02.13 02.16 02.16 02.17 02.17 02.48 02.47 02.57 03.25 03.27 03.29 03.26 03.52 03.74 03.66 03.42 03.37 03.32 03.02 03.69 04.15 04.14 03.68 03.32 03.00 03.04 03.52 04.40 04.70 04.13 02.93 03.06 02.41 01.80 01.42 01.97 02.35 02.63 02.21 02.61 01.78 02.83 03.89 03.96 03.91 03.72 03.81 03.79 03.78 03.44 03.09 02.67 02.47 02.62 02.69 02.70 02.73 02.19 00.60 00.67 02.98 02.75 03.26
02.66 02.36 02.52 01.64 01.27 01.04 01.23 01.39 01.60 01.59 01.77 01.89 02.05 02.08 02.07 02.08 02.09 02.09 02.12 02.32 02.54 02.57 02.55 03.19 03.20 03.25 03.52 03.54 03.85 03.58 03.20 03.12 03.06 02.56 04.02 04.26 04.08 03.55 03.17 02.85 02.84 03.06 04.23 04.47 03.83 02.99 02.82 00.68 01.28 01.60 01.53 01.56 01.66 01.78 02.78 03.12 03.92 04.00 03.66 03.73 03.82 04.02 04.11 03.71 03.12 02.79 02.62 02.64 02.62 02.57 02.56 01.52 00.58 02.19 02.82 03.12 03.21
02.77 02.42 02.24 02.07 01.92 01.90 01.64 01.19 01.16 01.52 01.72 01.89 02.02 02.13 02.04 01.99 02.01 02.14 02.23 02.28 02.35 02.58 02.58 02.53 03.09 03.10 03.21 03.56 03.52 03.49 03.37 02.99 02.92 02.94 02.88 03.80 03.97 03.71 03.38 02.95 02.72 02.67 03.19 03.70 03.72 02.94 02.00 00.51 00.49 02.21 02.13 02.14 02.59 02.99 03.40 03.83 03.96 03.85 03.59 03.93 04.31 04.36 04.25 03.61 03.25 02.91 02.80 02.63 02.63 02.57 02.22 00.45 00.58 02.93 02.70 02.93 03.25
02.86 02.33 02.25 02.26 02.19 02.06 01.85 01.52 00.53 01.39 01.58 01.85 02.15 02.11 02.07 02.02 01.92 02.10 02.26 02.46 02.47 02.39 02.61 02.57 02.49 03.01 03.03 03.24 03.53 03.56 03.23 03.02 02.90 02.85 02.88 03.25 03.44 03.42 03.27 03.13 02.80 02.59 02.69 02.97 03.31 02.17 00.68 00.59 01.16 02.33 02.15 02.37 02.72 02.88 03.20 03.68 03.59 03.85 03.82 04.17 04.86 04.71 04.36 03.68 03.34 02.99 02.84 02.79 02.65 02.59 01.48 00.52 00.58 02.95 02.37 03.12 02.85
03.49 02.53 02.20 02.23 02.14 02.13 01.95 01.66 01.17 01.40 01.68 01.93 02.19 02.15 02.12 02.04 02.22 02.18 02.24 02.49 02.38 02.34 02.33 02.55 02.46 02.38 03.03 03.19 03.35 03.35 03.15 03.05 02.92 02.91 03.07 03.14 03.00 03.01 02.94 02.85 02.63 02.55 02.46 02.33 02.20 02.03 00.33 00.52 01.91 02.58 03.90 03.39 02.73 03.07 03.27 03.48 03.76 04.12 04.26 04.64 04.94 04.78 04.50 03.76 03.39 03.13 02.53 03.00 02.93 02.66 00.73 00.55 00.59 02.60 03.36 03.17 02.99
03.34 02.84 02.48 02.30 02.25 02.14 01.99 01.85 01.02 01.33 01.66 01.98 02.13 02.11 02.01 02.73 02.35 02.37 02.32 02.38 02.42 02.32 02.34 02.36 02.48 02.38 02.52 03.20 03.22 03.33 03.27 02.89 02.88 02.83 03.03 03.09 03.00 03.04 02.96 02.88 02.61 02.56 02.40 02.29 02.30 02.24 00.49 00.62 00.50 03.88 03.92 03.97 04.01 03.24 02.80 03.34 03.73 04.23 04.57 04.69 04.89 04.74 04.49 03.73 03.47 03.22 01.42 02.27 03.19 02.79 00.44 00.57 01.47 01.80 02.93 00.83 02.42
02.98 02.64 02.50 02.41 02.34 02.28 02.17 01.96 01.47 01.15 01.69 01.94 02.11 02.01 02.01 02.12 02.56 02.69 02.46 02.60 02.61 02.48 02.36 02.30 02.27 02.56 02.70 02.63 02.86 03.19 03.18 03.00 02.82 02.81 02.97 03.11 03.10 02.99 02.96 02.89 02.80 02.66 02.37 02.30 02.28 01.32 00.63 02.08 03.66 03.88 04.03 04.10 04.15 04.03 03.83 02.92 02.86 03.85 04.23 04.45 04.36 04.36 03.75 03.70 03.63 02.20 00.62 01.45 02.87 02.89 00.49 00.59 00.68 01.73 00.84 00.82 01.17
02.87 02.68 02.57 02.45 02.30 02.19 02.14 02.07 01.87 00.95 01.56 01.89 02.10 02.04 02.19 02.36 02.33 02.45 02.44 02.44 02.55 02.56 02.44 02.31 02.25 02.34 02.50 02.67 02.68 02.66 03.01 03.04 02.89 02.85 02.76 03.13 03.12 03.00 02.88 02.71 02.63 02.52 02.36 02.30 01.09 00.60 01.82 02.60 03.48 04.04 04.11 04.21 04.30 04.22 04.34 03.47 02.98 02.95 02.97 02.85 03.16 03.40 03.30 03.21 01.75 00.62 01.53 03.12 01.32 00.50 00.54 00.62 00.68 00.80 00.82 00.85 -1.00
03.01 02.78 02.59 02.43 02.24 02.06 01.99 02.21 02.19 01.59 01.47 01.86 01.92 01.96 02.28 02.52 02.60 02.37 02.34 02.39 02.66 02.63 02.43 02.28 02.26 02.32 02.41 02.48 02.57 02.46 02.46 02.36 02.84 02.82 02.87 03.00 03.07 02.95 02.80 02.68 02.57 02.46 02.41 02.20 00.63 02.40 04.05 04.24 04.05 04.06 04.12 04.30 04.40 04.37 04.29 04.36 04.09 04.44 04.54 03.26 03.22 03.57 03.44 02.24 00.61 00.56 00.46 00.47 00.52 00.55 00.59 00.66 00.69 00.78 00.84 -1.00 -1.00
01.48 01.50 01.38 01.25 01.46 01.84 01.76 01.98 02.36 01.83 01.06 01.57 01.52 01.46 02.34 02.50 02.50 02.22 02.19 02.14 02.30 02.30 02.54 02.27 02.19 02.22 02.38 02.29 02.34 02.32 02.44 02.35 02.34 02.79 02.79 02.77 02.84 02.85 02.67 02.14 00.86 00.41 00.41 00.60 00.85 04.14 02.54 03.83 04.20 04.85 05.13 05.40 05.52 05.50 04.49 04.42 04.33 04.70 05.40 03.80 03.42 03.84 03.61 01.18 00.56 00.52 00.49 00.57 00.57 00.61 00.65 00.71 00.73 00.77 -1.00 -1.00 -1.00
01.48 01.41 01.28 01.20 01.18 01.16 01.25 01.31 01.56 01.17 00.74 01.06 01.07 01.15 01.31 01.79 02.28 02.36 02.05 02.07 02.26 02.84 02.35 02.20 02.25 02.21 02.24 02.32 02.21 02.14 02.16 02.22 02.32 02.33 02.35 02.70 02.69 02.60 02.46 02.25 00.44 00.44 01.27 01.61 03.26 03.12 05.33 05.37 05.06 04.87 05.06 05.32 05.56 05.55 04.66 04.35 04.17 04.57 05.00 03.73 02.09 02.34 00.58 00.52 00.54 00.44 00.52 00.64 00.66 00.60 00.62 00.70 00.76 00.72 -1.00 -1.00 -1.00
01.44 01.29 01.17 -1.00 -1.00 01.14 01.25 01.36 01.42 01.40 01.15 01.12 01.25 01.29 01.56 01.54 02.54 02.43 02.21 02.06 02.41 02.74 02.54 02.44 02.19 02.29 02.25 02.17 02.19 02.16 02.22 02.23 02.19 02.33 02.44 02.48 02.49 02.38 01.91 00.40 00.40 00.35 02.13 02.64 03.21 02.17 04.00 04.59 05.00 04.93 04.91 05.18 05.43 05.27 04.58 03.80 03.82 04.11 03.52 01.78 00.61 00.53 00.51 00.45 00.45 00.52 00.56 00.65 00.64 -1.00 00.51 00.55 00.63 -1.00 -1.00 -1.00 -1.00
-1.00 -1.00 -1.00 -1.00 -1.00 -1.00 -1.00 01.22 01.25 01.34 01.24 01.13 01.23 01.58 01.63 02.15 02.43 02.09 02.18 02.36 02.54 02.73 02.43 02.15 02.12 02.25 02.28 02.32 02.32 02.27 02.21 02.23 02.20 02.22 02.22 02.22 01.51 00.87 00.42 00.40 00.31 01.55 02.45 02.75 02.76 02.50 01.11 00.75 00.70 00.65 00.59 00.55 02.94 03.58 03.40 02.37 03.16 03.16 03.28 00.63 00.57 00.54 00.34 00.56 00.58 00.56 00.61 00.63 00.60 -1.00 -1.00 -1.00 -1.00 -1.00 -1.00 -1.00 -1.00
-1.00 -1.00 -1.00 -1.00 -1.00 -1.00 -1.00 -1.00 01.32 01.34 01.22 01.21 01.41 01.75 01.72 01.70 02.44 02.31 02.06 02.21 02.38 02.58 02.29 02.03 02.10 02.18 02.16 02.13 02.14 02.25 02.25 02.18 02.19 02.18 02.19 02.19 02.22 00.45 00.43 00.58 00.93 02.03 02.71 03.04 02.82 03.11 02.26 00.91 00.81 00.73 00.69 00.68 00.64 00.59 01.25 02.36 02.60 02.35 00.57 00.53 00.51 00.47 00.52 00.56 00.64 00.61 00.60 -1.00 -1.00 -1.00 -1.00 -1.00 -1.00 -1.00 -1.00 -1.00 -1.00
-1.00 -1.00 -1.00 -1.00 -1.00 -1.00 -1.00 -1.00 01.35 01.34 01.21 01.19 01.49 01.73 01.88 02.35 02.33 02.26 02.28 02.32 02.39 02.26 02.12 02.01 02.08 02.07 02.06 02.01 02.06 02.06 02.14 02.20 02.21 02.15 01.60 00.83 00.38 00.34 00.40 00.95 02.00 02.60 02.81 03.06 02.80 01.49 00.73 00.86 00.80 00.73 00.67 00.63 00.61 00.61 00.54 00.48 00.45 00.47 00.47 00.47 00.41 00.49 00.53 00.60 00.62 00.62 -1.00 -1.00 -1.00 -1.00 -1.00 -1.00 -1.00 -1.00 -1.00 -1.00 -1.00
-1.00 -1.00 -1.00 -1.00 -1.00 -1.00 -1.00 -1.00 01.33 01.32 01.21 01.18 01.42 01.66 02.20 02.02 02.06 02.06 02.05 02.23 02.27 02.24 02.06 02.03 02.03 01.97 01.95 01.98 01.95 02.07 02.04 02.08 02.01 01.86 00.44 00.39 00.36 00.28 01.74 02.30 02.31 02.39 02.76 03.10 03.28 02.41 01.31 00.85 00.80 00.71 00.66 00.56 00.56 00.54 00.50 00.42 00.37 00.35 00.38 00.41 00.48 00.53 00.58 00.59 00.57 -1.00 -1.00 -1.00 -1.00 -1.00 -1.00 -1.00 -1.00 -1.00 -1.00 -1.00 -1.00
-1.00 -1.00 -1.00 -1.00 -1.00 -1.00 -1.00 -1.00 01.29 01.33 01.22 01.23 01.36 01.42 01.83 02.23 01.91 01.84 01.91 01.99 02.18 01.98 01.82 01.91 01.84 01.81 01.78 01.78 01.87 01.18 02.14 01.50 00.42 00.47 00.45 00.51 01.83 00.88 02.26 02.24 02.41 02.48 02.91 02.93 03.33 02.81 01.89 01.88 00.88 00.74 00.63 00.57 00.54 00.41 00.45 00.47 00.48 00.48 00.49 00.48 00.52 00.55 00.54 00.53 -1.00 -1.00 -1.00 -1.00 -1.00 -1.00 -1.00 -1.00 -1.00 -1.00 -1.00 -1.00 -1.00
-1.00 -1.00 -1.00 -1.00 -1.00 -1.00 -1.00 -1.00 01.24 01.33 01.35 01.34 01.47 01.43 01.46 02.02 02.10 02.11 01.84 01.82 01.76 01.69 01.72 01.60 01.02 00.27 00.26 00.25 00.27 00.30 01.58 02.32 01.84 01.78 01.47 02.14 01.51 01.49 02.61 02.17 02.52 02.48 02.54 02.91 02.68 03.23 03.20 03.04 00.92 00.84 00.71 00.58 00.50 00.58 00.50 00.53 00.56 00.55 00.51 -1.00 -1.00 -1.00 -1.00 -1.00 -1.00 -1.00 -1.00 -1.00 -1.00 -1.00 -1.00 -1.00 -1.00 -1.00 -1.00 -1.00 -1.00
-1.00 -1.00 -1.00 -1.00 -1.00 -1.00 -1.00 -1.00 01.23 01.32 01.38 01.33 01.40 01.32 01.12 01.50 01.67 01.94 02.10 02.06 01.94 01.80 01.12 00.46 00.30 00.41 00.43 00.42 00.34 00.78 01.85 02.48 02.73 03.32 02.70 02.65 01.96 02.22 02.50 02.50 02.42 02.68 02.45 02.55 02.69 02.79 02.92 01.86 01.13 00.88 00.74 00.58 00.44 00.55 00.59 00.53 00.53 -1.00 -1.00 -1.00 -1.00 -1.00 -1.00 -1.00 -1.00 -1.00 -1.00 -1.00 -1.00 -1.00 -1.00 -1.00 -1.00 -1.00 -1.00 -1.00 -1.00
-1.00 -1.00 -1.00 -1.00 -1.00 -1.00 -1.00 -1.00 01.18 01.36 01.44 01.51 01.45 01.43 01.43 00.44 01.03 01.48 01.54 01.41 01.21 00.45 00.31 00.39 00.44 00.47 -1.00 01.69 01.49 01.32 01.99 03.17 03.74 03.75 03.35 03.17 02.12 02.29 02.52 02.77 02.70 02.77 02.62 02.37 02.43 02.49 01.96 01.09 00.72 00.74 00.71 00.61 00.49 00.55 00.56 00.56 -1.00 -1.00 -1.00 -1.00 -1.00 -1.00 -1.00 -1.00 -1.00 -1.00 -1.00 -1.00 -1.00 -1.00 -1.00 -1.00 -1.00 -1.00 -1.00 -1.00 -1.00
-1.00 -1.00 -1.00 -1.00 -1.00 -1.00 -1.00 -1.00 -1.00 01.26 01.37 01.47 01.48 01.27 01.47 02.03 01.89 01.66 01.26 00.29 00.34 00.39 00.40 -1.00 -1.00 -1.00 -1.00 00.91 01.71 01.84 02.32 03.04 03.81 03.89 03.32 03.35 02.21 02.39 02.50 02.77 02.77 03.04 03.11 03.14 03.10 02.95 02.81 02.28 01.79 01.50 00.95 00.58 00.54 00.56 00.56 00.53 -1.00 -1.00 -1.00 -1.00 -1.00 -1.00 -1.00 -1.00 -1.00 -1.00 -1.00 -1.00 -1.00 -1.00 -1.00 -1.00 -1.00 -1.00 -1.00 -1.00 -1.00
-1.00 -1.00 -1.00 -1.00 -1.00 -1.00 -1.00 -1.00 -1.00 -1.00 01.26 01.36 01.35 01.32 01.02 01.45 01.43 00.33 00.39 00.41 -1.00 -1.00 -1.00 -1.00 -1.00 -1.00 01.83 01.59 01.80 01.56 02.03 02.65 03.11 03.80 03.24 03.23 02.17 02.37 02.62 02.77 02.86 03.05 03.48 03.48 03.48 03.27 03.20 03.39 03.18 02.63 01.57 00.58 00.51 00.53 00.55 -1.00 -1.00 00.37 01.51 00.37 00.41 -1.00 -1.00 -1.00 -1.00 -1.00 -1.00 -1.00 -1.00 -1.00 -1.00 -1.00 -1.00 -1.00 -1.00 -1.00 -1.00
-1.00 -1.00 -1.00 -1.00 -1.00 -1.00 -1.00 -1.00 -1.00 -1.00 -1.00 00.93 00.61 00.34 00.35 00.37 00.39 00.41 -1.00 -1.00 -1.00 -1.00 -1.00 -1.00 -1.00 -1.00 01.87 01.94 01.88 01.79 02.00 02.46 02.88 03.03 03.13 02.97 02.52 02.48 02.66 02.85 02.85 02.85 03.39 03.47 03.54 03.59 03.67 03.76 03.86 03.40 02.04 00.35 00.96 00.42 00.40 00.38 00.36 01.05 01.87 02.04 00.44 00.45 -1.00 -1.00 -1.00 -1.00 -1.00 -1.00 -1.00 02.04 -1.00 -1.00 -1.00 -1.00 -1.00 -1.00 -1.00
