data/trial9/ashley.ros
NCOLS 382
NROWS 266
XLLCORNER 157819.328125
YLLCORNER 384678.625000
CELLSIZE 30.000000
NODATA_VALUE -1
[rows 0 to 33 of 266, columns 231 to 307 of 382]
-1.00 -1.00 -1.00 -1.00 -1.00 -1.00 -1.00 -1.00 -1.00 -1.00 -1.00 -1.00 -1.00 -1.00 -1.00 -1.00 -1.00 -1.00 -1.00 -1.00 -1.00 -1.00 -1.00 -1.00 -1.00 -1.00 -1.00 -1.00 -1.00 -1.00 -1.00 -1.00 -1.00 -1.00 -1.00 -1.00 -1.00 -1.00 -1.00 -1.00 -1.00 -1.00 -1.00 -1.00 -1.00 -1.00 -1.00 -1.00 -1.00 -1.00 -1.00 -1.00 -1.00 -1.00 -1.00 -1.00 -1.00 -1.00 -1.00 -1.00 -1.00 -1.00 -1.00 -1.00 -1.00 -1.00 -1.00 -1.00 -1.00 -1.00 -1.00 -1.00 -1.00 -1.00 -1.00 -1.00 -1.00
-1.00 -1.00 -1.00 -1.00 -1.00 -1.00 -1.00 -1.00 -1.00 -1.00 -1.00 -1.00 -1.00 -1.00 -1.00 -1.00 -1.00 -1.00 -1.00 -1.00 -1.00 -1.00 -1.00 -1.00 -1.00 -1.00 -1.00 -1.00 -1.00 -1.00 -1.00 -1.00 -1.00 -1.00 -1.00 -1.00 -1.00 -1.00 -1.00 -1.00 -1.00 -1.00 -1.00 -1.00 -1.00 -1.00 -1.00 -1.00 -1.00 -1.00 -1.00 -1.00 -1.00 85.10 191.85 211.04 210.17 196.02 178.89 109.09 113.62 182.32 109.88 -1.00 -1.00 -1.00 -1.00 -1.00 -1.00 -1.00 -1.00 -1.00 -1.00 -1.00 -1.00 -1.00 -1.00
-1.00 -1.00 -1.00 -1.00 -1.00 -1.00 -1.00 -1.00 -1.00 -1.00 -1.00 -1.00 -1.00 -1.00 -1.00 -1.00 -1.00 -1.00 -1.00 -1.00 -1.00 -1.00 -1.00 -1.00 -1.00 -1.00 -1.00 -1.00 -1.00 -1.00 -1.00 -1.00 -1.00 -1.00 -1.00 -1.00 -1.00 -1.00 -1.00 -1.00 -1.00 -1.00 -1.00 -1.00 -1.00 -1.00 -1.00 -1.00 -1.00 -1.00 -1.00 -1.00 -1.00 118.17 208.37 204.46 193.61 173.47 160.07 162.27 167.96 158.98 133.38 -1.00 -1.00 -1.00 -1.00 -1.00 -1.00 -1.00 -1.00 -1.00 -1.00 -1.00 -1.00 -1.00 -1.00
-1.00 -1.00 -1.00 -1.00 -1.00 -1.00 -1.00 -1.00 -1.00 -1.00 -1.00 -1.00 -1.00 -1.00 -1.00 -1.00 -1.00 -1.00 -1.00 -1.00 -1.00 -1.00 -1.00 -1.00 -1.00 -1.00 -1.00 -1.00 -1.00 -1.00 -1.00 -1.00 -1.00 -1.00 -1.00 -1.00 -1.00 -1.00 -1.00 -1.00 -1.00 -1.00 -1.00 -1.00 -1.00 -1.00 -1.00 -1.00 -1.00 -1.00 -1.00 -1.00 34.20 168.80 208.14 195.42 174.67 155.74 150.28 161.28 151.10 128.34 92.60 44.01 -1.00 -1.00 -1.00 -1.00 -1.00 -1.00 -1.00 -1.00 -1.00 -1.00 -1.00 -1.00 -1.00
-1.00 -1.00 -1.00 -1.00 -1.00 -1.00 -1.00 -1.00 -1.00 -1.00 -1.00 -1.00 -1.00 -1.00 -1.00 -1.00 -1.00 -1.00 -1.00 -1.00 -1.00 -1.00 -1.00 -1.00 -1.00 -1.00 -1.00 -1.00 -1.00 -1.00 -1.00 -1.00 -1.00 -1.00 -1.00 -1.00 -1.00 -1.00 -1.00 -1.00 -1.00 -1.00 -1.00 -1.00 -1.00 -1.00 -1.00 -1.00 -1.00 -1.00 -1.00 -1.00 162.52 224.75 200.03 180.73 156.12 141.46 152.94 147.48 131.35 90.21 68.80 59.06 01.58 -1.00 -1.00 -1.00 -1.00 -1.00 -1.00 -1.00 -1.00 -1.00 -1.00 -1.00 -1.00
-1.00 -1.00 -1.00 -1.00 -1.00 -1.00 -1.00 -1.00 -1.00 -1.00 -1.00 -1.00 -1.00 -1.00 -1.00 -1.00 -1.00 -1.00 -1.00 -1.00 -1.00 -1.00 -1.00 -1.00 -1.00 -1.00 -1.00 -1.00 -1.00 -1.00 -1.00 -1.00 -1.00 -1.00 -1.00 -1.00 -1.00 -1.00 -1.00 -1.00 -1.00 -1.00 -1.00 -1.00 -1.00 -1.00 -1.00 -1.00 -1.00 -1.00 -1.00 122.04 223.44 217.91 189.90 169.20 138.46 142.24 144.48 133.89 90.14 66.77 52.68 46.57 26.39 01.16 -1.00 -1.00 -1.00 -1.00 -1.00 -1.00 -1.00 -1.00 -1.00 -1.00 -1.00
-1.00 -1.00 -1.00 -1.00 -1.00 -1.00 -1.00 -1.00 -1.00 -1.00 -1.00 -1.00 -1.00 -1.00 -1.00 -1.00 -1.00 -1.00 -1.00 -1.00 -1.00 -1.00 -1.00 -1.00 -1.00 -1.00 -1.00 -1.00 -1.00 -1.00 -1.00 -1.00 -1.00 -1.00 -1.00 -1.00 -1.00 -1.00 -1.00 -1.00 -1.00 -1.00 -1.00 -1.00 -1.00 -1.00 -1.00 -1.00 -1.00 -1.00 58.77 164.49 234.05 202.23 180.33 158.40 135.33 138.97 134.87 98.55 63.57 49.69 40.90 36.12 37.17 40.05 03.48 26.32 -1.00 -1.00 -1.00 -1.00 -1.00 -1.00 -1.00 -1.00 -1.00
-1.00 -1.00 -1.00 -1.00 -1.00 -1.00 -1.00 -1.00 -1.00 -1.00 -1.00 -1.00 -1.00 -1.00 -1.00 -1.00 -1.00 -1.00 -1.00 -1.00 -1.00 -1.00 -1.00 -1.00 -1.00 -1.00 -1.00 -1.00 -1.00 -1.00 -1.00 -1.00 -1.00 -1.00 -1.00 -1.00 -1.00 -1.00 -1.00 -1.00 -1.00 -1.00 -1.00 -1.00 -1.00 -1.00 -1.00 -1.00 -1.00 -1.00 44.94 206.22 209.44 187.60 169.57 151.72 138.06 132.28 103.27 62.44 47.10 36.98 31.52 28.67 30.20 29.64 34.33 28.68 01.58 -1.00 -1.00 -1.00 -1.00 -1.00 -1.00 -1.00 -1.00
-1.00 -1.00 -1.00 -1.00 -1.00 -1.00 -1.00 -1.00 -1.00 -1.00 -1.00 -1.00 -1.00 -1.00 -1.00 -1.00 -1.00 -1.00 -1.00 -1.00 -1.00 -1.00 -1.00 -1.00 -1.00 -1.00 -1.00 -1.00 -1.00 -1.00 -1.00 -1.00 -1.00 -1.00 -1.00 -1.00 -1.00 -1.00 -1.00 -1.00 -1.00 -1.00 -1.00 -1.00 -1.00 -1.00 -1.00 -1.00 80.24 216.34 160.27 213.31 189.20 173.85 160.25 144.69 132.20 124.14 62.76 40.37 32.55 28.16 23.65 22.71 21.56 22.86 20.52 16.20 31.33 16.84 -1.00 -1.00 -1.00 -1.00 -1.00 -1.00 -1.00
-1.00 -1.00 -1.00 -1.00 -1.00 -1.00 -1.00 -1.00 -1.00 -1.00 -1.00 -1.00 -1.00 -1.00 -1.00 -1.00 -1.00 -1.00 -1.00 -1.00 -1.00 -1.00 -1.00 -1.00 -1.00 -1.00 -1.00 -1.00 -1.00 -1.00 -1.00 -1.00 -1.00 -1.00 -1.00 -1.00 -1.00 -1.00 -1.00 -1.00 -1.00 -1.00 -1.00 -1.00 -1.00 -1.00 -1.00 -1.00 209.64 225.50 215.04 190.44 176.74 163.92 151.92 137.59 126.04 85.61 18.29 18.92 11.11 15.82 15.73 16.97 16.91 16.48 18.54 20.81 22.04 08.75 17.88 35.76 00.78 -1.00 -1.00 00.04 -1.00
-1.00 -1.00 -1.00 -1.00 -1.00 -1.00 -1.00 -1.00 -1.00 -1.00 -1.00 -1.00 -1.00 -1.00 -1.00 -1.00 -1.00 -1.00 -1.00 -1.00 -1.00 -1.00 -1.00 -1.00 -1.00 -1.00 -1.00 -1.00 -1.00 -1.00 -1.00 -1.00 -1.00 -1.00 -1.00 -1.00 -1.00 -1.00 -1.00 -1.00 -1.00 -1.00 -1.00 -1.00 -1.00 -1.00 -1.00 72.62 223.09 214.50 196.24 178.03 164.99 154.56 143.75 129.75 119.00 07.58 02.28 01.86 05.56 11.15 12.01 12.43 12.77 14.19 14.96 16.11 17.45 23.91 17.98 21.90 15.43 13.42 37.17 02.69 -1.00
-1.00 -1.00 -1.00 -1.00 -1.00 -1.00 -1.00 -1.00 -1.00 -1.00 -1.00 -1.00 -1.00 -1.00 -1.00 -1.00 -1.00 -1.00 -1.00 -1.00 -1.00 -1.00 -1.00 -1.00 -1.00 -1.00 -1.00 -1.00 -1.00 -1.00 -1.00 -1.00 -1.00 -1.00 -1.00 -1.00 -1.00 -1.00 -1.00 -1.00 -1.00 -1.00 -1.00 -1.00 -1.00 91.90 208.63 210.93 209.93 200.92 180.23 167.25 154.50 145.02 137.35 121.54 111.75 04.14 04.67 03.22 01.07 02.14 03.89 07.94 10.17 10.92 11.60 12.51 13.23 13.28 13.69 13.37 14.27 14.86 17.52 16.52 -1.00
-1.00 -1.00 -1.00 -1.00 -1.00 -1.00 -1.00 -1.00 -1.00 -1.00 -1.00 -1.00 -1.00 -1.00 -1.00 -1.00 -1.00 -1.00 -1.00 -1.00 -1.00 -1.00 -1.00 -1.00 -1.00 -1.00 -1.00 -1.00 -1.00 -1.00 -1.00 -1.00 -1.00 -1.00 -1.00 -1.00 -1.00 -1.00 -1.00 -1.00 -1.00 15.96 91.38 228.70 58.76 177.02 198.24 202.05 200.49 186.51 169.89 156.04 145.57 137.12 130.97 113.93 103.19 05.42 07.20 03.99 02.74 03.69 01.54 04.14 08.97 09.95 10.72 11.06 11.26 11.27 11.17 11.53 11.92 12.53 13.16 10.42 06.06
-1.00 -1.00 -1.00 -1.00 -1.00 -1.00 -1.00 -1.00 -1.00 -1.00 -1.00 -1.00 -1.00 -1.00 -1.00 -1.00 -1.00 -1.00 -1.00 -1.00 -1.00 -1.00 -1.00 -1.00 -1.00 -1.00 -1.00 -1.00 -1.00 -1.00 -1.00 -1.00 -1.00 -1.00 -1.00 -1.00 -1.00 -1.00 -1.00 133.99 196.86 206.32 216.07 202.44 188.73 174.44 191.38 192.52 189.71 174.46 159.68 144.47 138.10 131.65 118.05 105.36 92.02 06.49 08.10 03.87 03.34 02.49 01.50 01.47 08.10 08.74 09.33 09.85 10.12 10.41 10.60 10.80 10.84 11.03 11.38 23.17 19.66
-1.00 -1.00 -1.00 -1.00 -1.00 -1.00 -1.00 -1.00 -1.00 -1.00 -1.00 -1.00 -1.00 -1.00 -1.00 -1.00 -1.00 -1.00 -1.00 -1.00 -1.00 -1.00 -1.00 -1.00 -1.00 -1.00 -1.00 -1.00 -1.00 -1.00 -1.00 -1.00 -1.00 -1.00 -1.00 -1.00 -1.00 -1.00 40.64 171.06 178.77 191.19 187.98 174.31 159.87 173.44 183.63 185.90 179.04 165.62 151.37 138.74 131.75 121.79 105.45 91.51 81.98 57.83 08.08 05.79 04.24 02.12 01.93 02.70 01.75 04.08 08.77 09.24 09.65 09.80 09.94 10.08 14.42 16.02 16.59 16.46 17.40
-1.00 -1.00 -1.00 -1.00 -1.00 -1.00 -1.00 -1.00 -1.00 -1.00 -1.00 -1.00 -1.00 -1.00 -1.00 -1.00 -1.00 -1.00 -1.00 -1.00 -1.00 -1.00 -1.00 -1.00 -1.00 -1.00 -1.00 -1.00 -1.00 -1.00 -1.00 -1.00 -1.00 -1.00 -1.00 112.19 145.09 161.62 164.62 163.86 159.52 153.40 139.07 143.65 154.54 168.60 176.76 178.36 170.96 157.11 143.07 132.44 125.24 106.14 91.75 79.57 80.41 79.24 26.01 06.32 04.33 01.61 02.00 01.54 00.77 00.90 08.28 09.97 11.14 12.33 12.88 13.69 14.40 14.98 15.45 15.34 14.99
-1.00 -1.00 -1.00 -1.00 -1.00 -1.00 -1.00 -1.00 -1.00 -1.00 -1.00 -1.00 -1.00 -1.00 -1.00 -1.00 -1.00 -1.00 -1.00 -1.00 -1.00 -1.00 -1.00 -1.00 -1.00 -1.00 -1.00 -1.00 -1.00 -1.00 -1.00 -1.00 -1.00 63.97 122.63 175.32 183.07 182.11 177.37 175.32 173.07 155.13 98.38 109.57 143.94 160.09 169.77 170.52 163.78 149.98 134.64 124.20 108.32 95.28 81.44 79.92 75.92 67.79 65.19 21.46 03.48 01.65 01.33 00.74 03.27 00.37 00.90 08.08 09.83 11.15 11.67 12.09 12.21 12.35 12.49 11.83 10.78
-1.00 -1.00 -1.00 -1.00 -1.00 -1.00 -1.00 -1.00 -1.00 -1.00 -1.00 -1.00 -1.00 -1.00 -1.00 -1.00 -1.00 -1.00 -1.00 -1.00 -1.00 -1.00 -1.00 -1.00 -1.00 -1.00 -1.00 -1.00 -1.00 -1.00 -1.00 13.43 111.27 125.79 151.54 175.76 179.07 177.76 175.75 181.09 185.81 160.21 114.46 68.17 128.48 150.43 161.21 162.35 155.99 142.83 126.50 111.81 94.86 87.14 78.49 76.42 67.07 59.36 54.39 34.43 01.62 02.18 01.42 00.83 02.78 01.88 00.81 00.90 02.60 04.89 10.49 10.89 11.23 11.10 10.48 09.64 08.74
04.01 01.08 -1.00 -1.00 -1.00 -1.00 -1.00 -1.00 -1.00 08.56 04.50 07.94 03.20 -1.00 -1.00 -1.00 -1.00 -1.00 -1.00 -1.00 -1.00 -1.00 -1.00 -1.00 -1.00 -1.00 -1.00 -1.00 62.03 119.46 140.40 149.07 148.75 148.21 152.66 158.47 160.96 163.65 169.00 178.71 187.02 159.46 129.54 74.79 108.87 139.70 152.87 154.32 146.42 135.49 118.02 97.97 87.53 80.18 74.85 67.83 57.47 51.92 49.53 03.50 02.31 02.09 01.43 00.49 02.87 02.60 02.83 00.94 00.68 00.86 03.82 07.62 07.69 07.54 06.95 04.65 02.10
07.45 05.16 07.06 03.17 01.18 06.72 02.65 07.01 09.23 08.98 10.07 09.43 09.93 05.24 12.77 12.01 11.57 12.94 03.15 -1.00 -1.00 -1.00 -1.00 -1.00 -1.00 -1.00 -1.00 47.78 102.01 154.71 151.11 153.34 152.36 150.71 149.18 150.43 154.43 158.53 164.77 172.39 169.56 150.31 128.38 80.34 79.72 128.97 143.81 144.56 136.37 126.90 108.81 89.26 79.37 73.19 65.81 59.49 52.91 48.29 41.35 23.28 02.67 01.98 01.27 01.32 02.40 02.60 02.73 02.52 01.09 00.98 00.91 00.72 00.77 00.77 02.66 06.92 09.37
08.82 08.91 14.45 05.85 06.03 06.96 05.86 09.71 14.15 12.07 11.93 13.29 13.89 14.11 11.69 12.65 11.94 11.23 10.78 03.25 04.25 09.93 36.08 14.83 44.97 60.00 55.77 78.86 148.25 173.59 159.28 151.16 150.50 149.40 148.17 149.77 154.11 158.55 164.03 169.62 162.10 145.74 118.99 77.78 58.95 116.97 134.48 134.01 126.94 118.15 95.19 80.34 70.64 62.58 59.06 52.56 46.74 39.19 03.35 32.92 02.88 01.87 01.20 01.69 01.78 03.51 09.13 12.76 14.23 02.16 01.31 00.99 00.99 00.98 00.98 00.97 01.02
00.21 09.47 13.61 02.91 06.72 07.73 09.70 10.56 16.73 12.47 14.21 16.98 15.86 16.65 13.66 14.46 14.30 12.56 12.21 12.55 10.94 18.21 29.75 43.85 48.21 57.12 55.31 98.62 148.54 171.81 160.40 149.22 148.04 146.74 145.43 146.95 150.76 155.55 162.08 165.61 156.45 146.07 115.23 67.64 54.66 105.02 124.25 123.65 117.67 105.01 83.41 68.71 61.63 55.76 52.65 41.96 37.88 29.62 04.47 04.51 02.38 01.42 00.65 01.32 02.83 05.12 08.51 09.83 10.84 13.28 08.98 03.60 02.46 02.46 02.43 02.25 02.09
11.33 00.99 05.74 00.15 07.59 07.32 09.11 10.78 15.51 13.75 13.89 16.24 15.69 16.27 15.51 14.25 15.38 15.01 13.70 15.08 26.00 30.02 32.75 44.68 58.15 55.07 54.20 108.13 144.32 168.88 169.81 155.22 146.54 144.18 142.26 145.03 151.01 154.78 157.86 156.65 150.43 141.93 102.61 63.06 50.04 98.04 113.92 114.02 104.73 87.61 73.65 60.44 51.12 49.35 41.75 31.23 27.56 28.36 23.09 03.10 01.69 01.14 00.63 01.71 02.65 04.51 04.72 06.17 07.77 08.99 10.28 09.39 08.64 07.37 06.02 04.39 02.74
12.68 09.64 12.14 01.07 05.37 07.29 08.20 09.34 11.85 13.94 13.64 15.41 18.42 15.37 13.83 13.69 13.39 15.35 14.78 17.65 27.49 30.71 34.36 46.15 67.87 54.11 56.36 104.80 137.61 161.02 168.47 156.85 145.45 142.75 143.29 148.02 155.02 156.00 155.21 148.98 142.75 129.51 88.17 62.55 46.43 90.75 104.79 102.65 86.82 73.41 58.91 50.09 38.51 12.38 25.36 25.06 26.38 29.07 02.63 01.58 02.52 02.21 01.74 01.77 02.58 03.24 03.46 04.67 05.00 07.28 08.19 08.50 07.53 07.24 07.76 05.85 05.78
12.32 19.88 16.91 12.40 03.51 07.35 07.45 08.16 11.05 12.56 13.40 14.44 16.29 14.91 12.22 19.74 12.68 13.91 16.05 19.20 27.78 31.81 37.63 46.01 69.11 57.18 65.84 96.68 127.15 147.86 161.89 152.25 142.17 139.81 140.95 145.51 151.53 155.44 155.97 148.86 140.61 115.70 78.20 57.87 43.60 84.90 95.36 83.94 73.06 57.18 48.97 42.06 00.19 00.22 03.51 13.24 23.92 07.98 05.51 01.59 03.37 02.92 02.14 01.09 03.09 03.63 04.35 04.80 04.04 04.42 06.75 07.22 06.97 06.87 07.08 07.12 03.70
14.47 18.89 19.13 14.43 05.38 06.30 06.65 07.79 10.36 11.17 12.31 13.39 14.63 15.62 14.82 18.95 13.95 15.83 19.13 21.48 28.15 31.57 36.74 75.51 67.83 61.33 67.54 87.14 112.47 131.77 153.75 146.61 138.11 136.72 138.30 142.62 147.52 152.37 151.02 147.85 134.51 101.37 67.06 49.27 38.92 78.71 80.25 69.25 54.98 47.52 42.19 00.19 00.31 00.26 00.29 00.29 20.64 15.94 04.60 01.79 02.79 02.83 01.99 01.57 03.50 05.40 05.19 05.79 08.98 05.20 05.16 06.31 06.45 05.91 06.54 06.47 01.65
15.28 18.20 17.44 15.71 11.82 02.68 06.66 07.34 07.74 10.31 11.14 12.56 13.46 14.55 14.57 17.22 16.42 19.57 21.60 24.41 27.62 31.75 37.13 74.73 65.42 62.22 66.11 78.75 97.18 118.59 144.68 141.03 135.40 134.12 135.66 140.82 146.50 150.60 147.82 144.60 115.92 85.88 56.29 41.22 36.71 71.49 64.25 52.98 46.27 41.31 00.20 00.22 00.34 00.35 00.26 00.27 00.30 04.99 12.43 17.33 12.54 02.48 02.10 01.53 05.15 04.10 05.42 07.07 09.79 04.89 06.67 05.27 05.70 04.01 06.20 00.64 -1.00
13.28 15.88 16.19 14.76 11.79 05.53 06.78 06.91 07.42 09.58 10.18 11.40 12.43 13.19 13.84 15.54 16.25 19.06 21.50 23.82 26.38 31.44 38.64 70.51 63.49 61.35 62.57 73.71 87.19 111.56 141.95 141.26 139.83 138.46 136.62 140.63 145.99 149.15 148.93 132.65 97.05 69.95 46.68 34.95 54.03 57.41 44.93 42.67 39.52 00.24 00.23 00.27 00.45 00.45 00.40 00.41 00.33 00.33 04.26 15.80 06.96 05.17 01.78 01.75 02.25 02.54 04.45 05.58 07.18 08.00 09.03 04.04 05.01 04.74 00.99 00.95 00.97
12.55 14.12 14.70 13.65 11.47 05.53 05.90 06.68 07.14 07.59 09.50 10.17 11.49 12.24 13.17 14.44 15.64 18.48 21.27 23.18 24.61 31.80 45.47 64.45 61.59 59.59 59.15 69.02 84.14 107.59 140.28 140.87 141.46 143.11 144.97 147.87 150.19 153.56 155.91 116.49 78.45 53.42 35.74 29.03 46.84 39.52 37.73 30.72 00.26 00.15 00.25 -1.00 -1.00 00.43 00.44 00.42 00.39 00.13 00.27 01.06 09.63 10.78 06.57 01.44 00.99 01.65 02.30 04.51 06.83 08.41 03.33 03.98 05.95 04.96 02.14 03.10 01.05
11.41 11.67 11.28 10.51 07.81 10.95 04.75 06.90 06.91 07.42 08.83 09.24 10.57 11.29 12.39 13.37 14.93 17.79 20.51 22.51 23.62 28.71 57.13 58.87 59.54 57.69 57.19 66.65 81.89 103.16 133.48 136.47 138.72 140.93 143.40 148.32 152.74 157.67 139.59 102.84 60.45 37.04 28.54 33.30 33.93 25.45 12.81 00.28 00.15 00.22 00.25 -1.00 -1.00 -1.00 00.37 00.42 00.45 00.41 00.44 07.34 01.01 01.67 01.35 01.06 01.03 01.81 04.14 05.70 06.34 05.43 05.44 07.34 09.15 02.85 03.17 03.92 02.18
12.50 12.30 11.96 10.04 08.07 04.28 10.86 06.20 06.88 06.99 07.61 08.60 08.63 10.02 11.28 12.32 13.61 16.67 19.77 21.89 22.67 26.75 50.13 55.27 56.23 55.87 57.10 66.65 80.93 110.55 127.68 126.58 127.45 134.65 140.57 145.31 150.29 139.46 116.08 70.70 36.99 29.67 37.92 15.48 09.41 18.58 00.37 00.18 00.27 00.24 -1.00 -1.00 -1.00 -1.00 -1.00 -1.00 00.42 00.46 00.48 00.62 01.02 01.46 04.99 05.32 01.74 02.28 04.70 09.39 05.34 05.87 07.10 07.50 08.44 04.95 03.00 03.32 03.86
10.91 11.52 12.17 11.46 10.39 08.97 07.10 04.18 06.63 04.55 02.21 07.01 04.28 02.74 10.01 10.98 13.20 15.40 17.71 21.16 21.70 24.21 43.93 51.76 54.68 53.93 57.39 65.61 84.55 107.62 123.47 123.03 119.72 129.02 136.94 140.55 144.97 101.70 80.18 36.22 15.95 08.18 13.89 17.49 08.35 06.83 00.47 00.38 00.30 00.27 -1.00 -1.00 -1.00 -1.00 -1.00 -1.00 -1.00 00.66 00.85 00.64 01.92 00.82 01.21 12.19 01.29 01.94 07.17 06.47 05.81 07.03 06.11 07.51 07.47 03.13 02.42 02.74 03.27
07.21 10.08 09.54 08.96 08.96 09.54 08.62 01.96 05.94 03.69 01.76 01.04 01.12 01.03 00.97 04.81 12.74 13.47 15.65 19.22 20.57 21.73 39.25 48.78 50.72 50.67 55.83 65.28 84.93 104.72 119.85 124.46 128.24 130.58 133.72 136.32 108.95 70.24 41.94 15.72 18.50 15.41 13.86 36.24 09.35 01.30 00.54 00.40 00.34 00.30 -1.00 -1.00 -1.00 -1.00 -1.00 -1.00 00.57 00.69 01.36 01.42 01.28 01.42 01.38 01.26 14.22 05.39 08.48 04.28 04.27 09.51 01.84 01.50 01.56 01.72 01.92 02.30 02.81
01.60 03.36 09.59 09.66 08.97 05.09 02.47 00.85 00.51 00.97 01.01 01.05 01.17 01.16 00.89 00.93 01.02 12.22 12.82 14.21 19.21 20.03 31.31 42.92 46.57 48.00 64.68 70.80 86.08 99.46 129.05 132.58 133.44 130.60 131.23 134.48 141.92 148.65 27.46 14.09 10.19 14.09 40.66 34.39 38.61 00.82 00.65 00.42 00.34 00.32 00.28 -1.00 -1.00 -1.00 -1.00 -1.00 00.57 00.69 02.08 02.25 02.59 02.22 02.07 07.79 17.19 13.45 15.06 04.55 03.13 08.07 02.04 02.04 02.19 02.84 01.58 02.11 02.30
