data/trial10/ashley.fml
NCOLS 382
NROWS 266
XLLCORNER 157819.328125
YLLCORNER 384678.625000
CELLSIZE 30.000000
NODATA_VALUE -1
[rows 170 to 203 of 266, columns 231 to 307 of 382]
01.71 02.57 02.71 01.88 01.70 01.65 01.61 01.52 01.44 01.39 01.33 01.44 01.41 00.53 00.86 01.24 01.94 02.46 02.32 02.32 02.33 02.16 02.18 02.18 02.00 01.87 01.94 02.00 02.07 01.97 01.69 01.69 01.61 01.63 01.79 01.96 02.15 02.24 02.28 02.23 02.26 02.16 02.19 02.21 02.24 02.16 02.06 01.92 01.89 01.55 01.80 02.86 03.37 03.66 04.30 03.65 03.68 03.69 03.25 03.20 03.14 02.95 02.99 03.53 03.61 03.62 03.53 03.58 03.77 04.02 04.26 04.38 04.49 04.65 04.77 04.80 04.76
02.67 02.35 01.90 01.49 01.46 01.44 01.31 01.27 01.23 01.09 00.98 00.83 00.80 01.36 01.32 01.67 01.97 02.10 02.18 02.22 02.24 02.26 02.30 02.37 02.39 02.27 01.52 01.65 01.58 01.62 01.67 01.57 01.60 01.72 01.95 02.00 02.07 02.17 02.05 02.08 02.07 02.07 02.15 02.21 02.21 02.17 02.16 02.13 01.82 01.37 01.73 03.04 03.27 03.43 03.58 03.37 03.07 03.02 02.94 02.95 02.84 02.73 02.85 03.45 03.52 03.46 03.48 03.55 03.67 03.92 04.17 04.21 04.27 04.31 04.38 04.43 04.38
02.62 02.12 01.26 01.25 01.23 01.20 01.17 01.08 00.72 00.33 01.29 01.46 01.38 01.28 01.75 01.91 01.99 02.11 02.13 02.16 02.22 02.25 02.27 02.28 02.10 02.05 02.06 02.10 01.93 01.95 01.62 01.73 01.78 01.92 01.96 01.89 01.91 01.85 01.90 01.95 01.97 02.00 01.98 01.99 01.97 01.94 01.83 01.66 01.63 01.24 02.32 02.64 02.95 03.12 02.93 02.64 02.52 02.56 02.57 02.55 02.61 02.98 03.29 03.30 03.40 03.41 03.43 03.45 03.60 03.67 03.80 03.96 03.94 03.93 03.98 04.01 04.02
01.73 01.51 01.26 01.03 01.04 00.96 00.70 00.39 01.24 01.38 01.52 01.48 01.33 01.82 01.93 02.01 02.10 02.15 02.09 02.15 02.23 02.24 02.12 02.00 02.00 02.04 02.04 02.05 02.03 02.01 01.96 01.96 02.06 02.05 01.74 01.77 01.77 01.80 01.85 01.79 01.82 01.85 01.85 01.80 01.78 01.62 01.61 01.62 01.52 01.81 02.33 02.23 02.47 02.56 02.43 02.33 02.36 02.51 02.75 02.90 02.87 03.12 03.18 03.41 03.36 03.36 03.47 03.41 03.44 03.51 03.59 03.54 03.58 03.67 03.73 03.77 03.81
01.31 01.25 01.13 00.67 00.42 00.55 01.37 01.43 01.57 01.56 01.53 01.62 01.84 01.97 02.03 02.08 02.14 02.09 02.14 02.21 02.20 01.95 01.98 01.95 01.93 01.97 01.98 02.00 01.99 02.00 02.11 02.09 02.20 02.25 01.71 01.48 01.69 01.63 01.68 01.72 01.72 01.73 01.74 01.69 01.69 01.72 01.75 01.84 02.32 02.55 02.29 02.25 02.61 02.56 02.74 02.63 02.72 02.74 03.05 03.27 03.53 03.77 03.52 03.45 03.41 03.48 03.29 03.16 03.19 03.17 03.19 03.24 03.31 03.32 03.15 03.19 03.23
01.14 01.01 00.63 01.37 01.54 01.62 01.61 01.65 01.65 01.73 01.76 01.68 01.83 01.91 02.03 02.14 02.19 02.18 02.19 02.17 01.93 01.99 01.98 01.99 01.99 01.98 01.98 01.99 02.10 02.27 02.28 02.28 02.34 02.41 02.04 01.57 01.29 01.40 01.46 01.57 01.91 01.83 01.91 02.33 02.26 02.34 02.43 02.47 02.43 02.52 02.47 02.22 02.61 03.00 03.06 02.91 03.00 03.02 03.29 03.55 03.90 03.84 03.61 03.54 03.51 03.50 03.50 03.38 03.08 02.76 02.67 02.99 02.87 02.79 02.80 02.88 02.98
00.73 00.53 01.41 01.58 01.66 01.64 01.62 01.67 01.75 01.80 01.98 02.11 01.90 01.98 02.08 02.13 02.15 02.15 02.13 01.76 01.82 01.88 01.89 01.92 01.94 01.94 02.04 02.21 02.24 02.27 02.31 02.36 02.44 02.45 02.07 01.83 01.55 01.55 01.71 01.90 02.16 02.32 02.47 02.51 02.48 02.50 02.44 02.34 02.40 02.51 02.50 02.45 02.79 03.10 03.17 03.06 02.99 02.89 03.09 03.26 04.10 04.21 03.77 03.53 03.32 03.37 03.26 03.23 03.16 03.17 03.42 03.66 04.54 04.18 03.64 04.55 05.21
01.29 01.43 01.56 01.63 01.62 01.71 01.69 01.81 02.04 02.12 02.29 02.35 02.30 02.29 02.24 02.14 01.97 01.66 01.69 01.72 01.75 01.78 01.81 01.84 01.93 02.10 02.12 02.14 02.20 02.22 02.24 02.26 02.31 02.27 02.27 02.41 02.17 01.93 01.90 02.08 02.23 02.34 02.42 02.57 02.47 02.41 02.26 02.18 02.30 02.54 02.56 02.78 02.98 03.20 03.28 03.20 03.20 03.17 03.31 03.61 03.99 04.49 03.97 03.83 03.46 03.24 03.21 03.30 03.32 02.90 02.93 03.44 03.88 03.62 03.65 04.37 04.75
01.38 01.50 01.59 01.65 01.75 02.00 02.18 01.89 02.07 02.25 02.30 02.35 02.39 02.40 02.07 01.81 01.77 01.68 01.70 01.75 01.80 01.79 01.84 02.03 02.02 02.02 02.02 02.00 02.06 02.09 02.14 02.18 02.23 02.33 02.41 02.23 02.20 02.02 02.37 02.42 02.38 02.46 02.36 02.42 02.29 02.19 01.96 02.01 02.48 02.56 02.81 02.99 03.10 03.18 03.24 03.23 03.31 03.44 03.38 03.66 04.29 04.52 04.25 04.08 03.49 03.15 02.72 03.04 03.41 03.04 02.71 02.87 03.05 03.09 03.23 03.50 04.41
01.52 01.54 01.62 01.77 02.03 02.21 02.27 02.23 02.30 02.29 02.29 02.31 02.35 02.04 01.89 01.91 01.93 01.95 01.95 01.66 01.76 02.05 02.13 02.09 02.07 02.14 02.19 02.12 02.00 01.98 02.01 02.06 02.14 02.23 02.33 02.36 02.30 02.35 02.42 02.38 02.44 02.30 02.32 02.20 02.14 01.74 02.16 02.61 02.76 02.81 03.08 03.13 03.13 03.14 03.13 03.15 03.29 03.47 03.52 03.73 04.44 04.54 04.33 04.07 03.51 02.91 02.91 02.91 03.39 03.45 02.96 02.60 02.46 02.19 02.42 03.16 03.49
02.02 01.82 01.86 01.91 01.99 02.08 02.15 02.21 02.28 02.33 02.32 02.14 01.78 01.81 01.85 01.89 01.93 01.97 01.97 02.12 02.13 02.15 02.19 02.21 02.22 02.25 02.25 02.25 02.28 02.25 02.10 02.06 02.02 02.09 02.22 02.32 02.38 02.35 02.37 02.33 02.20 02.26 02.26 02.23 02.21 02.03 01.97 02.69 02.90 03.01 03.06 03.13 03.13 03.12 03.09 03.10 03.35 03.53 03.64 03.91 04.54 04.49 03.79 03.90 03.56 03.52 03.36 03.41 03.74 03.60 03.08 02.81 02.61 02.44 02.10 02.26 02.88
02.02 02.11 02.06 02.01 02.01 02.05 02.08 02.17 02.28 02.31 01.80 01.81 01.82 01.81 01.78 01.83 01.87 01.90 02.17 02.23 02.19 02.24 02.28 02.29 02.30 02.29 02.33 02.37 02.38 02.40 02.41 02.16 02.15 02.07 01.97 01.94 01.86 01.96 01.78 01.84 02.04 02.31 02.37 02.38 02.33 02.36 02.22 02.73 02.76 02.68 02.74 03.02 03.05 03.06 03.10 03.10 03.32 03.48 03.66 04.00 04.49 04.41 04.15 03.23 03.27 03.08 02.85 03.45 03.47 03.43 03.00 03.05 02.65 02.43 02.82 03.18 03.31
02.04 02.20 02.25 01.99 01.99 01.99 01.88 01.69 01.66 01.72 01.78 01.79 01.81 01.83 01.83 01.82 01.87 02.20 02.26 02.27 02.31 02.33 02.33 02.33 02.33 02.33 02.34 02.38 02.43 02.45 02.45 02.47 02.49 02.15 02.03 02.12 02.09 02.16 01.91 02.30 02.41 02.45 02.49 02.47 02.45 02.43 02.37 02.66 02.87 02.86 02.80 02.75 02.69 02.62 02.79 02.83 03.20 03.38 03.62 04.10 04.48 04.60 04.27 03.78 03.66 03.25 03.13 03.15 03.19 03.28 02.85 02.59 02.79 03.51 03.89 03.76 03.76
02.14 01.92 01.80 01.76 01.55 01.57 01.59 01.61 01.62 01.67 01.72 01.76 01.79 01.84 01.99 02.23 02.24 02.23 02.26 02.30 02.34 02.37 02.36 02.36 02.36 02.36 02.38 02.42 02.45 02.46 02.47 02.48 02.48 02.46 02.46 02.37 02.40 02.44 02.45 02.50 02.53 02.54 02.56 02.53 02.50 02.48 02.46 02.81 02.98 02.99 02.96 02.90 02.79 02.75 02.71 02.73 02.75 02.86 03.52 04.07 04.47 04.60 04.57 04.27 03.82 03.56 03.38 03.29 02.93 02.85 02.82 02.90 03.27 03.72 04.43 04.00 04.10
02.18 01.70 01.86 01.88 01.69 01.62 01.61 01.61 01.63 01.65 01.66 01.68 01.81 02.05 02.22 02.26 02.27 02.27 02.26 02.29 02.32 02.35 02.38 02.38 02.39 02.44 02.44 02.44 02.45 02.47 02.48 02.48 02.48 02.48 02.49 02.49 02.29 02.53 02.53 02.54 02.55 02.56 02.56 02.57 02.55 02.52 02.51 02.96 03.08 03.07 03.04 02.99 02.91 02.86 02.83 02.80 02.77 02.75 03.11 03.44 04.23 04.50 04.55 04.51 04.49 04.48 03.73 03.53 03.51 02.41 02.47 03.04 03.32 03.69 04.28 04.24 04.33
01.77 01.94 02.00 01.98 02.01 01.77 01.73 01.71 01.78 01.94 02.06 02.10 02.13 02.18 02.23 02.27 02.28 02.29 02.29 02.29 02.31 02.34 02.36 02.39 02.45 02.46 02.46 02.46 02.46 02.47 02.48 02.49 02.50 02.50 02.50 02.48 02.40 02.36 02.55 02.56 02.56 02.57 02.58 02.59 02.59 02.56 02.72 03.11 03.16 03.15 03.11 03.06 03.01 02.97 02.92 02.91 02.88 02.84 02.95 03.20 03.75 04.22 04.48 04.56 04.64 04.74 04.20 03.51 03.31 02.59 02.45 02.55 03.19 03.73 04.23 04.22 04.17
01.87 02.00 02.10 02.27 02.18 02.03 02.03 02.04 02.06 02.08 02.11 02.13 02.15 02.17 02.21 02.25 02.28 02.29 02.31 02.32 02.31 02.33 02.37 02.44 02.46 02.47 02.47 02.47 02.47 02.48 02.49 02.50 02.50 02.51 02.51 02.51 02.49 02.51 02.52 02.55 02.57 02.58 02.58 02.59 02.59 02.59 03.01 03.19 03.20 03.19 03.17 03.12 03.09 03.06 03.01 02.98 02.95 02.92 02.96 03.04 03.24 03.97 04.45 04.58 04.69 04.81 04.42 03.60 03.20 02.83 02.38 02.61 02.92 03.50 04.08 04.12 04.08
01.97 02.04 02.08 02.19 02.23 02.34 02.00 02.05 02.07 02.09 02.11 02.14 02.16 02.17 02.19 02.23 02.27 02.30 02.31 02.32 02.37 02.38 02.41 02.44 02.46 02.47 02.48 02.48 02.48 02.49 02.49 02.50 02.51 02.52 02.52 02.52 02.52 02.52 02.52 02.55 02.57 02.58 02.59 02.60 02.75 02.95 03.16 03.22 03.24 03.23 03.21 03.17 03.16 03.12 03.08 03.05 03.01 02.98 03.01 03.06 03.11 03.73 03.92 04.08 04.30 04.39 04.22 04.15 03.51 02.65 02.62 02.75 02.97 03.21 03.82 04.18 03.97
01.99 02.01 02.01 02.23 02.45 02.42 02.32 02.07 02.06 02.08 02.09 02.12 02.15 02.17 02.19 02.22 02.25 02.28 02.31 02.37 02.42 02.43 02.41 02.43 02.46 02.47 02.49 02.50 02.49 02.50 02.50 02.51 02.52 02.53 02.53 02.54 02.53 02.53 02.53 02.55 02.57 02.58 02.61 03.12 03.15 03.19 03.23 03.25 03.25 03.25 03.24 03.21 03.19 03.16 03.14 03.11 03.07 03.03 03.06 03.10 03.12 03.50 03.34 03.70 04.12 04.34 04.46 04.30 03.73 02.60 02.82 02.97 03.03 03.20 03.76 04.05 04.13
01.90 01.93 02.09 02.49 02.46 02.40 02.31 02.19 02.06 02.07 02.09 02.12 02.14 02.16 02.18 02.20 02.26 02.33 02.38 02.41 02.43 02.44 02.44 02.43 02.45 02.47 02.49 02.50 02.51 02.51 02.51 02.52 02.53 02.54 02.54 02.55 02.55 02.55 02.54 02.54 02.56 02.65 03.12 03.21 03.21 03.23 03.23 03.25 03.27 03.26 03.25 03.24 03.21 03.18 03.17 03.16 03.12 03.08 03.11 03.13 03.13 03.23 03.27 03.49 03.77 04.05 04.08 04.01 03.40 02.67 02.94 03.10 03.14 03.29 03.49 04.13 04.38
01.87 02.07 02.47 02.49 02.47 02.06 02.05 02.08 02.13 02.07 02.10 02.12 02.19 02.25 02.30 02.31 02.33 02.36 02.37 02.41 02.44 02.45 02.45 02.45 02.44 02.46 02.48 02.50 02.51 02.52 02.53 02.54 02.55 02.55 02.55 02.56 02.56 02.56 02.57 02.56 02.56 02.92 03.20 03.26 03.28 03.22 03.17 03.20 03.25 03.27 03.26 03.24 03.22 03.21 03.19 03.17 03.16 03.13 03.15 03.17 03.16 03.15 03.15 03.20 03.44 03.66 03.67 03.47 03.05 02.99 03.00 03.07 03.11 03.22 03.46 03.89 04.02
02.17 02.34 02.50 02.53 02.50 02.36 02.21 02.15 02.22 02.23 02.23 02.24 02.26 02.27 02.29 02.31 02.33 02.35 02.37 02.39 02.42 02.45 02.46 02.47 02.46 02.46 02.48 02.50 02.51 02.53 02.54 02.55 02.55 02.56 02.56 02.57 02.57 02.58 02.58 02.58 02.70 03.13 03.23 03.27 03.28 03.27 03.22 03.16 03.21 03.25 03.26 03.24 03.23 03.23 03.21 03.19 03.17 03.15 03.19 03.20 03.18 03.18 03.16 03.17 03.35 03.44 03.57 03.88 03.85 03.38 03.05 02.84 02.88 02.95 03.00 03.09 03.11
02.25 02.46 02.53 02.54 02.54 02.41 02.17 02.15 02.20 02.26 02.25 02.25 02.26 02.28 02.30 02.33 02.34 02.36 02.37 02.38 02.41 02.44 02.47 02.48 02.48 02.46 02.47 02.50 02.53 02.54 02.55 02.55 02.56 02.57 02.57 02.58 02.58 02.59 02.59 02.59 03.06 03.21 03.25 03.26 03.26 03.27 03.27 03.21 03.18 03.21 03.24 03.25 03.24 03.23 03.22 03.21 03.19 03.19 03.21 03.21 03.20 03.19 03.17 03.17 03.27 03.33 03.55 04.10 03.84 03.38 02.90 02.59 02.64 02.82 02.82 02.99 03.24
02.30 02.43 02.54 02.53 02.51 02.32 02.11 02.14 02.18 02.23 02.25 02.26 02.26 02.27 02.30 02.32 02.34 02.35 02.37 02.38 02.40 02.43 02.46 02.48 02.49 02.51 02.50 02.52 02.54 02.55 02.55 02.56 02.56 02.58 02.58 02.59 02.59 02.60 02.61 03.00 03.20 03.25 03.26 03.26 03.25 03.26 03.26 03.26 03.19 03.18 03.20 03.24 03.25 03.23 03.23 03.22 03.21 03.22 03.22 03.22 03.21 03.20 03.19 03.16 03.18 03.25 03.58 03.79 03.60 03.23 02.79 02.65 02.80 02.97 03.10 03.26 03.59
02.31 02.36 02.54 02.54 02.55 02.13 02.06 02.09 02.17 02.22 02.26 02.26 02.26 02.26 02.29 02.32 02.33 02.34 02.36 02.38 02.40 02.42 02.45 02.48 02.51 02.53 02.53 02.53 02.54 02.55 02.56 02.57 02.57 02.58 02.59 02.60 02.60 02.61 02.97 03.20 03.26 03.27 03.27 03.27 03.26 03.24 03.25 03.26 03.25 03.16 03.18 03.20 03.22 03.23 03.22 03.22 03.22 03.23 03.23 03.23 03.22 03.22 03.22 03.20 03.18 03.19 03.34 03.40 03.39 02.92 02.85 02.79 02.94 03.10 03.21 03.31 03.49
02.30 02.50 02.54 02.54 02.57 02.30 01.97 02.03 02.15 02.21 02.25 02.27 02.27 02.27 02.29 02.32 02.34 02.35 02.37 02.38 02.40 02.44 02.48 02.51 02.53 02.54 02.55 02.54 02.55 02.56 02.57 02.58 02.58 02.59 02.60 02.61 02.68 02.96 03.19 03.26 03.28 03.28 03.28 03.27 03.26 03.25 03.24 03.24 03.25 03.23 03.16 03.18 03.20 03.21 03.22 03.22 03.22 03.23 03.23 03.23 03.23 03.23 03.23 03.23 03.21 03.22 03.25 03.23 03.18 03.03 02.95 03.00 03.09 03.19 03.21 03.26 03.38
02.38 02.49 02.51 02.54 02.56 02.32 02.07 02.06 02.11 02.20 02.24 02.28 02.28 02.28 02.28 02.32 02.37 02.39 02.42 02.45 02.47 02.48 02.50 02.51 02.53 02.54 02.55 02.56 02.55 02.56 02.57 02.59 02.59 02.60 02.61 02.91 03.17 03.21 03.25 03.27 03.27 03.28 03.27 03.27 03.26 03.25 03.24 03.24 03.23 03.24 03.22 03.17 03.18 03.20 03.22 03.18 03.20 03.22 03.23 03.24 03.23 03.23 03.23 03.23 03.22 03.22 03.23 03.19 03.16 03.07 03.18 03.17 03.19 03.21 03.21 03.19 03.23
02.31 02.42 02.50 02.52 02.44 02.50 02.03 02.11 02.20 02.27 02.31 02.34 02.37 02.37 02.37 02.39 02.42 02.44 02.45 02.46 02.48 02.49 02.50 02.51 02.53 02.54 02.55 02.56 02.57 02.57 02.58 02.59 02.60 02.61 02.86 03.17 03.25 03.25 03.26 03.26 03.27 03.27 03.27 03.26 03.26 03.25 03.24 03.24 03.23 03.23 03.23 03.21 03.16 03.12 03.10 03.14 03.19 03.20 03.22 03.22 03.23 03.23 03.22 03.22 03.21 03.20 03.20 03.17 03.13 03.12 03.28 03.29 03.26 03.23 03.23 03.20 03.19
02.32 02.40 02.43 02.50 02.40 02.16 01.98 02.11 02.21 02.28 02.32 02.36 02.39 02.39 02.40 02.40 02.43 02.45 02.46 02.48 02.48 02.49 02.50 02.51 02.53 02.54 02.56 02.57 02.58 02.58 02.59 02.60 02.61 02.96 03.18 03.24 03.26 03.26 03.26 03.26 03.26 03.26 03.26 03.26 03.25 03.25 03.25 03.24 03.24 03.22 03.22 03.22 03.22 03.03 03.05 03.08 03.13 03.18 03.19 03.20 03.21 03.21 03.20 03.19 03.19 03.19 03.18 03.17 03.14 03.23 03.33 03.32 03.30 03.26 03.25 03.21 03.20
02.37 02.42 02.51 02.51 02.34 02.22 02.06 02.15 02.21 02.27 02.33 02.37 02.40 02.40 02.41 02.41 02.43 02.45 02.47 02.48 02.48 02.48 02.49 02.51 02.53 02.54 02.56 02.58 02.59 02.60 02.60 02.78 03.09 03.19 03.24 03.26 03.27 03.27 03.26 03.26 03.25 03.25 03.25 03.25 03.25 03.25 03.24 03.24 03.24 03.23 03.22 03.22 03.22 03.22 03.04 03.04 03.08 03.12 03.16 03.18 03.18 03.19 03.18 03.17 03.18 03.19 03.18 03.18 03.17 03.35 03.37 03.35 03.33 03.31 03.27 03.24 03.20
02.35 02.40 02.47 02.55 02.32 02.22 02.18 02.16 02.21 02.27 02.32 02.37 02.40 02.42 02.42 02.43 02.44 02.46 02.47 02.46 02.46 02.48 02.49 02.50 02.50 02.53 02.55 02.58 02.60 02.82 03.14 03.13 03.19 03.23 03.25 03.26 03.26 03.27 03.27 03.25 03.24 03.24 03.24 03.24 03.25 03.24 03.24 03.25 03.24 03.23 03.22 03.22 03.22 03.22 03.22 03.10 03.07 03.06 03.10 03.14 03.16 03.17 03.16 03.16 03.17 03.19 03.19 03.19 03.29 03.39 03.38 03.36 03.35 03.35 03.31 03.29 03.23
02.33 02.38 02.44 02.46 02.36 02.29 02.26 02.23 02.23 02.30 02.33 02.37 02.41 02.43 02.44 02.45 02.46 02.48 02.49 02.50 02.50 02.50 02.50 02.50 02.51 02.52 02.55 02.66 02.89 03.15 03.21 03.22 03.21 03.23 03.25 03.26 03.26 03.26 03.26 03.26 03.23 03.23 03.23 03.24 03.23 03.24 03.25 03.24 03.24 03.23 03.22 03.22 03.22 03.21 03.22 03.21 03.11 03.07 03.06 03.09 03.12 03.14 03.14 03.15 03.17 03.19 03.19 03.23 03.41 03.41 03.38 03.36 03.36 03.35 03.35 03.34 03.29
02.30 02.42 02.55 02.35 02.41 02.35 02.32 02.30 02.30 02.40 02.39 02.41 02.45 02.47 02.47 02.47 02.47 02.48 02.50 02.51 02.51 02.51 02.51 02.51 02.61 02.78 02.96 03.07 03.14 03.21 03.23 03.24 03.20 03.21 03.24 03.24 03.25 03.25 03.25 03.25 03.25 03.23 03.23 03.23 03.23 03.24 03.24 03.24 03.23 03.21 03.21 03.21 03.21 03.21 03.21 03.21 03.21 03.20 03.06 03.05 03.07 03.10 03.12 03.14 03.15 03.18 03.19 03.37 03.43 03.42 03.38 03.36 03.37 03.36 03.36 03.35 03.33
02.29 02.42 02.40 02.45 02.44 02.40 02.37 02.35 02.36 02.38 02.44 02.36 02.41 02.46 02.49 02.47 02.47 02.47 02.49 02.55 02.65 02.76 02.88 02.98 03.02 03.07 03.11 03.14 03.16 03.20 03.24 03.24 03.24 03.18 03.21 03.23 03.24 03.24 03.25 03.25 03.25 03.24 03.22 03.23 03.23 03.23 03.22 03.22 03.19 03.20 03.21 03.20 03.20 03.21 03.21 03.20 03.20 03.20 03.20 03.15 03.04 03.07 03.09 03.11 03.12 03.15 03.31 03.44 03.45 03.42 03.37 03.36 03.36 03.37 03.37 03.36 03.34
