data/trial10/ashley.toa
NCOLS 382
NROWS 266
XLLCORNER 157819.328125
YLLCORNER 384678.625000
CELLSIZE 30.000000
NODATA_VALUE -1
[rows 156 to 181 of 266, columns 180 to 239 of 382]
00014.634 00014.689 00014.747 00014.831 00014.921 00015.007 00015.113 00015.168 00015.075 00015.059 00015.084 00015.110 00015.148 00015.198 00015.253 00015.311 00015.377 00015.447 00015.518 00015.595 00015.675 00015.736 00015.787 00015.835 00015.882 00015.928 00015.973 00016.020 00016.079 00016.150 00016.223 00016.297 00016.392 00016.501 00016.610 00016.689 00016.664 00016.692 00016.720 00016.728 00016.726 00016.723 00016.767 00016.835 00016.904 00016.983 00017.044 00017.087 00017.121 00017.162 00017.203 00017.282 00017.434 00017.588 00017.739 00017.822 00017.844 00017.885 00017.913 00017.962
00014.760 00014.813 00014.869 00014.929 00014.990 00015.059 00015.124 00015.220 00015.288 00015.264 00015.288 00015.315 00015.348 00015.382 00015.439 00015.499 00015.563 00015.630 00015.703 00015.782 00015.868 00015.961 00016.063 00016.105 00016.141 00016.181 00016.236 00016.289 00016.337 00016.388 00016.463 00016.543 00016.626 00016.714 00016.820 00016.923 00017.013 00016.972 00016.994 00017.014 00017.001 00016.986 00016.975 00017.012 00017.056 00017.088 00017.119 00017.149 00017.182 00017.216 00017.257 00017.296 00017.372 00017.525 00017.683 00017.816 00017.876 00017.926 00017.969 00018.038
00014.919 00014.955 00014.993 00015.045 00015.111 00015.178 00015.244 00015.307 00015.368 00015.427 00015.485 00015.518 00015.555 00015.592 00015.631 00015.682 00015.755 00015.834 00015.917 00015.995 00016.085 00016.177 00016.281 00016.381 00016.446 00016.477 00016.516 00016.569 00016.617 00016.658 00016.700 00016.786 00016.883 00016.972 00017.042 00017.088 00017.130 00017.171 00017.205 00017.213 00017.220 00017.195 00017.177 00017.166 00017.159 00017.184 00017.207 00017.227 00017.251 00017.286 00017.323 00017.358 00017.409 00017.497 00017.699 00017.864 00018.017 00018.155 00018.199 00018.237
00015.068 00015.105 00015.151 00015.200 00015.252 00015.305 00015.366 00015.427 00015.486 00015.544 00015.604 00015.693 00015.840 00015.809 00015.844 00015.898 00015.958 00016.034 00016.131 00016.230 00016.325 00016.422 00016.510 00016.595 00016.679 00016.790 00016.823 00016.861 00016.908 00016.953 00016.994 00017.032 00017.087 00017.131 00017.172 00017.212 00017.250 00017.289 00017.329 00017.373 00017.420 00017.422 00017.371 00017.346 00017.321 00017.301 00017.312 00017.328 00017.347 00017.371 00017.397 00017.426 00017.465 00017.548 00017.681 00017.848 00018.021 00018.318 00018.515 00018.482
00015.217 00015.259 00015.304 00015.353 00015.406 00015.459 00015.513 00015.567 00015.620 00015.678 00015.755 00015.853 00015.992 00016.120 00016.069 00016.134 00016.204 00016.277 00016.351 00016.432 00016.524 00016.619 00016.714 00016.808 00016.898 00016.993 00017.063 00017.114 00017.143 00017.167 00017.191 00017.211 00017.230 00017.246 00017.283 00017.321 00017.357 00017.391 00017.428 00017.468 00017.512 00017.558 00017.609 00017.547 00017.509 00017.467 00017.433 00017.442 00017.454 00017.467 00017.495 00017.526 00017.562 00017.604 00017.673 00017.877 00018.098 00018.322 00018.461 00018.523
00015.350 00015.395 00015.442 00015.492 00015.548 00015.609 00015.665 00015.723 00015.779 00015.835 00015.912 00016.042 00016.284 00016.430 00016.480 00016.376 00016.435 00016.490 00016.554 00016.630 00016.709 00016.788 00016.877 00016.972 00017.046 00017.095 00017.138 00017.180 00017.223 00017.271 00017.320 00017.370 00017.403 00017.405 00017.422 00017.440 00017.462 00017.496 00017.532 00017.569 00017.608 00017.648 00017.688 00017.736 00017.713 00017.652 00017.596 00017.562 00017.574 00017.586 00017.604 00017.624 00017.655 00017.697 00017.766 00017.840 00018.037 00018.281 00018.471 00018.591
00015.514 00015.522 00015.569 00015.616 00015.664 00015.716 00015.781 00015.848 00015.918 00015.987 00016.072 00016.155 00016.427 00016.706 00016.846 00016.673 00016.665 00016.714 00016.761 00016.811 00016.887 00016.967 00017.037 00017.085 00017.128 00017.170 00017.211 00017.253 00017.297 00017.344 00017.391 00017.434 00017.474 00017.512 00017.548 00017.582 00017.601 00017.619 00017.634 00017.659 00017.696 00017.735 00017.776 00017.816 00017.856 00017.844 00017.766 00017.712 00017.697 00017.709 00017.721 00017.744 00017.771 00017.803 00017.850 00017.917 00018.025 00018.273 00018.529 00018.730
00015.681 00015.685 00015.693 00015.741 00015.790 00015.841 00015.896 00015.957 00016.026 00016.110 00016.198 00016.370 00016.635 00016.908 00017.113 00016.986 00016.913 00016.953 00016.991 00017.027 00017.058 00017.084 00017.124 00017.164 00017.205 00017.246 00017.287 00017.327 00017.367 00017.409 00017.449 00017.488 00017.526 00017.564 00017.600 00017.636 00017.671 00017.708 00017.747 00017.789 00017.829 00017.842 00017.866 00017.906 00017.947 00017.990 00017.952 00017.881 00017.826 00017.835 00017.851 00017.871 00017.892 00017.924 00017.961 00018.025 00018.144 00018.313 00018.603 00018.782
00015.847 00015.849 00015.858 00015.867 00015.911 00015.961 00016.015 00016.080 00016.155 00016.244 00016.356 00016.573 00016.846 00017.067 00017.193 00017.322 00017.230 00017.244 00017.258 00017.282 00017.263 00017.246 00017.255 00017.274 00017.296 00017.319 00017.359 00017.397 00017.435 00017.473 00017.510 00017.548 00017.587 00017.624 00017.659 00017.694 00017.731 00017.769 00017.808 00017.847 00017.886 00017.926 00017.967 00018.012 00018.072 00018.135 00018.169 00018.072 00017.994 00017.960 00017.980 00018.001 00018.033 00018.066 00018.100 00018.141 00018.213 00018.382 00018.682 00018.995
00016.016 00016.017 00016.026 00016.040 00016.054 00016.103 00016.168 00016.234 00016.306 00016.384 00016.528 00016.716 00016.909 00017.095 00017.194 00017.210 00017.229 00017.257 00017.327 00017.401 00017.474 00017.470 00017.408 00017.402 00017.424 00017.445 00017.468 00017.492 00017.516 00017.541 00017.571 00017.607 00017.643 00017.679 00017.715 00017.751 00017.789 00017.828 00017.868 00017.908 00017.949 00017.989 00018.042 00018.100 00018.160 00018.223 00018.289 00018.307 00018.202 00018.124 00018.143 00018.180 00018.218 00018.258 00018.299 00018.339 00018.392 00018.573 00018.896 00019.385
00016.223 00016.224 00016.226 00016.241 00016.257 00016.275 00016.321 00016.387 00016.453 00016.523 00016.624 00016.723 00016.955 00017.073 00017.132 00017.166 00017.196 00017.241 00017.276 00017.348 00017.463 00017.480 00017.468 00017.465 00017.498 00017.526 00017.552 00017.582 00017.614 00017.648 00017.671 00017.701 00017.732 00017.763 00017.796 00017.831 00017.869 00017.908 00017.949 00017.992 00018.043 00018.096 00018.149 00018.205 00018.266 00018.334 00018.404 00018.475 00018.435 00018.348 00018.315 00018.359 00018.408 00018.461 00018.501 00018.537 00018.612 00018.722 00019.048 00019.437
00016.439 00016.435 00016.436 00016.445 00016.460 00016.480 00016.501 00016.544 00016.614 00016.686 00016.771 00016.889 00017.007 00017.054 00017.111 00017.172 00017.207 00017.236 00017.281 00017.358 00017.404 00017.415 00017.449 00017.481 00017.515 00017.549 00017.582 00017.614 00017.646 00017.677 00017.709 00017.744 00017.779 00017.816 00017.854 00017.891 00017.928 00017.964 00018.003 00018.060 00018.117 00018.175 00018.236 00018.301 00018.367 00018.435 00018.504 00018.575 00018.663 00018.607 00018.511 00018.551 00018.604 00018.655 00018.757 00018.995 00019.054 00019.100 00019.138 00019.425
00016.660 00016.650 00016.651 00016.653 00016.668 00016.685 00016.708 00016.732 00016.770 00016.842 00016.918 00017.000 00017.062 00017.109 00017.150 00017.192 00017.237 00017.275 00017.315 00017.352 00017.400 00017.443 00017.479 00017.515 00017.551 00017.588 00017.623 00017.658 00017.693 00017.727 00017.762 00017.796 00017.833 00017.871 00017.909 00017.948 00017.987 00018.039 00018.096 00018.153 00018.210 00018.268 00018.328 00018.390 00018.455 00018.523 00018.592 00018.662 00018.740 00018.834 00018.816 00018.757 00018.805 00018.886 00019.175 00019.484 00019.732 00019.824 00019.944 00020.144
00016.885 00016.872 00016.871 00016.872 00016.880 00016.896 00016.916 00016.941 00016.967 00017.001 00017.051 00017.092 00017.132 00017.170 00017.206 00017.244 00017.283 00017.322 00017.363 00017.404 00017.448 00017.488 00017.528 00017.566 00017.604 00017.642 00017.679 00017.715 00017.751 00017.786 00017.821 00017.857 00017.894 00017.933 00017.972 00018.017 00018.076 00018.134 00018.192 00018.251 00018.311 00018.371 00018.430 00018.489 00018.551 00018.615 00018.682 00018.753 00018.832 00018.917 00019.025 00018.987 00019.059 00019.289 00019.525 00019.703 00019.854 00020.008 00020.164 00020.336
00017.084 00017.077 00017.072 00017.073 00017.073 00017.081 00017.092 00017.105 00017.121 00017.139 00017.161 00017.182 00017.203 00017.235 00017.272 00017.309 00017.345 00017.383 00017.423 00017.463 00017.504 00017.544 00017.585 00017.625 00017.665 00017.704 00017.743 00017.781 00017.818 00017.855 00017.892 00017.930 00017.967 00018.007 00018.063 00018.120 00018.180 00018.241 00018.304 00018.369 00018.433 00018.494 00018.553 00018.611 00018.669 00018.729 00018.796 00018.871 00018.954 00019.093 00019.284 00019.463 00019.346 00019.563 00019.740 00019.887 00020.040 00020.194 00020.355 00020.523
00017.232 00017.224 00017.218 00017.213 00017.213 00017.213 00017.219 00017.231 00017.242 00017.257 00017.273 00017.292 00017.314 00017.337 00017.363 00017.390 00017.417 00017.446 00017.481 00017.521 00017.562 00017.605 00017.650 00017.695 00017.739 00017.781 00017.821 00017.861 00017.900 00017.939 00017.976 00018.018 00018.069 00018.122 00018.178 00018.236 00018.295 00018.356 00018.419 00018.482 00018.545 00018.607 00018.669 00018.732 00018.793 00018.855 00018.923 00019.003 00019.194 00019.381 00019.606 00019.881 00019.958 00019.910 00019.939 00020.113 00020.278 00020.454 00020.638 00020.838
00017.384 00017.368 00017.361 00017.355 00017.351 00017.351 00017.351 00017.355 00017.367 00017.378 00017.391 00017.407 00017.423 00017.444 00017.466 00017.489 00017.517 00017.546 00017.576 00017.613 00017.651 00017.693 00017.737 00017.781 00017.825 00017.868 00017.910 00017.952 00017.991 00018.041 00018.093 00018.144 00018.195 00018.248 00018.304 00018.361 00018.421 00018.482 00018.543 00018.605 00018.667 00018.731 00018.797 00018.863 00018.927 00018.995 00019.150 00019.320 00019.480 00019.621 00019.763 00020.054 00020.324 00020.466 00020.379 00020.421 00020.618 00020.810 00021.022 00021.401
00017.537 00017.520 00017.507 00017.500 00017.494 00017.490 00017.490 00017.490 00017.492 00017.504 00017.515 00017.527 00017.543 00017.558 00017.575 00017.597 00017.620 00017.643 00017.672 00017.707 00017.745 00017.785 00017.829 00017.875 00017.921 00017.967 00018.016 00018.079 00018.138 00018.179 00018.229 00018.280 00018.330 00018.381 00018.438 00018.498 00018.557 00018.616 00018.676 00018.738 00018.805 00018.874 00018.943 00019.022 00019.165 00019.311 00019.445 00019.587 00019.722 00019.869 00020.039 00020.253 00020.459 00020.695 00020.996 00020.866 00021.076 00021.377 00021.952 00032.286
00017.688 00017.675 00017.659 00017.647 00017.640 00017.634 00017.631 00017.630 00017.631 00017.631 00017.642 00017.654 00017.665 00017.679 00017.695 00017.712 00017.731 00017.755 00017.780 00017.807 00017.836 00017.867 00017.907 00017.952 00017.998 00018.061 00018.125 00018.189 00018.251 00018.313 00018.375 00018.432 00018.484 00018.538 00018.592 00018.648 00018.705 00018.765 00018.830 00018.898 00018.968 00019.071 00019.208 00019.352 00019.500 00019.638 00019.763 00019.873 00019.981 00020.107 00020.281 00020.483 00020.719 00020.990 00021.501 00032.018 00032.031 00032.268 00032.462 00032.647
00017.839 00017.830 00017.815 00017.798 00017.788 00017.782 00017.775 00017.772 00017.772 00017.773 00017.773 00017.782 00017.794 00017.805 00017.817 00017.834 00017.851 00017.868 00017.890 00017.916 00017.943 00017.974 00018.015 00018.068 00018.126 00018.189 00018.252 00018.316 00018.379 00018.442 00018.506 00018.569 00018.633 00018.698 00018.757 00018.813 00018.872 00018.936 00019.006 00019.134 00019.268 00019.404 00019.545 00019.692 00019.846 00019.992 00020.100 00020.187 00020.291 00020.409 00020.569 00020.778 00021.077 00021.618 00032.243 00032.501 00032.435 00032.604 00032.772 00032.940
00017.992 00017.981 00017.972 00017.956 00017.939 00017.931 00017.925 00017.918 00017.915 00017.915 00017.916 00017.916 00017.924 00017.935 00017.947 00017.959 00017.975 00017.992 00018.014 00018.038 00018.069 00018.106 00018.145 00018.187 00018.242 00018.307 00018.372 00018.439 00018.506 00018.574 00018.643 00018.713 00018.783 00018.853 00018.914 00018.975 00019.078 00019.209 00019.338 00019.470 00019.607 00019.749 00019.896 00020.048 00020.185 00020.315 00020.447 00020.559 00020.688 00020.867 00021.088 00021.393 00021.844 00032.266 00032.513 00032.743 00032.842 00032.923 00033.063 00033.188
00018.179 00018.166 00018.153 00018.139 00018.118 00018.101 00018.092 00018.084 00018.076 00018.074 00018.073 00018.074 00018.075 00018.084 00018.098 00018.113 00018.131 00018.151 00018.174 00018.197 00018.223 00018.249 00018.290 00018.335 00018.386 00018.444 00018.507 00018.573 00018.640 00018.708 00018.778 00018.850 00018.921 00018.990 00019.121 00019.265 00019.411 00019.536 00019.670 00019.815 00019.959 00020.111 00020.267 00020.413 00020.549 00020.680 00020.825 00021.007 00021.228 00021.605 00032.084 00032.305 00032.460 00032.584 00032.759 00032.991 00033.175 00033.195 00033.298 00033.398
00018.372 00018.357 00018.344 00018.333 00018.313 00018.293 00018.280 00018.271 00018.263 00018.255 00018.254 00018.254 00018.255 00018.257 00018.266 00018.280 00018.295 00018.315 00018.335 00018.359 00018.384 00018.410 00018.436 00018.466 00018.519 00018.577 00018.638 00018.701 00018.767 00018.834 00018.900 00018.967 00019.074 00019.222 00019.377 00019.537 00019.701 00019.862 00020.029 00020.169 00020.330 00020.505 00020.688 00020.838 00020.976 00021.112 00021.264 00021.519 00032.072 00032.462 00032.662 00032.784 00032.879 00032.961 00033.040 00033.186 00033.321 00033.440 00033.487 00033.555
00018.568 00018.553 00018.539 00018.525 00018.512 00018.491 00018.471 00018.461 00018.452 00018.444 00018.439 00018.438 00018.438 00018.439 00018.441 00018.452 00018.467 00018.483 00018.502 00018.522 00018.547 00018.574 00018.601 00018.630 00018.660 00018.691 00018.751 00018.817 00018.884 00018.950 00019.030 00019.165 00019.307 00019.455 00019.607 00019.760 00019.917 00020.089 00020.280 00020.492 00020.726 00020.936 00021.158 00021.346 00021.520 00021.714 00022.194 00032.301 00032.621 00032.985 00033.117 00033.194 00033.241 00033.306 00033.355 00033.392 00033.423 00033.526 00033.634 00033.721
00018.771 00018.752 00018.737 00018.723 00018.710 00018.693 00018.671 00018.656 00018.646 00018.637 00018.629 00018.625 00018.624 00018.625 00018.626 00018.628 00018.640 00018.655 00018.671 00018.692 00018.713 00018.737 00018.764 00018.792 00018.824 00018.859 00018.903 00018.954 00019.019 00019.139 00019.286 00019.432 00019.574 00019.716 00019.858 00020.012 00020.177 00020.350 00020.536 00020.732 00020.947 00021.283 00021.725 00032.238 00032.434 00032.604 00032.788 00032.988 00033.089 00033.199 00033.376 00033.522 00033.571 00033.593 00033.596 00033.607 00033.632 00033.657 00033.714 00033.817
00018.984 00018.956 00018.941 00018.925 00018.911 00018.899 00018.877 00018.855 00018.844 00018.834 00018.826 00018.818 00018.815 00018.814 00018.815 00018.817 00018.819 00018.832 00018.848 00018.863 00018.884 00018.905 00018.928 00018.955 00018.983 00019.033 00019.103 00019.193 00019.308 00019.438 00019.575 00019.721 00019.869 00020.020 00020.170 00020.320 00020.476 00020.659 00020.865 00021.084 00021.335 00021.651 00032.174 00032.590 00032.936 00033.118 00033.169 00033.220 00033.278 00033.388 00033.527 00033.664 00033.777 00033.813 00033.813 00033.809 00033.822 00033.846 00033.874 00033.905
