data/trial10/ashley.hpa
NCOLS 382
NROWS 266
XLLCORNER 157819.328125
YLLCORNER 384678.625000
CELLSIZE 30.000000
NODATA_VALUE -1
[rows 182 to 207 of 266, columns 180 to 239 of 382]
00082.947 00083.430 00083.642 00083.840 00084.025 00084.187 00084.404 00084.620 00084.745 00084.803 00084.853 00084.890 00084.934 00085.107 00085.276 00085.179 00085.044 00084.911 00084.941 00084.941 00084.896 00084.712 00084.478 00084.158 00083.734 00083.246 00082.548 00081.750 00080.888 00079.187 00077.044 00074.491 00072.072 00068.752 00064.780 00062.221 00059.363 00055.551 00049.455 00041.639 00030.611 00078.257 00082.159 00086.464 00087.785 00088.316 00088.062 00088.229 00088.999 00090.802 00092.306 00092.095 00091.848 00091.572 00091.378 00091.255 00091.132 00091.139 00091.174 00091.322
00078.906 00079.708 00080.242 00080.558 00080.826 00081.076 00081.312 00081.679 00082.041 00082.212 00082.378 00082.521 00082.654 00082.823 00083.013 00083.069 00082.899 00082.730 00082.563 00082.401 00082.244 00082.005 00081.612 00081.239 00080.758 00079.894 00078.992 00077.645 00076.039 00074.511 00072.760 00070.631 00066.174 00063.088 00059.690 00054.172 00048.234 00041.979 00034.116 00075.906 00081.423 00085.543 00088.092 00088.514 00088.991 00088.654 00088.288 00088.394 00088.525 00089.769 00092.592 00092.658 00091.842 00091.582 00091.498 00091.352 00091.392 00091.435 00091.573 00091.699
00072.705 00073.473 00074.193 00074.699 00075.211 00075.670 00076.024 00076.700 00077.374 00077.815 00078.124 00078.434 00078.747 00079.001 00079.100 00079.207 00079.028 00078.837 00078.723 00078.472 00078.113 00077.530 00076.833 00076.112 00075.421 00074.422 00073.379 00072.410 00071.281 00069.589 00067.023 00064.505 00061.849 00058.471 00052.819 00044.821 00031.983 00072.712 00078.693 00082.400 00087.413 00088.576 00089.089 00089.553 00089.474 00089.323 00089.208 00089.152 00089.444 00090.560 00092.652 00093.180 00092.735 00092.047 00091.666 00091.713 00091.850 00091.987 00092.101 00092.180
00065.294 00066.625 00067.772 00068.599 00069.402 00070.116 00070.539 00071.041 00071.540 00071.926 00072.165 00072.404 00072.608 00072.828 00072.925 00072.994 00072.977 00072.860 00072.776 00072.610 00072.255 00071.887 00071.511 00070.959 00070.313 00069.032 00067.063 00065.310 00064.038 00062.531 00060.962 00058.877 00056.202 00049.634 00042.460 00031.448 00073.512 00080.551 00085.658 00087.412 00088.928 00089.384 00089.599 00089.875 00090.135 00089.909 00089.778 00089.870 00090.136 00090.498 00091.672 00093.882 00092.089 00092.364 00153.773 00184.934 00121.749 00103.350 00095.898 00092.751
-0001.000 00059.807 00060.688 00061.248 00061.741 00062.184 00062.483 00063.103 00063.724 00064.265 00064.589 00064.909 00065.189 00065.467 00065.681 00065.796 00065.831 00065.636 00065.460 00065.346 00064.867 00064.388 00063.927 00063.311 00062.599 00061.866 00060.771 00059.202 00057.483 00054.592 00050.554 00046.497 00042.804 00038.905 00021.245 00077.343 00081.447 00086.437 00088.200 00089.212 00089.546 00089.841 00090.136 00090.321 00090.249 00090.310 00090.391 00090.556 00090.659 00091.221 00092.726 00092.672 00092.229 00092.443 00176.472 00092.637 00092.589 00092.689 00092.913 00093.133
-0001.000 -0001.000 00077.939 00048.887 00050.233 00051.606 00052.889 00048.641 00034.126 -0001.000 00051.014 00057.747 00058.363 00058.769 00058.996 00059.074 00059.135 00058.962 00058.804 00058.657 00058.128 00057.443 00056.691 00055.284 00053.470 00051.565 00049.511 00046.045 00042.692 00039.118 00033.449 00018.345 00073.626 00078.222 00079.658 00083.640 00086.955 00088.330 00089.016 00089.616 00090.037 00090.320 00090.462 00090.636 00090.331 00090.308 00090.542 00090.762 00090.909 00091.532 00092.065 00092.126 00092.380 00092.629 00123.501 00112.633 00092.921 00093.005 00093.178 00093.435
-0001.000 -0001.000 -0001.000 00081.837 00077.939 00029.177 00032.248 00026.753 -0001.000 -0001.000 -0001.000 00019.495 00042.350 00043.223 00043.920 00044.058 00044.196 00044.024 00043.708 00043.421 00042.853 00041.547 00040.063 00038.345 00035.865 00032.676 00027.350 00077.362 00076.495 00080.863 00081.825 00082.285 00083.736 00085.458 00086.967 00087.579 00088.160 00088.718 00089.434 00090.021 00090.290 00090.552 00090.793 00090.812 00090.781 00090.757 00090.994 00091.254 00091.441 00091.689 00092.082 00092.276 00092.449 00092.275 00172.225 00236.809 00160.853 00107.752 00093.510 00093.586
-0001.000 -0001.000 -0001.000 -0001.000 -0001.000 -0001.000 00086.212 00082.743 -0001.000 -0001.000 -0001.000 00087.044 00078.976 00078.510 00078.286 00078.151 00077.996 00077.599 00076.504 00076.133 00076.261 00078.574 00080.995 00080.256 00079.897 00081.846 00082.981 00084.052 00084.984 00085.896 00087.222 00087.635 00087.633 00087.822 00088.153 00088.410 00088.685 00089.120 00089.620 00090.334 00090.606 00090.775 00091.009 00091.214 00091.311 00091.403 00091.494 00091.333 00091.535 00091.877 00091.858 00091.888 00092.052 00113.570 00481.088 00480.631 00287.477 00174.376 00107.611 00094.003
-0001.000 -0001.000 -0001.000 -0001.000 -0001.000 -0001.000 -0001.000 -0001.000 -0001.000 -0001.000 00091.253 00088.628 00087.119 00086.665 00086.049 00085.600 00085.531 00085.461 00085.644 00085.925 00086.516 00086.988 00087.038 00086.940 00086.968 00087.317 00087.856 00087.906 00087.713 00088.143 00088.617 00088.622 00088.705 00088.864 00089.091 00089.310 00089.602 00090.085 00090.427 00090.655 00090.852 00091.035 00091.169 00091.242 00091.643 00091.672 00091.491 00091.597 00091.826 00092.113 00092.113 00092.131 00092.320 00480.874 00484.080 00487.382 00094.629 00111.886 00094.288 00094.358
-0001.000 -0001.000 -0001.000 -0001.000 -0001.000 -0001.000 -0001.000 -0001.000 -0001.000 00091.814 00091.106 00089.862 00088.671 00088.422 00088.284 00088.210 00088.174 00088.146 00088.125 00088.181 00088.228 00088.208 00088.218 00088.256 00088.430 00088.709 00088.829 00088.855 00088.735 00088.776 00089.103 00089.214 00089.397 00089.631 00089.781 00089.956 00090.172 00090.522 00090.749 00090.944 00091.053 00091.174 00091.303 00091.669 00091.687 00091.832 00091.961 00092.145 00092.441 00092.503 00092.473 00092.386 00160.156 00483.275 00487.158 00304.752 00135.235 00094.813 00094.739 00094.747
-0001.000 -0001.000 -0001.000 -0001.000 -0001.000 -0001.000 -0001.000 -0001.000 -0001.000 -0001.000 00091.364 00090.387 00089.748 00089.488 00089.279 00089.263 00089.235 00089.211 00089.188 00089.225 00089.356 00089.323 00089.191 00089.156 00089.181 00089.348 00089.560 00089.501 00089.412 00089.504 00089.669 00089.824 00089.931 00090.171 00090.341 00090.524 00090.702 00090.883 00091.056 00091.189 00091.277 00091.572 00091.718 00091.734 00091.793 00092.024 00092.161 00092.217 00092.457 00092.843 00092.872 00092.825 00426.611 00485.820 00489.502 00492.066 00223.011 00095.123 00094.995 00094.992
00091.336 00091.873 00092.559 00092.670 -0001.000 -0001.000 -0001.000 -0001.000 -0001.000 -0001.000 00091.611 00090.721 00090.552 00090.327 00090.186 00090.011 00089.980 00090.006 00089.997 00089.987 00089.928 00089.840 00089.920 00090.031 00090.065 00090.100 00090.103 00090.065 00090.109 00090.214 00090.340 00090.430 00090.575 00090.698 00090.776 00090.882 00091.007 00091.128 00091.242 00091.499 00091.400 00091.486 00091.617 00091.783 00091.951 00092.096 00092.160 00092.412 00092.695 00092.654 00093.005 00103.703 00173.060 00486.841 00490.788 00494.032 00293.884 00106.046 00095.319 00095.267
00091.870 00092.555 00093.387 00094.192 00095.364 00095.440 -0001.000 -0001.000 -0001.000 -0001.000 -0001.000 00091.488 00091.247 00090.911 00090.696 00090.654 00090.577 00090.466 00090.426 00090.411 00090.395 00090.406 00090.419 00090.505 00090.578 00090.607 00090.622 00090.599 00090.590 00090.667 00090.752 00090.850 00090.941 00091.066 00091.172 00091.296 00091.242 00091.334 00169.687 00462.826 00471.055 00471.446 00238.934 00094.697 00092.149 00092.228 00092.410 00092.637 00092.695 00092.926 00093.126 00093.314 00093.482 00487.007 00490.926 00494.628 00321.078 00120.433 00095.661 00095.557
00092.516 00093.256 00094.293 00095.438 00096.541 00096.660 00097.242 00097.278 -0001.000 -0001.000 -0001.000 -0001.000 -0001.000 00091.694 00091.342 00091.218 00091.093 00091.023 00090.881 00090.870 00090.857 00090.857 00090.928 00091.002 00091.026 00091.056 00091.052 00091.060 00091.126 00091.184 00091.268 00091.338 00091.378 00091.479 00091.541 00091.588 00097.143 00267.835 00473.905 00475.724 00477.181 00477.494 00477.209 00476.058 00342.223 00158.686 00092.651 00092.777 00092.943 00093.082 00093.327 00093.523 00486.276 00489.489 00491.686 00494.851 00133.357 00117.820 00096.057 00095.901
00092.767 00093.827 00095.272 00096.920 00096.778 00097.084 00097.623 00097.944 00098.608 -0001.000 -0001.000 -0001.000 00094.336 00092.752 00091.798 00091.747 00091.641 00091.544 00091.465 00091.427 00091.416 00091.407 00091.430 00091.479 00091.511 00091.536 00091.527 00091.505 00091.545 00091.645 00091.714 00091.742 00091.837 00091.985 00092.005 00091.908 00288.008 00475.528 00478.819 00480.707 00482.739 00483.033 00483.153 00482.554 00371.186 00137.009 00108.915 00093.109 00093.289 00093.470 00093.648 00152.618 00268.163 00491.136 00494.339 00491.942 00103.252 00124.597 00096.415 00096.266
00093.233 00094.426 00096.106 00096.890 00097.121 00097.519 00098.043 00098.358 00098.834 00099.145 00099.046 -0001.000 00094.077 00093.182 00111.193 00212.232 00375.773 00478.109 00463.058 00477.881 00477.644 00277.952 00096.797 00091.898 00091.942 00091.927 00091.918 00091.961 00092.016 00092.068 00092.117 00092.166 00092.211 00092.300 00092.302 00097.301 00151.264 00240.803 00480.416 00483.983 00485.506 00486.595 00486.976 00179.477 00264.352 00160.045 00093.820 00093.830 00093.859 00093.973 00094.080 00094.150 00124.244 00249.076 00494.505 00378.958 00332.167 00115.586 00096.804 00096.648
00093.699 00094.949 00096.589 00097.277 00097.478 00097.840 00098.395 00098.669 00099.157 00098.613 00098.061 00096.866 00094.614 00093.798 00102.376 00186.293 00322.602 00483.692 00483.803 00483.921 00483.639 00366.313 00158.282 00266.374 00126.532 00092.584 00092.496 00092.465 00092.491 00092.512 00092.556 00092.599 00092.642 00092.601 00092.410 00092.477 00092.756 00477.902 00481.277 00485.254 00489.118 00490.883 00490.970 00479.509 00101.641 00094.749 00094.247 00094.362 00094.400 00094.426 00094.421 00094.574 00094.658 00102.479 00493.868 00182.166 00143.634 00113.125 00097.174 00097.013
00094.080 00095.533 00096.951 00097.651 00097.789 00098.053 00098.685 00098.877 00099.331 00098.183 00097.218 00096.088 00095.154 00109.348 00093.558 00156.418 00486.847 00488.601 00490.200 00490.543 00490.870 00489.093 00187.509 00093.001 00092.963 00092.920 00092.884 00092.850 00092.865 00092.900 00092.939 00092.983 00093.029 00093.068 00093.162 00093.302 00146.354 00283.998 00434.790 00486.183 00474.004 00376.231 00493.620 00257.969 00095.376 00095.042 00094.786 00094.764 00094.805 00094.590 00094.644 00094.734 00105.364 00255.994 00493.936 00133.075 00118.535 00097.117 00097.569 00097.399
00094.532 00096.240 00097.281 00097.833 00098.143 00098.165 00099.004 00099.086 00098.895 00097.877 00096.907 00113.004 00095.399 00132.987 00323.838 00490.658 00491.916 00493.318 00494.657 00494.715 00494.781 00494.183 00491.978 00487.421 00117.785 00093.453 00093.375 00093.320 00093.285 00093.320 00093.355 00093.396 00093.437 00093.561 00093.709 00113.898 00092.999 00108.249 00170.245 00486.227 00124.018 00096.790 00096.859 00150.195 00095.741 00095.429 00095.108 00095.075 00095.129 00094.939 00094.824 00094.920 00095.020 00143.179 00494.939 00104.369 00096.608 00096.969 00097.351 00097.802
00094.766 00096.532 00097.179 00097.979 00098.392 00098.199 00098.882 00099.159 00098.766 00097.658 00096.908 00096.400 00153.745 00134.254 00286.194 00493.353 00494.329 00495.714 00497.981 00498.622 00498.754 00498.617 00495.763 00493.593 00492.421 00489.823 00487.903 00235.625 00120.317 00093.875 00093.877 00093.880 00093.922 00093.964 00093.556 00093.224 00093.676 00094.114 00094.462 00118.438 00233.128 00096.699 00096.531 00096.339 00096.312 00096.026 00095.518 00095.380 00095.321 00095.193 00095.072 00095.128 00095.235 00095.344 00194.826 00096.294 00096.643 00096.993 00097.372 00098.001
00095.014 00096.593 00097.126 00098.129 00098.617 00098.257 00098.716 00099.223 00098.619 00097.831 00097.267 00096.753 00213.957 00240.408 00495.776 00497.054 00498.278 00499.937 00501.822 00503.100 00503.377 00503.562 00499.432 00495.150 00495.752 00494.643 00493.140 00191.805 00161.766 00094.384 00094.360 00094.343 00094.344 00094.364 00094.264 00093.932 00093.689 00094.730 00095.279 00095.914 00096.075 00128.490 00096.347 00096.595 00096.454 00096.526 00096.077 00095.856 00095.540 00095.408 00095.365 00095.348 00132.395 00290.484 00096.252 00096.328 00096.685 00097.022 00097.393 00098.375
00095.221 00096.647 00097.030 00098.244 00098.783 00098.624 00098.752 00099.285 00098.851 00098.203 00097.616 00097.119 00227.143 00498.638 00499.633 00500.482 00501.276 00503.543 00506.406 00507.219 00508.589 00509.888 00505.453 00502.558 00500.317 00499.368 00498.353 00196.496 00094.981 00094.914 00094.877 00094.886 00094.894 00094.963 00095.038 00095.009 00095.071 00095.268 00095.951 00096.084 00096.279 00096.267 00095.999 00096.039 00096.983 00097.015 00096.569 00096.116 00095.898 00095.801 00095.968 00095.907 00127.260 00107.226 00097.129 00096.943 00096.729 00097.062 00097.511 00098.734
00095.339 00096.663 00097.050 00098.282 00098.802 00099.029 00098.817 00099.110 00099.229 00098.606 00097.995 00097.487 00213.623 00484.229 00504.913 00506.383 00506.289 00507.999 00509.986 00510.146 00511.057 00513.003 00511.194 00507.813 00506.201 00504.738 00502.434 00224.717 00095.616 00095.127 00095.086 00095.108 00095.135 00095.185 00095.335 00095.539 00095.781 00095.972 00096.142 00096.394 00096.374 00096.197 00096.128 00096.112 00097.215 00097.457 00097.715 00096.991 00096.237 00096.108 00096.549 00096.966 00097.300 00097.430 00097.725 00097.700 00097.459 00097.253 00097.737 00098.819
00095.423 00096.676 00097.060 00097.941 00098.807 00099.227 00099.049 00099.273 00099.285 00098.922 00098.481 00097.938 00171.953 00345.706 00510.387 00511.584 00512.597 00512.550 00511.272 00510.044 00509.108 00509.149 00513.058 00513.526 00511.904 00510.402 00502.647 00234.329 00096.467 00096.190 00095.771 00095.540 00095.395 00095.446 00095.627 00095.858 00096.031 00096.078 00096.062 00095.948 00096.136 00096.484 00096.404 00097.094 00097.504 00097.703 00098.021 00098.063 00097.893 00097.300 00097.043 00097.360 00097.525 00097.591 00097.286 00098.208 00098.047 00097.898 00098.272 00098.720
00095.419 00096.674 00097.060 00097.519 00098.537 00099.114 00099.470 00099.720 00099.108 00099.307 00098.870 00098.491 00137.646 00234.659 00246.876 00510.719 00510.412 00511.531 00511.473 00510.104 00508.842 00508.356 00510.559 00512.586 00512.763 00512.913 00505.236 00173.177 00096.384 00096.528 00096.288 00096.000 00095.679 00095.633 00095.709 00095.928 00096.117 00096.058 00095.950 00095.846 00096.379 00096.744 00097.063 00097.500 00097.719 00097.966 00098.299 00098.502 00098.363 00098.040 00097.918 00097.773 00097.498 00097.223 00097.957 00098.339 00098.458 00098.548 00098.632 00098.903
00095.393 00096.671 00097.030 00097.345 00098.137 00098.954 00099.297 00099.680 00099.200 00099.201 00099.311 00098.964 00103.586 00114.479 00106.587 00167.265 00509.791 00509.291 00511.212 00510.090 00508.882 00507.829 00508.090 00508.801 00510.417 00512.427 00256.156 00170.823 00096.524 00096.534 00096.326 00096.147 00095.997 00095.958 00096.167 00096.297 00096.366 00096.443 00096.727 00097.035 00097.266 00097.428 00097.545 00097.664 00097.904 00098.210 00098.439 00098.779 00098.765 00098.545 00098.351 00098.346 00098.368 00098.386 00098.400 00098.491 00098.685 00098.901 00098.789 00099.100
