data/trial10/ashley.ros
NCOLS 382
NROWS 266
XLLCORNER 157819.328125
YLLCORNER 384678.625000
CELLSIZE 30.000000
NODATA_VALUE -1
[rows 170 to 203 of 266, columns 154 to 230 of 382]
-1.00 -1.00 -1.00 -1.00 -1.00 11.30 17.69 18.34 12.09 01.40 18.30 18.64 18.88 19.05 19.19 19.52 20.00 20.31 20.60 20.94 21.21 21.51 21.81 21.53 21.21 21.05 21.09 21.14 21.30 21.97 22.65 23.52 24.38 25.34 26.47 28.43 31.14 33.26 34.78 37.08 40.25 41.83 42.27 42.66 43.83 44.58 44.80 45.47 44.58 42.93 42.63 42.24 41.13 40.93 40.24 39.14 38.29 38.16 38.73 37.60 29.59 26.62 26.04 25.36 24.25 24.16 24.29 24.90 25.15 25.17 25.12 25.29 24.38 24.10 22.07 13.60 10.52
-1.00 -1.00 -1.00 -1.00 -1.00 -1.00 -1.00 18.25 23.14 16.75 -1.00 06.34 18.28 18.79 18.95 19.14 19.60 19.99 20.33 20.73 21.16 21.59 21.98 22.37 22.01 22.04 22.22 22.61 23.03 23.50 24.09 24.68 25.33 26.06 26.73 27.55 28.33 29.06 29.96 31.64 33.85 35.89 37.40 36.69 37.98 39.66 36.79 36.24 36.33 36.08 35.95 36.04 35.61 35.14 34.53 34.48 35.13 33.29 27.01 25.10 24.91 24.79 24.68 24.44 24.30 24.45 24.53 24.64 24.71 24.24 24.02 23.73 21.62 21.01 09.46 09.80 05.53
-1.00 -1.00 -1.00 -1.00 -1.00 -1.00 -1.00 -1.00 -1.00 -1.00 -1.00 -1.00 16.54 17.71 18.70 18.86 19.22 19.64 19.96 20.29 20.69 21.11 21.49 21.86 22.22 21.70 21.93 22.16 22.56 22.96 23.41 23.94 24.46 25.09 25.79 26.38 26.98 27.68 28.40 29.40 30.30 31.15 31.91 32.86 33.30 34.18 34.04 32.81 31.96 32.41 32.98 32.53 32.39 32.07 32.26 28.04 23.94 23.73 23.63 23.47 22.76 22.84 23.08 23.20 23.40 23.57 23.39 22.62 22.07 21.91 21.76 21.54 09.41 09.50 10.56 12.75 14.30
-1.00 -1.00 -1.00 -1.00 -1.00 -1.00 -1.00 -1.00 -1.00 -1.00 -1.00 -1.00 15.49 16.77 18.10 18.56 18.86 19.27 19.61 19.93 20.27 20.65 21.04 21.38 21.72 21.89 21.55 21.78 22.03 22.34 22.66 23.02 23.43 24.21 25.00 25.50 25.99 26.47 27.09 27.68 28.32 29.25 30.18 31.05 31.75 31.57 30.98 31.97 31.87 32.31 32.87 33.27 31.48 24.35 24.01 21.31 21.60 21.62 21.98 21.66 21.78 21.33 21.67 21.98 21.73 21.31 20.42 20.21 19.92 18.55 09.48 09.49 10.63 10.85 12.31 09.49 07.90
-1.00 -1.00 -1.00 -1.00 -1.00 -1.00 -1.00 -1.00 -1.00 -1.00 -1.00 -1.00 01.85 14.40 16.50 18.13 18.51 18.88 19.25 19.55 19.87 20.14 20.41 20.77 21.37 21.64 21.56 21.35 21.48 21.79 22.30 22.63 22.95 23.26 23.94 24.70 25.11 25.63 26.09 26.60 27.09 27.57 28.14 28.94 29.45 31.05 32.64 32.76 31.66 30.98 31.10 25.47 24.09 24.56 24.55 23.98 23.94 18.93 19.10 19.41 20.31 19.84 19.76 19.18 18.57 18.17 18.34 13.78 09.43 09.13 09.14 09.40 10.06 10.51 11.61 11.17 11.99
-1.00 -1.00 -1.00 -1.00 -1.00 -1.00 -1.00 -1.00 -1.00 -1.00 -1.00 -1.00 -1.00 13.50 14.50 15.13 15.42 16.12 18.19 19.19 19.46 19.69 19.86 20.40 20.91 21.45 21.55 21.18 21.17 21.30 21.67 22.12 22.44 22.75 23.05 23.52 24.01 24.65 25.30 25.83 26.36 26.68 26.98 27.27 27.88 29.06 30.31 31.22 30.11 25.13 23.02 23.47 23.50 23.34 23.23 22.79 22.42 22.02 21.07 20.18 19.70 19.07 18.35 18.00 17.26 09.44 09.25 09.20 09.04 08.89 08.75 08.95 09.52 10.08 10.37 09.93 07.65
-1.00 -1.00 -1.00 -1.00 -1.00 -1.00 -1.00 -1.00 -1.00 -1.00 -1.00 -1.00 -1.00 -1.00 13.85 14.75 15.08 15.36 15.60 15.84 16.03 16.23 16.47 17.94 19.65 20.71 21.25 21.35 20.85 20.98 21.12 21.52 21.92 22.23 22.53 22.82 23.25 23.70 24.24 24.82 25.12 25.19 25.50 26.01 25.74 24.68 23.00 22.66 23.30 22.43 22.21 22.19 22.39 22.37 22.20 22.16 21.82 21.15 21.07 20.76 20.17 19.19 13.50 09.65 09.37 09.28 09.10 08.88 08.59 08.58 09.32 09.28 08.64 07.89 06.87 06.66 05.47
-1.00 -1.00 -1.00 -1.00 -1.00 -1.00 -1.00 -1.00 -1.00 -1.00 -1.00 -1.00 -1.00 -1.00 -1.00 13.93 14.59 15.02 15.26 15.51 15.70 15.88 16.04 16.18 16.51 16.82 17.10 17.26 17.29 17.04 17.14 17.31 17.58 17.83 18.25 18.57 18.79 19.01 19.22 19.24 19.59 19.81 19.85 19.88 20.05 20.38 21.11 22.01 22.17 22.56 22.15 22.15 21.50 21.67 22.00 22.09 22.12 22.11 22.52 22.63 11.70 10.29 09.74 09.31 09.09 08.97 08.63 08.21 08.18 08.24 08.10 08.14 07.74 06.49 05.15 03.21 01.99
-1.00 -1.00 -1.00 -1.00 -1.00 -1.00 -1.00 -1.00 -1.00 -1.00 -1.00 -1.00 -1.00 -1.00 -1.00 -1.00 03.35 14.63 14.92 15.18 15.37 15.53 15.71 15.85 16.09 16.40 16.67 16.92 17.03 16.78 16.82 16.92 17.11 17.35 17.55 17.74 17.91 18.09 18.34 18.58 18.90 19.09 19.31 19.70 20.11 20.01 19.88 20.63 21.49 22.04 21.86 21.99 22.67 23.06 23.67 24.37 24.60 24.49 17.50 11.71 11.35 11.20 11.08 10.43 09.39 08.45 08.12 07.51 07.07 07.08 06.82 07.05 06.69 05.03 01.35 05.24 06.95
-1.00 -1.00 -1.00 -1.00 -1.00 -1.00 -1.00 -1.00 -1.00 -1.00 -1.00 -1.00 -1.00 -1.00 -1.00 -1.00 -1.00 10.47 14.18 14.71 15.00 15.20 15.38 15.53 15.68 16.00 16.27 16.50 16.68 16.78 16.47 16.58 16.69 16.91 17.14 17.32 17.49 17.67 17.86 18.10 18.35 18.57 18.85 19.15 19.26 19.30 19.47 19.67 20.27 21.16 22.11 22.83 22.57 22.71 23.09 24.31 22.08 11.92 11.66 11.58 11.56 11.74 11.60 11.20 10.60 09.62 09.01 06.60 06.52 05.83 05.15 04.23 01.16 04.33 04.98 05.94 10.10
-1.00 -1.00 -1.00 -1.00 -1.00 -1.00 -1.00 -1.00 -1.00 -1.00 -1.00 -1.00 -1.00 -1.00 -1.00 -1.00 -1.00 -1.00 05.15 11.66 14.51 14.76 14.95 15.14 15.29 15.52 15.81 16.06 16.30 16.44 16.36 16.25 16.35 16.50 16.71 16.90 17.07 17.24 17.40 17.60 17.85 18.10 18.43 18.78 19.13 19.34 19.57 19.81 20.01 20.16 20.04 20.18 20.67 20.92 19.29 10.92 10.47 10.61 10.69 10.68 10.54 10.37 10.48 09.96 09.69 09.29 08.78 06.63 05.29 04.17 04.36 04.74 05.03 05.13 15.17 15.22 13.20
-1.00 -1.00 -1.00 -1.00 -1.00 -1.00 -1.00 -1.00 -1.00 -1.00 -1.00 -1.00 -1.00 -1.00 -1.00 -1.00 -1.00 -1.00 04.22 07.95 08.31 08.80 08.95 09.04 11.38 13.92 15.32 15.56 15.78 15.99 16.11 15.82 15.94 16.05 16.24 16.44 16.62 16.78 16.97 17.18 17.35 17.50 17.65 17.91 18.16 18.41 18.73 19.04 19.31 19.56 19.88 18.07 13.52 11.19 10.71 10.15 10.18 10.06 09.90 09.69 09.57 09.34 08.78 08.59 08.31 07.91 06.84 05.72 03.85 06.43 06.51 18.40 13.85 15.45 16.14 15.94 16.44
-1.00 -1.00 -1.00 -1.00 -1.00 -1.00 -1.00 -1.00 -1.00 -1.00 -1.00 -1.00 -1.00 -1.00 -1.00 -1.00 -1.00 -1.00 -1.00 03.29 07.84 08.18 08.46 08.57 08.68 08.79 08.93 09.07 09.17 09.27 09.34 09.38 09.32 10.56 12.07 13.02 13.97 14.78 15.57 15.91 16.26 16.23 16.13 16.01 14.71 13.34 11.92 10.37 10.42 10.45 10.39 10.31 10.33 10.43 10.84 10.51 10.06 10.41 09.57 08.90 08.22 08.17 08.11 07.77 07.36 06.17 04.57 05.48 06.09 06.30 20.24 21.42 22.08 18.79 19.15 19.64 16.93
-1.00 -1.00 -1.00 -1.00 -1.00 -1.00 -1.00 -1.00 -1.00 -1.00 -1.00 -1.00 -1.00 -1.00 -1.00 -1.00 -1.00 -1.00 -1.00 -1.00 -1.00 02.40 07.67 07.85 08.02 08.18 08.34 08.52 08.65 08.76 08.84 08.91 08.84 08.92 08.99 09.08 09.16 09.23 09.29 09.37 09.46 09.54 09.58 09.63 09.68 09.74 09.79 09.84 09.88 09.91 09.91 09.82 09.75 09.79 09.83 10.11 10.69 10.24 10.35 10.11 09.22 08.22 07.34 06.28 04.99 02.23 05.51 05.95 08.74 20.77 22.25 22.48 23.39 24.26 25.05 18.31 17.16
-1.00 -1.00 -1.00 -1.00 -1.00 -1.00 -1.00 -1.00 -1.00 -1.00 -1.00 -1.00 -1.00 -1.00 -1.00 -1.00 -1.00 -1.00 -1.00 -1.00 -1.00 -1.00 08.86 09.10 09.17 09.22 09.16 08.53 08.05 07.95 08.07 08.16 08.11 08.22 08.33 08.43 08.53 08.62 08.70 08.78 08.84 08.91 08.94 08.97 09.05 09.11 09.15 09.13 09.11 09.10 09.09 09.07 09.60 09.97 10.08 10.10 09.97 09.92 09.75 09.37 08.95 07.33 04.81 03.27 05.33 05.54 05.98 17.12 21.47 22.75 22.78 23.42 23.73 23.98 25.06 25.37 21.87
-1.00 -1.00 -1.00 -1.00 -1.00 -1.00 -1.00 -1.00 -1.00 -1.00 -1.00 -1.00 -1.00 -1.00 -1.00 -1.00 -1.00 -1.00 -1.00 -1.00 -1.00 -1.00 -1.00 -1.00 -1.00 07.10 08.38 08.58 08.76 08.90 09.03 09.15 09.18 09.22 09.27 09.31 09.35 09.39 09.40 09.26 09.22 09.20 09.23 09.33 09.44 09.61 09.64 09.65 09.65 09.65 09.63 09.47 09.21 09.09 08.95 08.78 08.75 08.74 08.68 09.04 07.14 05.06 05.30 05.64 05.92 17.47 20.45 21.25 21.80 22.43 23.36 23.86 23.91 24.68 25.00 24.98 23.15
-1.00 -1.00 -1.00 -1.00 -1.00 -1.00 -1.00 -1.00 -1.00 -1.00 -1.00 -1.00 -1.00 -1.00 -1.00 -1.00 -1.00 -1.00 -1.00 -1.00 -1.00 -1.00 -1.00 -1.00 -1.00 -1.00 -1.00 06.25 07.74 07.84 07.92 07.99 08.01 08.10 08.20 08.29 08.35 08.41 08.49 08.57 08.61 08.62 08.62 08.61 08.62 08.63 08.60 08.57 08.53 08.48 08.43 08.37 08.26 08.04 07.76 07.50 07.19 06.98 06.86 06.36 03.01 05.36 05.86 10.63 22.43 21.39 21.65 21.84 22.07 22.45 23.06 23.60 24.19 24.72 24.81 24.10 13.68
-1.00 -1.00 -1.00 -1.00 -1.00 -1.00 -1.00 -1.00 -1.00 -1.00 -1.00 -1.00 -1.00 -1.00 -1.00 -1.00 -1.00 -1.00 -1.00 -1.00 -1.00 -1.00 -1.00 -1.00 -1.00 -1.00 -1.00 -1.00 00.10 02.93 06.03 06.41 06.62 03.15 00.61 -1.00 01.50 06.28 07.49 07.59 07.63 07.64 07.64 07.63 07.63 07.64 07.60 07.54 07.37 07.20 07.10 06.97 06.76 06.31 05.86 05.40 04.58 01.42 04.06 05.06 05.30 05.79 14.43 22.18 23.63 24.53 25.31 22.23 22.42 22.64 22.58 23.06 23.71 24.29 24.79 14.85 14.89
-1.00 -1.00 -1.00 -1.00 -1.00 -1.00 -1.00 -1.00 -1.00 -1.00 -1.00 -1.00 -1.00 -1.00 -1.00 -1.00 -1.00 -1.00 -1.00 -1.00 -1.00 -1.00 -1.00 -1.00 -1.00 -1.00 -1.00 -1.00 -1.00 02.97 01.93 03.34 03.85 03.58 -1.00 -1.00 -1.00 00.60 04.90 05.22 05.50 05.55 05.60 05.60 05.58 05.58 05.54 05.40 05.24 05.04 04.68 04.29 03.51 00.76 04.50 04.91 05.05 05.26 06.45 06.61 12.72 18.69 20.62 22.01 23.19 24.19 24.81 25.47 26.24 23.40 23.32 23.19 23.47 18.55 14.30 14.77 15.44
-1.00 -1.00 -1.00 -1.00 -1.00 -1.00 -1.00 -1.00 -1.00 -1.00 -1.00 -1.00 -1.00 -1.00 -1.00 -1.00 -1.00 -1.00 -1.00 -1.00 -1.00 -1.00 -1.00 -1.00 -1.00 -1.00 -1.00 -1.00 -1.00 -1.00 -1.00 -1.00 01.22 04.54 -1.00 -1.00 -1.00 03.16 03.76 03.95 04.15 04.21 04.22 04.22 04.17 04.17 04.21 04.42 04.65 04.62 04.62 04.78 04.93 05.10 05.24 05.43 11.12 16.27 17.26 18.12 18.94 19.67 20.46 21.31 22.26 23.37 24.16 24.80 24.41 24.25 24.05 19.63 13.83 13.74 14.01 14.27 14.59
-1.00 -1.00 -1.00 -1.00 -1.00 -1.00 -1.00 -1.00 -1.00 -1.00 -1.00 -1.00 -1.00 -1.00 -1.00 -1.00 -1.00 -1.00 -1.00 -1.00 -1.00 -1.00 -1.00 -1.00 -1.00 -1.00 -1.00 -1.00 -1.00 -1.00 -1.00 -1.00 -1.00 -1.00 -1.00 -1.00 02.20 09.34 08.65 06.98 04.73 04.74 04.80 04.86 04.89 04.91 05.05 05.89 07.40 09.53 12.66 14.93 15.38 16.17 17.00 17.63 18.15 18.07 18.16 18.31 18.47 19.08 20.03 21.00 21.81 22.61 23.27 24.06 24.74 24.89 14.47 14.26 13.98 13.92 13.88 13.90 14.10
-1.00 -1.00 -1.00 -1.00 -1.00 -1.00 -1.00 -1.00 -1.00 -1.00 -1.00 -1.00 -1.00 -1.00 -1.00 -1.00 -1.00 -1.00 -1.00 -1.00 -1.00 -1.00 -1.00 -1.00 -1.00 -1.00 -1.00 -1.00 -1.00 -1.00 -1.00 -1.00 -1.00 -1.00 -1.00 07.07 06.67 06.34 11.17 12.71 14.23 14.76 15.05 15.27 15.49 15.69 15.86 15.96 16.14 16.38 16.64 16.92 17.06 17.12 17.52 17.95 18.38 18.68 18.40 18.17 18.56 18.81 19.09 20.14 20.98 21.81 22.91 23.60 21.64 14.39 14.53 14.73 14.58 14.33 14.17 14.13 15.61
-1.00 -1.00 -1.00 -1.00 -1.00 -1.00 -1.00 -1.00 -1.00 -1.00 -1.00 -1.00 -1.00 -1.00 -1.00 -1.00 -1.00 -1.00 -1.00 -1.00 -1.00 -1.00 -1.00 -1.00 -1.00 -1.00 -1.00 -1.00 -1.00 -1.00 -1.00 -1.00 -1.00 -1.00 -1.00 -1.00 06.63 09.17 10.58 12.15 13.62 14.73 15.59 15.75 15.90 16.09 16.34 16.43 16.41 16.64 16.96 17.18 17.34 17.35 17.37 17.86 18.39 18.80 19.11 18.83 18.58 18.87 19.19 19.45 20.17 20.99 20.26 13.20 13.65 13.74 13.97 14.28 14.51 14.95 15.06 20.13 21.16
-1.00 -1.00 -1.00 -1.00 -1.00 -1.00 -1.00 -1.00 -1.00 -1.00 -1.00 -1.00 -1.00 -1.00 -1.00 -1.00 -1.00 -1.00 -1.00 -1.00 -1.00 -1.00 -1.00 07.76 02.80 12.42 04.22 13.02 10.75 05.28 -1.00 -1.00 -1.00 -1.00 -1.00 -1.00 06.77 09.33 11.03 12.85 14.01 14.58 15.39 16.03 16.23 16.43 16.49 16.48 16.65 16.88 17.15 17.42 17.55 17.65 17.65 17.83 18.35 18.80 19.20 19.57 19.27 18.95 17.85 13.44 10.76 11.24 11.72 12.24 12.72 13.12 13.52 13.65 14.35 16.56 21.09 21.86 21.81
-1.00 -1.00 -1.00 -1.00 -1.00 -1.00 -1.00 -1.00 -1.00 -1.00 -1.00 -1.00 -1.00 -1.00 -1.00 -1.00 -1.00 -1.00 -1.00 -1.00 -1.00 06.96 10.87 11.16 06.20 11.59 11.86 10.27 10.47 07.09 11.41 04.79 -1.00 -1.00 -1.00 -1.00 -1.00 05.38 07.39 09.40 13.78 14.62 15.23 15.80 16.18 16.45 16.73 16.81 16.88 17.05 17.24 17.51 17.76 17.87 17.98 18.09 18.32 18.75 18.63 13.46 10.93 10.93 11.21 11.30 06.83 02.77 02.71 02.68 04.91 10.24 11.63 12.68 18.14 20.76 21.55 21.89 22.18
-1.00 -1.00 -1.00 -1.00 -1.00 -1.00 -1.00 -1.00 -1.00 -1.00 -1.00 -1.00 -1.00 -1.00 -1.00 -1.00 -1.00 -1.00 -1.00 -1.00 02.93 08.74 10.91 10.76 10.85 11.06 09.87 10.11 10.33 10.58 10.11 05.82 11.27 04.71 -1.00 -1.00 -1.00 -1.00 -1.00 01.68 08.26 08.54 08.86 09.12 11.25 11.76 12.30 12.58 11.65 11.02 11.00 10.37 10.05 10.12 10.21 10.32 10.38 10.54 10.80 11.05 11.48 12.23 11.91 05.20 03.57 03.86 03.69 03.50 03.34 03.30 04.70 10.64 19.46 19.90 20.65 21.72 22.01
-1.00 -1.00 -1.00 -1.00 -1.00 -1.00 -1.00 -1.00 -1.00 -1.00 -1.00 -1.00 -1.00 -1.00 -1.00 -1.00 -1.00 -1.00 -1.00 -1.00 06.07 10.93 10.39 10.62 10.63 11.01 09.99 10.22 10.49 09.99 09.80 09.78 10.31 05.55 10.68 -1.00 -1.00 -1.00 02.51 05.86 07.98 08.49 08.90 09.12 09.35 09.52 09.63 09.76 09.85 09.91 09.97 10.02 10.08 10.14 10.26 10.39 10.47 10.53 10.75 11.03 11.18 11.64 04.60 03.95 04.19 04.04 03.91 03.95 03.76 03.16 03.85 09.82 14.23 18.18 19.79 20.81 21.73
-1.00 -1.00 -1.00 -1.00 -1.00 -1.00 -1.00 -1.00 -1.00 -1.00 -1.00 -1.00 -1.00 -1.00 -1.00 -1.00 -1.00 -1.00 -1.00 03.06 11.20 11.11 10.34 10.52 10.50 10.40 10.18 10.42 10.67 09.69 09.71 09.96 09.98 09.97 10.25 07.19 02.57 -1.00 07.56 09.72 08.92 05.48 03.27 02.72 02.85 02.81 02.80 04.49 09.65 10.01 10.07 10.12 10.19 10.31 10.43 10.50 10.55 10.63 10.73 10.86 11.59 13.90 12.32 08.55 04.42 04.38 04.28 04.12 03.74 08.31 05.50 08.26 14.31 17.08 19.17 20.10 21.14
-1.00 -1.00 -1.00 -1.00 -1.00 -1.00 -1.00 -1.00 -1.00 -1.00 -1.00 -1.00 -1.00 -1.00 -1.00 -1.00 -1.00 -1.00 -1.00 04.84 07.42 11.54 10.34 10.25 10.73 10.13 10.37 10.61 09.96 09.78 09.71 09.85 10.13 10.21 10.40 07.66 03.97 02.28 08.47 09.11 12.21 08.55 05.78 04.22 04.15 04.09 03.77 04.61 08.79 06.14 10.82 13.65 13.77 14.32 15.32 16.34 16.57 16.80 17.15 17.72 18.86 19.97 21.10 04.33 04.42 04.28 04.23 04.46 04.18 02.70 11.14 12.48 13.35 15.58 18.00 19.54 20.61
-1.00 -1.00 -1.00 -1.00 -1.00 -1.00 -1.00 -1.00 -1.00 -1.00 -1.00 -1.00 -1.00 -1.00 -1.00 -1.00 -1.00 -1.00 -1.00 07.65 04.50 10.27 10.33 10.30 10.76 10.32 10.56 10.85 09.83 09.78 09.94 10.34 10.39 10.43 09.58 08.02 08.41 03.89 08.45 09.50 13.36 10.43 04.34 04.50 04.46 04.31 04.03 03.44 07.89 13.96 14.88 15.81 16.41 16.92 17.15 17.31 17.44 17.53 17.66 17.85 18.19 18.81 13.24 07.55 04.64 04.11 03.07 03.53 02.66 04.74 11.39 12.97 14.95 16.43 17.52 18.89 21.70
-1.00 -1.00 -1.00 -1.00 -1.00 -1.00 -1.00 -1.00 -1.00 -1.00 -1.00 -1.00 -1.00 -1.00 -1.00 -1.00 -1.00 -1.00 -1.00 11.20 03.48 08.66 06.69 10.38 10.31 10.52 10.79 10.91 09.95 09.65 10.07 10.59 10.74 10.83 08.64 08.66 09.52 08.78 11.66 10.59 05.54 04.23 05.08 05.09 04.91 04.84 04.77 03.93 03.73 03.46 11.89 15.35 16.23 16.79 17.27 17.42 17.57 17.67 17.75 17.87 18.01 15.65 20.81 20.70 12.91 03.68 12.40 14.07 13.45 07.51 11.46 12.98 15.14 16.69 18.34 20.15 21.76
-1.00 -1.00 -1.00 -1.00 -1.00 -1.00 -1.00 -1.00 -1.00 -1.00 -1.00 -1.00 -1.00 -1.00 -1.00 -1.00 -1.00 -1.00 -1.00 -1.00 03.42 03.80 03.99 10.63 10.47 10.73 11.02 10.79 09.99 09.92 10.20 10.92 11.08 11.38 09.55 09.53 10.91 10.16 09.43 11.92 07.37 04.92 05.16 05.26 05.05 04.95 04.91 03.93 03.93 03.88 03.98 03.77 03.81 07.63 13.98 17.34 17.55 17.81 17.91 18.01 19.13 20.40 21.84 23.06 24.18 18.98 07.70 14.62 14.93 14.97 11.34 13.24 14.86 16.36 17.95 19.53 21.15
-1.00 -1.00 -1.00 -1.00 -1.00 -1.00 -1.00 -1.00 -1.00 -1.00 -1.00 -1.00 -1.00 -1.00 -1.00 -1.00 -1.00 -1.00 -1.00 -1.00 03.21 04.47 03.91 10.62 10.64 10.94 11.25 10.15 10.06 10.23 10.69 11.28 11.50 11.95 10.51 11.05 12.42 12.87 07.71 07.77 04.59 05.04 05.22 05.44 05.46 05.32 05.33 04.31 04.08 03.94 04.15 04.18 03.87 08.69 10.30 16.34 16.94 17.57 18.03 18.14 18.60 19.90 21.22 22.75 24.31 24.06 24.58 15.12 17.72 17.80 15.34 13.31 15.30 16.30 17.59 19.03 20.49
-1.00 -1.00 -1.00 -1.00 -1.00 -1.00 -1.00 -1.00 -1.00 -1.00 -1.00 -1.00 -1.00 -1.00 -1.00 -1.00 -1.00 -1.00 -1.00 03.05 07.81 07.22 07.04 10.68 10.81 11.11 11.45 10.18 10.25 10.48 11.47 11.80 12.53 12.49 11.35 12.23 13.41 14.95 09.06 04.83 05.16 05.34 05.45 05.53 05.61 05.37 05.18 04.94 04.39 04.41 04.41 04.32 03.63 08.62 15.84 17.39 17.97 18.89 19.79 20.36 20.52 21.35 22.35 23.22 23.39 24.07 24.12 22.76 21.93 21.53 19.95 14.35 15.47 16.69 17.61 18.71 20.23
