data/trial10/ashley.ros
NCOLS 382
NROWS 266
XLLCORNER 157819.328125
YLLCORNER 384678.625000
CELLSIZE 30.000000
NODATA_VALUE -1
[rows 170 to 203 of 266, columns 231 to 307 of 382]
09.13 05.73 06.47 12.69 13.95 13.62 13.35 12.24 11.54 11.22 10.81 01.85 02.41 01.33 06.94 11.64 20.33 30.25 25.34 24.84 25.09 21.11 21.77 21.36 17.25 14.69 15.93 17.08 18.38 16.43 11.55 11.35 10.15 10.49 12.71 15.37 18.38 20.09 20.81 19.83 20.41 18.34 18.80 19.33 19.73 16.59 16.59 14.18 13.75 09.01 12.18 19.49 24.38 52.50 38.59 48.13 56.83 57.28 43.96 42.45 41.10 35.83 36.89 11.04 11.01 11.05 10.47 10.74 11.99 13.64 15.48 16.44 17.45 18.79 19.91 20.42 20.05
06.38 04.83 08.37 10.58 10.59 10.68 09.26 09.08 08.96 07.50 03.44 00.71 00.76 03.09 08.72 14.55 19.20 20.65 21.22 21.88 23.00 23.91 24.24 25.33 25.57 22.58 09.27 11.10 10.09 10.56 11.24 09.69 10.05 11.67 15.26 15.71 16.97 18.63 16.44 16.91 16.59 16.58 17.94 19.13 19.23 18.45 18.15 17.75 12.66 06.85 11.18 19.80 31.70 46.54 49.35 46.29 38.16 36.98 34.99 35.19 32.67 30.11 25.97 09.91 10.28 09.99 10.11 10.50 11.23 12.95 14.86 15.19 15.66 16.03 16.64 17.04 16.67
06.14 09.32 08.32 07.71 07.96 07.96 07.87 07.17 03.69 01.38 06.48 08.50 05.72 06.75 16.34 18.86 19.97 20.19 19.78 20.48 21.86 22.34 22.94 23.20 19.06 18.11 18.08 18.86 15.53 15.83 10.48 11.94 12.55 14.54 15.19 14.02 14.12 13.19 13.78 14.58 14.90 15.42 14.94 15.05 14.78 14.23 12.63 10.25 09.92 05.52 20.61 27.27 34.27 38.54 33.98 27.45 25.04 25.94 26.28 25.84 27.12 22.47 08.91 08.90 09.55 09.62 09.76 09.84 10.85 11.38 12.26 13.36 13.26 13.18 13.59 13.82 13.93
11.80 12.71 09.00 06.36 06.17 05.71 03.49 01.70 06.15 07.58 09.20 08.75 07.01 15.12 17.50 19.88 21.10 20.40 18.58 19.82 21.63 21.82 19.35 17.08 17.02 17.61 17.62 17.88 17.40 16.92 15.70 15.49 16.93 16.61 11.80 12.19 11.94 12.30 12.97 12.01 12.42 12.92 12.92 12.14 11.89 09.62 09.51 09.66 08.35 12.17 21.49 19.47 23.84 25.25 23.06 21.20 21.82 24.64 30.04 33.81 32.30 07.98 08.25 09.60 09.25 09.26 09.84 09.66 09.97 10.34 10.88 10.55 10.87 11.44 11.86 12.15 12.47
09.41 08.87 07.69 03.34 00.59 01.06 07.71 08.35 10.18 09.86 09.44 10.67 14.03 16.40 18.20 19.66 19.86 18.79 19.61 20.83 20.62 15.99 16.41 15.98 15.72 16.31 16.47 16.67 16.50 16.54 18.35 17.74 19.44 20.39 11.41 08.25 10.92 09.93 10.46 11.03 10.92 11.06 11.22 10.49 10.42 10.93 11.30 12.64 20.77 25.52 20.52 20.00 27.10 25.54 29.75 27.64 29.64 30.31 37.28 43.04 47.85 12.06 10.36 09.86 09.58 09.92 08.94 08.44 08.59 08.43 08.59 08.83 09.28 09.33 08.36 08.60 08.82
07.45 06.37 03.24 07.70 09.63 10.91 10.71 11.16 11.21 12.24 12.74 11.49 13.98 15.60 17.64 19.97 20.92 20.42 20.28 19.85 15.44 16.52 16.33 16.47 16.44 16.42 16.43 16.42 18.45 21.71 21.63 21.19 22.53 23.90 16.36 09.33 06.10 07.26 07.84 09.06 13.77 12.48 13.68 20.96 19.70 21.11 23.12 23.78 23.01 24.86 23.84 19.42 27.05 36.00 37.70 34.23 36.65 37.33 43.47 51.29 27.76 12.57 10.93 10.47 10.25 10.21 10.28 09.69 08.04 06.37 05.93 07.58 06.95 06.52 06.58 07.01 07.54
03.82 02.70 08.09 10.18 11.27 10.95 10.72 11.38 12.73 13.36 16.56 19.09 15.27 16.56 18.42 19.45 19.54 19.57 19.03 12.43 13.50 14.50 14.70 15.12 15.40 15.55 17.25 20.51 20.87 21.36 22.21 23.26 24.84 24.89 16.88 12.85 08.99 09.02 11.19 13.80 18.23 21.00 23.98 24.60 24.02 24.50 23.25 21.22 22.29 24.58 24.45 23.58 31.11 38.49 40.75 37.99 36.08 33.80 38.59 42.31 41.16 15.26 12.05 10.40 09.11 09.36 09.95 08.69 08.49 08.60 10.20 11.81 18.92 15.82 11.70 19.06 25.52
06.73 08.30 09.85 10.76 10.63 12.01 11.73 13.63 17.70 19.31 22.74 24.02 22.98 22.76 21.62 19.65 16.22 11.11 11.56 11.99 12.37 12.84 13.37 13.67 15.27 18.26 18.53 18.85 19.83 20.18 20.54 21.03 21.84 20.87 20.70 23.30 18.26 14.25 13.91 16.77 19.52 21.59 22.93 25.93 23.81 22.66 19.74 18.17 20.29 25.38 25.70 30.86 35.76 41.27 43.45 41.47 41.44 40.60 44.33 52.78 55.43 17.47 13.41 12.37 09.95 08.62 18.83 11.30 09.22 07.04 07.29 10.39 13.39 11.60 11.83 17.48 20.94
07.64 09.09 10.15 10.99 12.66 16.74 20.44 15.03 18.39 21.93 23.08 24.04 24.98 25.20 18.16 13.55 12.82 11.51 11.68 12.47 13.20 13.01 13.68 16.80 16.63 16.43 16.38 15.91 17.11 17.63 18.44 19.11 20.04 21.80 23.48 19.55 18.78 15.71 22.30 23.34 22.29 24.03 21.80 22.82 20.28 18.32 14.58 15.28 24.09 25.72 31.57 36.36 38.99 41.26 42.56 42.45 44.47 47.78 46.05 54.14 44.12 17.77 15.51 14.17 10.14 08.09 28.41 36.85 09.71 07.76 06.12 06.96 07.97 08.18 09.03 10.77 17.84
09.23 09.48 10.65 12.84 17.44 21.22 22.52 21.58 22.87 22.83 22.62 23.05 23.91 17.59 14.77 15.16 15.50 15.74 15.78 11.03 12.45 17.44 18.70 17.94 17.52 18.62 19.54 18.12 15.74 15.37 15.80 16.74 18.02 19.68 21.40 21.84 20.65 21.60 23.05 22.22 23.59 20.74 20.95 18.54 17.38 11.26 17.95 27.09 30.59 31.66 38.99 40.46 40.34 40.20 39.84 40.46 43.83 48.76 50.35 56.45 36.46 17.92 16.11 22.63 10.29 16.24 22.13 28.42 15.28 10.02 07.34 05.60 07.15 13.39 16.52 08.60 10.70
17.06 13.60 14.31 15.30 16.75 18.47 19.89 21.16 22.49 23.43 23.30 19.58 13.02 13.56 14.06 14.72 15.34 16.00 16.05 18.64 18.89 19.14 19.89 20.31 20.32 20.73 20.61 20.63 21.32 20.55 17.45 16.60 15.76 16.89 19.09 21.03 22.13 21.48 21.92 21.24 18.74 19.96 20.05 19.21 18.89 15.82 14.76 28.91 34.43 37.03 38.41 40.51 40.74 40.27 39.42 39.27 45.50 50.80 54.09 61.84 17.93 17.46 29.77 43.15 10.60 10.33 13.77 15.86 13.16 10.89 10.47 11.13 13.31 16.83 18.25 21.30 09.96
16.96 18.88 17.94 17.07 17.17 17.79 18.45 20.22 22.36 23.08 13.28 13.53 13.58 13.47 12.94 13.69 14.37 14.78 19.72 20.91 19.95 20.89 21.75 21.81 21.94 21.74 22.58 23.29 23.37 23.53 23.73 18.46 18.09 16.53 14.89 14.22 12.93 14.54 11.90 12.79 15.89 21.12 22.22 22.45 21.30 22.08 19.32 30.01 30.79 28.78 30.20 37.54 38.66 39.11 40.00 39.93 45.12 49.79 55.04 64.72 20.25 20.67 25.53 40.55 41.84 36.02 31.64 09.91 09.98 09.81 19.09 23.74 27.06 24.30 20.10 16.89 13.75
17.47 20.51 21.68 16.70 16.67 16.64 14.76 11.75 11.16 12.08 12.95 13.19 13.48 13.74 13.73 13.42 14.32 20.38 21.44 21.62 22.38 22.78 22.72 22.67 22.59 22.48 22.70 23.37 24.45 24.71 24.65 24.69 24.89 18.41 16.06 17.71 17.11 18.51 13.99 21.04 23.43 24.25 24.92 24.50 24.04 23.40 22.30 28.26 33.43 33.27 31.66 30.45 29.19 27.74 32.17 32.76 42.54 47.05 53.48 44.56 39.23 43.09 47.93 56.51 53.13 41.98 38.16 15.92 08.36 08.98 31.58 17.45 30.84 25.71 19.27 13.10 12.34
19.17 15.21 13.37 12.78 09.64 09.91 10.18 10.41 10.64 11.33 12.02 12.63 13.06 13.87 16.30 20.81 20.97 20.89 21.39 22.19 22.92 23.43 23.29 23.20 23.11 22.97 23.36 24.29 24.80 25.06 25.13 25.10 25.08 24.78 24.76 22.64 23.34 24.13 24.31 25.28 25.86 26.13 26.38 25.73 25.10 24.56 23.92 31.82 36.17 36.41 35.82 34.34 31.82 30.91 29.87 30.43 30.90 33.54 50.48 52.88 68.14 74.51 75.59 70.85 58.98 51.29 45.78 18.77 06.95 06.67 13.59 32.48 45.35 52.82 17.26 13.96 14.79
19.86 11.60 14.20 14.66 11.64 10.52 10.46 10.45 10.64 10.91 11.15 11.34 13.27 17.50 20.76 21.34 21.62 21.52 21.32 21.89 22.52 23.09 23.56 23.61 23.55 24.58 24.67 24.71 24.91 25.07 25.24 25.35 25.28 25.08 25.34 25.30 21.02 25.90 25.97 26.13 26.29 26.39 26.53 26.70 26.05 25.39 24.98 35.68 38.95 38.63 37.82 36.76 34.73 33.54 32.87 32.10 31.37 30.70 39.25 47.97 72.88 83.18 84.49 83.11 81.70 81.05 56.71 50.34 47.92 06.26 14.52 34.12 40.28 37.67 16.02 15.72 16.57
12.47 15.62 16.61 09.81 08.35 09.67 10.83 11.35 12.87 15.43 17.57 18.24 18.85 19.91 20.89 21.51 21.67 21.87 21.89 21.76 22.18 22.75 23.19 23.66 24.85 25.05 25.05 25.04 25.02 25.13 25.31 25.46 25.58 25.56 25.56 24.91 23.18 22.33 26.29 26.44 26.43 26.48 26.67 26.85 26.80 26.15 29.70 39.74 41.11 40.83 39.80 38.54 37.45 36.23 35.20 34.83 34.16 33.14 35.93 42.15 57.31 72.86 81.95 85.20 87.30 90.34 71.63 50.08 44.86 12.62 15.08 24.91 17.95 16.70 15.56 15.53 15.18
14.40 16.70 18.50 11.49 20.03 17.22 17.09 17.30 17.50 17.93 18.38 18.81 19.10 19.46 20.29 21.03 21.65 21.91 22.15 22.27 22.15 22.41 23.26 24.67 25.11 25.29 25.26 25.20 25.22 25.30 25.42 25.53 25.65 25.74 25.71 25.50 24.99 25.38 25.50 26.20 26.55 26.62 26.71 26.83 26.94 26.81 36.98 41.99 42.49 42.17 41.56 40.30 39.58 38.72 37.43 36.62 35.91 35.17 36.23 38.43 43.58 64.20 80.76 86.32 88.96 93.00 78.95 52.78 42.24 31.76 23.76 28.39 35.27 10.30 14.37 14.65 14.35
16.17 17.39 18.05 15.19 17.31 23.27 16.52 17.46 17.70 17.96 18.38 18.83 19.21 19.47 19.89 20.59 21.27 21.90 22.13 22.35 23.21 23.41 24.03 24.70 25.08 25.30 25.48 25.41 25.34 25.43 25.51 25.62 25.72 25.82 25.85 25.84 25.64 25.56 25.62 26.15 26.48 26.73 26.78 26.89 30.51 35.34 41.11 43.08 43.52 43.29 42.58 41.62 41.33 40.35 39.29 38.39 37.53 36.69 37.59 39.10 40.43 56.91 63.30 68.21 74.54 77.14 71.52 69.13 50.21 29.41 28.74 31.76 36.58 28.72 12.46 15.05 13.47
16.37 16.77 16.75 11.27 10.07 14.38 19.70 17.64 17.54 17.79 18.08 18.56 19.04 19.44 19.77 20.22 20.83 21.44 22.03 23.30 24.25 24.38 24.02 24.45 24.91 25.24 25.47 25.65 25.57 25.56 25.64 25.72 25.85 26.03 26.09 26.10 26.00 25.87 25.72 26.00 26.39 26.66 27.14 39.91 41.01 42.18 43.16 43.70 44.00 43.99 43.67 42.79 42.25 41.56 40.98 40.01 39.06 38.18 38.96 40.11 40.73 50.37 46.78 56.46 67.91 75.09 79.07 73.77 56.36 28.18 33.21 37.09 38.33 42.70 20.67 16.29 14.60
14.94 15.36 14.81 05.12 05.02 07.92 12.05 17.44 17.36 17.65 17.93 18.39 18.84 19.21 19.49 19.89 20.90 22.41 23.41 24.01 24.46 24.65 24.51 24.21 24.67 25.11 25.40 25.60 25.80 25.77 25.76 25.99 26.20 26.24 26.26 26.27 26.27 26.16 26.00 25.92 26.24 28.09 39.94 42.60 42.70 43.21 43.27 43.87 44.42 44.29 44.03 43.77 43.03 42.27 41.91 41.47 40.52 39.54 40.31 41.08 41.04 43.55 44.54 50.11 57.53 65.71 66.78 64.39 46.10 29.36 35.90 40.06 41.38 45.74 49.87 44.75 61.39
14.39 17.92 05.03 05.12 05.00 17.25 14.52 17.75 18.74 17.52 17.96 18.49 19.61 20.74 21.68 22.04 22.50 23.00 23.26 23.93 24.65 24.72 24.79 24.60 24.48 24.91 25.31 25.58 25.78 25.97 26.10 26.27 26.35 26.42 26.43 26.45 26.43 26.42 26.39 26.29 26.11 34.75 42.47 44.17 44.60 43.08 41.64 42.58 44.03 44.57 44.28 43.87 43.44 43.02 42.55 42.03 41.53 40.87 41.59 41.99 41.82 41.68 41.76 42.99 49.00 54.56 54.98 48.85 37.42 36.44 37.29 39.27 40.61 44.13 50.21 62.17 67.45
19.89 13.52 05.16 05.25 08.21 16.31 20.19 18.95 20.28 20.47 20.62 20.77 21.06 21.38 21.70 22.04 22.45 22.80 23.03 23.46 24.21 24.78 24.90 24.99 24.72 24.71 25.11 25.50 25.77 26.07 26.21 26.38 26.47 26.53 26.58 26.59 26.63 26.66 26.69 26.62 29.43 40.61 43.31 44.34 44.72 44.67 42.99 41.51 42.89 44.13 44.45 43.99 43.61 43.50 43.07 42.61 42.08 41.59 42.63 42.88 42.58 42.37 42.10 42.48 46.48 49.07 52.63 61.20 59.65 46.83 39.00 33.69 35.15 36.83 37.58 39.69 40.35
21.42 05.66 05.26 05.27 05.26 10.33 19.37 18.85 19.83 20.99 20.83 20.94 21.06 21.41 21.79 22.21 22.53 22.78 23.01 23.27 23.82 24.54 25.04 25.12 25.20 24.80 24.94 25.53 26.09 26.23 26.34 26.43 26.58 26.64 26.69 26.75 26.81 26.88 26.89 26.84 38.34 42.65 43.75 44.08 44.38 44.64 44.59 42.73 41.87 42.95 43.86 44.11 43.91 43.70 43.42 43.20 42.71 42.69 43.26 43.28 43.14 42.95 42.36 42.43 44.78 46.52 51.93 67.98 60.00 47.29 35.54 28.25 29.37 33.72 33.77 38.12 45.08
20.11 13.56 05.29 05.22 05.11 07.19 16.28 18.66 19.47 20.49 20.89 20.92 20.95 21.22 21.75 22.17 22.48 22.69 22.96 23.22 23.56 24.20 24.83 25.21 25.27 25.65 25.38 25.92 26.17 26.36 26.44 26.50 26.59 26.78 26.85 26.92 26.98 27.03 27.12 36.67 42.36 43.89 44.27 44.24 44.07 44.26 44.47 44.40 42.24 42.04 42.89 43.79 44.13 43.76 43.65 43.37 43.20 43.64 43.69 43.59 43.45 43.25 42.91 42.40 42.85 44.56 52.86 58.74 53.37 43.37 32.77 29.91 33.71 37.97 41.44 46.23 56.36
22.57 23.50 05.30 05.25 05.27 05.49 13.54 17.61 19.22 20.12 21.03 21.00 21.01 21.03 21.58 22.08 22.30 22.52 22.80 23.11 23.46 23.87 24.51 25.09 25.72 26.06 26.10 26.02 26.22 26.41 26.55 26.63 26.69 26.83 27.02 27.08 27.12 27.22 36.04 42.38 44.03 44.51 44.55 44.46 44.17 43.93 44.00 44.33 44.21 41.57 42.14 42.93 43.48 43.74 43.57 43.59 43.64 43.89 44.00 43.90 43.74 43.96 44.03 43.46 42.85 43.18 47.02 48.60 48.10 36.04 34.31 33.72 37.61 41.86 44.88 47.97 53.48
22.34 05.11 05.28 05.27 05.34 15.56 12.65 16.49 18.79 19.83 20.66 21.13 21.13 21.14 21.45 22.05 22.37 22.56 22.85 23.13 23.46 24.23 24.99 25.67 26.01 26.15 26.30 26.18 26.27 26.46 26.66 26.77 26.85 26.96 27.12 27.25 28.90 35.64 42.05 43.95 44.59 44.67 44.69 44.58 44.30 44.03 43.87 43.91 44.24 43.72 41.66 42.29 42.89 43.36 43.57 43.56 43.58 43.98 43.99 44.12 44.03 44.18 44.27 43.99 43.72 44.02 44.78 44.36 42.81 39.03 37.43 39.27 41.75 44.87 45.32 46.90 50.66
14.68 09.20 05.14 05.21 05.34 20.58 13.28 16.92 17.99 19.55 20.33 21.12 21.25 21.25 21.25 21.93 22.77 23.24 23.75 24.36 24.83 25.07 25.35 25.66 25.94 26.20 26.35 26.48 26.31 26.51 26.71 26.92 27.02 27.10 27.18 34.44 41.27 42.52 43.65 44.31 44.58 44.74 44.68 44.53 44.41 44.17 44.01 43.81 43.74 43.98 43.47 41.91 42.43 42.95 43.48 42.40 43.10 43.56 44.12 44.38 44.08 44.27 44.12 44.00 43.90 43.95 44.14 43.20 42.44 40.29 43.97 44.07 44.58 45.62 45.65 45.10 46.40
22.32 18.76 10.03 05.14 06.24 07.51 13.78 17.83 19.61 20.96 21.67 22.38 22.99 22.99 22.99 23.32 23.88 24.22 24.45 24.70 24.90 25.12 25.34 25.59 25.89 26.18 26.38 26.53 26.58 26.57 26.79 26.99 27.15 27.23 33.07 41.44 43.66 43.91 44.17 44.28 44.43 44.53 44.61 44.50 44.38 44.27 44.08 43.91 43.79 43.63 43.69 43.35 41.78 40.64 40.30 41.35 42.64 43.05 43.64 43.88 44.05 44.05 43.81 43.81 43.59 43.52 43.42 42.78 41.71 41.78 46.94 47.61 46.84 46.26 46.13 45.47 45.37
22.36 24.13 22.84 05.07 12.52 12.62 13.21 17.80 19.64 21.11 21.92 22.63 23.26 23.32 23.37 23.49 23.94 24.35 24.60 24.83 24.99 25.11 25.34 25.57 25.83 26.12 26.46 26.67 26.83 26.73 26.85 27.03 27.30 35.73 41.71 43.59 44.24 44.24 44.26 44.22 44.21 44.30 44.38 44.43 44.34 44.26 44.15 44.03 43.92 43.62 43.47 43.66 43.80 38.45 38.74 39.68 41.14 42.49 43.00 43.16 43.43 43.58 43.48 43.26 43.13 43.21 43.05 42.64 42.11 45.15 48.47 48.63 47.98 46.94 46.55 45.86 45.50
23.35 21.97 09.80 05.10 16.16 16.28 16.88 18.33 19.54 20.88 21.97 22.94 23.45 23.43 23.51 23.58 23.93 24.36 24.65 24.79 24.85 25.00 25.23 25.49 25.79 26.06 26.39 26.78 26.91 27.05 26.91 31.20 39.25 41.96 43.55 44.10 44.42 44.59 44.25 44.16 44.09 44.08 44.16 44.21 44.32 44.33 44.12 44.13 44.03 43.79 43.63 43.67 43.72 43.66 38.44 38.71 39.58 40.89 41.93 42.50 42.80 42.89 42.85 42.70 42.87 43.07 43.05 42.98 42.87 48.62 49.76 49.41 48.89 48.29 47.37 46.55 45.54
22.88 24.03 16.96 05.25 20.39 19.95 19.04 18.60 19.51 20.69 21.83 22.77 23.40 23.87 23.64 23.78 24.01 24.39 24.65 24.61 24.67 24.91 25.13 25.32 25.47 25.84 26.27 26.70 26.99 32.31 40.48 40.36 42.16 43.19 43.88 44.24 44.39 44.50 44.64 44.04 43.93 43.92 43.95 44.04 44.18 44.13 44.14 44.17 44.07 43.94 43.73 43.70 43.72 43.76 43.65 40.26 39.49 39.30 40.39 41.43 42.19 42.38 42.26 42.33 42.73 43.21 43.21 43.21 46.34 49.94 50.20 49.76 49.57 49.48 48.54 47.90 46.50
22.42 23.63 24.80 12.39 22.92 21.30 20.55 19.96 19.87 21.17 21.81 22.69 23.45 23.92 23.88 23.99 24.11 24.50 24.90 24.99 25.04 25.15 25.24 25.33 25.50 25.73 26.15 28.60 34.11 40.86 42.70 42.87 42.76 43.35 43.96 44.14 44.22 44.31 44.33 44.39 43.78 43.77 43.78 43.85 43.89 43.98 44.17 44.14 44.05 43.89 43.64 43.70 43.61 43.62 43.65 43.63 40.68 39.51 39.17 40.16 41.07 41.74 41.80 42.12 42.50 43.04 43.32 44.28 50.14 50.93 50.57 50.04 49.86 49.75 49.49 49.17 47.96
21.91 17.61 08.96 22.65 23.88 22.45 21.89 21.33 21.07 23.00 22.67 23.08 23.81 24.32 24.27 24.28 24.29 24.52 24.91 25.16 25.22 25.28 25.35 25.44 27.71 31.70 36.28 38.82 40.76 42.83 43.41 43.54 42.49 42.72 43.64 43.90 44.00 44.08 44.17 44.25 44.29 43.70 43.72 43.69 43.75 43.93 43.98 44.04 43.97 43.28 43.48 43.54 43.44 43.47 43.54 43.52 43.47 43.38 39.30 39.06 39.83 40.58 41.31 41.83 42.17 42.93 43.32 48.63 51.14 51.41 50.49 50.14 50.16 50.07 49.93 49.63 49.12
21.58 18.30 21.37 24.66 24.40 23.54 22.90 22.40 22.21 22.48 23.69 22.08 23.23 24.06 24.65 24.33 24.32 24.40 24.79 25.95 28.40 31.10 34.04 36.74 37.67 38.85 40.07 40.64 41.24 42.51 43.60 43.70 43.62 41.93 42.78 43.58 43.81 43.93 44.04 44.07 44.14 44.15 43.50 43.61 43.70 43.72 43.72 43.73 42.80 43.12 43.26 43.24 43.27 43.41 43.44 43.43 43.45 43.38 43.28 41.96 38.98 39.68 40.40 40.92 41.29 42.08 46.74 51.05 51.91 51.55 50.37 50.10 50.14 50.26 50.36 49.94 49.44
