data/trial10/ashley.fml
NCOLS 382
NROWS 266
XLLCORNER 157819.328125
YLLCORNER 384678.625000
CELLSIZE 30.000000
NODATA_VALUE -1
[rows 68 to 101 of 266, columns 154 to 230 of 382]
04.41 04.67 04.52 04.32 04.46 03.82 03.80 03.67 03.78 03.75 03.84 03.15 02.73 03.28 02.64 02.48 02.51 01.94 01.99 01.73 01.08 00.96 00.93 01.13 01.15 01.22 01.33 01.46 01.47 01.47 01.57 01.94 02.18 02.29 02.51 02.64 02.62 -1.00 -1.00 -1.00 -1.00 -1.00 03.25 03.10 02.80 03.14 03.12 03.57 03.67 03.70 03.69 03.56 03.27 03.18 03.24 03.33 03.22 03.10 02.98 -1.00 -1.00 02.07 02.17 02.21 02.20 02.22 -1.00 01.42 00.59 03.83 04.22 04.58 04.63 04.70 04.74 04.69 04.44
04.56 04.89 04.84 04.80 04.51 04.50 04.19 03.91 03.86 03.84 04.00 02.81 02.26 02.72 02.13 02.15 01.55 00.98 01.06 01.03 00.92 00.96 01.13 01.25 01.32 01.50 01.48 01.54 01.51 01.40 02.03 02.48 02.49 02.51 -1.00 -1.00 -1.00 -1.00 -1.00 -1.00 -1.00 -1.00 -1.00 -1.00 -1.00 02.69 02.77 03.05 03.34 03.52 03.68 03.65 03.91 -1.00 -1.00 -1.00 -1.00 -1.00 -1.00 01.89 02.12 02.21 02.25 02.29 02.43 02.44 01.56 01.11 00.53 03.45 04.16 04.51 04.63 04.71 04.69 04.60 04.27
03.89 04.42 04.73 04.68 04.56 04.42 04.33 04.44 04.55 04.57 04.60 04.50 03.48 02.17 01.79 01.82 01.65 01.40 01.17 01.13 01.26 01.36 01.36 01.50 01.45 01.58 01.52 01.41 01.52 01.98 -1.00 -1.00 -1.00 -1.00 -1.00 -1.00 -1.00 -1.00 -1.00 -1.00 -1.00 -1.00 -1.00 -1.00 -1.00 -1.00 -1.00 -1.00 03.08 03.36 03.73 04.08 -1.00 -1.00 -1.00 -1.00 01.73 01.78 01.92 01.97 02.09 02.17 02.25 02.30 02.38 02.43 00.43 00.71 00.61 02.37 04.76 04.79 04.83 04.87 04.75 04.53 04.18
04.01 04.09 03.56 04.34 04.52 04.31 04.43 04.56 04.59 04.62 04.62 04.39 03.13 02.17 01.87 01.96 01.75 01.52 01.67 01.20 01.20 01.34 01.28 01.32 01.49 01.28 01.32 01.40 01.83 01.96 02.13 -1.00 -1.00 -1.00 -1.00 -1.00 -1.00 -1.00 -1.00 -1.00 -1.00 -1.00 -1.00 -1.00 -1.00 -1.00 -1.00 -1.00 -1.00 -1.00 -1.00 01.72 01.74 01.75 01.82 01.77 01.80 01.84 01.89 01.96 02.03 02.11 02.22 02.27 02.19 01.55 00.38 00.56 00.69 02.73 04.14 04.66 04.72 04.79 04.87 04.69 04.30
03.97 04.30 03.98 03.28 04.44 04.41 04.52 04.55 04.62 04.63 04.63 04.61 04.58 02.24 02.00 02.11 01.95 01.87 01.52 01.64 01.19 01.18 01.37 01.29 01.23 01.31 01.70 02.03 02.22 02.31 02.60 02.29 -1.00 01.89 01.88 02.00 02.17 02.24 02.28 02.19 02.15 02.11 02.04 -1.00 01.85 01.86 01.93 02.01 02.10 02.05 01.97 01.85 01.83 01.83 01.79 01.73 01.75 01.76 01.79 01.85 01.92 01.99 02.05 02.13 01.67 01.82 00.47 00.68 00.73 01.92 03.09 04.11 04.40 04.57 04.59 04.59 04.38
04.05 04.32 04.34 03.93 04.17 04.47 04.54 04.57 04.61 04.64 04.65 04.66 04.20 02.24 02.20 01.86 02.16 02.13 01.89 01.59 01.20 01.18 01.30 01.64 01.90 01.94 02.05 02.03 02.36 02.29 02.47 02.70 01.98 01.99 02.09 02.19 02.20 02.19 02.18 02.17 02.15 02.13 02.11 01.92 01.94 01.93 01.92 02.03 02.12 01.98 01.88 01.87 01.83 01.76 01.69 01.62 01.63 01.69 01.70 01.72 01.74 01.83 01.94 01.96 01.40 01.19 00.58 00.70 00.74 04.95 03.99 03.65 03.90 04.21 04.48 04.53 04.42
04.12 04.39 04.38 03.74 03.13 04.36 04.53 04.59 04.62 04.67 04.69 04.72 04.59 02.22 02.59 03.12 01.84 02.49 01.91 01.56 01.65 01.41 01.58 01.59 01.92 02.21 02.17 02.11 02.45 02.24 01.71 02.02 02.09 02.14 02.16 02.18 02.19 02.17 02.14 02.10 02.09 02.02 01.95 01.94 01.91 01.89 01.91 01.95 01.91 01.78 01.79 01.81 01.74 01.65 01.57 00.48 01.41 01.54 01.61 01.69 01.74 01.69 01.12 01.85 01.71 00.47 00.69 00.72 00.73 03.75 03.69 04.04 03.47 03.62 04.02 04.31 04.31
04.14 04.47 04.42 04.39 03.23 03.20 04.27 04.52 04.59 04.65 04.66 04.57 04.43 02.68 03.13 03.65 02.22 02.97 02.13 01.90 01.88 02.41 01.92 01.90 01.90 02.24 02.18 02.21 02.30 01.83 01.84 02.05 02.15 02.18 02.19 02.18 02.23 02.28 02.22 02.17 01.90 01.85 01.82 01.80 01.80 01.81 01.86 01.91 01.72 01.64 01.66 01.60 01.26 01.44 01.58 01.60 01.64 01.69 01.75 01.79 01.85 01.95 01.49 01.27 00.33 -1.00 00.46 00.69 00.69 00.67 02.10 04.11 03.54 03.40 03.71 04.09 04.21
04.20 04.50 04.43 04.38 04.25 03.42 03.27 03.40 04.34 04.48 04.55 04.56 04.21 03.32 03.78 03.54 02.63 03.42 03.48 02.52 02.36 02.62 02.04 01.89 01.72 02.14 02.12 02.04 02.03 01.67 01.82 01.99 02.12 02.18 02.26 02.34 02.42 02.44 02.43 01.98 01.90 01.78 01.71 01.73 01.76 01.80 01.84 01.69 01.60 00.88 01.49 01.58 01.68 01.64 01.89 01.86 01.90 01.91 02.04 02.28 02.39 02.21 02.01 00.72 00.37 -1.00 00.83 00.76 00.70 00.68 00.63 03.02 03.70 03.14 03.15 03.68 03.84
04.22 04.41 04.40 04.35 04.33 04.31 04.29 03.25 03.29 03.32 03.74 04.35 04.44 03.73 03.59 03.43 02.92 03.49 03.42 03.05 02.88 02.50 02.18 01.91 01.88 01.94 02.01 01.77 01.69 01.79 01.91 02.03 02.12 02.20 02.30 02.39 02.46 02.78 02.14 02.02 01.73 00.76 01.67 01.68 01.68 01.69 01.63 01.57 01.55 01.66 01.65 01.89 01.89 01.87 01.94 01.99 02.28 02.36 02.69 02.42 01.25 01.14 00.30 00.33 00.56 00.61 00.65 00.75 00.83 00.77 00.68 01.77 03.22 03.09 03.06 03.23 03.46
04.29 04.42 04.40 04.36 04.32 04.30 04.29 04.28 04.24 04.02 03.18 02.99 04.20 03.63 03.40 03.40 02.93 03.56 03.53 03.11 03.00 02.40 02.08 01.91 01.77 01.96 02.23 01.55 01.54 01.60 01.71 01.76 01.96 02.07 02.16 02.25 02.28 02.15 01.65 01.96 01.89 01.90 01.90 01.86 01.84 01.83 01.82 01.61 01.87 01.82 01.85 01.89 01.93 02.06 02.10 02.63 02.78 01.68 02.78 02.58 00.47 00.40 00.45 01.00 00.54 00.66 00.62 00.56 00.85 00.79 00.69 03.08 03.21 03.10 03.02 02.88 03.17
04.51 04.49 04.48 04.46 04.42 04.37 04.30 04.27 04.18 04.10 04.04 02.81 03.72 03.62 03.42 03.47 03.04 03.70 03.50 02.93 02.74 02.29 02.02 01.88 01.83 01.53 01.43 01.69 01.78 01.85 01.92 01.92 01.90 01.90 01.29 01.86 01.89 01.82 01.89 01.89 02.05 02.12 02.14 02.22 02.19 02.22 02.16 01.79 01.87 01.95 02.05 02.03 02.17 02.71 03.24 04.58 05.09 01.50 00.71 01.96 00.56 00.61 00.48 00.48 00.58 00.66 00.68 00.61 00.53 00.81 00.69 03.52 03.22 03.08 02.99 02.78 02.89
04.63 04.59 04.56 04.57 04.56 04.51 04.42 04.33 04.11 03.98 03.92 03.28 03.84 03.66 03.54 03.65 03.09 02.99 03.44 02.91 02.66 02.23 02.22 01.96 01.81 01.64 01.74 01.81 01.87 01.93 01.97 01.96 01.99 02.05 01.91 01.97 01.85 01.89 01.94 01.96 02.37 02.32 02.29 02.31 02.29 02.27 01.89 01.88 02.09 02.27 02.53 02.82 03.94 05.84 06.16 06.47 06.64 06.44 00.87 00.77 00.72 00.66 00.62 00.45 00.50 00.63 00.74 00.72 02.72 00.59 00.67 02.53 03.63 02.85 02.83 02.74 02.79
04.71 04.73 04.69 04.68 04.70 04.65 04.60 04.42 04.07 03.89 03.10 03.61 03.88 03.60 03.68 03.49 03.32 02.92 03.24 03.04 02.81 02.29 02.19 02.11 01.96 01.96 01.98 02.04 02.18 02.24 02.23 02.23 01.99 01.89 01.92 01.96 01.85 02.11 02.18 02.24 02.11 02.25 02.44 02.66 02.74 02.55 01.95 02.20 02.78 03.53 05.00 06.38 05.16 05.75 06.24 06.66 11.08 11.03 02.86 00.89 00.83 00.77 00.64 00.49 00.40 00.74 02.25 03.53 03.32 03.22 00.62 01.65 02.95 02.63 02.66 02.71 02.71
04.71 04.74 04.75 04.76 04.74 04.71 04.73 04.48 04.20 03.69 02.48 03.76 03.92 03.59 03.92 03.72 02.97 02.91 02.70 02.88 02.82 02.02 02.05 02.07 02.06 02.08 02.17 02.22 02.26 02.27 02.18 02.16 02.08 02.10 02.19 01.96 02.01 02.05 02.05 02.06 02.20 02.39 02.64 02.76 02.66 01.97 02.19 02.69 05.38 05.99 06.43 06.52 06.45 06.04 06.48 06.77 11.32 11.10 10.70 00.98 00.87 00.87 00.75 00.57 00.43 00.64 01.72 03.18 03.75 03.25 03.09 01.92 02.79 02.62 02.51 02.62 02.65
04.69 04.70 04.70 04.71 04.67 04.62 04.60 04.43 04.19 03.04 02.58 03.91 03.85 03.94 04.07 04.08 03.81 02.79 02.64 02.34 02.15 02.15 02.15 02.15 02.15 02.27 02.33 02.41 02.49 02.58 02.66 02.21 02.21 02.17 02.02 02.03 02.04 02.06 02.08 02.15 02.29 02.51 02.64 02.80 02.80 02.25 02.67 05.10 06.29 06.53 06.61 06.50 06.51 06.52 06.67 06.91 10.88 10.80 10.76 11.00 00.98 00.88 00.87 00.66 00.50 00.43 03.78 03.98 03.54 03.36 03.07 02.61 02.71 02.54 02.55 02.55 02.61
04.63 04.61 04.58 04.58 04.56 04.49 04.40 04.29 03.89 02.46 03.71 03.76 04.10 04.31 04.31 04.26 04.23 03.89 03.12 03.01 02.98 03.16 03.21 03.07 02.89 02.95 03.02 03.02 02.51 02.29 02.29 02.29 02.21 02.10 02.08 02.12 02.16 02.18 02.22 02.31 02.38 02.51 02.69 02.67 02.32 02.58 03.46 04.81 05.97 06.21 06.36 06.28 06.42 06.60 06.81 10.68 06.90 06.83 06.93 11.44 03.82 01.06 00.92 00.80 00.56 00.39 02.39 03.38 03.10 03.21 02.93 02.77 02.64 02.51 02.61 02.55 02.60
04.52 04.51 04.48 04.44 04.40 04.37 04.30 04.18 03.31 02.78 04.15 04.28 04.38 04.60 04.46 04.50 04.35 04.10 03.67 03.39 03.39 03.34 03.26 02.79 02.84 02.89 02.66 02.59 02.74 02.94 03.15 03.09 02.59 02.58 02.29 02.53 02.60 02.60 02.59 02.56 02.46 02.49 02.47 02.48 02.56 03.23 04.71 04.76 05.26 05.61 05.78 05.94 06.28 06.49 06.77 10.73 10.91 06.82 06.78 10.71 11.58 11.17 01.10 01.01 00.70 00.42 01.08 02.80 02.88 02.91 02.74 02.65 02.54 02.50 02.63 02.55 02.59
04.35 04.35 04.33 04.33 04.34 04.30 04.20 03.96 02.82 03.03 04.49 04.68 04.67 04.73 04.62 04.72 04.33 04.15 03.67 03.44 03.33 02.86 02.63 02.75 02.82 02.77 03.24 03.40 03.17 03.34 03.36 03.22 02.43 02.58 02.49 02.49 02.58 02.50 02.50 02.53 02.62 02.72 02.79 03.21 03.55 03.78 04.12 04.38 04.77 05.10 05.15 05.41 06.12 06.41 06.69 06.94 10.99 11.07 06.67 06.88 10.99 11.40 11.75 01.06 00.86 00.51 00.36 01.34 02.79 02.69 02.55 02.51 02.45 02.50 02.38 02.55 02.24
04.28 04.28 04.28 04.29 04.29 04.29 04.24 03.67 02.75 03.23 04.68 04.79 04.92 04.70 04.34 04.23 04.21 03.80 03.86 03.83 03.09 03.68 04.26 04.70 04.75 04.49 04.73 04.80 04.65 04.16 04.00 03.84 02.59 02.61 02.67 02.59 02.39 02.30 02.35 02.37 02.48 02.59 02.65 02.76 03.42 03.72 03.77 03.87 04.27 04.80 04.93 05.06 05.93 06.26 06.60 06.92 10.98 11.77 10.86 10.73 10.76 10.97 11.37 04.14 00.90 00.63 00.42 00.69 02.10 02.38 01.97 02.30 02.22 02.41 02.53 02.47 02.60
04.23 04.24 04.25 04.26 04.26 04.26 03.94 03.22 02.93 03.40 04.49 04.65 04.54 04.44 04.42 04.46 04.44 04.29 04.15 03.49 04.30 04.54 04.90 04.99 05.59 06.05 05.76 05.40 05.34 05.18 05.00 04.26 02.60 02.67 02.74 02.86 02.94 02.71 02.85 03.00 03.15 03.16 03.18 02.75 03.00 03.58 03.72 03.55 03.84 04.43 04.75 04.87 05.55 06.12 06.39 06.77 10.95 11.54 12.03 11.93 11.69 11.39 11.28 11.06 00.94 00.65 00.46 01.68 01.28 01.80 01.37 01.49 01.38 01.43 01.37 01.35 01.38
04.17 04.19 04.22 04.23 04.24 04.23 04.21 03.05 03.07 03.23 03.58 04.13 04.19 04.15 04.19 04.37 04.53 04.37 03.80 04.38 04.53 04.51 04.83 05.10 05.75 06.12 06.29 06.08 05.69 05.36 05.47 05.66 02.60 02.79 02.92 02.93 03.22 03.03 03.53 03.79 03.79 03.60 03.43 03.04 02.96 03.16 03.83 03.65 03.58 03.93 04.39 04.58 05.08 05.89 06.30 06.59 10.72 11.35 11.43 11.49 11.40 11.31 11.13 06.90 05.74 00.73 00.50 00.53 01.22 01.60 01.37 01.30 01.74 01.54 01.48 01.43 01.40
04.11 04.14 04.17 04.19 04.21 04.21 04.21 04.05 03.04 03.42 03.59 03.84 03.84 03.89 03.85 03.93 04.21 04.33 04.62 04.60 04.47 05.16 04.74 05.15 05.60 05.99 06.37 06.20 05.71 05.73 06.04 05.45 02.66 02.78 03.03 03.08 03.16 03.32 04.24 04.58 04.26 03.68 03.54 03.03 02.92 03.18 03.55 03.55 03.72 03.62 03.98 04.27 04.60 05.55 06.31 06.54 06.90 10.94 10.85 10.78 10.67 10.75 10.74 06.43 05.92 02.65 00.59 00.52 00.44 01.11 01.44 01.44 01.32 01.30 01.69 01.45 01.46
03.98 04.03 04.10 04.14 04.18 04.20 04.21 03.85 03.15 03.56 03.99 04.17 04.19 04.14 03.48 03.91 04.27 04.69 04.82 04.42 04.25 05.01 04.68 05.13 05.46 05.93 06.14 06.12 06.25 06.27 06.43 06.29 02.60 02.71 02.93 03.05 03.15 03.49 04.38 04.87 04.78 04.18 03.23 03.32 02.98 03.25 03.53 03.46 03.69 03.68 03.73 04.05 04.41 04.82 05.92 06.25 06.87 06.88 06.78 06.69 06.62 06.53 06.30 05.95 05.82 05.31 00.60 00.57 00.52 00.42 00.75 01.40 01.83 01.50 01.45 01.43 -1.00
03.64 03.78 03.93 04.02 04.09 04.14 04.17 03.93 03.41 03.83 04.41 04.86 05.08 04.67 04.57 04.20 05.00 04.91 05.54 05.01 03.95 04.77 04.71 05.00 05.43 05.83 05.95 06.22 06.45 06.62 06.67 06.29 02.54 02.62 02.86 02.99 03.09 03.92 04.40 05.03 05.52 05.14 03.61 02.92 03.22 03.34 03.59 03.64 03.63 03.79 03.78 03.91 04.20 04.66 05.19 05.92 06.75 06.77 06.75 06.52 06.38 06.28 05.82 05.71 06.13 06.03 00.76 00.71 00.60 00.47 00.37 00.94 01.71 01.58 01.45 01.29 -1.00
02.76 02.80 03.37 03.72 03.89 04.01 04.07 04.12 03.66 03.63 04.53 05.25 05.53 05.43 04.79 04.43 04.50 05.00 05.46 04.19 05.23 04.63 04.58 04.89 05.35 05.60 05.90 06.27 06.54 06.73 06.63 06.57 02.48 02.53 02.76 02.93 03.02 03.80 04.24 05.12 05.44 05.41 04.21 03.11 03.24 03.43 03.61 03.67 03.63 03.66 03.93 04.00 04.04 04.36 04.78 05.56 06.43 06.80 06.94 06.81 06.45 06.04 05.79 05.86 06.62 05.75 02.06 04.43 00.68 00.55 00.40 00.47 01.41 01.51 01.40 -1.00 -1.00
02.78 02.71 02.63 02.59 03.20 03.67 03.85 03.97 03.80 03.83 04.48 04.97 05.54 05.62 05.15 04.70 04.50 04.84 04.86 06.44 06.33 04.51 04.61 04.93 05.11 05.39 05.62 05.92 06.38 06.56 06.39 06.28 02.37 02.44 02.65 02.78 02.94 03.70 04.09 05.11 05.21 05.15 04.55 03.04 03.59 03.69 03.66 03.69 03.69 03.67 03.92 04.04 04.00 04.19 04.30 05.70 06.29 06.82 06.90 06.89 06.63 05.91 05.93 06.31 06.44 05.29 03.46 04.44 03.03 02.57 00.44 00.40 00.99 00.95 01.24 -1.00 -1.00
02.82 02.75 02.67 02.60 02.58 02.59 03.13 03.67 03.92 03.50 04.30 04.81 05.03 05.31 05.05 04.67 04.17 04.52 05.83 06.62 06.18 04.66 04.74 04.85 04.98 05.08 05.29 05.58 05.90 06.15 06.29 06.14 05.77 02.38 02.54 02.66 03.21 03.57 04.02 04.91 05.05 05.27 04.80 03.01 02.92 03.89 03.61 03.64 03.70 03.65 03.67 04.05 04.01 04.15 04.26 05.02 05.76 06.48 06.87 06.96 06.53 06.29 06.39 06.57 05.82 04.76 04.33 04.48 04.24 03.65 00.49 00.39 00.48 00.53 00.83 -1.00 -1.00
02.87 02.80 02.72 02.64 02.55 02.56 02.49 02.59 03.61 03.94 04.01 04.45 04.61 04.93 04.67 03.84 04.23 04.89 06.15 06.29 05.76 05.00 05.46 04.86 04.89 04.90 04.96 05.35 05.65 05.91 06.16 06.16 03.49 02.30 02.44 02.53 03.29 03.46 03.72 04.58 04.86 05.13 04.57 03.03 02.93 03.82 03.57 03.60 03.68 03.65 03.66 03.68 04.13 04.16 04.69 04.82 05.43 06.33 06.93 06.96 06.43 06.38 06.44 06.58 05.06 04.14 04.35 04.68 04.64 03.88 00.49 00.41 00.43 00.49 00.50 -1.00 -1.00
02.89 02.84 02.76 02.68 02.58 02.53 02.49 02.42 02.38 03.59 03.95 04.30 04.43 04.42 04.03 03.34 04.07 05.65 05.78 05.58 05.27 04.77 04.75 04.77 04.75 04.70 04.77 04.92 05.26 05.69 06.13 06.02 03.43 03.63 02.38 02.36 03.09 03.27 03.58 04.27 04.90 05.10 04.50 03.04 02.71 03.30 03.40 03.50 03.64 03.61 03.59 03.49 03.95 04.16 04.66 04.74 04.93 05.76 06.84 06.85 06.83 06.71 06.72 06.37 04.66 04.05 04.48 04.68 04.91 04.17 02.31 00.44 00.42 00.45 00.50 00.48 -1.00
02.88 02.88 02.81 02.71 02.62 02.53 02.48 02.44 02.39 02.91 03.80 04.23 04.33 03.90 03.29 03.76 05.00 05.08 04.27 04.21 04.65 04.64 04.62 04.68 04.69 04.68 04.68 04.76 04.99 05.50 06.08 03.15 03.65 03.98 02.90 02.33 02.42 03.03 03.53 04.06 04.77 05.16 04.61 03.23 02.87 03.15 03.07 03.36 03.49 03.39 03.43 03.43 03.41 04.08 04.77 04.69 04.78 04.98 05.49 06.13 06.80 06.95 06.70 06.17 04.33 04.04 04.50 04.63 04.99 04.55 03.47 00.53 00.45 00.38 00.45 00.47 -1.00
02.90 02.86 02.81 02.74 02.64 02.54 02.45 02.38 02.35 02.28 03.52 04.16 04.22 03.52 03.95 03.81 04.25 04.36 04.04 03.81 03.61 03.59 04.00 04.57 04.71 04.75 04.64 04.76 04.98 05.26 05.37 03.43 03.67 03.91 03.13 02.21 02.23 02.78 03.12 04.19 04.59 04.89 04.54 03.29 03.01 03.20 02.94 02.87 03.25 03.29 03.26 03.33 03.29 03.68 04.53 04.61 04.69 04.85 05.29 05.91 06.70 06.66 06.67 06.02 03.97 04.01 04.30 04.62 05.00 05.04 03.80 00.52 00.53 00.42 00.43 00.46 -1.00
02.92 02.89 02.84 02.77 02.69 02.57 02.45 02.36 02.28 02.28 03.27 03.91 03.86 03.79 03.90 04.04 04.47 04.21 03.97 03.68 03.53 03.53 03.66 03.73 04.15 04.66 04.76 04.77 05.07 05.32 04.91 03.38 03.61 03.37 03.77 04.20 02.18 02.59 02.73 03.96 03.73 05.16 05.11 03.61 03.22 03.40 02.98 02.83 02.80 03.19 03.26 03.25 03.21 03.46 03.82 04.25 04.54 04.72 04.91 05.64 06.03 06.32 06.66 05.36 03.74 03.98 04.16 04.67 04.79 06.15 04.07 03.19 00.55 00.45 00.40 00.46 -1.00
02.99 02.92 02.88 02.81 02.73 02.62 02.49 02.34 02.26 02.18 03.04 03.60 03.54 03.63 03.77 03.92 04.41 04.13 04.00 03.73 03.49 03.51 03.60 03.77 03.88 03.78 04.50 04.80 05.12 05.49 03.12 03.22 03.22 03.39 03.97 03.66 02.97 02.56 02.41 03.18 04.78 04.59 04.64 04.19 03.36 03.45 03.25 02.88 02.92 02.82 03.26 03.22 03.13 03.60 03.74 03.73 04.17 04.60 04.91 05.17 05.56 05.98 06.33 04.58 03.67 03.95 04.19 04.67 05.99 05.93 04.00 03.31 02.93 00.52 00.38 00.43 00.41
