data/trial10/ashley.toa
NCOLS 382
NROWS 266
XLLCORNER 157819.328125
YLLCORNER 384678.625000
CELLSIZE 30.000000
NODATA_VALUE -1
[rows 182 to 207 of 266, columns 300 to 359 of 382]
00040.181 00040.394 00040.443 00040.377 00040.410 00040.470 00040.568 00040.758 00040.976 00041.177 00041.379 00041.579 00041.759 00041.927 00042.111 00042.186 00042.103 00042.025 00042.003 00041.994 00041.987 00042.037 00042.042 00042.129 00042.285 00042.443 00042.830 -0001.000 -0001.000 -0001.000 -0001.000 -0001.000 -0001.000 -0001.000 -0001.000 -0001.000 -0001.000 -0001.000 -0001.000 -0001.000 -0001.000 -0001.000 -0001.000 -0001.000 -0001.000 -0001.000 -0001.000 -0001.000 -0001.000 -0001.000 -0001.000 -0001.000 -0001.000 -0001.000 -0001.000 -0001.000 -0001.000 -0001.000 -0001.000 -0001.000
00040.139 00040.266 00040.265 00040.282 00040.304 00040.382 00040.578 00040.759 00040.935 00041.108 00041.275 00041.469 00041.655 00041.829 00041.968 00041.863 00041.797 00041.757 00041.763 00041.768 00041.813 00041.838 00041.887 00042.033 00042.149 00042.414 -0001.000 -0001.000 -0001.000 -0001.000 -0001.000 -0001.000 -0001.000 -0001.000 -0001.000 -0001.000 -0001.000 00042.908 00042.969 -0001.000 -0001.000 -0001.000 -0001.000 -0001.000 -0001.000 -0001.000 -0001.000 -0001.000 -0001.000 -0001.000 -0001.000 -0001.000 -0001.000 -0001.000 -0001.000 -0001.000 -0001.000 -0001.000 -0001.000 -0001.000
00039.909 00040.082 00040.143 00040.193 00040.266 00040.421 00040.602 00040.747 00040.881 00041.040 00041.190 00041.366 00041.551 00041.738 00041.639 00041.565 00041.498 00041.526 00041.553 00041.597 00041.666 00041.688 00041.837 00041.968 00042.169 -0001.000 -0001.000 -0001.000 -0001.000 -0001.000 -0001.000 -0001.000 -0001.000 -0001.000 -0001.000 00042.794 00042.747 00042.753 00042.778 00042.881 00042.974 -0001.000 -0001.000 -0001.000 -0001.000 -0001.000 -0001.000 -0001.000 -0001.000 -0001.000 -0001.000 -0001.000 -0001.000 -0001.000 -0001.000 -0001.000 -0001.000 -0001.000 -0001.000 -0001.000
00039.757 00039.932 00040.047 00040.145 00040.269 00040.438 00040.560 00040.686 00040.824 00040.977 00041.122 00041.275 00041.462 00041.410 00041.343 00041.293 00041.312 00041.361 00041.399 00041.510 00041.555 00041.653 00041.803 00042.027 00042.261 -0001.000 -0001.000 -0001.000 -0001.000 -0001.000 -0001.000 -0001.000 00042.591 00042.545 00042.543 00042.569 00042.594 00042.622 00042.674 00042.756 00042.859 00042.941 00042.874 00042.988 -0001.000 -0001.000 -0001.000 -0001.000 -0001.000 -0001.000 -0001.000 -0001.000 -0001.000 -0001.000 -0001.000 -0001.000 -0001.000 -0001.000 -0001.000 -0001.000
00039.687 00039.833 00039.951 00040.041 00040.205 00040.354 00040.481 00040.613 00040.762 00040.918 00041.045 00041.183 00041.176 00041.131 00041.103 00041.104 00041.188 00041.246 00041.334 00041.428 00041.466 00041.635 00041.889 00042.126 -0001.000 -0001.000 -0001.000 -0001.000 -0001.000 00042.882 00042.277 00042.240 00042.259 00042.324 00042.397 00042.439 00042.477 00042.520 00042.568 00042.670 00042.804 00042.711 00042.815 00042.923 -0001.000 -0001.000 -0001.000 -0001.000 -0001.000 -0001.000 -0001.000 -0001.000 -0001.000 -0001.000 -0001.000 -0001.000 -0001.000 -0001.000 -0001.000 -0001.000
00039.698 00039.822 00039.926 00040.015 00040.106 00040.264 00040.396 00040.530 00040.655 00040.793 00040.930 00041.038 00040.965 00040.954 00040.944 00041.023 00041.099 00041.164 00041.296 00041.357 00041.405 00041.622 00042.173 -0001.000 -0001.000 -0001.000 -0001.000 00042.296 00042.012 00041.991 00042.034 00042.113 00042.160 00042.205 00042.251 00042.296 00042.340 00042.403 00042.509 00042.643 00042.614 00042.674 00042.773 00042.869 00042.999 -0001.000 -0001.000 -0001.000 -0001.000 -0001.000 -0001.000 -0001.000 -0001.000 -0001.000 -0001.000 -0001.000 -0001.000 -0001.000 -0001.000 -0001.000
00039.706 00039.813 00039.905 00039.991 00040.069 00040.165 00040.289 00040.387 00040.502 00040.635 00040.774 00040.807 00040.820 00040.825 00040.884 00040.987 00041.037 00041.158 00041.248 00041.298 00041.339 00041.369 00041.412 00041.780 00042.256 00042.028 00041.697 00041.745 00041.842 00041.884 00041.936 00041.992 00042.038 00042.074 00042.113 00042.168 00042.239 00042.331 00042.457 00042.493 00042.535 00042.644 00042.738 00042.877 -0001.000 -0001.000 -0001.000 -0001.000 -0001.000 -0001.000 -0001.000 -0001.000 -0001.000 -0001.000 -0001.000 -0001.000 -0001.000 -0001.000 -0001.000 -0001.000
00039.737 00039.829 00039.908 00039.982 00040.057 00040.128 00040.199 00040.245 00040.336 00040.463 00040.590 00040.669 00040.718 00040.776 00040.889 00040.965 00041.086 00041.154 00041.211 00041.258 00041.292 00041.321 00041.355 00041.413 00041.553 00041.611 00041.654 00041.700 00041.740 00041.802 00041.840 00041.871 00041.913 00041.952 00041.994 00042.043 00042.101 00042.243 00042.339 00042.385 00042.515 00042.619 00042.772 00042.930 -0001.000 -0001.000 -0001.000 -0001.000 -0001.000 -0001.000 -0001.000 -0001.000 -0001.000 -0001.000 -0001.000 -0001.000 -0001.000 -0001.000 -0001.000 -0001.000
00039.785 00039.869 00039.949 00040.025 00040.090 00040.147 00040.199 00040.249 00040.319 00040.381 00040.459 00040.552 00040.672 00040.805 00040.913 00041.029 00041.096 00041.141 00041.189 00041.230 00041.267 00041.301 00041.392 00041.495 00041.560 00041.604 00041.645 00041.681 00041.719 00041.766 00041.800 00041.826 00041.846 00041.866 00041.908 00041.992 00042.083 00042.145 00042.255 00042.393 00042.513 00042.675 00042.830 00042.981 -0001.000 -0001.000 -0001.000 -0001.000 -0001.000 -0001.000 -0001.000 -0001.000 -0001.000 -0001.000 -0001.000 -0001.000 -0001.000 -0001.000 -0001.000 -0001.000
00039.815 00039.895 00039.986 00040.072 00040.146 00040.212 00040.268 00040.319 00040.371 00040.423 00040.491 00040.607 00040.720 00040.846 00040.950 00041.027 00041.080 00041.127 00041.174 00041.215 00041.279 00041.371 00041.453 00041.510 00041.561 00041.604 00041.644 00041.682 00041.715 00041.748 00041.774 00041.800 00041.838 00041.877 00041.934 00041.983 00042.024 00042.159 00042.287 00042.439 00042.597 00042.747 00042.890 -0001.000 -0001.000 -0001.000 -0001.000 -0001.000 -0001.000 -0001.000 -0001.000 -0001.000 -0001.000 -0001.000 -0001.000 -0001.000 -0001.000 -0001.000 -0001.000 -0001.000
00039.840 00039.927 00040.038 00040.145 00040.233 00040.311 00040.380 00040.438 00040.491 00040.546 00040.598 00040.661 00040.754 00040.851 00040.933 00041.008 00041.063 00041.111 00041.163 00041.256 00041.331 00041.402 00041.459 00041.513 00041.564 00041.608 00041.648 00041.683 00041.712 00041.741 00041.776 00041.814 00041.857 00041.891 00041.927 00041.976 00042.091 00042.230 00042.377 00042.523 00042.676 00042.835 00042.997 -0001.000 -0001.000 -0001.000 -0001.000 -0001.000 -0001.000 -0001.000 -0001.000 -0001.000 -0001.000 -0001.000 -0001.000 -0001.000 -0001.000 -0001.000 -0001.000 -0001.000
00039.874 00039.967 00040.071 00040.168 00040.249 00040.326 00040.396 00040.458 00040.512 00040.566 00040.624 00040.693 00040.770 00040.849 00040.921 00040.989 00041.052 00041.124 00041.201 00041.279 00041.345 00041.403 00041.461 00041.516 00041.568 00041.613 00041.652 00041.686 00041.719 00041.751 00041.789 00041.827 00041.863 00041.897 00041.934 00042.037 00042.184 00042.332 00042.487 00042.650 00042.812 00042.975 -0001.000 -0001.000 -0001.000 -0001.000 -0001.000 -0001.000 -0001.000 -0001.000 -0001.000 -0001.000 -0001.000 -0001.000 -0001.000 -0001.000 -0001.000 -0001.000 -0001.000 -0001.000
00039.914 00040.001 00040.100 00040.188 00040.264 00040.339 00040.408 00040.470 00040.529 00040.588 00040.651 00040.719 00040.793 00040.863 00040.931 00040.999 00041.068 00041.140 00041.217 00041.285 00041.346 00041.404 00041.463 00041.520 00041.571 00041.616 00041.657 00041.695 00041.728 00041.764 00041.800 00041.836 00041.869 00041.903 00041.973 00042.128 00042.299 00042.464 00042.625 00042.782 00042.934 -0001.000 -0001.000 -0001.000 -0001.000 -0001.000 -0001.000 -0001.000 -0001.000 -0001.000 -0001.000 -0001.000 -0001.000 -0001.000 -0001.000 -0001.000 -0001.000 -0001.000 -0001.000 -0001.000
00039.953 00040.034 00040.118 00040.201 00040.278 00040.349 00040.418 00040.483 00040.551 00040.614 00040.678 00040.745 00040.813 00040.877 00040.946 00041.016 00041.084 00041.152 00041.220 00041.284 00041.345 00041.404 00041.461 00041.517 00041.571 00041.619 00041.664 00041.704 00041.743 00041.778 00041.813 00041.846 00041.879 00041.922 00042.046 00042.239 00042.412 00042.576 00042.724 00042.865 -0001.000 -0001.000 -0001.000 -0001.000 -0001.000 -0001.000 -0001.000 -0001.000 -0001.000 -0001.000 -0001.000 -0001.000 -0001.000 -0001.000 -0001.000 -0001.000 -0001.000 -0001.000 -0001.000 -0001.000
00039.985 00040.059 00040.132 00040.208 00040.283 00040.356 00040.430 00040.499 00040.567 00040.634 00040.702 00040.767 00040.833 00040.898 00040.967 00041.035 00041.098 00041.161 00041.222 00041.283 00041.342 00041.400 00041.458 00041.515 00041.570 00041.623 00041.673 00041.719 00041.761 00041.798 00041.832 00041.862 00041.899 00041.961 00042.110 00042.317 00042.520 00042.675 00042.805 00042.952 -0001.000 -0001.000 -0001.000 -0001.000 -0001.000 -0001.000 -0001.000 -0001.000 -0001.000 -0001.000 -0001.000 -0001.000 -0001.000 -0001.000 -0001.000 -0001.000 -0001.000 -0001.000 -0001.000 -0001.000
00040.011 00040.081 00040.146 00040.215 00040.287 00040.360 00040.434 00040.508 00040.582 00040.652 00040.720 00040.787 00040.854 00040.921 00040.989 00041.053 00041.113 00041.173 00041.231 00041.289 00041.346 00041.403 00041.460 00041.517 00041.573 00041.629 00041.684 00041.734 00041.777 00041.813 00041.845 00041.874 00041.911 00041.982 00042.187 00042.434 00042.644 00042.811 00042.934 -0001.000 -0001.000 -0001.000 -0001.000 -0001.000 -0001.000 -0001.000 -0001.000 -0001.000 -0001.000 -0001.000 -0001.000 -0001.000 -0001.000 -0001.000 -0001.000 -0001.000 -0001.000 -0001.000 -0001.000 -0001.000
00040.036 00040.102 00040.167 00040.231 00040.296 00040.365 00040.438 00040.512 00040.587 00040.662 00040.736 00040.805 00040.873 00040.941 00041.009 00041.070 00041.128 00041.185 00041.242 00041.299 00041.356 00041.413 00041.469 00041.526 00041.583 00041.638 00041.693 00041.745 00041.790 00041.828 00041.861 00041.894 00041.953 00042.050 00042.321 00042.519 00042.665 00042.781 00042.885 00042.985 -0001.000 -0001.000 -0001.000 -0001.000 -0001.000 -0001.000 -0001.000 -0001.000 -0001.000 -0001.000 -0001.000 -0001.000 -0001.000 -0001.000 -0001.000 -0001.000 -0001.000 -0001.000 -0001.000 -0001.000
00040.064 00040.126 00040.187 00040.251 00040.315 00040.380 00040.446 00040.517 00040.591 00040.666 00040.741 00040.816 00040.890 00040.960 00041.026 00041.087 00041.143 00041.199 00041.255 00041.311 00041.366 00041.422 00041.479 00041.536 00041.592 00041.648 00041.704 00041.758 00041.807 00041.850 00041.889 00041.935 00041.991 00042.142 00042.339 00042.489 00042.610 00042.726 00042.831 00042.936 -0001.000 -0001.000 -0001.000 -0001.000 -0001.000 -0001.000 -0001.000 -0001.000 -0001.000 -0001.000 -0001.000 -0001.000 -0001.000 -0001.000 -0001.000 -0001.000 -0001.000 -0001.000 -0001.000 -0001.000
00040.089 00040.150 00040.211 00040.273 00040.334 00040.399 00040.464 00040.531 00040.599 00040.671 00040.746 00040.821 00040.896 00040.970 00041.040 00041.100 00041.158 00041.214 00041.270 00041.325 00041.381 00041.437 00041.494 00041.550 00041.606 00041.661 00041.717 00041.773 00041.828 00041.878 00041.920 00041.971 00042.032 00042.171 00042.338 00042.466 00042.570 00042.674 00042.783 00042.890 00042.997 -0001.000 -0001.000 -0001.000 -0001.000 -0001.000 -0001.000 -0001.000 -0001.000 -0001.000 -0001.000 -0001.000 -0001.000 -0001.000 -0001.000 -0001.000 -0001.000 -0001.000 -0001.000 -0001.000
00040.123 00040.178 00040.236 00040.298 00040.359 00040.420 00040.482 00040.548 00040.616 00040.685 00040.755 00040.827 00040.902 00040.977 00041.046 00041.106 00041.163 00041.220 00041.276 00041.332 00041.389 00041.446 00041.504 00041.561 00041.618 00041.675 00041.733 00041.790 00041.846 00041.901 00041.952 00042.002 00042.061 00042.192 00042.338 00042.443 00042.541 00042.638 00042.739 00042.844 00042.954 -0001.000 -0001.000 -0001.000 -0001.000 -0001.000 -0001.000 -0001.000 -0001.000 -0001.000 -0001.000 -0001.000 -0001.000 -0001.000 -0001.000 -0001.000 -0001.000 -0001.000 -0001.000 -0001.000
00040.156 00040.211 00040.268 00040.324 00040.384 00040.445 00040.506 00040.567 00040.632 00040.700 00040.770 00040.841 00040.911 00040.983 00041.051 00041.111 00041.169 00041.225 00041.282 00041.338 00041.395 00041.452 00041.509 00041.566 00041.623 00041.680 00041.738 00041.795 00041.853 00041.910 00041.964 00042.016 00042.076 00042.161 00042.275 00042.394 00042.503 00042.608 00042.709 00042.814 00042.919 -0001.000 -0001.000 -0001.000 -0001.000 -0001.000 -0001.000 -0001.000 -0001.000 -0001.000 -0001.000 -0001.000 -0001.000 -0001.000 -0001.000 -0001.000 -0001.000 -0001.000 -0001.000 -0001.000
00040.190 00040.244 00040.301 00040.357 00040.413 00040.470 00040.531 00040.592 00040.654 00040.716 00040.785 00040.856 00040.927 00040.998 00041.062 00041.120 00041.177 00041.233 00041.288 00041.344 00041.400 00041.457 00041.514 00041.571 00041.628 00041.685 00041.743 00041.801 00041.859 00041.916 00041.972 00042.026 00042.080 00042.145 00042.223 00042.322 00042.428 00042.536 00042.650 00042.768 00042.891 00042.994 -0001.000 -0001.000 -0001.000 -0001.000 -0001.000 -0001.000 -0001.000 -0001.000 -0001.000 -0001.000 -0001.000 -0001.000 -0001.000 -0001.000 -0001.000 -0001.000 -0001.000 -0001.000
00040.228 00040.281 00040.334 00040.391 00040.447 00040.503 00040.558 00040.617 00040.679 00040.742 00040.806 00040.871 00040.942 00041.012 00041.074 00041.132 00041.189 00041.245 00041.300 00041.356 00041.412 00041.468 00041.524 00041.580 00041.637 00041.694 00041.751 00041.808 00041.866 00041.923 00041.982 00042.038 00042.091 00042.143 00042.194 00042.262 00042.345 00042.440 00042.538 00042.620 00042.690 00042.757 00042.856 00042.933 00042.989 -0001.000 -0001.000 -0001.000 -0001.000 -0001.000 -0001.000 -0001.000 -0001.000 -0001.000 -0001.000 -0001.000 -0001.000 -0001.000 -0001.000 -0001.000
00040.267 00040.319 00040.372 00040.426 00040.481 00040.537 00040.593 00040.648 00040.705 00040.768 00040.831 00040.896 00040.962 00041.027 00041.087 00041.145 00041.201 00041.257 00041.312 00041.368 00041.424 00041.480 00041.536 00041.593 00041.649 00041.706 00041.763 00041.820 00041.878 00041.936 00041.994 00042.050 00042.103 00042.154 00042.203 00042.249 00042.301 00042.361 00042.440 00042.519 00042.586 00042.651 00042.723 00042.800 00042.862 00042.911 00042.960 -0001.000 -0001.000 -0001.000 -0001.000 -0001.000 -0001.000 -0001.000 -0001.000 -0001.000 -0001.000 -0001.000 -0001.000 -0001.000
00040.307 00040.359 00040.411 00040.464 00040.517 00040.571 00040.627 00040.683 00040.740 00040.796 00040.856 00040.921 00040.986 00041.048 00041.106 00041.161 00041.217 00041.272 00041.326 00041.381 00041.436 00041.492 00041.548 00041.605 00041.662 00041.719 00041.776 00041.833 00041.891 00041.949 00042.006 00042.061 00042.114 00042.165 00042.215 00042.264 00042.315 00042.372 00042.436 00042.501 00042.561 00042.618 00042.675 00042.736 00042.798 00042.858 00042.914 00042.971 -0001.000 -0001.000 -0001.000 -0001.000 -0001.000 -0001.000 -0001.000 -0001.000 -0001.000 -0001.000 -0001.000 -0001.000
00040.347 00040.399 00040.451 00040.503 00040.556 00040.609 00040.663 00040.718 00040.774 00040.831 00040.888 00040.945 00041.009 00041.068 00041.124 00041.180 00041.235 00041.290 00041.345 00041.400 00041.455 00041.510 00041.566 00041.622 00041.678 00041.734 00041.790 00041.846 00041.903 00041.961 00042.018 00042.073 00042.125 00042.177 00042.228 00042.278 00042.327 00042.381 00042.441 00042.503 00042.563 00042.620 00042.677 00042.736 00042.798 00042.858 00042.916 00042.973 -0001.000 -0001.000 -0001.000 -0001.000 -0001.000 -0001.000 -0001.000 -0001.000 -0001.000 -0001.000 -0001.000 -0001.000
