data/trial10/ashley.fli
NCOLS 382
NROWS 266
XLLCORNER 157819.328125
YLLCORNER 384678.625000
CELLSIZE 30.000000
NODATA_VALUE -1
[rows 130 to 155 of 266, columns 180 to 239 of 382]
00081.760 00081.223 00125.068 00113.028 00098.838 00085.416 00073.585 00068.795 00064.467 00061.020 00056.703 00052.016 00047.230 00042.414 00039.677 00036.094 00031.187 00026.853 00031.796 00039.710 00038.390 00052.656 00073.268 00073.096 00102.652 00074.732 00060.379 00053.119 00043.665 00037.785 00026.982 00024.931 00028.244 00026.529 00031.639 00055.256 00115.428 00003.216 00003.531 00062.565 00099.639 00078.950 00089.071 00114.958 00106.801 00073.587 00074.988 00084.623 00048.363 00044.502 00044.787 00050.202 00051.269 00053.881 00082.741 00080.126 00092.196 00100.450 00105.848 00101.842
00080.824 00062.506 00105.916 00094.657 00083.820 00076.731 00070.277 00065.332 00060.857 00057.011 00053.739 00048.344 00044.126 00041.157 00038.542 00034.431 00030.689 00025.923 00030.832 00032.957 00056.084 00084.410 00082.262 00107.548 00097.400 00064.954 00055.930 00047.343 00040.381 00030.438 00026.983 00024.395 00039.284 00045.010 00040.368 00093.616 00112.183 00002.934 00002.758 00098.541 00081.260 00079.347 00086.438 00060.278 00068.652 00067.476 00069.956 00076.753 00058.146 00043.020 00038.424 00042.470 00053.488 00065.929 00078.880 00091.816 00103.868 00115.396 00127.065 00138.978
00072.684 00086.728 00083.344 00085.684 00079.539 00073.044 00067.687 00062.732 00058.841 00054.512 00049.117 00045.906 00043.892 00041.272 00037.568 00034.275 00029.392 00027.043 00025.560 00030.047 00068.119 00083.980 00081.894 00065.767 00069.048 00060.358 00051.025 00041.340 00035.687 00030.833 00026.677 00021.874 00038.464 00041.609 00041.407 00095.262 00109.766 00002.667 00002.854 00007.429 00023.771 00040.296 00044.349 00050.832 00049.902 00063.237 00076.999 00094.110 00100.715 00094.516 00062.929 00055.483 00059.574 00058.249 00071.561 00091.914 00115.936 00139.815 00155.806 00142.652
00067.104 00069.938 00091.996 00080.227 00073.560 00068.957 00064.685 00061.162 00056.948 00051.641 00047.581 00044.851 00042.680 00039.143 00034.373 00032.941 00029.391 00027.692 00026.716 00130.339 00103.875 00083.106 00079.271 00065.155 00065.539 00057.734 00046.151 00039.973 00035.099 00029.960 00025.719 00023.166 00035.523 00038.431 00061.090 00091.137 00077.822 00002.442 00002.436 00000.961 00008.984 00031.585 00034.358 00035.705 00054.219 00065.620 00083.444 00105.973 00129.491 00114.750 00095.583 00078.391 00057.962 00059.510 00068.189 00095.275 00143.240 00173.360 00187.089 00178.639
00039.376 00056.691 00059.170 00075.406 00071.788 00067.342 00062.897 00059.180 00054.584 00050.443 00046.213 00044.151 00039.458 00037.874 00035.476 00031.510 00029.833 00028.101 00027.534 00065.134 00071.324 00084.016 00080.863 00067.204 00058.608 00051.763 00045.893 00038.976 00033.497 00030.606 00024.205 00024.672 00034.811 00037.589 00082.606 00079.574 00089.721 00002.325 00001.979 00001.066 00007.551 00016.705 00038.144 00048.311 00055.533 00071.289 00089.358 00116.743 00128.600 00133.207 00120.845 00088.533 00059.313 00061.038 00070.118 00091.510 00140.051 00197.851 00214.752 00063.314
00040.470 00054.877 00053.261 00071.155 00069.344 00064.327 00061.098 00056.920 00053.700 00048.963 00043.261 00041.488 00039.802 00038.265 00036.159 00031.938 00031.021 00028.754 00025.671 00058.788 00051.738 00055.910 00072.095 00059.038 00065.660 00056.710 00043.883 00039.090 00034.609 00029.513 00026.611 00031.094 00034.179 00064.441 00078.465 00080.450 00085.578 00002.208 00001.913 00000.936 00000.842 00025.014 00034.812 00048.849 00060.190 00085.121 00098.482 00108.030 00122.151 00137.202 00124.291 00091.595 00085.177 00072.613 00066.655 00087.757 00140.094 00198.589 00181.471 00062.775
00040.796 00034.969 00092.990 00080.208 00068.064 00063.787 00059.442 00053.784 00048.939 00045.128 00042.986 00041.100 00040.481 00040.821 00036.840 00034.466 00038.360 00031.592 00036.291 00039.675 00024.720 00053.646 00059.897 00057.757 00052.545 00049.739 00045.797 00037.861 00033.555 00029.498 00027.259 00032.989 00034.461 00076.129 00078.709 00078.314 00077.429 00002.079 00001.691 00000.827 00000.688 00008.365 00025.958 00048.756 00076.852 00082.370 00095.040 00099.629 00116.687 00133.167 00117.966 00115.482 00102.696 00086.713 00068.284 00081.545 00125.708 00171.093 00067.180 00081.888
00050.257 00033.012 00052.813 00071.321 00063.216 00056.537 00053.815 00051.338 00047.756 00044.792 00042.680 00050.478 00054.462 00053.119 00049.677 00046.612 00042.863 00036.242 00030.888 00032.679 00037.121 00023.201 00048.796 00053.727 00049.334 00043.582 00039.066 00037.887 00033.970 00032.176 00029.848 00032.741 00059.732 00073.908 00073.941 00073.532 00076.564 00001.926 00001.495 00000.786 00000.995 00000.431 00035.947 00048.119 00074.267 00085.118 00094.994 00097.008 00098.921 00103.012 00099.104 00098.010 00098.388 00086.683 00064.207 00073.509 00099.669 00107.813 00071.592 00082.199
00051.777 00031.222 00079.898 00068.319 00059.840 00056.383 00053.437 00049.866 00046.707 00048.207 00050.778 00053.822 00056.677 00056.601 00057.441 00055.709 00046.617 00028.658 00028.270 00032.493 00031.771 00030.205 00036.693 00023.332 00022.845 00022.253 00049.167 00043.100 00037.297 00025.404 00027.030 00030.357 00066.743 00067.700 00067.023 00067.246 00059.763 00001.482 00001.074 00000.690 00001.110 00000.449 00033.586 00053.720 00078.445 00105.922 00124.862 00131.714 00096.659 00095.360 00093.398 00096.840 00089.870 00077.287 00055.716 00068.195 00081.414 00055.667 00070.344 00080.269
00068.324 00055.445 00069.444 00064.000 00058.774 00055.549 00048.992 00042.089 00043.898 00047.417 00040.131 00030.449 00027.690 00033.395 00035.665 00026.471 00026.206 00024.619 00025.879 00032.426 00031.957 00037.962 00028.737 00033.277 00024.478 00024.218 00023.252 00022.821 00023.061 00025.151 00026.961 00056.654 00059.181 00060.549 00057.343 00059.146 00046.211 00001.455 00001.110 00000.708 00000.556 00000.471 00028.457 00056.165 00084.215 00130.583 00183.404 00148.034 00124.048 00100.250 00096.294 00087.312 00086.760 00071.236 00074.135 00058.787 00076.718 00055.206 00067.398 00097.450
00113.131 00092.552 00076.859 00062.288 00057.600 00049.069 00037.553 00032.449 00041.355 00029.006 00045.596 00024.743 00032.368 00056.841 00065.065 00096.716 00029.088 00030.060 00030.459 00029.316 00027.818 00029.338 00033.238 00037.166 00076.131 00066.833 00039.467 00039.305 00030.533 00043.564 00047.186 00049.376 00050.931 00052.507 00042.090 00045.097 00018.731 00017.856 00002.042 00000.682 00000.689 00009.267 00019.154 00058.009 00122.633 00182.637 00180.177 00170.205 00136.891 00121.221 00098.107 00087.322 00081.193 00071.167 00071.334 00059.878 00064.604 00056.413 00077.220 00101.286
00081.676 00071.403 00062.718 00056.506 00050.508 00041.057 00038.380 00035.806 00036.273 00048.484 00022.804 00044.914 00048.337 00057.844 00070.554 00104.612 00140.242 00252.936 00046.398 00043.882 00028.680 00026.849 00042.140 00056.384 00064.033 00064.795 00115.164 00113.168 00068.189 00042.771 00045.551 00054.868 00046.892 00041.371 00041.471 00045.816 00052.408 00045.233 00036.777 00002.124 00001.696 00001.307 00016.254 00053.242 00143.319 00172.296 00166.856 00156.997 00147.770 00135.315 00116.993 00090.432 00077.297 00074.402 00070.054 00070.942 00058.273 00072.088 00080.077 00094.914
00076.098 00066.935 00059.421 00054.450 00049.203 00041.922 00038.104 00036.649 00035.873 00049.385 00044.620 00046.868 00046.802 00052.160 00070.201 00080.618 00207.648 00216.053 00173.361 00229.271 00206.627 00065.328 00038.330 00047.569 00054.735 00074.399 00113.689 00106.791 00108.329 00109.536 00070.484 00055.830 00083.179 00064.853 00040.382 00063.597 00070.935 00069.858 00075.586 00083.271 00011.290 00049.748 00135.503 00143.600 00155.329 00168.369 00175.271 00183.657 00164.259 00165.436 00132.258 00107.951 00101.719 00071.630 00071.362 00058.508 00067.875 00072.613 00079.193 00099.429
00071.325 00064.974 00058.656 00052.564 00046.364 00042.534 00039.005 00037.697 00038.997 00047.035 00046.651 00042.766 00038.442 00047.333 00052.222 00066.700 00066.297 00153.364 00146.419 00156.899 00152.238 00120.631 00093.544 00105.093 00079.602 00094.409 00100.175 00087.901 00099.514 00091.403 00089.231 00082.460 00089.585 00092.790 00090.117 00101.926 00107.794 00086.097 00075.560 00070.208 00068.866 00061.067 00138.533 00135.548 00143.888 00159.418 00178.558 00183.071 00168.946 00177.615 00158.114 00172.740 00116.770 00084.173 00053.924 00060.682 00066.352 00071.648 00080.340 00092.682
00069.035 00063.622 00058.111 00052.009 00046.839 00043.902 00041.334 00039.588 00040.816 00039.012 00038.031 00037.885 00038.264 00039.657 00044.620 00043.794 00061.371 00132.777 00120.737 00107.028 00104.056 00098.506 00094.457 00087.836 00086.993 00084.883 00082.759 00087.059 00075.507 00087.897 00067.950 00089.714 00092.500 00093.584 00106.654 00105.664 00103.177 00102.941 00058.193 00060.426 00063.490 00091.545 00129.926 00134.839 00143.456 00152.623 00164.467 00161.015 00161.634 00166.968 00195.488 00217.461 00138.118 00115.720 00062.552 00065.483 00066.608 00074.934 00084.503 00090.627
00065.242 00061.658 00056.953 00052.395 00047.617 00044.272 00042.041 00035.619 00034.148 00034.767 00034.950 00035.594 00036.452 00038.374 00036.895 00039.270 00080.213 00096.494 00089.489 00086.786 00084.538 00082.393 00080.029 00079.312 00070.888 00070.603 00072.601 00073.528 00079.889 00100.724 00123.221 00102.733 00096.915 00110.428 00108.593 00105.981 00101.046 00099.550 00094.584 00055.063 00053.902 00063.139 00086.563 00122.767 00133.294 00140.764 00146.419 00147.522 00146.745 00152.265 00197.461 00214.426 00163.973 00122.124 00110.107 00105.173 00111.228 00124.546 00124.915 00125.602
00061.641 00060.049 00056.585 00051.280 00046.480 00043.496 00029.979 00031.417 00032.004 00032.335 00033.155 00033.502 00034.211 00033.270 00034.576 00066.689 00072.499 00075.553 00074.705 00072.588 00070.698 00069.786 00066.756 00064.658 00065.371 00066.385 00063.762 00067.223 00071.486 00090.112 00104.560 00112.159 00111.339 00111.027 00110.741 00104.924 00100.101 00096.467 00094.756 00053.057 00060.839 00061.247 00061.598 00073.138 00115.563 00128.153 00131.544 00135.070 00126.846 00138.291 00192.747 00201.113 00103.104 00123.578 00165.592 00214.891 00212.610 00215.323 00279.392 00288.862
00059.798 00057.164 00054.062 00048.887 00028.356 00025.154 00026.870 00028.941 00030.360 00029.630 00030.135 00031.162 00031.669 00032.418 00057.389 00063.747 00064.441 00063.524 00061.554 00060.451 00059.665 00059.577 00059.928 00059.307 00059.556 00059.026 00061.253 00062.952 00066.484 00080.873 00085.453 00079.188 00101.362 00106.211 00136.654 00092.081 00094.344 00096.962 00100.294 00070.192 00060.497 00059.477 00061.362 00061.666 00098.075 00115.069 00115.191 00113.079 00105.664 00128.892 00161.916 00092.679 00109.627 00208.071 00274.911 00231.942 00224.670 00260.690 00251.070 00212.306
00058.375 00056.211 00021.262 00022.092 00022.838 00023.708 00026.140 00027.558 00028.559 00028.813 00029.561 00030.193 00041.214 00052.244 00054.578 00054.859 00055.092 00055.574 00054.059 00052.426 00050.882 00049.051 00048.441 00048.352 00049.827 00051.685 00053.762 00056.725 00064.810 00059.488 00061.244 00067.261 00083.036 00078.699 00073.422 00075.785 00092.262 00097.567 00106.862 00105.509 00106.158 00068.676 00057.869 00054.583 00084.419 00101.440 00099.790 00095.434 00094.127 00116.880 00072.747 00104.048 00195.108 00240.321 00245.093 00228.348 00222.725 00206.259 00173.241 00156.706
00020.890 00021.142 00021.362 00021.488 00022.508 00023.744 00025.072 00026.257 00027.418 00028.320 00028.419 00040.963 00045.314 00046.648 00047.775 00048.404 00049.110 00049.990 00049.324 00047.369 00046.844 00045.663 00046.044 00045.699 00045.135 00043.948 00045.041 00047.552 00049.157 00052.520 00052.024 00066.261 00054.306 00060.758 00058.626 00058.276 00072.745 00078.004 00095.166 00108.606 00082.579 00083.741 00054.680 00052.819 00050.820 00095.732 00094.719 00093.327 00093.260 00099.102 00119.241 00142.737 00172.614 00202.451 00213.058 00196.018 00175.427 00227.660 00147.947 00102.816
00021.335 00021.526 00021.704 00022.433 00023.545 00024.255 00024.605 00024.792 00030.556 00036.526 00035.754 00037.454 00039.255 00040.096 00040.591 00041.807 00043.071 00043.262 00043.409 00040.554 00040.677 00041.498 00042.012 00041.940 00041.076 00039.794 00039.107 00036.888 00035.667 00037.533 00040.595 00042.945 00044.602 00045.050 00049.505 00056.485 00070.964 00068.660 00072.975 00084.954 00080.582 00080.309 00051.647 00051.680 00050.487 00094.747 00092.845 00092.248 00079.361 00089.244 00099.169 00103.107 00123.247 00164.060 00144.904 00183.606 00244.371 00230.815 00227.937 00188.010
00021.618 00021.835 00022.218 00022.583 00023.218 00026.499 00034.869 00036.821 00035.691 00035.339 00035.639 00036.080 00037.110 00037.781 00038.409 00038.793 00038.732 00038.665 00037.580 00038.090 00038.807 00039.882 00040.432 00040.733 00037.783 00035.796 00034.618 00033.093 00032.348 00033.549 00035.272 00036.263 00036.730 00039.426 00042.538 00044.198 00049.565 00054.819 00058.786 00058.010 00071.010 00057.255 00047.449 00052.436 00050.224 00093.677 00088.387 00079.038 00084.655 00093.795 00098.750 00103.535 00107.100 00112.884 00132.024 00170.495 00175.823 00199.805 00218.759 00207.427
00027.713 00024.339 00022.839 00034.002 00039.177 00042.377 00039.603 00037.594 00036.094 00037.055 00039.087 00039.259 00039.077 00038.277 00037.058 00037.537 00038.122 00037.535 00037.749 00039.020 00039.563 00040.280 00036.402 00036.216 00036.341 00036.114 00035.742 00035.525 00034.352 00030.046 00030.151 00030.304 00032.083 00033.520 00034.222 00035.082 00037.600 00041.946 00043.621 00045.608 00049.235 00046.473 00043.194 00052.288 00052.518 00090.772 00084.501 00081.327 00091.898 00097.767 00100.650 00102.903 00105.730 00104.885 00140.873 00216.921 00247.634 00159.615 00203.289 00187.256
00078.131 00044.699 00040.051 00037.025 00055.254 00056.361 00049.294 00041.952 00034.121 00035.093 00036.841 00038.360 00040.079 00041.074 00039.298 00037.371 00034.063 00034.888 00035.958 00034.276 00034.643 00035.326 00035.301 00035.618 00036.152 00035.997 00035.613 00035.142 00034.983 00034.434 00033.306 00028.905 00027.934 00027.767 00028.122 00029.453 00031.103 00033.036 00034.892 00035.921 00035.360 00034.677 00040.594 00046.655 00050.226 00059.754 00074.006 00077.010 00105.054 00163.640 00101.879 00104.706 00103.565 00115.579 00187.813 00212.679 00204.695 00130.179 00174.955 00231.222
00064.959 00100.386 00055.854 00046.707 00050.925 00051.994 00049.230 00036.728 00030.916 00033.101 00034.394 00036.269 00038.316 00039.161 00037.824 00036.409 00032.011 00029.702 00027.982 00029.949 00030.988 00031.737 00031.888 00030.458 00030.663 00031.360 00031.887 00032.261 00031.822 00030.439 00029.309 00026.410 00025.922 00025.149 00023.888 00023.980 00024.477 00024.813 00025.607 00027.603 00029.465 00032.709 00037.325 00039.683 00045.031 00054.672 00064.616 00059.904 00107.350 00146.256 00090.991 00100.202 00099.926 00106.666 00156.017 00156.019 00117.088 00101.502 00223.462 00189.377
00044.667 00050.184 00089.620 00062.538 00097.545 00049.067 00127.088 00039.329 00027.004 00029.506 00031.869 00033.833 00035.543 00036.999 00031.588 00030.556 00031.110 00031.938 00033.439 00026.605 00026.150 00025.197 00024.754 00025.805 00026.752 00026.608 00027.134 00027.804 00027.924 00028.479 00027.789 00023.962 00020.554 00019.668 00019.521 00019.632 00020.079 00020.461 00021.537 00023.807 00026.212 00028.369 00030.196 00034.006 00041.524 00051.705 00041.394 00086.848 00117.464 00112.067 00081.291 00098.552 00104.522 00107.572 00118.951 00098.375 00171.374 00218.752 00218.732 00160.770
