data/trial10/ashley.rci
NCOLS 382
NROWS 266
XLLCORNER 157819.328125
YLLCORNER 384678.625000
CELLSIZE 30.000000
NODATA_VALUE -1
[rows 182 to 207 of 266, columns 180 to 239 of 382]
00143.195 00143.934 00144.431 00144.663 00145.096 00145.452 00145.788 00145.980 00146.322 00146.307 00146.560 00146.509 00146.748 00146.924 00147.101 00146.667 00146.544 00146.421 00146.603 00146.490 00146.350 00146.061 00145.695 00144.937 00144.367 00143.587 00142.242 00184.522 00527.713 00136.482 00132.854 00145.616 00369.322 00181.023 00536.516 00429.731 00314.310 00203.644 00536.007 00289.283 00528.888 00408.221 00287.224 00211.454 00572.842 00490.403 00422.141 00307.359 00427.901 00567.062 00299.516 00571.060 00417.255 00245.419 00610.585 00405.901 00202.325 00430.326 00177.074 00466.808
00136.129 00137.497 00138.503 00266.219 00425.718 00197.651 00310.594 00180.381 00141.532 00141.932 00142.131 00142.487 00142.615 00143.020 00143.253 00142.958 00142.793 00142.629 00142.596 00142.249 00141.923 00214.025 00244.080 00192.106 00499.709 00137.703 00136.250 00133.668 00131.016 00128.484 00487.514 00335.364 00207.072 00595.535 00408.241 00581.587 00440.488 00300.015 00156.659 00344.994 00352.619 00200.853 00520.651 00423.007 00337.649 00270.554 00224.108 00220.571 00601.147 00612.439 00578.993 00354.206 00165.032 00492.772 00317.349 00533.190 00340.503 00631.568 00401.499 00184.040
00438.770 00190.372 00180.708 00128.769 00129.725 00130.459 00131.025 00132.260 00133.448 00134.211 00134.765 00135.322 00135.849 00136.021 00136.311 00136.602 00136.132 00135.935 00135.784 00135.380 00134.354 00133.606 00132.414 00131.235 00130.065 00141.119 00236.800 00144.084 00480.333 00334.563 00195.355 00551.225 00428.446 00329.410 00211.229 00080.203 00532.998 00359.139 00343.942 00251.431 00151.008 00441.653 00294.942 00613.481 00522.392 00452.906 00177.041 00559.900 00483.900 00384.712 00252.702 00278.767 00536.122 00352.224 00171.235 00276.785 00488.383 00293.662 00584.806 00385.580
00440.572 00240.488 00532.501 00339.057 00144.705 00367.554 00605.186 00418.104 00230.593 00528.835 00330.790 00132.224 00391.898 00160.942 00385.799 00213.754 00396.628 00153.609 00316.456 00521.256 00225.533 00414.296 00607.448 00434.201 00262.508 00581.085 00410.450 00243.755 00548.979 00274.769 00511.019 00303.555 00124.358 00464.275 00328.777 00188.217 00161.635 00264.773 00508.726 00411.057 00304.771 00195.434 00520.574 00377.145 00244.511 00582.083 00458.453 00370.636 00300.626 00240.854 00198.495 00175.225 00601.809 00427.105 00582.697 00430.520 00336.690 00472.721 00260.799 00551.321
-0001.000 00310.620 00520.350 00331.609 00141.840 00373.361 00594.964 00410.468 00225.539 00527.244 00333.891 00140.047 00410.420 00185.559 00465.478 00263.072 00523.495 00215.668 00404.752 00597.756 00308.203 00508.081 00214.956 00492.803 00327.414 00163.763 00490.509 00330.019 00173.633 00451.496 00185.421 00461.690 00277.129 00103.926 00429.099 00379.440 00312.447 00351.682 00211.129 00568.878 00459.570 00349.742 00238.674 00586.978 00452.554 00329.240 00212.905 00584.978 00499.730 00430.574 00380.884 00354.111 00331.641 00313.138 00652.464 00227.469 00561.283 00613.352 00404.327 00194.484
-0001.000 -0001.000 00473.055 00461.163 00214.110 00401.116 00126.294 00274.019 00066.829 -0001.000 00456.692 00190.278 00424.796 00204.382 00484.841 00286.650 00571.642 00270.269 00464.590 00177.232 00385.041 00106.557 00309.949 00547.600 00387.773 00228.616 00559.043 00401.589 00244.479 00088.311 00329.192 00053.469 00419.703 00302.661 00188.209 00533.712 00328.335 00186.177 00500.596 00355.865 00218.541 00506.720 00394.335 00281.580 00169.891 00525.061 00410.296 00303.706 00205.506 00623.202 00573.913 00543.662 00515.031 00331.634 00380.381 00245.652 00547.453 00359.468 00544.487 00337.272
-0001.000 -0001.000 -0001.000 00229.156 00229.997 00460.508 00199.819 00493.088 -0001.000 -0001.000 -0001.000 00347.399 00460.726 00250.099 00529.918 00334.067 00138.124 00362.595 00555.801 00274.343 00485.267 00214.014 00428.698 00149.822 00442.301 00282.926 00193.636 00221.975 00376.715 00240.629 00524.400 00346.110 00161.882 00468.760 00358.835 00244.819 00578.608 00431.986 00292.935 00159.474 00486.247 00353.328 00230.601 00547.879 00398.716 00248.883 00592.057 00492.776 00413.587 00345.802 00414.520 00320.532 00236.065 00645.641 00652.160 00519.216 00404.766 00233.097 00217.338 00473.819
-0001.000 -0001.000 -0001.000 -0001.000 -0001.000 -0001.000 00483.757 00536.797 -0001.000 -0001.000 -0001.000 00396.586 00498.016 00350.447 00178.227 00449.355 00270.815 00521.193 00244.909 00433.275 00180.557 00381.483 00152.299 00331.823 00519.297 00263.090 00428.851 00182.804 00365.507 00562.086 00316.954 00546.829 00380.023 00219.548 00545.033 00421.025 00300.494 00181.078 00514.291 00378.861 00250.788 00600.906 00458.068 00309.550 00632.677 00489.866 00354.168 00216.671 00596.969 00400.578 00258.071 00621.924 00521.102 00447.788 00658.603 00658.055 00561.992 00417.505 00225.337 00603.686
-0001.000 -0001.000 -0001.000 -0001.000 -0001.000 -0001.000 -0001.000 -0001.000 -0001.000 -0001.000 00480.305 00328.333 00478.193 00202.719 00336.606 00527.739 00355.304 00182.202 00383.732 00572.187 00322.717 00525.001 00294.329 00511.558 00272.020 00470.415 00193.775 00396.299 00608.828 00364.587 00581.787 00328.675 00568.203 00414.396 00263.959 00587.806 00466.712 00347.133 00229.590 00577.031 00448.812 00328.572 00213.387 00562.501 00433.855 00299.189 00638.209 00499.846 00359.234 00212.954 00556.500 00423.525 00272.098 00654.634 00660.658 00498.263 00165.502 00163.585 00164.228 00162.844
-0001.000 -0001.000 -0001.000 -0001.000 -0001.000 -0001.000 -0001.000 -0001.000 -0001.000 00531.789 00594.803 00428.515 00516.762 00317.371 00534.141 00236.694 00488.721 00312.870 00591.025 00328.321 00527.695 00268.502 00487.907 00259.167 00486.720 00241.256 00435.336 00153.911 00377.520 00606.106 00366.053 00595.070 00356.398 00608.339 00453.853 00299.865 00621.301 00503.164 00384.571 00373.797 00632.930 00513.930 00403.199 00313.299 00229.480 00631.549 00491.149 00338.651 00172.260 00512.703 00346.531 00646.381 00656.438 00661.282 00636.562 00165.425 00164.388 00164.893 00165.560 00164.279
-0001.000 -0001.000 -0001.000 -0001.000 -0001.000 -0001.000 -0001.000 -0001.000 -0001.000 -0001.000 00228.538 00260.160 00451.216 00383.307 00204.668 00420.816 00614.792 00441.325 00268.109 00531.921 00264.978 00469.410 00210.249 00447.448 00222.911 00452.305 00203.925 00397.577 00594.583 00362.381 00601.910 00367.147 00611.344 00392.466 00182.903 00496.548 00335.473 00169.598 00413.686 00172.523 00441.518 00257.039 00599.642 00508.546 00423.666 00343.303 00265.741 00229.151 00569.222 00320.302 00575.333 00381.404 00661.432 00662.293 00387.133 00609.502 00165.658 00166.106 00164.020 00165.208
00158.345 00159.840 00161.239 00160.874 -0001.000 -0001.000 -0001.000 -0001.000 -0001.000 -0001.000 00446.558 00169.796 00464.785 00235.381 00410.087 00574.233 00317.119 00563.693 00392.380 00221.119 00464.752 00199.937 00415.236 00629.105 00406.869 00184.841 00414.239 00165.631 00364.163 00575.128 00347.198 00597.274 00373.842 00157.111 00428.724 00226.739 00530.109 00362.569 00189.791 00454.486 00224.803 00521.174 00362.382 00218.880 00599.399 00375.537 00221.607 00553.081 00356.173 00162.604 00384.869 00656.845 00661.241 00666.255 00622.692 00325.990 00167.426 00164.862 00165.183 00166.037
00158.775 00160.389 00162.661 00163.357 00168.514 00167.308 -0001.000 -0001.000 -0001.000 -0001.000 -0001.000 00388.350 00255.369 00284.485 00534.461 00242.362 00464.576 00223.941 00513.439 00344.473 00174.919 00401.398 00618.922 00357.399 00583.422 00364.797 00624.438 00376.402 00605.425 00326.889 00550.333 00329.989 00591.751 00384.658 00192.214 00479.372 00272.587 00561.727 00578.312 00645.750 00647.046 00647.105 00511.360 00172.355 00399.561 00162.040 00466.284 00284.874 00600.585 00408.053 00219.230 00472.691 00245.014 00663.617 00357.175 00489.661 00464.865 00165.901 00166.308 00166.766
00161.270 00161.130 00163.812 00167.911 00170.578 00166.294 00166.347 00166.816 -0001.000 -0001.000 -0001.000 -0001.000 -0001.000 00544.462 00590.986 00344.321 00580.727 00361.868 00626.569 00460.175 00293.606 00591.939 00330.297 00550.740 00288.467 00532.208 00316.845 00579.561 00332.240 00557.809 00277.040 00520.245 00310.357 00593.879 00418.555 00253.571 00546.027 00646.663 00651.206 00653.396 00656.424 00655.919 00656.797 00653.952 00612.232 00429.853 00650.139 00471.593 00304.885 00645.393 00457.062 00273.117 00662.820 00426.324 00586.388 00236.449 00346.774 00166.270 00166.598 00165.687
00161.241 00163.953 00167.955 00168.089 00166.406 00166.185 00166.878 00170.169 00173.658 -0001.000 -0001.000 -0001.000 00495.174 00651.745 00616.748 00406.562 00176.124 00457.072 00251.247 00465.324 00627.665 00302.217 00499.248 00238.974 00464.296 00203.033 00471.645 00265.018 00526.721 00278.213 00500.650 00221.249 00492.257 00295.604 00603.432 00454.704 00643.006 00652.388 00657.172 00661.545 00569.781 00377.197 00185.247 00474.738 00620.954 00335.837 00456.024 00620.159 00462.981 00316.366 00178.706 00664.238 00556.514 00633.744 00247.609 00360.059 00166.706 00167.246 00167.086 00166.378
00161.420 00163.989 00167.798 00166.370 00167.492 00167.811 00170.570 00173.350 00173.772 00172.325 00173.891 -0001.000 00655.890 00495.590 00652.408 00654.801 00656.043 00651.035 00653.510 00649.592 00653.426 00533.926 00192.467 00408.287 00637.380 00378.694 00617.770 00415.637 00214.010 00469.033 00221.806 00443.178 00167.854 00474.071 00304.643 00651.326 00652.910 00655.257 00659.638 00336.356 00388.329 00246.970 00617.764 00165.429 00165.398 00164.020 00578.128 00323.257 00597.091 00454.950 00322.776 00162.653 00300.350 00413.748 00509.160 00633.762 00177.823 00168.066 00168.837 00167.269
00163.921 00167.567 00166.865 00167.475 00166.917 00168.699 00169.826 00170.880 00172.865 00172.818 00171.031 00167.314 00164.563 00246.316 00655.462 00658.701 00661.366 00657.989 00660.618 00663.265 00660.251 00606.651 00358.041 00579.274 00345.268 00547.944 00291.750 00555.336 00356.111 00648.895 00400.430 00644.084 00369.773 00616.116 00461.916 00316.104 00178.350 00657.091 00370.430 00460.070 00496.811 00673.736 00673.850 00167.415 00165.205 00165.181 00165.246 00164.533 00237.543 00165.150 00164.117 00164.928 00164.014 00208.961 00291.169 00434.215 00213.441 00222.538 00169.802 00170.792
00163.487 00166.796 00169.402 00166.830 00167.944 00170.388 00172.563 00173.249 00173.220 00170.776 00169.582 00167.272 00165.906 00210.051 00194.518 00661.529 00665.463 00554.053 00302.100 00519.558 00325.960 00235.924 00434.689 00632.923 00416.483 00192.961 00441.626 00196.042 00485.980 00289.007 00569.041 00321.166 00560.470 00290.563 00518.559 00259.392 00656.442 00658.618 00650.973 00198.102 00674.357 00675.036 00677.856 00167.146 00164.802 00165.379 00165.778 00164.353 00165.044 00163.278 00164.654 00163.649 00221.507 00552.469 00600.655 00316.850 00262.976 00170.171 00170.639 00172.295
00166.434 00170.259 00165.655 00168.769 00169.222 00169.611 00171.085 00171.155 00170.624 00172.883 00167.292 00215.440 00165.626 00279.875 00563.290 00315.761 00586.636 00382.982 00209.031 00438.410 00668.170 00250.019 00453.511 00668.644 00541.392 00293.837 00573.351 00341.069 00613.574 00418.404 00223.472 00489.597 00242.346 00480.520 00217.470 00532.703 00273.094 00661.433 00449.877 00288.165 00274.435 00167.049 00167.405 00166.777 00167.107 00165.762 00166.221 00165.088 00165.924 00164.500 00165.654 00164.755 00163.987 00367.999 00430.357 00208.260 00167.183 00167.997 00168.035 00171.762
00164.840 00167.942 00166.219 00167.267 00169.155 00171.953 00172.553 00173.946 00172.422 00169.371 00168.016 00166.678 00343.748 00289.659 00539.166 00209.097 00444.902 00673.789 00568.567 00345.061 00584.754 00268.043 00472.086 00674.543 00470.111 00302.155 00669.346 00517.722 00282.617 00544.425 00351.484 00657.573 00410.939 00164.669 00426.123 00196.907 00507.266 00163.887 00163.268 00300.789 00555.095 00167.013 00167.549 00167.280 00166.854 00167.393 00164.809 00165.666 00164.630 00165.479 00164.256 00165.723 00165.070 00164.555 00297.063 00166.429 00168.179 00170.111 00170.186 00169.551
00166.915 00169.726 00166.852 00168.560 00170.569 00169.913 00174.687 00172.632 00170.389 00172.074 00170.111 00167.040 00430.624 00236.182 00427.135 00613.515 00306.877 00537.005 00344.320 00264.651 00506.372 00301.230 00493.144 00185.437 00460.037 00274.401 00655.408 00164.850 00164.094 00165.723 00164.526 00163.418 00165.084 00163.697 00164.890 00163.288 00161.902 00165.628 00165.677 00165.705 00165.745 00348.257 00167.136 00166.293 00166.992 00166.946 00165.901 00166.208 00165.181 00166.297 00165.292 00166.539 00319.283 00576.380 00166.012 00167.160 00167.647 00168.050 00172.338 00170.848
00164.730 00171.451 00166.034 00166.985 00171.412 00173.011 00172.352 00175.512 00173.909 00170.686 00172.740 00167.819 00471.544 00209.913 00379.166 00404.381 00198.108 00422.470 00643.267 00182.646 00445.424 00205.524 00525.836 00206.344 00452.437 00235.149 00243.431 00165.635 00165.705 00164.279 00165.313 00164.604 00163.894 00165.166 00164.264 00165.355 00164.817 00164.498 00165.959 00165.998 00166.200 00166.127 00165.660 00167.879 00166.828 00167.724 00166.680 00167.091 00166.325 00167.749 00166.859 00165.781 00299.828 00219.012 00166.862 00166.759 00168.941 00170.499 00169.719 00170.484
00166.979 00168.911 00166.946 00169.050 00171.041 00171.933 00174.953 00173.643 00172.094 00170.898 00171.267 00168.773 00467.052 00683.120 00474.260 00272.485 00583.276 00312.814 00527.980 00314.304 00360.948 00656.460 00416.808 00226.724 00457.235 00186.998 00433.041 00166.836 00166.197 00164.993 00165.904 00165.274 00164.652 00165.960 00165.294 00166.159 00166.026 00165.911 00166.250 00166.396 00166.569 00166.382 00166.066 00166.197 00167.639 00167.216 00168.597 00166.758 00166.992 00165.909 00167.388 00167.767 00167.904 00167.395 00168.512 00167.793 00168.440 00167.992 00171.937 00171.432
00165.052 00171.336 00166.219 00167.077 00170.623 00173.509 00172.709 00172.728 00175.202 00171.481 00171.224 00169.509 00407.333 00620.376 00280.042 00665.269 00446.055 00197.773 00398.229 00592.694 00234.480 00560.738 00447.261 00235.062 00455.735 00680.935 00268.941 00166.974 00166.662 00166.154 00165.273 00165.376 00166.149 00165.040 00166.188 00165.806 00166.446 00166.222 00165.893 00166.555 00166.426 00166.970 00167.456 00167.344 00167.457 00168.049 00168.999 00168.756 00167.598 00167.696 00167.587 00167.972 00167.901 00167.402 00168.304 00169.450 00170.937 00170.080 00169.966 00171.980
00167.676 00169.385 00166.925 00168.066 00170.976 00172.294 00174.361 00172.705 00173.655 00175.533 00172.003 00171.367 00325.467 00534.740 00566.885 00624.165 00301.968 00573.776 00274.663 00463.711 00646.398 00648.078 00462.474 00221.361 00445.946 00651.722 00594.799 00167.262 00167.642 00166.614 00166.165 00166.155 00165.183 00165.951 00166.727 00166.339 00165.941 00166.439 00165.936 00165.434 00167.200 00167.184 00167.618 00167.604 00168.405 00168.127 00169.847 00171.872 00169.801 00169.205 00168.910 00168.588 00168.162 00167.707 00169.251 00170.340 00170.154 00172.155 00170.845 00170.982
00166.135 00167.452 00166.042 00167.056 00167.594 00171.113 00172.953 00174.639 00172.406 00174.693 00172.425 00173.728 00199.510 00246.254 00214.950 00448.639 00431.399 00316.141 00675.188 00344.962 00518.491 00696.743 00447.109 00235.478 00519.079 00309.375 00171.807 00167.887 00167.070 00166.896 00167.097 00167.309 00166.287 00167.496 00166.437 00167.524 00166.915 00168.145 00168.110 00167.874 00167.906 00167.419 00167.932 00167.332 00168.190 00169.443 00171.330 00171.037 00171.090 00171.299 00171.933 00170.449 00171.159 00170.468 00169.824 00171.629 00171.226 00170.680 00171.778 00172.145
