data/trial10/ashley.rci
NCOLS 382
NROWS 266
XLLCORNER 157819.328125
YLLCORNER 384678.625000
CELLSIZE 30.000000
NODATA_VALUE -1
[rows 52 to 77 of 266, columns 180 to 239 of 382]
00646.565 00563.811 00634.763 00540.877 00339.098 00588.363 00406.266 00591.641 00521.963 00499.071 00468.388 00350.305 00475.619 00402.133 00462.680 00584.698 00617.337 00575.300 00630.579 00640.357 00639.916 00627.655 00631.267 00234.843 00617.996 00602.780 00431.681 00275.753 00589.119 00626.713 00396.447 00176.699 -0001.000 -0001.000 -0001.000 -0001.000 -0001.000 -0001.000 -0001.000 -0001.000 -0001.000 -0001.000 -0001.000 -0001.000 -0001.000 -0001.000 -0001.000 -0001.000 -0001.000 -0001.000 -0001.000 -0001.000 -0001.000 -0001.000 -0001.000 -0001.000 -0001.000 -0001.000 -0001.000 -0001.000
00634.513 00639.533 00623.486 00250.440 00526.537 00565.294 00200.855 00556.216 00567.608 00424.126 00376.654 00545.327 00552.733 00583.065 00523.399 00529.606 00555.309 00604.256 00632.126 00638.867 00632.248 00639.023 00626.535 00237.084 00322.734 00512.832 00329.716 00656.073 00408.025 00317.768 00605.083 00382.340 -0001.000 -0001.000 -0001.000 -0001.000 -0001.000 -0001.000 -0001.000 -0001.000 -0001.000 -0001.000 -0001.000 -0001.000 -0001.000 -0001.000 -0001.000 -0001.000 -0001.000 -0001.000 -0001.000 -0001.000 -0001.000 -0001.000 -0001.000 -0001.000 -0001.000 -0001.000 -0001.000 -0001.000
00643.706 00628.967 00637.828 00440.781 00299.102 00577.825 00583.296 00524.985 00519.191 00505.211 00268.403 00601.039 00589.014 00582.038 00567.464 00581.911 00603.423 00584.513 00641.037 00637.600 00635.741 00613.711 00641.183 00641.797 00618.901 00400.001 00218.595 00393.904 00208.177 00476.886 00284.607 00550.730 -0001.000 -0001.000 -0001.000 -0001.000 -0001.000 -0001.000 -0001.000 -0001.000 -0001.000 -0001.000 -0001.000 -0001.000 -0001.000 -0001.000 -0001.000 -0001.000 -0001.000 -0001.000 -0001.000 -0001.000 -0001.000 -0001.000 -0001.000 -0001.000 -0001.000 -0001.000 -0001.000 -0001.000
00634.448 00642.801 00625.779 00209.588 00521.275 00216.192 00573.080 00579.405 00466.826 00442.692 00459.424 00582.862 00575.383 00582.792 00591.860 00392.998 00527.158 00628.595 00637.343 00640.107 00600.222 00617.742 00622.254 00643.105 00644.716 00283.633 00518.030 00606.408 00469.582 00619.720 00526.210 00238.990 00998.003 -0001.000 -0001.000 -0001.000 -0001.000 -0001.000 -0001.000 -0001.000 -0001.000 -0001.000 -0001.000 -0001.000 -0001.000 -0001.000 -0001.000 -0001.000 -0001.000 -0001.000 -0001.000 -0001.000 -0001.000 -0001.000 -0001.000 -0001.000 -0001.000 -0001.000 -0001.000 -0001.000
00626.388 00631.843 00151.233 00452.251 00558.648 00309.895 00547.117 00554.882 00553.967 00353.997 00177.822 00261.881 00558.563 00592.928 00562.999 00605.928 00576.757 00640.729 00641.251 00633.828 00638.448 00640.329 00647.068 00633.674 00647.273 00602.508 00308.850 00318.505 00270.909 00326.433 00314.806 00659.579 00834.565 -0001.000 -0001.000 -0001.000 -0001.000 -0001.000 -0001.000 -0001.000 -0001.000 -0001.000 -0001.000 -0001.000 -0001.000 -0001.000 -0001.000 -0001.000 -0001.000 -0001.000 -0001.000 -0001.000 -0001.000 -0001.000 -0001.000 -0001.000 -0001.000 -0001.000 -0001.000 -0001.000
00638.034 00620.042 00389.399 00251.130 00157.631 00485.742 00594.928 00510.681 00482.423 00441.586 00264.795 00378.294 00594.614 00543.873 00557.140 00591.521 00635.052 00638.449 00638.400 00629.013 00636.040 00643.222 00658.823 00661.822 00663.367 00166.629 00627.398 00582.895 00927.829 00938.280 00841.674 00877.685 00992.899 -0001.000 -0001.000 -0001.000 -0001.000 -0001.000 -0001.000 -0001.000 -0001.000 -0001.000 -0001.000 -0001.000 -0001.000 -0001.000 -0001.000 -0001.000 -0001.000 -0001.000 -0001.000 -0001.000 -0001.000 -0001.000 -0001.000 00675.991 00764.268 00225.624 00159.353 00167.852
00626.742 00630.268 00174.267 00514.966 00396.611 00598.698 00567.055 00560.781 00491.012 00437.269 00330.156 00586.446 00614.954 00621.526 00606.196 00594.133 00632.688 00639.810 00636.649 00633.675 00635.913 00651.225 00654.729 00658.255 00681.518 00409.236 00483.607 00293.591 00487.290 00578.731 00982.743 01009.633 00996.828 01009.241 00993.044 -0001.000 -0001.000 -0001.000 -0001.000 -0001.000 -0001.000 -0001.000 -0001.000 -0001.000 -0001.000 -0001.000 -0001.000 -0001.000 -0001.000 -0001.000 -0001.000 -0001.000 00757.583 00894.392 00469.056 00833.516 00418.716 00731.847 00236.447 00463.705
00637.621 00564.533 00410.385 00422.770 00204.055 00584.576 00565.027 00544.608 00490.573 00293.748 00572.589 00574.833 00611.184 00616.356 00618.464 00638.300 00642.009 00642.907 00641.987 00644.566 00652.383 00657.765 00661.470 00603.479 00869.737 00223.435 00599.046 00795.750 00904.833 01008.841 00193.920 00349.107 00435.844 00509.358 00809.741 -0001.000 -0001.000 -0001.000 -0001.000 -0001.000 -0001.000 -0001.000 -0001.000 -0001.000 -0001.000 -0001.000 -0001.000 -0001.000 -0001.000 -0001.000 00672.512 00732.228 00310.107 00768.569 00367.248 00789.975 00486.206 00918.189 00184.630 00285.851
00633.225 00286.321 00180.682 00540.477 00589.429 00586.775 00565.639 00562.033 00508.219 00611.755 00630.971 00623.767 00631.741 00632.498 00637.808 00644.650 00643.670 00644.377 00652.408 00662.563 00890.401 00168.132 00494.051 00908.324 00438.657 00748.646 00956.308 00366.717 00564.049 00685.037 00512.697 00667.247 00779.373 00862.202 00950.568 01021.252 -0001.000 -0001.000 -0001.000 -0001.000 -0001.000 -0001.000 -0001.000 -0001.000 -0001.000 -0001.000 -0001.000 -0001.000 00726.995 00728.492 01037.906 00637.371 00198.869 00668.684 00259.468 00835.106 00310.892 00416.091 00489.481 00576.407
00630.623 00401.479 00379.398 00212.255 00607.672 00559.736 00585.820 00511.298 00636.598 00713.995 00646.273 00641.125 00868.858 00942.065 00712.518 00871.819 00197.921 00484.924 00776.282 00225.111 00511.445 00797.162 00264.665 00584.548 00971.542 00414.781 00678.388 00869.487 01044.307 00352.786 00800.765 01016.788 00277.963 00393.344 00506.324 00852.237 -0001.000 -0001.000 -0001.000 -0001.000 -0001.000 -0001.000 -0001.000 -0001.000 -0001.000 -0001.000 -0001.000 00844.984 00358.070 00673.577 00986.782 00682.154 00608.188 00398.079 00620.086 00396.770 00568.199 00595.736 00221.121 00392.770
00534.809 00474.068 00431.421 00602.281 00579.739 00571.576 00513.709 00570.459 00648.554 00559.808 00639.873 00720.090 00761.219 00320.177 00874.324 00415.341 00816.519 00286.349 00561.671 00844.814 00268.965 00592.548 00945.264 00618.602 00399.781 00974.670 00390.669 00603.252 00778.197 00823.929 00199.638 00495.215 00705.454 00848.960 00964.771 00661.746 00730.305 -0001.000 -0001.000 -0001.000 -0001.000 -0001.000 -0001.000 -0001.000 -0001.000 00659.991 00561.337 00898.436 00368.036 00431.018 00582.266 00312.240 00556.206 00279.512 00510.723 00259.699 00436.835 00311.857 00466.291 00193.625
00151.680 00146.552 00480.455 00597.204 00564.490 00548.651 00519.607 00631.644 00528.428 00665.005 00352.496 00203.116 00609.812 00948.160 00453.660 00187.149 00599.022 01026.669 00609.925 00250.796 00770.521 00318.981 00667.805 00198.837 00988.666 00578.553 01005.973 00351.628 00895.457 00347.252 00638.779 00887.638 00238.203 00434.602 00593.215 00894.547 00936.784 -0001.000 -0001.000 -0001.000 -0001.000 -0001.000 -0001.000 -0001.000 00835.397 00340.776 00669.262 00948.454 00505.546 00319.186 00546.748 00234.320 00440.389 00636.359 00335.731 00556.280 00297.860 00539.402 00270.134 00474.758
00265.225 00577.970 00579.246 00550.212 00542.043 00569.198 00644.714 00572.038 00267.820 00625.231 00906.694 00994.488 00416.748 00680.224 00971.071 00607.307 00350.092 00785.398 00317.362 00803.505 00408.168 00915.285 00438.083 00844.278 00561.517 00304.519 00657.957 01000.871 00460.776 00796.192 00210.899 00484.160 00712.307 00897.888 00203.627 00616.795 00795.895 -0001.000 -0001.000 -0001.000 -0001.000 -0001.000 -0001.000 00493.418 01022.835 00482.080 00608.826 00633.600 00500.230 00295.136 00470.518 00626.043 00348.491 00506.367 00197.562 00371.931 00621.822 00345.226 00555.214 00288.825
00611.600 00601.170 00493.298 00547.879 00631.655 00649.770 00622.955 00332.962 00850.300 00189.325 00522.294 00926.936 00358.883 00839.348 00381.441 00912.299 00175.984 00555.567 01028.640 00539.897 01022.963 00607.061 00175.268 00618.293 00991.528 00952.261 00684.717 00356.242 00931.489 00376.078 00684.672 00989.081 00319.602 00491.303 00685.283 00963.616 00647.030 -0001.000 -0001.000 -0001.000 -0001.000 -0001.000 00978.876 00721.279 00295.283 00538.911 00347.878 00608.877 00435.850 00240.105 00417.206 00556.394 00258.963 00485.011 00472.895 00189.719 00427.106 00627.765 00340.444 00575.478
00450.725 00591.175 00624.154 00649.946 00597.109 00286.774 00461.433 00992.481 00373.140 00706.018 00960.206 00309.248 00166.472 00471.929 00886.180 00466.023 01028.729 00729.958 00802.454 00355.614 00759.286 00348.037 00824.243 00356.369 00744.431 01038.112 00339.002 00863.370 00382.701 00806.055 00263.017 00540.335 00804.546 01042.491 00723.512 00789.616 00855.230 -0001.000 -0001.000 -0001.000 -0001.000 -0001.000 00380.301 00927.260 00242.370 00543.872 00343.418 00603.695 00391.948 00196.031 00491.755 00322.251 00638.209 00400.450 00289.919 00474.617 00234.943 00384.899 00583.717 00368.289
00648.474 00384.462 00533.241 00177.827 00400.398 00619.376 00358.989 00667.613 00956.883 00269.732 00544.851 00918.285 -0001.000 00825.185 00721.531 01037.660 00862.887 00828.478 00396.036 00190.604 00596.695 01022.170 00576.032 00998.063 00486.363 00768.621 01006.946 00492.624 00942.301 00402.638 00741.537 00166.589 00756.297 00853.664 00946.126 -0001.000 -0001.000 -0001.000 -0001.000 -0001.000 -0001.000 00801.948 00165.231 00165.600 00364.427 00584.264 00369.742 00611.490 00376.824 00635.185 00457.892 00282.818 00552.717 00315.106 00601.301 00313.781 00550.352 00603.976 00353.706 00630.655
00612.903 00278.467 00428.264 00564.882 00203.088 00553.197 00956.924 00337.903 00591.280 00958.146 00654.710 -0001.000 -0001.000 -0001.000 -0001.000 -0001.000 00715.918 00971.359 00660.417 00816.412 00426.485 00830.734 00327.080 00753.755 00244.717 00633.453 00930.052 00675.788 00845.111 01012.234 00764.835 00893.263 01008.416 -0001.000 -0001.000 00639.024 00754.875 00845.524 00977.160 00822.577 -0001.000 00156.425 00164.587 00541.743 00381.053 00623.788 00391.132 00620.013 00367.882 00596.128 00416.360 00244.048 00449.363 00215.060 00443.739 00186.441 00409.365 00334.612 00593.293 00398.537
00444.254 00656.950 00284.118 00412.814 00829.777 00674.699 00842.079 01008.468 -0001.000 -0001.000 -0001.000 -0001.000 -0001.000 -0001.000 -0001.000 -0001.000 -0001.000 -0001.000 -0001.000 00813.190 00663.079 00835.870 00999.079 00501.605 00979.311 00730.499 01011.741 -0001.000 -0001.000 -0001.000 -0001.000 -0001.000 -0001.000 01032.268 00436.057 00822.290 00436.915 00915.641 00468.412 00943.003 00832.778 00157.205 00171.644 00167.336 00469.980 00199.286 00411.592 00618.386 00350.462 00563.951 00362.931 00195.752 00340.978 00554.833 00304.539 00523.309 00290.298 00571.068 00349.730 00647.424
00240.588 00424.217 00644.833 00825.161 -0001.000 -0001.000 -0001.000 -0001.000 -0001.000 -0001.000 -0001.000 -0001.000 -0001.000 -0001.000 -0001.000 -0001.000 -0001.000 -0001.000 -0001.000 -0001.000 -0001.000 -0001.000 00901.954 00684.941 00851.421 00651.837 -0001.000 -0001.000 -0001.000 -0001.000 00898.149 00321.751 00635.500 00493.030 00940.596 00502.945 00966.095 00634.585 00362.466 01026.778 00210.290 00157.802 00166.483 00175.870 00609.417 00469.592 00317.058 00613.017 00326.451 00530.430 00311.116 00611.375 00440.267 00403.538 00617.459 00357.871 00598.270 00331.455 00590.512 00426.134
00457.634 00163.618 00489.142 00315.778 00642.895 -0001.000 -0001.000 -0001.000 -0001.000 -0001.000 -0001.000 -0001.000 -0001.000 -0001.000 -0001.000 -0001.000 -0001.000 -0001.000 -0001.000 -0001.000 -0001.000 -0001.000 -0001.000 -0001.000 -0001.000 00785.064 01004.689 00728.801 00832.161 00236.728 00686.718 00227.926 00700.522 00226.779 00607.255 00947.468 00501.898 00950.198 00700.061 00474.800 00462.359 00164.128 00172.614 00159.599 00163.903 00525.326 00339.500 00608.712 00305.059 00496.342 00256.814 00535.182 00362.051 00194.236 00401.025 00624.003 00346.120 00565.795 00361.707 00213.084
00458.558 00298.735 01114.223 00968.952 00832.215 00712.183 -0001.000 01033.688 00689.413 00762.115 00278.206 00673.635 01076.608 00723.377 00453.499 01008.105 00830.597 -0001.000 00769.469 00948.424 00778.594 00996.121 00573.564 00587.544 00799.639 00383.977 00859.567 00357.626 00706.046 00205.774 00591.632 00934.267 00407.406 00700.340 00959.678 00427.087 00806.112 00530.748 00289.279 00183.194 00585.299 00162.194 00163.766 00157.076 00160.664 00587.265 00367.937 00620.279 00464.859 00444.315 00174.316 00426.432 00263.119 00532.701 00609.818 00352.456 00563.061 00327.780 00624.030 00480.067
01051.253 00857.760 00717.349 00574.308 00475.078 00410.156 00860.094 00474.126 00946.342 00323.960 00614.037 00981.702 00621.407 00276.722 00825.683 00471.871 00894.129 00643.863 00944.314 00548.409 01062.821 00606.992 00945.669 00602.965 00712.909 00308.844 00695.460 00231.083 00599.818 00667.171 00854.403 00732.773 00890.069 00793.242 00693.584 00834.826 00725.288 00906.288 00582.202 00495.764 00158.846 00164.241 00168.776 00165.370 00368.093 00180.496 00394.864 00612.422 00447.681 00278.385 00550.539 00324.478 00614.604 00389.631 00323.880 00539.508 00314.875 00572.767 00412.758 00279.648
00897.444 00661.078 00180.032 01048.296 00723.144 00254.441 00716.913 00208.161 00757.616 00382.085 00908.706 00542.441 00190.933 00694.367 00332.355 00651.769 00806.075 01026.814 00641.050 00274.112 00666.367 00997.175 00409.408 00209.941 00628.622 00991.640 00537.735 00937.885 00749.808 00271.549 00551.694 00410.940 00706.156 00496.042 00782.718 00551.414 00292.496 00671.464 00659.801 00181.566 00159.598 00161.937 00160.829 00377.168 00162.637 00466.322 00419.200 00602.057 00422.214 00231.370 00433.900 00208.817 00447.232 00254.307 00592.714 00286.252 00538.876 00353.235 00210.765 00501.326
00707.422 00290.289 00461.161 01073.133 00604.435 00939.002 00393.960 00807.868 00397.006 00882.267 00514.681 00985.272 00598.544 00252.745 00692.296 00922.438 00337.596 00737.217 00374.686 00863.367 00552.850 00251.733 00741.180 00662.922 00768.051 00853.814 00668.916 00714.003 00568.671 00880.594 00690.428 00883.360 00679.083 00853.834 00646.040 00871.998 00678.133 00703.805 00485.650 -0001.000 00155.731 00163.875 00168.192 00163.460 00157.054 00653.819 00649.898 00592.099 00369.433 00625.609 00281.459 00520.584 00283.751 00604.982 00461.507 00518.344 00308.033 00612.358 00386.784 00211.478
00877.523 00680.848 00511.557 00950.067 00379.900 00408.660 00847.184 00433.415 00871.704 00487.820 00921.534 00529.953 00896.608 00941.615 00694.590 00782.464 00917.437 00768.597 00916.761 00787.429 00659.737 00736.134 00786.603 00490.109 00492.096 00741.265 00572.977 00830.190 00694.295 00731.179 00196.692 00495.957 00779.391 00351.223 00974.686 00909.032 00541.932 00641.029 00161.338 -0001.000 00155.733 00157.264 00168.551 00174.099 00166.104 00420.341 00629.441 00627.672 00297.565 00505.042 00523.508 00305.444 00593.662 00464.015 00319.965 00207.056 00599.848 00471.755 00582.249 00424.027
00991.121 00194.052 00764.702 00922.515 00778.767 00926.493 00757.775 00900.976 00755.903 00924.211 00768.406 00705.641 00803.201 00783.954 00778.038 00446.107 00652.847 00328.015 00638.073 00333.929 00590.647 00749.328 00577.996 00856.428 00610.992 00802.381 00628.312 00632.377 00675.546 00495.297 00897.114 01025.138 00835.929 00839.850 00331.823 00628.747 00296.715 00162.748 00157.260 00160.952 00159.600 00158.969 00165.253 00162.908 00158.723 00273.276 00630.281 00628.422 00655.185 00407.340 00292.524 00554.622 00441.406 00300.860 00646.525 00543.610 00440.981 00321.352 00313.347 00633.964
