data/trial10/ashley.rci
NCOLS 382
NROWS 266
XLLCORNER 157819.328125
YLLCORNER 384678.625000
CELLSIZE 30.000000
NODATA_VALUE -1
[rows 78 to 103 of 266, columns 120 to 179 of 382]
-0001.000 -0001.000 -0001.000 -0001.000 -0001.000 -0001.000 -0001.000 -0001.000 -0001.000 -0001.000 -0001.000 -0001.000 -0001.000 -0001.000 -0001.000 -0001.000 -0001.000 -0001.000 -0001.000 -0001.000 -0001.000 -0001.000 -0001.000 -0001.000 -0001.000 -0001.000 -0001.000 -0001.000 -0001.000 -0001.000 -0001.000 -0001.000 -0001.000 00275.708 00611.784 00345.191 00550.737 00231.109 00448.111 00661.839 00343.802 00547.900 00224.974 00670.996 00685.111 00694.825 00569.764 00758.110 01128.175 00912.776 00584.330 00995.426 00574.929 00700.176 00920.931 00872.538 00748.137 00636.415 00585.977 00766.637
00279.763 00397.157 -0001.000 -0001.000 -0001.000 00163.982 -0001.000 -0001.000 -0001.000 -0001.000 -0001.000 -0001.000 -0001.000 00168.797 -0001.000 -0001.000 -0001.000 -0001.000 -0001.000 -0001.000 -0001.000 -0001.000 -0001.000 -0001.000 -0001.000 -0001.000 -0001.000 -0001.000 -0001.000 -0001.000 -0001.000 -0001.000 00013.033 00262.984 00178.093 00398.026 00609.077 00304.315 00523.296 00216.394 00419.585 00624.127 00286.447 00450.705 00509.904 00692.640 00191.402 00998.769 00776.458 01058.905 00771.013 00666.123 00824.717 00845.609 00392.442 00620.801 00941.538 00861.876 00759.917 00716.535
00654.426 00657.113 00194.662 00527.973 00163.764 00683.970 00685.331 00686.583 00674.674 00167.719 00168.172 00168.506 00168.810 00331.365 -0001.000 -0001.000 00409.225 00692.731 -0001.000 -0001.000 -0001.000 -0001.000 00540.541 00384.886 -0001.000 -0001.000 -0001.000 -0001.000 -0001.000 -0001.000 -0001.000 -0001.000 00188.799 00304.404 00227.641 00453.482 00673.898 00378.124 00599.284 00293.956 00496.144 00179.192 00360.863 00530.481 00685.972 00696.532 00316.624 01124.911 00965.611 00781.087 00999.372 00963.130 00890.760 01022.616 00951.075 00720.213 00777.335 00685.813 00479.614 00790.940
00658.516 00434.333 00161.852 00163.557 00163.915 00684.192 00685.633 00687.844 00398.159 00167.874 00168.239 00168.619 00530.057 00430.255 00595.236 00396.553 00343.059 00632.456 00465.358 00279.961 00529.151 00291.486 00623.276 00480.892 00672.723 -0001.000 -0001.000 00237.857 00499.371 00264.062 00611.822 -0001.000 00111.548 00434.155 00287.184 00520.030 00229.803 00452.078 00677.826 00369.606 00574.630 00262.018 00445.545 00615.449 00662.667 00689.527 00505.271 00879.924 00717.719 00985.532 00707.922 00425.151 00742.158 00497.875 00563.271 00389.282 00588.043 00870.260 00626.283 00713.569
00163.336 00161.820 00162.733 00543.391 00163.966 00684.528 00685.895 00687.881 00173.405 00167.901 00168.303 00168.666 00329.237 00334.823 00499.112 00293.119 00185.966 00564.621 00450.143 00301.713 00570.539 00361.528 00188.583 00453.672 00223.743 00639.174 00602.361 00335.377 00587.460 00380.201 00219.264 00685.232 00394.024 00625.402 00351.645 00589.107 00305.736 00530.589 00237.731 00447.306 00654.277 00347.187 00542.641 00253.207 00690.689 00695.680 00204.524 01133.798 01077.005 00769.010 01037.767 00845.278 00801.856 00875.991 00826.057 00981.364 00831.529 00682.559 00841.183 00689.846
00160.264 00289.243 00163.435 00356.391 00163.929 00685.005 00686.439 00687.972 00472.850 00167.904 00168.336 00168.724 00692.479 00659.960 00373.200 00683.239 00586.179 00476.899 00554.568 00320.412 00617.789 00437.281 00257.530 00559.065 00284.476 00484.165 00192.270 00432.493 00666.838 00487.205 00349.761 00222.920 00456.145 00685.537 00420.825 00662.853 00378.369 00603.901 00312.875 00524.754 00219.055 00433.246 00629.869 00655.408 00686.776 00505.039 00411.990 00688.268 00900.823 00861.358 00923.419 00771.080 00202.697 00653.602 01027.546 00609.708 00249.287 00842.162 01027.154 00804.479
00160.003 00555.908 00162.681 00674.752 00163.887 00684.858 00686.954 00688.466 00167.262 00167.897 00168.325 00168.763 00423.158 00498.290 00234.473 00541.178 00562.893 00372.677 00534.994 00342.536 00679.703 00518.130 00337.220 00662.934 00359.058 00584.061 00301.870 00521.898 00260.618 00600.585 00469.939 00282.210 00515.149 00238.616 00491.799 00223.436 00450.803 00674.732 00386.782 00599.311 00308.221 00529.368 00280.562 00689.122 00696.023 00197.829 00633.212 00655.782 00570.076 00660.305 00662.340 00666.294 00914.741 00851.057 00753.088 00654.398 00401.700 00649.660 00497.149 00662.177
00365.610 00160.607 00161.981 00290.887 00398.726 00684.422 00686.777 00688.709 00167.353 00167.859 00168.315 00168.749 00661.308 00328.063 00580.487 00379.043 00479.558 00216.125 00508.990 00267.272 00449.626 00642.111 00421.896 00217.249 00449.650 00182.676 00387.254 00606.027 00385.283 00204.104 00584.886 00347.748 00579.626 00311.964 00568.166 00298.265 00525.784 00237.718 00460.207 00677.038 00410.061 00638.186 00506.171 00688.527 00693.034 00380.521 00313.119 00259.610 00207.205 00644.235 00655.203 00660.329 00665.314 00673.085 00683.703 00665.427 00652.472 00653.477 00665.525 00676.637
00309.137 00227.968 00382.082 00497.063 00678.988 00682.386 00686.556 00686.576 00167.356 00167.794 00168.256 00168.728 00357.071 00677.560 00367.312 00177.836 00382.560 00667.363 00499.566 00285.690 00481.103 00171.318 00511.144 00284.862 00536.237 00259.565 00475.123 00193.195 00497.294 00324.902 00682.842 00408.847 00638.484 00388.306 00649.337 00373.802 00604.535 00318.204 00543.651 00267.154 00524.243 00311.959 00645.178 00695.101 00687.302 00533.646 00475.155 00401.266 00676.809 00293.830 00686.303 00658.142 00670.155 00681.966 00657.033 00681.102 00649.642 00666.029 00681.195 00685.015
00567.428 00352.789 00661.247 00662.784 00298.957 00683.516 00685.847 00688.459 00167.258 00167.710 00168.196 00168.657 00600.720 00494.456 00667.685 00449.137 00272.499 00561.102 00579.024 00305.210 00519.244 00255.968 00598.844 00356.400 00616.374 00334.454 00560.095 00307.707 00614.672 00438.494 00234.310 00469.672 00192.392 00470.839 00220.765 00456.397 00175.645 00405.277 00632.305 00386.330 00657.031 00552.062 00678.939 00688.176 00694.047 00238.894 00645.517 00504.465 00682.461 00527.423 00340.713 00650.099 00662.006 00672.441 00684.896 00671.821 00679.681 00687.134 00682.925 00686.006
00395.382 00565.984 00165.966 00658.936 00671.852 00670.704 00683.646 00686.011 00326.359 00462.572 00168.095 00168.591 00362.663 00320.363 00431.557 00662.948 00651.225 00428.077 00556.681 00324.742 00563.530 00344.075 00168.959 00428.028 00175.702 00407.418 00640.186 00417.509 00215.929 00543.507 00304.643 00539.555 00279.779 00562.621 00305.712 00543.016 00264.025 00495.639 00221.455 00509.852 00321.436 00575.334 00686.563 00696.146 00689.076 00411.945 00266.915 00607.919 00515.183 00182.828 00665.571 00309.555 00168.627 00679.436 00241.731 00660.292 00688.776 00685.496 00686.185 00683.190
00556.130 00166.547 00380.373 00431.388 00549.477 00528.235 00681.554 00683.510 00685.673 00221.414 00167.982 00168.498 00673.768 00697.239 00202.931 00348.969 00432.374 00218.556 00525.952 00351.912 00621.495 00435.259 00238.647 00500.757 00243.613 00482.024 00215.757 00522.005 00324.432 00651.058 00382.544 00617.346 00376.501 00661.252 00391.998 00632.054 00354.888 00588.641 00340.721 00629.190 00379.410 00661.973 00681.607 00688.783 00694.877 00659.077 00515.038 00410.697 00323.145 00238.713 00611.915 00417.478 00685.730 00678.916 00684.330 00215.098 00683.662 00686.696 00688.068 00682.905
00156.155 00156.420 00156.541 00654.989 00660.150 00341.207 00353.223 00684.431 00687.817 00167.765 00374.656 00171.352 00171.301 00305.616 00696.430 00593.923 00203.017 00682.564 00679.776 00390.216 00182.400 00528.607 00310.437 00574.470 00312.631 00555.194 00313.865 00622.985 00431.797 00224.476 00460.209 00185.928 00475.282 00237.597 00481.148 00210.167 00448.306 00170.967 00460.405 00232.234 00504.534 00261.783 00685.004 00652.438 00662.674 00672.903 00684.595 00694.512 00581.549 00444.682 00292.430 00570.506 00273.341 00518.187 00239.763 00657.708 00655.507 00687.299 00681.479 00684.626
00155.551 00155.841 00155.920 00498.981 00659.640 00605.642 00679.421 00681.669 00687.431 00592.142 00169.421 00414.440 00254.439 00209.674 00537.850 00695.811 00684.075 00678.730 00678.477 00307.238 00484.298 00652.814 00384.265 00648.732 00382.914 00627.830 00412.949 00213.223 00539.019 00302.092 00537.953 00283.501 00574.198 00325.454 00571.833 00303.407 00544.287 00291.097 00580.896 00351.687 00631.768 00406.254 00675.859 00684.422 00681.026 00692.819 00655.609 00674.751 00689.643 00654.725 00392.553 00647.995 00512.687 00270.790 00464.065 00680.439 00326.601 00689.113 00683.093 00686.488
00650.299 00329.749 00460.971 00607.792 00653.516 00661.769 00417.995 00488.086 00684.219 00466.672 00211.897 00517.511 00589.453 00374.825 00227.701 00174.832 00685.054 00675.580 00676.119 00679.952 00323.029 00497.175 00677.026 00437.531 00199.921 00462.390 00232.506 00612.912 00484.667 00306.808 00587.161 00381.984 00673.112 00416.665 00664.413 00399.354 00642.472 00412.081 00189.497 00472.456 00224.075 00523.279 00652.459 00675.768 00679.943 00673.632 00683.250 00674.822 00688.211 00696.806 00685.444 00459.474 00295.394 00590.892 00198.257 00654.852 00254.723 00636.951 00686.430 00686.954
00647.566 00648.442 00649.534 00647.088 00428.887 00656.833 00664.394 00267.136 00686.310 00690.131 00688.622 00689.750 00666.099 00271.632 00276.411 00693.145 00693.321 00680.313 00678.229 00287.839 00518.245 00239.007 00429.366 00621.985 00372.454 00669.597 00438.010 00198.541 00397.856 00595.605 00335.366 00625.718 00482.355 00331.102 00656.047 00498.416 00242.737 00533.238 00309.252 00593.950 00323.622 00540.416 00496.737 00679.963 00685.708 00691.157 00679.218 00689.843 00681.141 00683.368 00689.916 00691.832 00602.794 00356.991 00635.095 00350.930 00679.838 00378.526 00689.144 00688.227
00641.748 00640.169 00641.467 00642.945 00650.204 00515.110 00655.613 00670.406 00555.539 00687.282 00691.864 00692.489 00221.539 00460.228 00697.122 00686.131 00689.222 00679.443 00678.965 00324.189 00592.513 00378.551 00164.654 00365.664 00568.090 00309.364 00622.805 00418.694 00198.131 00403.597 00607.524 00366.567 00670.003 00363.877 00433.125 00317.200 00216.321 00631.023 00430.022 00197.518 00426.488 00647.982 00530.297 00684.449 00678.288 00684.761 00675.312 00680.486 00684.810 00691.548 00695.950 00691.685 00318.739 00423.452 00520.622 00232.326 00600.147 00209.277 00456.651 00687.442
00242.948 00466.301 00249.465 00642.947 00649.484 00479.373 00660.603 00671.015 00678.777 00684.824 00687.394 00694.496 00690.588 00686.119 00698.289 00690.204 00684.431 00670.493 00669.196 00451.352 00630.474 00284.645 00446.247 00611.434 00297.479 00509.118 00238.505 00573.142 00396.125 00199.623 00411.505 00621.948 00405.340 00200.577 00418.925 00628.541 00355.121 00479.785 00391.539 00273.350 00534.537 00229.259 00476.349 00676.885 00683.509 00678.583 00682.843 00685.323 00690.457 00683.624 00691.657 00696.867 00186.747 00258.899 00514.503 00577.345 00270.375 00609.383 00689.439 00685.021
00612.209 00388.198 00446.899 00402.296 00650.715 00363.054 00657.988 00669.745 00620.890 00688.276 00686.971 00691.090 00691.073 00369.556 00695.124 00687.444 00680.580 00678.375 00599.191 00582.327 00275.757 00486.602 00192.154 00364.565 00538.610 00217.497 00442.401 00667.893 00342.303 00522.881 00202.386 00423.484 00641.688 00451.219 00248.238 00488.833 00220.720 00485.709 00210.676 00183.746 00551.738 00322.879 00497.856 00674.138 00675.004 00681.334 00686.623 00690.463 00682.785 00693.533 00718.225 00658.081 00497.212 00662.349 00413.470 00356.067 00596.144 00309.576 00600.817 00437.763
00613.072 00407.744 00639.694 00645.914 00330.982 00657.439 00661.712 00674.151 00346.897 00691.800 00690.918 00689.297 00377.008 00602.285 00692.135 00684.177 00679.883 00676.603 00675.616 00650.405 00341.877 00570.903 00488.237 00611.057 00259.657 00449.002 00641.834 00369.826 00614.466 00315.094 00510.112 00203.671 00435.634 00664.275 00502.561 00310.858 00580.921 00365.440 00645.241 00378.342 00594.963 00347.057 00595.728 00335.469 00680.016 00685.388 00676.653 00681.170 00688.643 00690.366 00703.411 00197.979 00702.098 00709.448 00308.664 00655.060 00389.646 00650.672 00479.385 00316.560
00614.366 00422.674 00640.552 00648.530 00541.612 00655.509 00654.969 00233.571 00612.107 00688.077 00688.005 00628.743 00696.665 00699.445 00690.094 00682.001 00678.644 00675.214 00216.019 00334.073 00474.272 00620.501 00247.841 00280.821 00352.229 00425.500 00256.228 00375.459 00231.514 00381.023 00234.228 00348.339 00188.131 00321.845 00182.049 00567.932 00398.846 00204.295 00544.439 00325.712 00568.545 00372.034 00672.143 00547.841 00528.440 00676.741 00682.187 00687.311 00692.119 00699.142 00708.546 00707.872 00697.874 00703.841 00699.737 00690.159 00202.270 00528.738 00354.570 00189.193
00614.614 00585.988 00640.689 00648.677 00269.620 00658.161 00525.547 00385.627 00175.363 00691.077 00691.487 00491.570 00351.456 00698.231 00689.495 00681.203 00678.557 00675.415 00473.193 00505.167 00424.983 00228.316 00313.688 00360.823 00179.048 00384.628 00528.184 00172.258 00429.621 00194.368 00500.424 00264.995 00486.525 00206.862 00470.246 00210.726 00299.709 00360.990 00297.901 00259.405 00551.997 00403.369 00249.658 00525.758 00548.866 00682.890 00687.786 00677.369 00682.196 00692.099 00693.852 00702.225 00704.630 00699.874 00684.818 00694.146 00686.654 00692.126 00213.784 00505.454
00615.334 00367.079 00641.575 00648.314 00501.385 00658.839 00170.685 00546.491 00686.317 00690.260 00689.868 00653.190 00541.275 00696.572 00687.193 00680.338 00677.553 00674.503 00473.717 00429.641 00211.375 00186.785 00561.908 00224.911 00398.416 00576.547 00237.882 00299.430 00165.840 00165.942 00165.868 00165.794 00165.888 00165.828 00165.705 00323.642 00261.252 00480.201 00185.366 00292.482 00366.857 00325.533 00387.907 00601.746 00672.618 00677.874 00684.024 00688.288 00690.321 00677.778 00694.146 00703.221 00701.221 00694.260 00685.445 00678.550 00687.433 00695.409 00686.955 00694.456
00614.932 00173.330 00641.385 00649.154 00221.582 00661.198 00669.684 00674.944 00688.963 00687.842 00692.433 00485.389 00250.453 00694.186 00684.970 00679.784 00676.557 00628.354 00223.467 00183.235 00391.309 00502.182 00647.896 00312.167 00263.117 00165.931 00165.773 00165.625 00165.662 00165.594 00165.311 00165.498 00165.341 00165.281 00165.282 00165.111 00165.391 00165.181 00165.567 00232.510 00580.378 00282.786 00625.301 00331.195 00679.659 00685.825 00686.420 00683.807 00687.052 00687.108 00713.648 00696.906 00696.751 00693.245 00690.328 00679.417 00689.120 00680.763 00690.964 00683.904
00615.132 00418.550 00642.192 00648.800 00410.322 00659.576 00669.045 00613.332 00685.422 00690.832 00688.773 00486.469 00296.972 00604.769 00687.602 00679.825 00677.242 00674.607 00554.171 00672.343 00671.865 00583.023 00165.864 00165.781 00165.701 00165.582 00165.448 00165.180 00165.290 00165.179 00165.095 00165.052 00165.226 00165.167 00165.100 00165.014 00164.747 00164.768 00164.662 00164.897 00165.430 00343.848 00238.066 00532.457 00677.772 00680.277 00684.272 00679.812 00678.588 00686.030 00685.194 00686.095 00700.927 00685.274 00670.411 00681.340 00674.407 00684.984 00677.777 00689.539
00613.121 00163.075 00642.174 00648.459 00599.966 00661.584 00604.499 00530.757 00688.002 00688.070 00691.088 00645.899 00417.780 00697.256 00690.930 00684.024 00679.495 00676.869 00673.775 00672.322 00536.343 00165.525 00165.592 00165.541 00165.349 00164.881 00165.221 00165.003 00165.019 00165.056 00164.962 00165.024 00164.944 00164.813 00164.590 00164.774 00164.657 00164.564 00164.371 00164.859 00164.746 00164.911 00586.446 00658.946 00679.048 00677.513 00672.617 00677.873 00677.353 00683.933 00682.006 00683.327 00678.792 00680.620 00669.998 00676.207 00678.606 00671.518 00683.409 00677.489
