data/trial10/ashley.fli
NCOLS 382
NROWS 266
XLLCORNER 157819.328125
YLLCORNER 384678.625000
CELLSIZE 30.000000
NODATA_VALUE -1
[rows 182 to 207 of 266, columns 180 to 239 of 382]
00012.345 00012.616 00012.784 00012.949 00013.078 00013.157 00013.104 00014.898 00017.054 00018.399 00019.759 00020.909 00022.039 00022.574 00023.117 00023.042 00022.857 00022.659 00020.831 00018.883 00016.859 00014.642 00014.671 00014.655 00014.495 00014.311 00014.216 00014.213 00014.620 00013.869 00012.920 00012.929 00011.494 00010.196 00008.879 00008.469 00008.023 00007.193 00006.070 00004.284 00002.331 00007.149 00008.333 00009.076 00029.615 00031.527 00032.411 00027.623 00028.404 00029.720 00026.053 00026.811 00031.397 00033.083 00025.430 00025.355 00025.279 00022.419 00017.848 00016.989
00010.975 00011.314 00011.570 00011.755 00011.914 00012.042 00011.976 00012.137 00012.299 00012.437 00012.575 00012.694 00012.803 00012.940 00013.092 00013.204 00013.241 00013.278 00013.321 00013.374 00013.426 00013.451 00013.432 00013.424 00013.336 00013.083 00012.837 00012.675 00012.455 00012.559 00012.959 00012.054 00011.419 00010.636 00009.169 00007.422 00005.904 00004.396 00002.836 00002.822 00007.481 00008.486 00012.831 00030.639 00032.998 00033.221 00034.423 00035.738 00036.962 00027.391 00026.481 00029.608 00023.290 00020.407 00019.496 00014.673 00015.093 00015.512 00015.883 00016.256
00011.099 00010.450 00009.960 00009.899 00010.115 00010.291 00010.274 00010.508 00010.746 00010.938 00011.104 00011.268 00011.420 00011.557 00011.654 00011.756 00011.769 00011.791 00011.871 00011.911 00011.906 00011.798 00011.669 00011.546 00011.432 00011.248 00011.745 00012.033 00011.970 00011.710 00011.133 00010.662 00010.051 00009.135 00007.880 00005.475 00002.566 00003.965 00006.988 00007.607 00008.718 00025.268 00031.876 00033.956 00033.973 00034.863 00035.277 00035.631 00037.351 00038.285 00033.773 00030.845 00017.929 00021.790 00022.404 00017.789 00016.110 00016.032 00016.042 00016.349
00009.116 00009.527 00009.897 00010.172 00010.447 00010.696 00010.793 00010.921 00011.051 00011.161 00011.244 00011.328 00011.379 00011.245 00011.209 00011.194 00011.232 00011.329 00011.449 00011.626 00011.608 00011.558 00011.502 00011.413 00011.284 00010.901 00010.293 00009.892 00009.553 00009.153 00008.887 00008.580 00008.131 00007.480 00005.050 00002.655 00006.496 00007.572 00008.445 00025.458 00030.314 00031.659 00032.547 00033.594 00035.100 00035.747 00035.783 00036.962 00037.562 00037.678 00035.367 00019.506 00023.978 00025.570 00025.154 00025.741 00019.625 00018.651 00018.134 00019.897
-0001.000 00006.229 00007.832 00008.000 00008.148 00008.283 00008.337 00008.521 00008.708 00008.874 00008.984 00009.095 00009.219 00009.349 00009.422 00009.447 00009.457 00009.420 00009.399 00009.401 00009.297 00009.192 00009.091 00008.953 00008.792 00008.626 00008.367 00007.931 00007.434 00006.822 00006.056 00005.408 00004.894 00004.124 00001.065 00006.913 00007.960 00015.307 00032.965 00031.807 00032.309 00032.708 00033.151 00033.799 00034.689 00035.523 00036.439 00037.305 00037.490 00036.642 00021.136 00022.234 00025.664 00028.508 00033.784 00030.926 00026.570 00026.400 00026.785 00027.170
-0001.000 -0001.000 00000.130 00002.386 00005.048 00005.513 00005.835 00002.551 00000.346 -0001.000 00001.271 00006.048 00007.290 00007.432 00007.506 00007.521 00007.532 00007.502 00007.482 00007.471 00007.362 00007.217 00006.961 00006.634 00006.328 00005.993 00005.582 00004.840 00004.168 00003.523 00002.551 00000.436 00004.986 00006.597 00007.035 00008.066 00020.909 00032.651 00035.055 00036.642 00037.974 00033.464 00033.806 00034.198 00034.002 00034.711 00035.785 00036.750 00037.555 00022.659 00022.851 00024.830 00026.776 00027.874 00031.267 00032.496 00036.036 00025.613 00027.118 00027.560
-0001.000 -0001.000 -0001.000 00004.045 00002.506 00001.622 00002.071 00001.597 -0001.000 -0001.000 -0001.000 00000.195 00003.458 00003.757 00004.023 00004.073 00004.123 00004.108 00004.063 00004.035 00003.953 00003.737 00003.498 00003.223 00002.799 00002.334 00001.601 00000.978 00005.743 00006.624 00006.883 00007.215 00009.006 00009.417 00018.431 00027.274 00030.293 00032.546 00034.559 00036.291 00037.341 00038.436 00039.705 00035.421 00035.277 00035.081 00035.590 00028.218 00021.792 00022.569 00023.692 00025.182 00025.847 00025.767 00032.356 00039.728 00038.559 00035.382 00027.492 00027.356
-0001.000 -0001.000 -0001.000 -0001.000 -0001.000 -0001.000 00001.751 00006.259 -0001.000 -0001.000 -0001.000 00004.589 00004.951 00005.165 00005.413 00005.481 00005.488 00005.455 00005.314 00005.293 00005.353 00005.785 00006.280 00006.183 00006.151 00006.527 00006.825 00007.150 00007.415 00007.779 00016.170 00023.767 00025.207 00026.529 00027.824 00028.983 00030.236 00031.650 00033.253 00035.180 00036.488 00037.524 00037.030 00036.869 00036.600 00029.904 00021.090 00020.914 00021.376 00021.848 00022.339 00022.872 00023.562 00028.040 00041.054 00040.210 00037.923 00035.012 00031.287 00027.197
-0001.000 -0001.000 -0001.000 -0001.000 -0001.000 -0001.000 -0001.000 -0001.000 -0001.000 -0001.000 00003.343 00013.802 00012.554 00010.077 00006.788 00006.763 00006.847 00006.928 00006.973 00007.025 00007.278 00008.544 00010.741 00013.809 00018.353 00021.732 00022.527 00023.685 00024.856 00025.905 00026.806 00026.690 00026.843 00027.122 00027.429 00028.402 00029.913 00031.525 00032.875 00034.165 00035.240 00036.505 00037.586 00037.846 00022.105 00021.788 00021.319 00021.254 00021.237 00021.344 00021.643 00022.103 00027.578 00040.351 00041.321 00040.619 00027.212 00027.078 00027.899 00029.464
-0001.000 -0001.000 -0001.000 -0001.000 -0001.000 -0001.000 -0001.000 -0001.000 -0001.000 00010.811 00010.131 00009.502 00016.509 00018.730 00020.939 00021.697 00022.124 00022.436 00022.754 00023.053 00023.316 00023.467 00023.732 00024.096 00024.525 00025.016 00025.263 00025.353 00025.911 00026.563 00027.300 00027.777 00027.409 00027.139 00027.767 00028.207 00028.695 00030.378 00031.732 00033.051 00034.769 00035.866 00032.928 00021.990 00022.206 00022.545 00022.345 00022.014 00021.835 00021.781 00024.053 00030.630 00036.091 00041.540 00042.651 00041.713 00036.772 00031.901 00029.924 00032.029
-0001.000 -0001.000 -0001.000 -0001.000 -0001.000 -0001.000 -0001.000 -0001.000 -0001.000 -0001.000 00010.102 00013.817 00015.824 00018.126 00020.272 00021.913 00023.192 00023.413 00023.630 00023.920 00024.329 00024.455 00024.400 00024.726 00025.210 00025.583 00025.890 00025.886 00025.884 00026.638 00027.476 00028.138 00028.642 00028.297 00027.972 00028.473 00029.012 00029.457 00030.603 00031.895 00030.823 00020.150 00020.861 00021.009 00021.378 00021.896 00022.283 00022.977 00023.211 00031.147 00032.748 00033.141 00040.251 00042.602 00042.975 00043.126 00038.381 00030.701 00029.843 00031.388
00006.428 00019.935 00016.583 00008.149 -0001.000 -0001.000 -0001.000 -0001.000 -0001.000 -0001.000 00010.338 00014.112 00016.640 00019.352 00021.061 00021.875 00023.083 00024.041 00024.340 00024.636 00024.721 00024.670 00024.958 00025.322 00025.743 00026.157 00026.354 00026.490 00026.510 00026.807 00027.628 00028.338 00028.977 00029.578 00029.159 00028.702 00027.081 00020.417 00016.363 00017.148 00017.849 00018.658 00019.423 00020.066 00020.715 00020.951 00022.045 00025.511 00032.583 00033.754 00033.812 00034.755 00039.109 00042.952 00042.708 00042.051 00035.196 00028.780 00029.639 00030.907
00018.163 00015.848 00016.296 00011.135 00018.140 00007.620 -0001.000 -0001.000 -0001.000 -0001.000 -0001.000 00008.206 00011.237 00014.244 00020.824 00022.083 00022.984 00023.819 00024.377 00024.794 00025.204 00025.326 00025.445 00025.725 00026.032 00026.436 00026.822 00026.983 00027.149 00027.330 00027.706 00028.396 00028.234 00020.426 00016.610 00016.633 00017.046 00017.206 00019.322 00021.396 00021.288 00021.035 00019.554 00016.155 00017.859 00019.492 00027.933 00032.049 00033.290 00033.901 00034.431 00035.104 00036.620 00043.044 00042.994 00043.422 00029.379 00027.176 00028.079 00030.610
00015.221 00015.715 00016.240 00016.833 00016.260 00009.377 00018.272 00007.639 -0001.000 -0001.000 -0001.000 -0001.000 -0001.000 00002.571 00012.581 00012.989 00013.457 00013.831 00017.038 00017.814 00018.619 00019.045 00017.654 00016.722 00016.687 00015.735 00015.244 00015.357 00015.510 00015.689 00015.782 00016.050 00016.441 00016.840 00017.515 00018.668 00019.279 00023.228 00028.213 00030.621 00029.330 00027.865 00026.589 00026.215 00026.810 00028.140 00030.051 00030.775 00031.983 00033.689 00034.232 00034.824 00041.425 00043.078 00043.151 00044.006 00034.580 00024.847 00026.393 00030.034
00015.453 00015.984 00016.662 00016.132 00015.806 00015.828 00016.781 00009.060 00017.558 -0001.000 -0001.000 -0001.000 00003.948 00009.063 00012.206 00012.982 00013.596 00013.909 00014.246 00014.501 00014.668 00014.862 00015.008 00015.115 00015.205 00015.292 00015.376 00015.470 00015.656 00015.871 00016.006 00016.106 00016.462 00016.903 00017.139 00017.830 00022.078 00031.344 00033.454 00032.332 00031.434 00031.770 00030.268 00025.408 00023.809 00022.430 00025.834 00028.211 00030.777 00032.414 00033.914 00037.350 00041.133 00042.084 00042.934 00043.819 00035.420 00027.579 00027.188 00028.870
00015.811 00016.403 00017.085 00015.646 00015.725 00016.186 00016.302 00016.345 00016.892 00011.876 00004.249 -0001.000 00011.861 00015.099 00016.528 00019.389 00020.509 00021.687 00021.964 00022.361 00022.257 00020.806 00015.566 00015.338 00015.425 00015.509 00015.608 00015.795 00015.988 00016.108 00016.200 00016.332 00016.489 00016.711 00017.831 00022.547 00031.059 00034.307 00035.390 00035.346 00034.619 00033.376 00030.326 00024.866 00024.243 00022.022 00022.384 00026.703 00029.993 00031.476 00033.154 00035.027 00038.845 00041.646 00042.376 00039.383 00041.553 00026.540 00028.764 00031.584
00016.189 00016.797 00016.036 00015.862 00015.782 00016.067 00016.618 00016.783 00017.179 00012.595 00006.481 00003.675 00013.358 00014.236 00020.831 00026.561 00031.064 00034.017 00033.465 00032.956 00030.398 00028.125 00023.192 00027.277 00022.814 00021.065 00021.233 00022.062 00023.619 00025.193 00025.559 00025.932 00026.481 00027.341 00029.053 00030.782 00032.625 00034.489 00035.431 00034.593 00034.453 00036.522 00034.238 00021.560 00018.867 00019.703 00020.973 00024.510 00028.325 00030.746 00032.434 00035.251 00038.065 00039.015 00041.709 00038.019 00030.203 00024.905 00028.822 00031.750
00016.562 00017.276 00015.889 00015.912 00016.193 00016.902 00017.094 00017.180 00015.857 00013.121 00013.625 00006.231 00013.398 00017.316 00020.837 00027.183 00035.233 00036.652 00036.420 00035.236 00032.986 00028.068 00024.647 00021.642 00023.057 00024.485 00025.397 00026.188 00026.545 00026.803 00027.021 00027.168 00027.379 00027.691 00028.246 00029.245 00032.303 00035.750 00033.655 00033.342 00024.244 00022.161 00021.876 00020.391 00018.109 00020.542 00023.614 00025.953 00027.681 00029.785 00034.223 00036.864 00038.581 00041.827 00041.956 00035.848 00032.164 00027.329 00029.802 00031.723
00016.996 00017.504 00016.131 00015.741 00016.465 00017.331 00017.725 00017.887 00014.235 00014.125 00015.382 00016.528 00018.536 00023.476 00029.909 00034.612 00041.663 00041.815 00040.509 00039.914 00039.305 00032.388 00030.602 00028.092 00023.344 00023.915 00025.251 00026.120 00026.846 00027.091 00027.337 00027.511 00027.649 00027.869 00028.134 00029.717 00032.257 00037.339 00036.643 00029.841 00025.633 00022.698 00021.711 00018.798 00018.281 00020.652 00023.994 00026.454 00029.080 00031.879 00034.387 00036.195 00038.056 00040.472 00043.312 00035.468 00032.118 00030.778 00030.184 00031.801
00017.408 00017.356 00016.180 00016.200 00016.735 00017.879 00018.255 00018.815 00015.723 00015.504 00017.625 00016.331 00024.165 00026.667 00035.132 00040.428 00042.474 00043.477 00041.888 00041.153 00040.830 00032.650 00032.458 00031.959 00032.638 00030.810 00030.999 00029.968 00028.034 00027.135 00027.452 00027.870 00028.036 00028.213 00029.833 00031.689 00034.097 00036.165 00038.073 00037.474 00029.914 00023.559 00024.026 00024.036 00018.207 00021.197 00023.662 00026.000 00028.509 00030.990 00033.508 00035.552 00037.499 00039.405 00040.239 00036.780 00034.300 00033.222 00032.399 00032.460
00017.817 00016.346 00016.277 00016.734 00017.569 00018.480 00018.918 00019.754 00017.282 00018.022 00020.139 00020.753 00027.510 00031.141 00037.910 00041.788 00043.309 00045.326 00045.705 00044.601 00044.718 00036.194 00033.948 00032.537 00034.320 00034.432 00031.771 00027.786 00027.763 00025.704 00026.645 00027.625 00028.349 00028.524 00029.222 00031.156 00033.139 00035.920 00038.605 00038.456 00039.360 00032.380 00028.451 00028.664 00024.660 00021.421 00024.501 00026.046 00028.010 00030.257 00032.563 00034.813 00038.849 00043.374 00036.331 00038.332 00036.181 00035.404 00034.620 00034.548
00018.173 00016.392 00016.578 00017.167 00018.887 00019.397 00020.619 00020.667 00018.692 00020.018 00021.811 00024.206 00034.313 00040.100 00043.005 00044.503 00045.526 00046.436 00047.374 00045.402 00043.906 00041.992 00036.949 00036.951 00036.776 00035.965 00030.183 00028.216 00025.077 00027.505 00028.419 00029.873 00031.304 00032.217 00032.504 00033.804 00035.414 00036.867 00037.397 00038.544 00038.703 00036.516 00035.084 00034.467 00032.246 00023.206 00024.891 00026.736 00028.145 00029.877 00032.350 00034.490 00038.807 00038.184 00039.923 00039.422 00037.942 00037.039 00036.405 00036.556
00018.524 00016.627 00016.845 00017.411 00020.005 00020.387 00022.251 00022.976 00021.644 00021.332 00024.277 00027.368 00037.008 00044.578 00045.784 00046.119 00046.541 00047.303 00048.093 00059.945 00056.224 00053.524 00037.606 00038.727 00039.558 00040.730 00030.994 00026.222 00024.248 00027.523 00030.323 00031.314 00032.314 00033.183 00033.559 00034.065 00035.244 00036.328 00037.307 00038.623 00040.075 00038.450 00038.402 00037.623 00037.943 00036.862 00026.749 00026.860 00028.402 00029.583 00032.477 00035.453 00038.280 00039.549 00041.626 00040.881 00039.729 00038.666 00038.093 00038.096
00018.866 00016.906 00017.222 00018.003 00020.773 00021.599 00023.313 00024.859 00026.632 00022.349 00025.870 00030.924 00038.998 00045.926 00048.536 00050.209 00058.482 00061.405 00062.339 00062.752 00057.324 00054.715 00044.748 00045.430 00041.104 00042.082 00026.973 00024.145 00023.607 00026.437 00029.417 00031.380 00032.973 00033.415 00033.667 00033.861 00034.423 00035.365 00036.227 00037.245 00038.930 00040.661 00039.734 00039.503 00040.115 00038.534 00037.241 00030.994 00032.820 00032.062 00032.172 00033.099 00036.703 00040.248 00041.137 00042.109 00041.410 00040.328 00039.854 00039.451
00019.354 00017.339 00017.724 00018.698 00020.118 00022.988 00025.225 00026.196 00027.978 00027.326 00025.075 00032.600 00039.256 00046.421 00061.698 00054.030 00057.697 00060.198 00062.036 00062.255 00062.698 00047.326 00047.200 00046.089 00047.412 00051.541 00025.447 00022.777 00022.880 00026.347 00028.590 00030.878 00032.844 00033.520 00033.791 00034.412 00035.189 00035.836 00036.264 00036.520 00038.187 00039.930 00041.282 00041.213 00041.815 00040.161 00039.123 00040.453 00034.172 00034.270 00035.056 00035.906 00037.672 00039.920 00041.902 00042.352 00042.479 00042.002 00041.126 00040.501
00019.874 00017.768 00018.289 00019.080 00019.930 00024.147 00025.718 00026.974 00028.902 00031.318 00031.309 00031.410 00041.089 00041.279 00060.857 00063.674 00048.816 00062.571 00061.093 00061.311 00058.572 00059.994 00044.735 00045.646 00039.430 00025.914 00022.249 00024.844 00021.642 00025.366 00028.539 00030.514 00032.264 00033.665 00033.983 00034.774 00035.860 00036.885 00037.333 00037.436 00037.605 00038.460 00040.120 00041.484 00040.809 00041.738 00041.442 00042.375 00036.163 00034.380 00035.443 00036.542 00038.020 00040.151 00042.252 00042.593 00042.765 00042.926 00041.911 00041.226
