data/trial10/ashley.rci
NCOLS 382
NROWS 266
XLLCORNER 157819.328125
YLLCORNER 384678.625000
CELLSIZE 30.000000
NODATA_VALUE -1
[rows 208 to 233 of 266, columns 180 to 239 of 382]
00164.619 00170.355 00166.524 00167.711 00167.917 00171.336 00171.777 00173.676 00172.841 00173.814 00172.102 00174.065 00172.204 00174.625 00173.894 00172.501 00217.019 00294.113 00626.802 00697.681 00698.477 00696.928 00697.902 00697.759 00700.399 00568.835 00170.775 00168.217 00167.679 00167.292 00167.104 00166.110 00166.705 00166.182 00166.985 00167.085 00167.403 00167.736 00167.311 00167.713 00168.128 00167.416 00167.996 00168.664 00169.222 00170.516 00170.462 00172.355 00171.360 00172.212 00170.484 00171.704 00172.706 00171.710 00170.729 00172.615 00171.231 00170.891 00171.241 00173.596
00166.781 00168.421 00166.947 00166.678 00166.396 00169.037 00173.291 00172.832 00172.095 00173.663 00171.621 00173.449 00175.051 00175.789 00174.519 00172.664 00548.131 00435.669 00439.741 00699.182 00698.753 00695.275 00695.210 00696.128 00270.843 00175.259 00171.884 00172.158 00170.284 00168.795 00167.727 00167.937 00167.570 00167.985 00167.481 00167.979 00167.651 00168.135 00168.638 00167.902 00168.367 00168.770 00168.862 00169.724 00169.978 00172.058 00171.647 00171.085 00171.935 00171.899 00171.264 00171.553 00171.125 00171.588 00171.398 00171.211 00171.664 00170.569 00172.580 00172.081
00164.880 00165.949 00169.243 00167.264 00166.746 00168.069 00170.910 00172.061 00174.144 00172.135 00171.322 00173.226 00174.930 00173.740 00174.942 00394.073 00240.442 00417.812 00621.319 00625.736 00699.390 00695.490 00694.135 00697.866 00493.351 00173.777 00171.973 00172.161 00169.415 00171.093 00170.301 00168.921 00168.507 00168.546 00168.547 00168.776 00168.893 00169.147 00169.285 00169.480 00169.432 00169.925 00171.012 00171.463 00171.058 00170.677 00172.733 00171.637 00171.911 00173.218 00171.901 00172.311 00171.775 00172.190 00171.915 00172.034 00172.303 00172.174 00171.016 00173.830
00163.216 00167.720 00167.545 00166.017 00167.021 00166.563 00168.560 00171.754 00173.305 00171.754 00171.711 00173.621 00171.082 00173.539 00172.866 00217.007 00172.025 00170.615 00270.348 00298.464 00699.320 00695.830 00694.678 00698.315 00174.430 00174.243 00173.531 00171.900 00170.186 00171.506 00172.264 00170.537 00171.448 00170.480 00169.482 00171.020 00169.717 00171.383 00170.589 00172.085 00170.691 00171.853 00170.669 00172.412 00172.008 00171.401 00171.369 00172.184 00172.705 00172.899 00173.533 00174.503 00173.400 00173.962 00173.075 00173.749 00172.917 00174.167 00173.077 00172.031
00164.537 00165.340 00170.361 00166.988 00167.298 00166.866 00166.490 00169.853 00172.615 00171.219 00171.329 00173.787 00171.322 00173.668 00174.827 00170.826 00173.617 00172.063 00539.153 00627.682 00698.719 00697.207 00695.377 00415.990 00172.260 00172.463 00174.745 00173.240 00171.528 00170.893 00171.586 00171.176 00168.867 00172.025 00171.061 00172.610 00171.104 00172.522 00171.605 00170.686 00171.922 00173.044 00171.953 00170.867 00171.523 00172.114 00172.052 00173.168 00174.185 00174.527 00172.890 00173.393 00174.658 00173.644 00174.475 00173.091 00174.320 00173.225 00174.647 00172.934
00163.031 00167.037 00167.980 00167.870 00165.969 00167.089 00166.728 00168.314 00171.221 00170.796 00172.113 00173.483 00172.371 00173.988 00172.187 00172.846 00170.240 00183.655 00178.036 00386.115 00609.065 00697.168 00695.839 00663.161 00173.934 00171.083 00174.543 00172.838 00172.822 00171.964 00172.304 00171.438 00170.328 00171.360 00170.619 00169.878 00171.177 00170.396 00171.381 00170.886 00171.702 00171.063 00171.800 00171.292 00171.801 00170.742 00173.592 00173.175 00175.253 00174.747 00173.758 00171.854 00175.042 00174.164 00175.415 00174.069 00175.198 00174.023 00172.822 00173.909
00161.567 00164.933 00165.869 00166.496 00167.206 00167.299 00166.861 00166.523 00168.360 00171.688 00170.672 00172.706 00172.280 00173.971 00172.597 00173.675 00171.718 00196.747 00172.549 00171.555 00196.268 00696.888 00697.854 00170.639 00171.821 00173.950 00173.891 00172.888 00173.770 00173.562 00170.542 00171.628 00171.538 00172.216 00171.804 00171.389 00172.072 00171.388 00172.097 00171.594 00171.105 00171.839 00172.934 00172.351 00171.480 00173.470 00172.110 00174.431 00173.189 00175.474 00174.153 00171.964 00174.675 00173.100 00171.829 00174.356 00173.213 00174.182 00173.059 00174.783
00162.442 00162.298 00164.201 00168.702 00168.135 00165.884 00166.941 00166.596 00168.347 00166.961 00170.951 00171.690 00173.405 00171.216 00172.669 00171.295 00173.026 00171.737 00173.617 00172.475 00505.015 00581.128 00217.144 00171.619 00170.050 00172.934 00174.481 00172.680 00173.694 00174.287 00171.578 00173.374 00174.018 00171.287 00173.435 00172.686 00171.941 00173.043 00174.277 00173.507 00172.636 00174.166 00172.471 00174.168 00172.717 00175.069 00173.710 00172.015 00174.429 00173.497 00174.802 00173.078 00171.940 00173.207 00171.646 00174.524 00173.609 00174.261 00172.735 00171.263
00160.959 00163.246 00162.744 00166.477 00166.535 00169.746 00166.956 00166.352 00168.287 00166.901 00168.926 00170.975 00169.062 00170.590 00172.771 00171.546 00172.392 00173.676 00170.809 00173.268 00459.037 00267.630 00364.064 00170.780 00173.270 00171.824 00174.174 00174.773 00173.388 00174.066 00172.010 00174.454 00175.318 00172.402 00174.237 00175.257 00173.410 00174.608 00173.133 00174.630 00173.380 00172.177 00174.035 00175.657 00174.438 00173.142 00174.653 00353.063 00184.951 00370.395 00565.506 00174.802 00275.067 00321.145 00172.244 00170.517 00173.003 00170.755 00173.802 00172.321
00160.170 00161.633 00164.192 00164.705 00168.833 00168.857 00166.966 00166.813 00167.161 00166.790 00168.641 00167.413 00170.230 00170.910 00171.318 00170.347 00172.928 00170.378 00172.333 00170.310 00238.946 00170.886 00169.545 00171.613 00171.005 00170.963 00173.282 00174.789 00173.285 00174.166 00172.851 00174.493 00173.012 00173.482 00175.136 00173.436 00174.494 00175.605 00174.092 00175.484 00174.347 00173.224 00174.781 00172.877 00174.798 00173.295 00171.545 00405.953 00599.694 00654.432 00336.655 00679.495 00492.451 00351.447 00252.019 00172.500 00174.078 00171.795 00174.296 00171.252
00159.833 00160.241 00162.889 00163.058 00166.922 00166.991 00170.643 00166.775 00166.757 00166.656 00168.290 00167.035 00169.139 00168.038 00171.141 00170.597 00169.200 00170.521 00171.752 00171.267 00170.804 00171.316 00168.124 00167.576 00170.886 00170.289 00172.575 00174.275 00173.001 00174.640 00173.198 00174.335 00173.086 00173.921 00171.946 00173.737 00175.011 00173.105 00174.535 00173.252 00174.512 00173.407 00172.282 00173.649 00171.935 00173.512 00171.765 00170.203 00418.818 00196.340 00365.398 00317.765 00344.081 00674.845 00306.110 00173.720 00169.695 00172.486 00170.437 00172.661
00159.200 00161.342 00161.674 00161.853 00165.134 00165.143 00169.011 00166.785 00166.661 00166.620 00167.997 00166.675 00168.564 00167.155 00169.552 00167.182 00168.021 00168.649 00168.812 00169.124 00168.520 00168.279 00166.832 00168.415 00169.945 00169.880 00171.991 00173.814 00172.664 00174.342 00173.233 00175.073 00172.602 00174.114 00172.851 00174.080 00172.807 00173.604 00171.613 00173.280 00174.699 00173.587 00172.529 00174.266 00172.664 00174.222 00172.895 00171.522 00170.049 00172.842 00172.496 00598.030 00495.253 00690.948 00690.454 00171.044 00171.109 00172.860 00171.096 00173.868
00159.179 00159.793 00160.579 00162.943 00162.107 00163.728 00166.934 00170.342 00167.383 00166.476 00166.950 00166.398 00168.038 00166.769 00167.599 00167.639 00166.743 00169.405 00167.205 00168.105 00167.321 00168.312 00168.144 00169.556 00166.771 00169.951 00170.578 00173.457 00172.381 00174.005 00173.033 00171.915 00172.718 00174.951 00173.505 00174.847 00173.440 00174.796 00173.015 00174.273 00172.844 00174.549 00173.422 00172.273 00174.042 00172.607 00174.158 00170.932 00172.570 00170.455 00173.688 00418.681 00195.252 00690.968 00581.193 00167.582 00172.144 00173.076 00171.538 00169.954
00158.166 00159.618 00159.861 00161.536 00163.455 00165.506 00165.309 00168.356 00166.509 00168.183 00166.195 00166.098 00167.634 00166.119 00167.963 00166.729 00168.819 00167.735 00166.551 00167.346 00166.362 00167.319 00166.559 00167.313 00169.173 00169.616 00168.873 00171.691 00171.994 00170.992 00172.768 00171.812 00172.926 00170.555 00173.635 00172.270 00173.882 00172.501 00173.882 00172.113 00173.640 00172.297 00174.035 00173.114 00174.725 00173.513 00172.320 00171.957 00174.278 00172.541 00170.662 00235.622 00525.031 00326.913 00260.067 00168.111 00170.549 00172.746 00170.111 00171.846
00157.307 00158.586 00159.851 00160.469 00162.021 00164.168 00163.918 00166.777 00165.200 00168.209 00169.379 00167.407 00167.143 00165.827 00166.673 00166.001 00167.606 00166.691 00168.745 00166.671 00167.373 00166.449 00167.275 00166.652 00167.889 00166.316 00167.909 00167.852 00170.968 00170.471 00171.124 00172.306 00173.423 00171.647 00173.648 00172.453 00174.075 00172.813 00174.397 00172.756 00174.028 00172.729 00174.182 00173.290 00172.402 00173.867 00172.713 00173.679 00171.266 00173.412 00500.098 00628.010 00168.818 00265.992 00184.266 00167.089 00167.375 00171.579 00170.133 00171.562
00156.921 00157.460 00159.027 00160.727 00160.890 00162.858 00162.723 00165.113 00167.561 00166.581 00168.536 00171.241 00169.890 00168.184 00166.548 00167.117 00166.492 00167.392 00167.533 00166.114 00166.738 00167.365 00166.842 00168.142 00166.749 00166.384 00167.737 00166.984 00169.345 00170.133 00170.838 00172.257 00173.395 00171.913 00173.636 00172.328 00171.114 00172.834 00171.463 00173.229 00171.644 00172.692 00170.834 00173.413 00172.520 00171.608 00173.093 00171.997 00172.541 00170.136 00317.100 00327.043 00170.632 00168.581 00167.781 00167.792 00166.445 00168.346 00168.446 00168.770
00156.102 00157.329 00157.894 00159.529 00160.098 00161.706 00161.565 00163.821 00165.772 00165.266 00167.060 00169.713 00169.752 00168.398 00168.931 00167.067 00166.216 00166.818 00166.579 00168.233 00166.249 00166.818 00167.391 00167.040 00168.264 00166.370 00167.985 00166.834 00169.624 00168.096 00170.047 00171.165 00169.110 00171.824 00170.652 00172.563 00171.264 00173.208 00172.091 00173.722 00172.265 00173.143 00170.958 00173.583 00172.718 00171.779 00173.415 00172.354 00171.286 00171.684 00169.612 00171.278 00169.377 00167.211 00166.893 00167.028 00167.090 00167.636 00166.892 00167.549
00155.957 00156.581 00158.119 00158.550 00159.993 00160.873 00160.626 00162.645 00164.427 00163.985 00166.111 00168.484 00166.790 00168.595 00169.760 00169.255 00168.947 00166.430 00165.780 00167.176 00165.789 00166.448 00167.025 00166.020 00166.778 00167.138 00167.831 00166.684 00169.248 00167.608 00167.837 00166.666 00169.146 00171.299 00170.681 00171.619 00171.749 00173.368 00172.405 00171.421 00172.800 00171.455 00172.075 00170.377 00172.682 00171.612 00170.733 00172.620 00171.005 00171.895 00170.325 00169.208 00170.921 00167.496 00167.749 00167.918 00166.492 00167.033 00166.762 00167.789
00155.330 00155.808 00157.038 00157.663 00159.154 00159.493 00159.879 00161.445 00163.264 00162.940 00164.732 00164.058 00165.925 00167.453 00168.928 00170.712 00168.070 00169.560 00167.391 00169.632 00168.114 00167.035 00166.132 00167.664 00166.615 00167.548 00167.090 00166.577 00168.883 00167.184 00167.299 00169.475 00168.408 00167.221 00169.531 00171.221 00170.267 00169.933 00171.336 00170.798 00171.784 00171.255 00171.718 00171.270 00171.757 00171.402 00171.056 00171.618 00170.417 00169.299 00171.054 00169.732 00168.209 00166.650 00166.981 00167.236 00167.354 00167.434 00166.444 00167.545
00154.953 00155.632 00156.351 00156.857 00158.354 00158.685 00160.167 00160.584 00162.203 00161.586 00163.580 00163.278 00165.016 00166.580 00167.937 00166.248 00167.810 00169.654 00167.970 00170.973 00169.454 00171.341 00168.703 00170.524 00168.300 00169.482 00171.169 00166.434 00168.600 00167.801 00166.818 00168.774 00167.679 00166.558 00168.158 00169.860 00168.995 00168.825 00170.798 00170.127 00169.130 00171.199 00170.682 00171.218 00170.809 00171.114 00170.534 00170.322 00169.124 00168.687 00169.349 00166.893 00167.298 00167.880 00169.143 00166.575 00166.752 00166.882 00167.045 00166.370
00326.575 00155.333 00155.572 00156.789 00157.052 00157.863 00159.416 00159.451 00161.289 00160.768 00162.578 00161.999 00163.935 00165.458 00167.126 00164.882 00167.069 00168.834 00167.385 00165.873 00169.313 00168.272 00170.116 00168.001 00169.536 00170.870 00167.582 00170.515 00168.303 00167.396 00166.147 00167.364 00166.986 00169.100 00167.352 00168.712 00167.072 00166.890 00169.417 00167.014 00167.655 00168.297 00168.236 00170.107 00168.157 00169.806 00167.355 00168.456 00169.597 00167.253 00168.405 00169.598 00166.918 00167.571 00167.216 00168.350 00166.185 00166.353 00166.630 00167.052
00647.820 00341.135 00155.139 00156.027 00156.958 00157.217 00158.449 00158.628 00159.940 00160.092 00161.771 00161.241 00163.222 00164.502 00163.547 00164.604 00166.464 00165.111 00166.734 00165.359 00168.507 00167.593 00169.623 00167.532 00169.420 00167.766 00168.637 00169.871 00168.297 00168.056 00165.942 00166.681 00166.409 00168.274 00166.645 00167.788 00166.544 00168.503 00167.902 00166.688 00168.104 00167.541 00166.777 00168.194 00166.756 00167.889 00166.432 00167.568 00168.702 00169.835 00167.221 00167.638 00167.745 00167.183 00167.417 00166.696 00167.239 00167.197 00166.106 00166.401
00637.632 00491.291 00154.519 00155.440 00349.487 00168.825 00157.575 00157.700 00159.187 00159.166 00161.137 00160.867 00162.338 00161.864 00162.963 00163.650 00165.312 00164.564 00166.240 00165.024 00167.762 00166.825 00165.862 00167.687 00166.138 00167.342 00165.290 00168.099 00167.670 00169.789 00170.869 00166.856 00165.856 00167.550 00166.178 00167.209 00168.318 00167.548 00166.735 00168.406 00167.402 00166.447 00168.224 00166.729 00167.516 00166.651 00167.332 00166.937 00169.094 00167.799 00166.229 00166.679 00167.113 00167.536 00167.058 00167.257 00166.166 00166.554 00166.855 00167.078
-0001.000 00640.131 00168.310 00355.707 00340.775 00212.487 00503.735 00158.174 00158.320 00158.331 00159.845 00160.383 00161.354 00161.127 00162.280 00163.398 00162.377 00163.776 00165.081 00163.317 00163.442 00165.426 00166.448 00167.469 00166.078 00167.629 00166.169 00166.835 00166.188 00168.721 00171.374 00169.825 00168.013 00166.783 00165.716 00167.657 00167.593 00166.580 00165.943 00167.155 00166.394 00167.853 00166.565 00166.080 00166.805 00167.534 00166.671 00167.300 00167.359 00166.142 00168.050 00166.149 00166.554 00166.947 00167.335 00166.461 00166.942 00165.965 00166.233 00166.461
-0001.000 00640.017 00246.661 00647.437 00644.703 00649.996 00502.607 00156.931 00157.642 00158.801 00158.749 00159.397 00160.928 00160.176 00161.606 00162.703 00162.045 00163.302 00162.652 00163.457 00163.936 00164.955 00163.546 00164.501 00165.753 00164.626 00165.886 00164.390 00165.015 00167.300 00166.881 00169.456 00168.334 00170.261 00168.188 00166.456 00166.263 00165.858 00167.227 00166.418 00167.486 00166.571 00167.572 00166.783 00166.196 00166.865 00166.092 00166.692 00167.289 00167.039 00166.548 00168.342 00166.606 00167.548 00166.481 00165.822 00166.253 00166.655 00165.740 00165.998
-0001.000 -0001.000 00645.354 00642.843 00646.517 00644.469 00647.272 00442.810 00156.829 00157.972 00157.939 00158.658 00159.594 00159.480 00161.143 00161.930 00161.279 00162.585 00162.113 00163.088 00163.889 00162.055 00163.174 00164.211 00165.120 00164.285 00163.434 00164.105 00164.452 00166.186 00165.473 00168.070 00167.357 00170.129 00168.749 00170.021 00171.467 00167.468 00166.221 00165.775 00166.488 00166.044 00167.126 00165.993 00166.803 00166.268 00166.892 00166.124 00166.675 00166.236 00168.176 00166.297 00166.897 00166.289 00165.689 00166.338 00165.682 00166.093 00167.136 00171.273
