data/trial10/ashley.ros
NCOLS 382
NROWS 266
XLLCORNER 157819.328125
YLLCORNER 384678.625000
CELLSIZE 30.000000
NODATA_VALUE -1
[rows 68 to 101 of 266, columns 77 to 153 of 382]
-1.00 -1.00 -1.00 -1.00 -1.00 -1.00 -1.00 -1.00 -1.00 -1.00 -1.00 -1.00 -1.00 -1.00 -1.00 -1.00 -1.00 -1.00 -1.00 -1.00 -1.00 -1.00 -1.00 -1.00 -1.00 -1.00 -1.00 -1.00 -1.00 -1.00 -1.00 -1.00 -1.00 -1.00 -1.00 -1.00 -1.00 -1.00 -1.00 -1.00 -1.00 -1.00 -1.00 -1.00 -1.00 -1.00 -1.00 -1.00 -1.00 -1.00 -1.00 -1.00 -1.00 -1.00 -1.00 -1.00 -1.00 -1.00 -1.00 -1.00 -1.00 -1.00 -1.00 -1.00 -1.00 -1.00 -1.00 -1.00 -1.00 -1.00 -1.00 -1.00 -1.00 -1.00 -1.00 13.33 15.96
-1.00 -1.00 -1.00 -1.00 -1.00 -1.00 -1.00 -1.00 -1.00 -1.00 -1.00 -1.00 -1.00 -1.00 -1.00 -1.00 -1.00 -1.00 -1.00 -1.00 -1.00 -1.00 -1.00 -1.00 -1.00 -1.00 -1.00 -1.00 -1.00 -1.00 -1.00 -1.00 -1.00 -1.00 -1.00 -1.00 -1.00 -1.00 -1.00 -1.00 -1.00 -1.00 -1.00 -1.00 -1.00 -1.00 -1.00 -1.00 -1.00 -1.00 -1.00 -1.00 -1.00 -1.00 -1.00 -1.00 -1.00 -1.00 -1.00 -1.00 -1.00 -1.00 -1.00 -1.00 -1.00 -1.00 -1.00 -1.00 -1.00 -1.00 -1.00 -1.00 -1.00 -1.00 -1.00 09.68 13.65
-1.00 -1.00 -1.00 -1.00 -1.00 -1.00 -1.00 -1.00 -1.00 -1.00 -1.00 -1.00 -1.00 -1.00 -1.00 -1.00 -1.00 -1.00 -1.00 -1.00 -1.00 -1.00 -1.00 -1.00 -1.00 -1.00 -1.00 -1.00 -1.00 -1.00 -1.00 -1.00 -1.00 -1.00 -1.00 -1.00 -1.00 -1.00 -1.00 -1.00 -1.00 -1.00 -1.00 -1.00 -1.00 -1.00 -1.00 -1.00 -1.00 -1.00 -1.00 -1.00 -1.00 -1.00 -1.00 -1.00 -1.00 -1.00 -1.00 -1.00 -1.00 -1.00 -1.00 -1.00 -1.00 -1.00 -1.00 -1.00 -1.00 -1.00 -1.00 -1.00 -1.00 -1.00 -1.00 05.26 35.54
-1.00 -1.00 -1.00 -1.00 -1.00 -1.00 -1.00 -1.00 -1.00 -1.00 -1.00 -1.00 -1.00 -1.00 -1.00 -1.00 -1.00 -1.00 -1.00 -1.00 -1.00 -1.00 -1.00 -1.00 -1.00 -1.00 -1.00 -1.00 -1.00 -1.00 -1.00 -1.00 -1.00 -1.00 -1.00 -1.00 -1.00 -1.00 -1.00 -1.00 -1.00 -1.00 -1.00 -1.00 -1.00 -1.00 -1.00 -1.00 -1.00 -1.00 -1.00 -1.00 -1.00 -1.00 -1.00 -1.00 -1.00 -1.00 -1.00 -1.00 -1.00 -1.00 -1.00 -1.00 -1.00 -1.00 -1.00 -1.00 -1.00 -1.00 -1.00 -1.00 -1.00 -1.00 -1.00 -1.00 37.94
-1.00 -1.00 -1.00 -1.00 -1.00 -1.00 -1.00 -1.00 -1.00 -1.00 -1.00 -1.00 -1.00 -1.00 -1.00 -1.00 -1.00 -1.00 -1.00 -1.00 -1.00 -1.00 -1.00 -1.00 -1.00 -1.00 -1.00 -1.00 -1.00 -1.00 -1.00 -1.00 -1.00 -1.00 -1.00 -1.00 -1.00 -1.00 -1.00 -1.00 -1.00 -1.00 -1.00 -1.00 -1.00 -1.00 -1.00 -1.00 -1.00 -1.00 -1.00 -1.00 -1.00 -1.00 -1.00 -1.00 -1.00 -1.00 -1.00 -1.00 -1.00 -1.00 -1.00 -1.00 -1.00 -1.00 -1.00 -1.00 -1.00 -1.00 -1.00 -1.00 -1.00 -1.00 -1.00 -1.00 44.22
-1.00 -1.00 -1.00 -1.00 -1.00 -1.00 -1.00 -1.00 -1.00 -1.00 -1.00 -1.00 -1.00 -1.00 -1.00 -1.00 -1.00 -1.00 -1.00 -1.00 -1.00 -1.00 -1.00 -1.00 -1.00 -1.00 -1.00 -1.00 -1.00 -1.00 -1.00 -1.00 -1.00 -1.00 -1.00 -1.00 -1.00 -1.00 -1.00 -1.00 -1.00 -1.00 -1.00 -1.00 -1.00 -1.00 -1.00 -1.00 -1.00 -1.00 -1.00 -1.00 -1.00 -1.00 -1.00 -1.00 -1.00 -1.00 -1.00 -1.00 -1.00 -1.00 -1.00 -1.00 -1.00 -1.00 -1.00 -1.00 -1.00 -1.00 -1.00 -1.00 -1.00 -1.00 -1.00 -1.00 42.73
-1.00 -1.00 -1.00 -1.00 -1.00 -1.00 -1.00 -1.00 -1.00 -1.00 -1.00 -1.00 -1.00 -1.00 -1.00 -1.00 -1.00 -1.00 -1.00 -1.00 -1.00 -1.00 -1.00 -1.00 -1.00 -1.00 -1.00 -1.00 -1.00 -1.00 -1.00 -1.00 -1.00 -1.00 -1.00 -1.00 -1.00 -1.00 -1.00 -1.00 -1.00 -1.00 -1.00 -1.00 -1.00 -1.00 -1.00 -1.00 -1.00 -1.00 -1.00 -1.00 -1.00 -1.00 -1.00 -1.00 -1.00 -1.00 -1.00 -1.00 -1.00 -1.00 -1.00 -1.00 -1.00 -1.00 -1.00 -1.00 -1.00 -1.00 -1.00 -1.00 -1.00 -1.00 -1.00 -1.00 28.07
-1.00 -1.00 -1.00 -1.00 -1.00 -1.00 -1.00 -1.00 -1.00 -1.00 -1.00 -1.00 -1.00 -1.00 -1.00 -1.00 -1.00 -1.00 -1.00 -1.00 -1.00 -1.00 -1.00 -1.00 -1.00 -1.00 -1.00 -1.00 -1.00 -1.00 -1.00 -1.00 -1.00 -1.00 -1.00 -1.00 -1.00 -1.00 -1.00 -1.00 -1.00 -1.00 -1.00 -1.00 -1.00 -1.00 -1.00 -1.00 -1.00 -1.00 -1.00 -1.00 -1.00 -1.00 -1.00 -1.00 -1.00 -1.00 -1.00 -1.00 -1.00 -1.00 -1.00 -1.00 -1.00 -1.00 -1.00 -1.00 -1.00 -1.00 -1.00 -1.00 -1.00 -1.00 -1.00 -1.00 21.93
-1.00 -1.00 -1.00 -1.00 -1.00 -1.00 -1.00 -1.00 -1.00 -1.00 -1.00 -1.00 -1.00 -1.00 -1.00 -1.00 -1.00 -1.00 -1.00 -1.00 -1.00 -1.00 -1.00 -1.00 -1.00 -1.00 -1.00 -1.00 -1.00 -1.00 -1.00 -1.00 -1.00 -1.00 -1.00 -1.00 -1.00 -1.00 -1.00 -1.00 -1.00 -1.00 -1.00 -1.00 -1.00 -1.00 -1.00 -1.00 -1.00 -1.00 -1.00 -1.00 -1.00 -1.00 -1.00 -1.00 -1.00 -1.00 -1.00 -1.00 -1.00 -1.00 -1.00 -1.00 -1.00 -1.00 -1.00 -1.00 -1.00 -1.00 -1.00 -1.00 -1.00 -1.00 -1.00 -1.00 54.90
-1.00 -1.00 -1.00 -1.00 -1.00 -1.00 -1.00 -1.00 -1.00 -1.00 -1.00 -1.00 -1.00 -1.00 -1.00 -1.00 -1.00 -1.00 -1.00 -1.00 -1.00 10.60 04.69 -1.00 -1.00 -1.00 -1.00 -1.00 -1.00 -1.00 -1.00 -1.00 -1.00 -1.00 -1.00 -1.00 -1.00 -1.00 -1.00 -1.00 -1.00 -1.00 -1.00 -1.00 -1.00 -1.00 -1.00 -1.00 -1.00 -1.00 -1.00 -1.00 -1.00 -1.00 -1.00 -1.00 -1.00 -1.00 -1.00 -1.00 -1.00 -1.00 -1.00 -1.00 -1.00 -1.00 -1.00 -1.00 -1.00 -1.00 -1.00 -1.00 -1.00 -1.00 -1.00 -1.00 54.77
-1.00 -1.00 -1.00 -1.00 -1.00 -1.00 -1.00 -1.00 -1.00 -1.00 -1.00 -1.00 -1.00 -1.00 -1.00 01.52 00.60 09.78 05.37 08.65 10.32 09.81 06.22 10.17 04.83 07.40 07.54 07.92 03.43 -1.00 -1.00 -1.00 -1.00 -1.00 -1.00 -1.00 -1.00 -1.00 -1.00 -1.00 -1.00 -1.00 -1.00 -1.00 -1.00 -1.00 -1.00 -1.00 -1.00 -1.00 -1.00 -1.00 -1.00 -1.00 -1.00 -1.00 -1.00 -1.00 -1.00 -1.00 -1.00 -1.00 -1.00 -1.00 -1.00 -1.00 -1.00 -1.00 -1.00 -1.00 -1.00 -1.00 -1.00 -1.00 -1.00 -1.00 56.00
-1.00 -1.00 -1.00 -1.00 -1.00 -1.00 -1.00 -1.00 -1.00 -1.00 -1.00 -1.00 -1.00 -1.00 01.96 02.16 01.36 09.86 09.79 10.19 10.29 10.21 10.23 07.94 04.23 07.61 07.40 03.67 01.35 06.95 04.26 01.48 03.03 03.32 00.31 01.37 00.71 00.48 03.52 04.18 01.79 00.38 04.11 07.77 04.02 -1.00 -1.00 -1.00 01.35 -1.00 -1.00 -1.00 -1.00 -1.00 -1.00 -1.00 02.14 -1.00 -1.00 -1.00 -1.00 -1.00 -1.00 -1.00 -1.00 -1.00 -1.00 -1.00 -1.00 -1.00 -1.00 -1.00 -1.00 -1.00 -1.00 00.82 57.24
-1.00 -1.00 -1.00 -1.00 -1.00 -1.00 -1.00 -1.00 -1.00 -1.00 -1.00 -1.00 -1.00 01.92 02.03 02.00 09.96 09.98 10.18 10.28 10.68 10.83 10.61 08.48 08.16 08.03 07.62 07.42 05.97 06.85 07.59 06.40 02.32 01.83 00.55 01.48 05.57 05.93 03.04 03.81 02.62 05.07 04.96 06.47 02.48 02.77 03.32 02.76 28.77 04.52 02.26 06.46 22.37 36.52 32.57 43.74 39.92 -1.00 -1.00 22.78 00.21 -1.00 -1.00 -1.00 -1.00 71.19 43.33 -1.00 -1.00 -1.00 -1.00 -1.00 -1.00 -1.00 -1.00 13.84 41.19
-1.00 -1.00 -1.00 -1.00 -1.00 -1.00 -1.00 -1.00 -1.00 -1.00 -1.00 -1.00 02.00 02.03 02.10 02.03 10.12 10.17 10.28 10.92 11.02 10.93 10.52 08.75 08.55 08.12 08.02 08.08 07.42 06.80 07.31 07.72 02.21 01.66 01.18 01.49 05.55 05.22 02.54 03.66 03.61 04.50 04.85 05.19 04.54 09.05 05.79 17.66 19.99 07.78 05.72 06.93 28.71 32.43 34.69 38.65 20.29 33.72 37.13 26.87 40.65 47.68 56.04 61.89 66.99 70.25 52.29 28.08 -1.00 -1.00 81.10 81.78 82.57 84.97 -1.00 31.25 71.55
-1.00 -1.00 -1.00 -1.00 -1.00 -1.00 -1.00 -1.00 -1.00 -1.00 -1.00 02.08 02.22 02.22 01.99 04.87 10.27 10.36 10.43 11.26 11.35 11.27 09.11 09.15 09.05 08.58 08.77 08.58 06.89 06.75 07.08 04.76 02.15 01.20 01.44 01.63 05.82 05.36 02.32 03.21 03.47 04.13 04.66 09.94 19.50 12.20 09.67 22.77 08.97 06.92 07.00 06.52 28.49 29.37 31.97 39.44 23.68 31.23 34.06 35.92 38.39 46.34 54.41 62.26 67.57 70.23 69.03 70.00 78.51 85.89 87.92 88.17 90.56 93.10 102.49 99.94 98.18
-1.00 -1.00 -1.00 -1.00 -1.00 -1.00 -1.00 -1.00 -1.00 02.04 02.10 02.18 06.52 04.03 11.04 08.10 10.43 10.52 10.52 11.59 11.74 11.64 09.50 09.61 09.50 09.08 09.31 08.98 06.44 06.75 03.72 02.13 01.71 01.19 01.51 05.81 06.77 05.68 02.25 03.11 03.32 03.96 03.79 14.50 15.30 18.17 15.69 21.27 06.72 06.64 07.09 06.46 25.89 27.41 29.40 28.27 27.18 29.52 32.48 34.62 37.25 46.25 54.47 63.20 67.46 70.18 72.86 77.21 82.76 88.57 90.38 92.08 96.63 100.03 100.15 99.31 98.18
-1.00 -1.00 -1.00 -1.00 -1.00 -1.00 -1.00 -1.00 02.00 10.85 07.46 11.24 09.01 08.38 11.51 10.49 10.56 10.60 10.65 11.93 12.05 12.01 09.93 10.31 10.52 08.83 09.92 09.43 06.91 05.25 02.06 02.02 01.22 01.48 01.59 05.42 06.31 05.98 02.75 03.08 03.22 03.78 03.35 16.28 15.66 17.72 19.47 20.30 06.20 06.44 06.96 07.73 24.86 26.20 27.17 26.18 25.62 27.96 30.87 33.08 37.25 45.52 54.64 62.85 66.56 70.03 72.72 77.97 83.44 88.82 95.37 100.63 97.93 97.79 97.43 95.78 94.71
-1.00 -1.00 -1.00 -1.00 -1.00 -1.00 -1.00 -1.00 07.07 10.46 09.71 10.96 10.72 11.20 11.82 10.67 10.45 10.46 11.41 12.28 12.37 12.43 10.47 11.11 11.60 11.57 08.82 08.80 03.05 02.07 01.97 01.71 01.05 01.50 08.55 08.63 05.85 04.17 02.74 03.90 03.58 03.96 05.49 14.71 14.62 15.39 14.76 13.73 05.66 06.00 06.67 15.35 23.86 25.00 25.77 24.27 24.01 26.22 29.04 31.68 36.75 45.90 57.26 62.21 67.74 70.58 72.89 76.50 80.01 87.30 95.05 99.71 101.99 97.48 94.40 91.79 89.86
-1.00 -1.00 -1.00 -1.00 -1.00 -1.00 -1.00 02.04 11.18 10.19 09.32 10.72 11.28 11.59 12.05 10.82 10.35 10.48 11.97 12.56 12.71 12.86 11.16 11.88 12.85 13.60 12.61 02.25 02.04 02.05 01.92 01.66 01.17 01.57 08.12 07.65 05.46 02.54 03.34 03.82 04.62 05.33 07.87 12.47 12.23 09.23 07.30 06.91 05.11 05.59 05.87 23.24 22.89 23.84 24.33 23.46 22.29 24.33 27.90 30.34 34.63 46.85 55.72 62.12 69.43 70.03 71.55 73.99 77.68 83.23 88.97 95.30 97.41 93.76 90.82 88.13 85.84
-1.00 -1.00 -1.00 -1.00 -1.00 -1.00 -1.00 02.08 11.46 10.11 10.26 10.74 11.77 11.97 12.34 11.36 11.07 10.97 12.19 12.84 13.05 14.23 12.20 11.89 13.78 14.12 10.51 02.25 02.05 02.03 01.88 00.50 01.44 03.96 07.26 08.17 05.74 02.65 03.53 03.62 10.71 08.86 11.05 13.28 12.51 06.74 03.54 03.43 04.76 05.14 05.14 22.11 21.75 22.49 22.97 21.99 20.23 22.32 25.26 28.54 32.52 45.73 55.77 63.49 69.55 69.93 71.33 73.07 75.01 77.09 80.87 87.25 86.64 84.07 83.85 83.03 82.20
-1.00 -1.00 -1.00 -1.00 -1.00 -1.00 -1.00 02.13 11.83 10.10 10.39 10.86 11.23 12.95 12.94 12.10 11.85 12.20 12.33 12.26 13.76 15.64 15.26 12.29 14.83 10.42 08.14 02.26 02.07 02.02 01.84 00.80 01.43 05.51 05.85 06.12 03.99 02.80 03.37 03.42 14.98 14.25 15.63 17.03 19.05 19.94 03.93 03.42 04.58 04.91 04.94 15.91 20.72 20.90 21.06 20.10 18.26 19.98 22.77 26.27 30.40 45.16 55.95 64.62 69.11 69.32 70.83 72.35 73.27 74.23 75.90 77.91 77.59 77.28 77.53 78.04 78.79
-1.00 -1.00 -1.00 -1.00 -1.00 -1.00 -1.00 02.17 12.65 10.24 10.56 10.89 08.01 14.10 10.42 12.80 08.40 06.25 09.45 05.86 12.04 17.04 10.47 13.98 12.49 08.67 05.41 02.30 02.08 01.97 01.78 00.98 01.45 04.76 04.89 04.12 09.47 03.67 03.16 09.58 07.42 15.62 16.03 16.99 18.31 17.31 08.29 03.43 03.90 04.66 04.76 04.81 19.19 19.67 18.98 18.76 15.63 17.74 20.72 23.42 29.97 43.09 54.49 65.01 67.51 67.96 69.30 70.37 70.86 71.46 72.72 73.73 74.55 74.98 75.29 75.79 76.34
-1.00 -1.00 -1.00 -1.00 -1.00 -1.00 -1.00 02.20 13.54 10.59 11.26 11.43 06.75 14.75 14.55 03.88 06.74 03.40 08.16 03.73 09.10 07.14 09.06 04.63 13.99 05.07 02.64 02.35 02.09 01.91 01.53 01.00 01.55 03.99 04.57 05.65 10.88 11.27 04.74 13.39 10.48 14.96 15.82 16.62 17.83 16.07 12.18 03.37 03.48 04.61 04.63 04.81 15.05 18.54 18.94 18.77 17.65 08.19 13.84 20.47 23.07 34.91 56.38 62.53 62.61 63.16 64.09 64.64 64.95 66.08 68.19 69.29 70.22 70.96 71.73 72.73 73.74
-1.00 -1.00 -1.00 -1.00 -1.00 -1.00 -1.00 02.22 10.95 11.03 11.85 11.90 11.28 03.70 06.52 14.38 04.31 04.31 03.72 03.84 03.81 04.40 04.24 04.15 04.67 04.09 02.66 02.41 02.11 01.88 01.88 00.81 01.40 03.54 04.01 07.94 09.54 12.88 07.60 09.64 13.09 15.05 15.70 16.56 17.51 16.45 07.56 04.22 03.40 04.54 04.57 04.56 17.79 18.02 16.27 16.54 17.55 08.74 03.26 10.36 13.96 37.94 52.20 50.61 48.57 48.19 48.18 48.28 48.43 50.62 53.96 58.01 60.22 61.76 63.56 65.78 68.29
-1.00 -1.00 -1.00 -1.00 -1.00 -1.00 -1.00 -1.00 03.25 17.38 06.27 10.39 05.29 03.67 05.50 04.49 04.52 04.40 03.99 03.88 03.92 03.94 03.83 04.08 04.27 03.22 02.91 02.48 02.21 01.90 01.96 01.33 01.18 01.77 03.43 06.53 08.51 09.91 11.90 10.75 07.23 13.33 14.83 12.27 17.32 18.55 05.51 03.86 03.29 03.36 04.42 04.45 10.12 18.06 13.30 07.28 04.68 09.25 06.63 04.86 06.98 28.99 44.34 43.95 42.54 41.21 40.58 39.92 39.14 38.40 37.58 37.07 36.55 35.91 38.22 44.44 50.50
-1.00 -1.00 -1.00 -1.00 -1.00 -1.00 -1.00 -1.00 02.86 04.56 09.06 03.73 03.82 03.93 03.86 03.69 03.70 03.61 03.93 03.85 04.27 03.92 03.81 03.51 03.34 02.96 02.70 02.58 02.30 02.07 02.04 01.50 00.98 01.69 03.11 03.23 07.94 08.30 10.12 07.51 04.79 03.28 14.61 11.10 06.85 03.95 03.23 03.80 03.83 03.26 04.20 04.29 04.35 16.10 17.06 06.45 08.18 08.63 06.06 06.29 04.07 51.70 50.32 45.28 42.70 41.93 41.18 40.48 39.79 38.87 37.97 37.28 36.59 36.11 35.75 34.92 33.59
-1.00 -1.00 -1.00 -1.00 -1.00 -1.00 -1.00 -1.00 -1.00 04.90 05.34 05.97 05.82 05.67 05.49 05.10 03.45 03.23 03.11 03.06 04.17 04.35 04.27 03.09 02.90 02.98 02.73 03.49 02.40 02.32 01.88 02.06 00.83 01.16 01.86 02.91 03.04 06.64 04.45 02.78 02.29 02.29 03.39 03.60 03.91 04.50 03.29 03.76 03.85 03.89 03.55 04.85 04.78 09.47 11.55 07.07 07.66 07.90 05.56 05.81 04.81 09.29 51.33 46.44 44.67 43.16 42.31 41.48 40.64 39.92 38.91 37.88 37.22 36.50 35.97 35.55 33.77
-1.00 -1.00 -1.00 -1.00 -1.00 -1.00 -1.00 -1.00 -1.00 -1.00 05.30 05.88 05.78 05.67 05.55 05.42 04.99 04.53 03.86 02.99 03.05 03.93 04.14 03.04 02.72 02.74 02.54 04.45 02.96 02.97 01.90 02.15 01.54 00.99 01.43 02.35 02.68 02.67 02.67 02.68 02.69 02.48 02.26 02.36 02.48 03.06 03.91 04.53 04.55 03.91 03.82 05.09 06.30 05.32 07.52 06.91 07.44 05.17 05.37 05.53 09.76 12.82 46.08 48.41 46.69 45.66 44.65 43.49 42.29 41.07 39.82 38.59 37.46 36.93 36.39 35.83 35.12
-1.00 -1.00 -1.00 -1.00 -1.00 -1.00 -1.00 -1.00 -1.00 -1.00 -1.00 -1.00 -1.00 -1.00 05.35 04.82 04.64 04.63 04.11 04.02 02.96 02.82 02.69 02.80 02.63 02.81 02.60 03.90 03.90 03.82 02.52 02.29 03.19 01.48 00.99 02.03 02.35 02.46 02.56 02.63 02.26 02.97 02.65 02.67 02.39 03.81 03.94 04.66 04.64 05.23 04.03 05.39 05.95 06.31 06.57 06.76 07.06 04.94 05.12 10.41 09.91 32.18 57.48 53.77 50.99 48.44 46.91 45.36 43.77 42.14 40.50 39.61 38.75 37.87 36.87 36.03 35.44
-1.00 -1.00 -1.00 -1.00 -1.00 -1.00 -1.00 -1.00 -1.00 -1.00 -1.00 -1.00 -1.00 -1.00 -1.00 -1.00 -1.00 -1.00 -1.00 03.74 03.96 02.33 02.50 02.61 02.65 02.86 02.88 04.31 03.80 04.07 03.81 02.79 04.18 02.19 01.52 00.97 01.16 01.22 01.26 01.25 01.22 02.02 04.15 04.76 02.63 03.71 03.87 04.63 04.75 04.92 04.08 05.56 05.61 05.94 06.65 06.70 06.61 04.71 04.83 10.75 09.72 38.96 57.03 56.26 54.28 52.42 50.63 48.63 46.33 43.89 42.29 40.95 39.68 38.53 37.49 36.50 35.53
-1.00 -1.00 -1.00 -1.00 -1.00 -1.00 -1.00 -1.00 -1.00 -1.00 -1.00 -1.00 -1.00 -1.00 -1.00 -1.00 -1.00 -1.00 -1.00 -1.00 03.33 02.34 02.57 02.59 02.76 02.92 02.78 03.81 03.19 04.17 03.35 03.31 03.05 04.76 02.36 01.57 01.42 00.54 00.83 00.83 00.96 01.56 04.18 04.44 02.61 03.66 03.82 04.56 04.76 04.61 04.76 05.68 05.66 05.56 06.27 06.73 06.01 04.55 04.60 11.00 20.00 66.05 61.91 59.18 57.29 55.63 53.94 52.27 50.62 47.89 44.83 42.53 41.22 39.83 38.41 37.05 35.95
-1.00 -1.00 -1.00 -1.00 -1.00 -1.00 -1.00 -1.00 -1.00 -1.00 -1.00 -1.00 -1.00 -1.00 -1.00 -1.00 -1.00 -1.00 -1.00 -1.00 02.63 02.35 02.64 02.60 02.78 02.98 03.00 02.99 02.81 04.40 03.04 02.61 02.72 02.12 03.62 02.71 02.81 02.89 02.74 01.51 00.98 01.57 04.07 04.20 02.58 03.61 03.87 04.52 04.63 04.58 04.89 06.52 05.73 05.04 05.85 06.29 04.61 04.36 07.73 11.08 24.32 51.10 66.03 62.06 60.06 58.54 57.08 55.48 53.61 51.64 49.54 46.11 42.76 41.23 39.71 38.23 36.83
-1.00 -1.00 -1.00 -1.00 -1.00 -1.00 -1.00 -1.00 -1.00 -1.00 -1.00 -1.00 -1.00 -1.00 -1.00 -1.00 -1.00 -1.00 -1.00 -1.00 02.70 02.36 02.62 02.84 02.66 02.97 03.22 03.18 03.25 03.05 03.29 02.77 02.85 02.86 02.17 02.18 02.50 03.05 02.58 01.54 00.98 01.57 03.96 04.09 02.54 03.57 04.06 04.40 04.23 04.51 05.98 06.38 06.22 06.66 05.48 05.69 04.21 04.16 11.24 11.10 10.04 60.83 71.00 66.25 63.50 61.40 59.83 58.52 57.30 55.67 53.01 49.79 46.84 44.57 42.29 40.11 38.25
-1.00 -1.00 -1.00 -1.00 -1.00 -1.00 -1.00 -1.00 -1.00 -1.00 -1.00 -1.00 -1.00 -1.00 -1.00 -1.00 -1.00 -1.00 -1.00 -1.00 02.83 03.09 02.49 02.96 02.72 02.82 03.37 03.47 03.41 03.50 03.27 03.26 03.26 02.98 02.97 02.96 02.43 02.08 01.98 01.58 00.97 01.55 03.83 03.96 02.50 03.53 04.12 04.29 04.00 04.30 06.06 06.28 06.51 06.90 06.50 05.16 03.68 03.73 11.26 11.11 20.92 94.52 85.13 76.34 69.29 64.12 62.41 62.18 60.55 59.21 57.86 55.56 51.92 48.12 45.29 42.78 40.31
