data/trial10/ashley.fli
NCOLS 382
NROWS 266
XLLCORNER 157819.328125
YLLCORNER 384678.625000
CELLSIZE 30.000000
NODATA_VALUE -1
[rows 208 to 233 of 266, columns 300 to 359 of 382]
00077.691 00077.773 00077.054 00077.620 00077.632 00076.935 00077.715 00077.667 00077.054 00076.276 00075.784 00075.503 00079.581 00083.412 00085.001 00084.664 00085.731 00086.007 00085.220 00085.382 00085.217 00084.432 00083.821 00083.716 00084.095 00084.133 00084.000 00083.674 00083.336 00083.007 00087.752 00092.258 00093.432 00092.941 00090.533 00092.326 00093.067 00089.618 00085.690 00082.160 00083.726 00087.853 00088.398 00081.283 00078.312 00081.207 00081.370 00081.100 -0001.000 -0001.000 -0001.000 -0001.000 -0001.000 -0001.000 -0001.000 -0001.000 -0001.000 -0001.000 -0001.000 -0001.000
00076.539 00075.958 00076.597 00077.115 00076.685 00076.963 00077.540 00077.205 00076.549 00076.117 00075.802 00077.170 00081.487 00083.619 00083.872 00084.148 00084.778 00084.443 00083.645 00083.803 00083.612 00083.226 00082.976 00083.198 00083.353 00083.411 00083.238 00082.769 00082.426 00080.370 00089.923 00093.345 00094.221 00093.053 00091.221 00091.047 00091.871 00090.600 00087.198 00084.760 00083.853 00085.863 00086.985 00083.617 00081.529 00079.509 00079.240 00079.322 -0001.000 -0001.000 -0001.000 -0001.000 -0001.000 -0001.000 -0001.000 -0001.000 -0001.000 -0001.000 -0001.000 -0001.000
00073.766 00073.698 00075.081 00076.144 00076.171 00076.479 00076.747 00076.598 00076.187 00075.924 00075.727 00080.077 00082.099 00082.943 00083.117 00083.579 00082.942 00082.076 00081.417 00081.442 00081.517 00081.774 00082.118 00082.226 00082.360 00082.392 00082.016 00081.649 00081.194 00083.846 00091.527 00094.223 00094.651 00093.176 00091.660 00091.055 00091.688 00091.663 00088.318 00085.706 00084.849 00085.981 00086.010 00085.319 00083.632 00080.701 00078.668 00077.621 -0001.000 -0001.000 -0001.000 -0001.000 -0001.000 -0001.000 -0001.000 -0001.000 -0001.000 -0001.000 -0001.000 -0001.000
00075.081 00072.646 00073.353 00074.384 00075.143 00075.738 00076.030 00075.894 00075.808 00075.689 00078.324 00080.745 00081.682 00082.034 00082.321 00082.399 00081.680 00081.094 00079.958 00080.194 00080.153 00080.647 00080.771 00080.709 00080.881 00080.855 00080.587 00080.196 00080.223 00088.217 00093.737 00095.121 00095.354 00093.066 00092.158 00091.496 00091.633 00091.130 00088.555 00086.554 00086.206 00086.558 00086.068 00085.881 00085.281 00082.177 00079.897 00078.438 -0001.000 -0001.000 -0001.000 -0001.000 -0001.000 -0001.000 -0001.000 -0001.000 -0001.000 -0001.000 -0001.000 -0001.000
00077.392 00072.879 00072.527 00073.017 00073.807 00074.812 00075.396 00075.283 00075.261 00076.507 00078.862 00080.182 00080.643 00080.828 00080.830 00080.715 00080.352 00079.752 00079.672 00079.390 00078.863 00079.335 00079.650 00079.684 00079.583 00079.447 00079.294 00079.303 00082.497 00091.838 00095.031 00095.675 00095.357 00093.730 00093.328 00092.591 00091.128 00090.334 00088.872 00087.353 00086.938 00086.778 00086.009 00085.302 00084.220 00080.863 00079.947 00075.986 -0001.000 -0001.000 -0001.000 -0001.000 -0001.000 -0001.000 -0001.000 -0001.000 -0001.000 -0001.000 -0001.000 -0001.000
00077.182 00076.048 00074.663 00072.398 00072.103 00072.991 00074.020 00074.739 00075.028 00076.301 00077.216 00077.806 00078.343 00078.987 00079.375 00079.329 00079.145 00078.705 00079.070 00078.288 00078.403 00078.694 00078.813 00078.726 00078.572 00078.451 00078.485 00078.482 00089.491 00093.881 00095.445 00095.998 00095.862 00094.539 00094.579 00092.827 00090.071 00089.413 00088.891 00088.048 00086.774 00086.198 00085.616 00084.299 00083.184 00073.537 00066.444 -0001.000 -0001.000 -0001.000 -0001.000 -0001.000 -0001.000 -0001.000 -0001.000 -0001.000 -0001.000 -0001.000 -0001.000 -0001.000
00078.009 00076.233 00074.965 00074.651 00072.426 00071.744 00072.825 00072.844 00073.306 00074.367 00074.784 00075.231 00076.405 00077.660 00078.430 00078.358 00078.010 00078.084 00077.939 00077.945 00077.887 00077.862 00077.746 00077.652 00077.560 00077.629 00077.703 00082.528 00091.498 00094.620 00095.952 00096.361 00096.003 00095.101 00095.752 00093.783 00089.703 00089.062 00089.277 00088.408 00086.592 00085.661 00084.764 00082.616 00074.487 -0001.000 -0001.000 -0001.000 -0001.000 -0001.000 -0001.000 -0001.000 -0001.000 -0001.000 -0001.000 -0001.000 -0001.000 -0001.000 -0001.000 -0001.000
00077.410 00075.934 00075.129 00074.678 00074.893 00076.175 00066.713 00067.416 00068.561 00069.715 00070.951 00072.785 00073.256 00074.457 00075.351 00075.893 00076.594 00077.191 00076.988 00076.869 00076.908 00076.697 00076.674 00076.684 00076.618 00076.718 00077.060 00089.034 00093.511 00095.004 00096.115 00096.533 00096.005 00095.985 00096.154 00093.631 00090.003 00089.467 00089.452 00088.437 00087.142 00082.769 00076.606 00078.448 00052.623 -0001.000 -0001.000 -0001.000 -0001.000 -0001.000 -0001.000 -0001.000 -0001.000 -0001.000 -0001.000 -0001.000 -0001.000 -0001.000 -0001.000 -0001.000
00076.941 00075.325 00074.943 00074.661 00074.729 00078.488 00079.618 00079.676 00063.864 00063.928 00064.440 00066.878 00068.494 00070.037 00071.495 00072.589 00073.299 00073.925 00074.334 00074.949 00075.374 00075.459 00075.420 00075.388 00074.859 00074.897 00086.336 00092.227 00094.352 00095.224 00095.676 00096.058 00096.118 00096.542 00096.443 00091.870 00090.462 00089.499 00089.427 00083.503 00077.785 00066.597 00046.354 -0001.000 -0001.000 -0001.000 -0001.000 -0001.000 -0001.000 -0001.000 -0001.000 -0001.000 -0001.000 -0001.000 -0001.000 -0001.000 -0001.000 -0001.000 -0001.000 -0001.000
00075.329 00074.934 00074.694 00074.436 00077.128 00079.992 00080.461 00080.269 00080.027 00080.321 00071.539 00070.218 00067.670 00065.051 00066.608 00068.033 00069.199 00070.386 00071.129 00071.706 00072.414 00072.961 00073.277 00071.973 00072.350 00083.217 00090.706 00093.858 00095.015 00095.419 00095.472 00096.084 00095.538 00095.977 00094.904 00092.518 00087.100 00078.422 00083.013 00047.215 00042.738 -0001.000 -0001.000 -0001.000 -0001.000 -0001.000 -0001.000 -0001.000 -0001.000 -0001.000 -0001.000 -0001.000 -0001.000 -0001.000 -0001.000 -0001.000 -0001.000 -0001.000 -0001.000 -0001.000
00074.979 00074.796 00074.497 00075.549 00078.165 00079.252 00079.734 00079.915 00080.110 00078.308 00077.202 00075.784 00073.941 00071.599 00067.992 00063.860 00064.494 00065.822 00067.018 00068.384 00069.636 00070.074 00070.004 00069.475 00079.113 00089.411 00093.414 00094.902 00095.339 00095.276 00095.324 00095.076 00094.266 00094.295 00087.050 00079.070 00065.816 00049.592 00043.639 00057.324 -0001.000 -0001.000 -0001.000 -0001.000 -0001.000 -0001.000 -0001.000 -0001.000 -0001.000 -0001.000 -0001.000 -0001.000 -0001.000 -0001.000 -0001.000 -0001.000 -0001.000 -0001.000 -0001.000 -0001.000
00074.664 00074.627 00074.900 00076.480 00077.366 00077.626 00077.796 00078.171 00078.289 00078.332 00078.715 00078.282 00078.065 00076.396 00074.698 00072.969 00070.070 00064.657 00063.015 00064.315 00064.978 00066.106 00066.274 00073.730 00086.524 00091.842 00092.818 00095.435 00094.824 00094.430 00094.632 00093.737 00091.688 00090.868 00046.458 00047.493 00050.178 00052.494 -0001.000 -0001.000 -0001.000 -0001.000 -0001.000 -0001.000 -0001.000 -0001.000 -0001.000 -0001.000 -0001.000 -0001.000 -0001.000 -0001.000 -0001.000 -0001.000 -0001.000 -0001.000 -0001.000 -0001.000 -0001.000 -0001.000
00074.160 00074.365 00075.209 00075.832 00076.149 00076.275 00076.600 00076.535 00076.337 00076.347 00076.352 00076.322 00076.410 00076.544 00076.714 00077.004 00076.365 00074.382 00072.028 00067.484 00060.888 00061.579 00076.947 00085.149 00089.786 00092.523 00026.134 00058.046 00092.681 00091.700 00092.375 00090.428 00083.943 00053.252 00052.065 -0001.000 -0001.000 -0001.000 -0001.000 -0001.000 -0001.000 -0001.000 -0001.000 -0001.000 -0001.000 -0001.000 -0001.000 -0001.000 -0001.000 -0001.000 -0001.000 -0001.000 -0001.000 -0001.000 -0001.000 -0001.000 -0001.000 -0001.000 -0001.000 -0001.000
00073.590 00073.943 00074.203 00074.374 00074.707 00075.033 00075.036 00074.766 00074.641 00074.930 00074.815 00074.580 00074.666 00074.772 00074.816 00074.786 00074.870 00074.818 00073.887 00074.120 00076.640 00083.471 00086.002 00089.060 00075.246 -0001.000 00021.852 00068.051 00079.083 00088.327 00007.368 00026.602 00057.834 00057.784 -0001.000 -0001.000 -0001.000 -0001.000 -0001.000 -0001.000 -0001.000 -0001.000 -0001.000 -0001.000 -0001.000 -0001.000 -0001.000 -0001.000 -0001.000 -0001.000 -0001.000 -0001.000 -0001.000 -0001.000 -0001.000 -0001.000 -0001.000 -0001.000 -0001.000 -0001.000
00071.786 00072.122 00072.391 00072.987 00073.254 00073.309 00073.147 00073.002 00073.375 00073.724 00073.293 00073.173 00073.207 00073.011 00072.853 00072.799 00072.645 00072.400 00072.023 00072.030 00087.339 00093.310 00095.376 00074.027 -0001.000 -0001.000 -0001.000 -0001.000 -0001.000 -0001.000 -0001.000 -0001.000 -0001.000 00067.791 -0001.000 -0001.000 -0001.000 -0001.000 -0001.000 -0001.000 -0001.000 -0001.000 -0001.000 -0001.000 -0001.000 -0001.000 -0001.000 -0001.000 -0001.000 -0001.000 -0001.000 -0001.000 -0001.000 -0001.000 -0001.000 -0001.000 -0001.000 -0001.000 -0001.000 -0001.000
00069.793 00070.166 00070.546 00070.897 00071.181 00071.278 00071.333 00071.550 00072.007 00071.843 00071.791 00071.803 00071.639 00071.552 00071.547 00071.511 00070.932 00070.497 00070.564 00083.372 00090.727 00093.818 00091.198 00030.103 -0001.000 -0001.000 -0001.000 -0001.000 -0001.000 -0001.000 -0001.000 -0001.000 -0001.000 -0001.000 -0001.000 -0001.000 -0001.000 -0001.000 -0001.000 -0001.000 -0001.000 -0001.000 -0001.000 -0001.000 -0001.000 -0001.000 -0001.000 -0001.000 -0001.000 -0001.000 -0001.000 -0001.000 -0001.000 -0001.000 -0001.000 -0001.000 -0001.000 -0001.000 -0001.000 -0001.000
00068.154 00068.234 00068.464 00068.792 00068.997 00069.141 00069.502 00070.219 00070.191 00070.426 00070.554 00070.509 00070.230 00070.259 00070.324 00069.679 00069.623 00069.772 00081.434 00088.911 00091.786 00092.183 00066.119 -0001.000 -0001.000 -0001.000 -0001.000 -0001.000 -0001.000 -0001.000 -0001.000 -0001.000 -0001.000 -0001.000 -0001.000 -0001.000 -0001.000 -0001.000 -0001.000 -0001.000 -0001.000 -0001.000 -0001.000 -0001.000 -0001.000 -0001.000 -0001.000 -0001.000 -0001.000 -0001.000 -0001.000 -0001.000 -0001.000 -0001.000 -0001.000 -0001.000 -0001.000 -0001.000 -0001.000 -0001.000
00068.116 00067.450 00067.008 00067.025 00066.938 00066.874 00067.203 00067.600 00068.432 00068.790 00069.080 00068.735 00068.955 00069.017 00068.882 00068.418 00068.650 00080.248 00088.406 00091.856 00092.797 00092.722 -0001.000 -0001.000 -0001.000 -0001.000 -0001.000 -0001.000 -0001.000 -0001.000 -0001.000 -0001.000 -0001.000 -0001.000 -0001.000 -0001.000 -0001.000 -0001.000 -0001.000 -0001.000 -0001.000 -0001.000 -0001.000 -0001.000 -0001.000 -0001.000 -0001.000 -0001.000 -0001.000 -0001.000 -0001.000 -0001.000 -0001.000 -0001.000 -0001.000 -0001.000 -0001.000 -0001.000 -0001.000 -0001.000
00068.861 00068.165 00067.376 00066.545 00065.780 00065.269 00064.572 00064.595 00065.435 00066.177 00066.382 00066.921 00067.158 00067.536 00067.158 00067.418 00079.651 00087.845 00091.633 00093.473 00093.854 00093.723 -0001.000 -0001.000 -0001.000 -0001.000 -0001.000 -0001.000 -0001.000 -0001.000 -0001.000 -0001.000 -0001.000 -0001.000 -0001.000 -0001.000 -0001.000 -0001.000 -0001.000 -0001.000 -0001.000 -0001.000 -0001.000 -0001.000 -0001.000 -0001.000 -0001.000 -0001.000 -0001.000 -0001.000 -0001.000 -0001.000 -0001.000 -0001.000 -0001.000 -0001.000 -0001.000 -0001.000 -0001.000 -0001.000
00067.850 00067.946 00068.029 00067.399 00066.724 00065.967 00064.678 00063.935 00063.248 00062.803 00063.631 00064.247 00064.792 00065.493 00065.325 00080.338 00087.333 00091.100 00092.944 00093.949 00094.475 00076.734 00030.441 -0001.000 -0001.000 -0001.000 -0001.000 -0001.000 -0001.000 -0001.000 -0001.000 -0001.000 -0001.000 -0001.000 -0001.000 -0001.000 -0001.000 -0001.000 -0001.000 -0001.000 -0001.000 -0001.000 -0001.000 -0001.000 -0001.000 -0001.000 -0001.000 -0001.000 -0001.000 -0001.000 -0001.000 -0001.000 -0001.000 -0001.000 -0001.000 -0001.000 -0001.000 -0001.000 -0001.000 -0001.000
00066.462 00066.533 00066.689 00066.853 00066.993 00066.824 00065.820 00064.783 00063.948 00063.071 00062.294 00061.477 00061.755 00065.925 00081.918 00087.703 00090.812 00092.439 00093.344 00093.993 00094.209 00094.128 00081.137 -0001.000 -0001.000 -0001.000 -0001.000 -0001.000 -0001.000 -0001.000 -0001.000 -0001.000 -0001.000 -0001.000 -0001.000 -0001.000 -0001.000 -0001.000 -0001.000 -0001.000 -0001.000 -0001.000 -0001.000 -0001.000 -0001.000 -0001.000 -0001.000 -0001.000 -0001.000 -0001.000 -0001.000 -0001.000 -0001.000 -0001.000 -0001.000 -0001.000 -0001.000 -0001.000 -0001.000 -0001.000
00065.003 00065.213 00065.411 00065.624 00065.714 00065.481 00065.592 00065.749 00065.387 00064.553 00063.577 00062.759 00073.390 00081.249 00087.167 00090.060 00092.006 00092.637 00093.343 00093.821 00093.820 00093.672 00092.436 -0001.000 -0001.000 -0001.000 -0001.000 -0001.000 -0001.000 -0001.000 -0001.000 -0001.000 -0001.000 -0001.000 -0001.000 -0001.000 -0001.000 -0001.000 -0001.000 -0001.000 -0001.000 -0001.000 -0001.000 -0001.000 -0001.000 -0001.000 -0001.000 -0001.000 -0001.000 -0001.000 -0001.000 -0001.000 -0001.000 -0001.000 -0001.000 -0001.000 -0001.000 -0001.000 -0001.000 -0001.000
00063.687 00063.906 00064.247 00064.449 00064.219 00064.108 00064.537 00064.748 00064.847 00065.035 00065.143 00079.976 00085.737 00088.121 00088.703 00090.264 00091.464 00092.093 00092.617 00093.162 00093.468 00092.717 00028.901 00033.804 -0001.000 -0001.000 -0001.000 -0001.000 -0001.000 -0001.000 -0001.000 -0001.000 -0001.000 -0001.000 -0001.000 -0001.000 -0001.000 -0001.000 -0001.000 -0001.000 -0001.000 -0001.000 -0001.000 -0001.000 -0001.000 -0001.000 -0001.000 -0001.000 -0001.000 -0001.000 -0001.000 -0001.000 -0001.000 -0001.000 -0001.000 -0001.000 -0001.000 -0001.000 -0001.000 -0001.000
00062.309 00062.585 00062.585 00062.262 00062.373 00062.552 00062.819 00063.164 00063.820 00069.105 00083.083 00088.243 00090.621 00091.156 00090.743 00090.536 00091.070 00091.465 00091.954 00092.530 00092.549 00092.857 00059.493 00075.000 -0001.000 -0001.000 -0001.000 -0001.000 -0001.000 -0001.000 -0001.000 -0001.000 -0001.000 -0001.000 -0001.000 -0001.000 -0001.000 -0001.000 -0001.000 -0001.000 -0001.000 -0001.000 -0001.000 -0001.000 -0001.000 -0001.000 -0001.000 -0001.000 -0001.000 -0001.000 -0001.000 -0001.000 -0001.000 -0001.000 -0001.000 -0001.000 -0001.000 -0001.000 -0001.000 -0001.000
00060.543 00060.825 00061.143 00061.279 00061.325 00061.373 00061.558 00061.901 00071.760 00083.862 00089.857 00091.559 00093.083 00093.450 00092.666 00092.087 00091.093 00090.665 00091.121 00091.709 00092.037 00092.477 00093.253 00086.952 -0001.000 -0001.000 -0001.000 -0001.000 -0001.000 -0001.000 -0001.000 -0001.000 -0001.000 -0001.000 -0001.000 -0001.000 -0001.000 -0001.000 -0001.000 -0001.000 -0001.000 -0001.000 -0001.000 -0001.000 -0001.000 -0001.000 -0001.000 -0001.000 -0001.000 -0001.000 -0001.000 -0001.000 -0001.000 -0001.000 -0001.000 -0001.000 -0001.000 -0001.000 -0001.000 -0001.000
00058.874 00059.283 00059.592 00059.765 00060.078 00060.342 00063.447 00078.061 00084.190 00089.047 00091.426 00092.791 00093.656 00094.016 00093.910 00093.181 00092.225 00090.338 00089.937 00090.672 00091.135 00091.492 00091.563 00091.320 -0001.000 -0001.000 -0001.000 -0001.000 -0001.000 -0001.000 -0001.000 -0001.000 -0001.000 -0001.000 -0001.000 -0001.000 -0001.000 -0001.000 -0001.000 -0001.000 -0001.000 -0001.000 -0001.000 -0001.000 -0001.000 -0001.000 -0001.000 -0001.000 -0001.000 -0001.000 -0001.000 -0001.000 -0001.000 -0001.000 -0001.000 -0001.000 -0001.000 -0001.000 -0001.000 -0001.000
