data/trial10/ashley.fli
NCOLS 382
NROWS 266
XLLCORNER 157819.328125
YLLCORNER 384678.625000
CELLSIZE 30.000000
NODATA_VALUE -1
[rows 130 to 155 of 266, columns 120 to 179 of 382]
00016.939 00015.083 00012.263 00004.199 00008.279 00014.223 00022.453 00016.312 00023.051 00023.962 00028.879 00028.947 00026.898 00035.387 00035.341 00035.846 00032.222 00029.362 00030.872 00032.448 00033.562 00034.440 00035.130 00035.963 00036.891 00038.320 00039.492 00041.043 00049.786 00051.081 00049.065 00045.534 00047.788 00050.302 00054.396 00058.643 00062.826 00072.578 00085.290 00098.725 00113.067 00128.470 00046.410 00032.772 00024.719 00029.594 00035.127 00058.295 00092.722 00103.914 00114.158 00116.546 00118.795 00116.634 00080.732 00070.615 00027.220 00051.120 00051.735 00052.934
00017.051 00014.619 00016.211 00010.930 00005.014 00011.943 00021.061 00022.165 00016.786 00023.430 00028.585 00030.392 00026.947 00035.903 00035.712 00035.106 00027.504 00029.069 00030.282 00031.775 00032.856 00033.726 00034.391 00034.975 00035.363 00037.582 00043.040 00046.467 00048.591 00049.497 00046.364 00043.981 00046.359 00048.993 00052.853 00057.363 00061.511 00071.534 00085.554 00099.749 00116.582 00119.087 00043.331 00041.285 00101.147 00023.178 00029.527 00056.296 00088.091 00088.977 00090.049 00091.889 00105.281 00110.001 00089.950 00061.368 00025.719 00048.513 00048.653 00049.831
00007.311 00017.455 00014.575 00015.435 00001.665 00007.626 00015.071 00021.222 00016.130 00022.925 00018.555 00014.362 00025.638 00031.516 00036.045 00034.379 00028.923 00029.240 00030.393 00031.329 00032.356 00033.123 00033.537 00033.722 00034.231 00037.533 00041.427 00044.583 00046.814 00048.994 00042.839 00042.907 00045.138 00048.249 00051.314 00055.826 00060.128 00069.960 00085.561 00101.489 00118.466 00104.866 00044.279 00048.273 00056.660 00023.744 00027.364 00060.655 00077.564 00072.332 00062.702 00052.963 00075.574 00093.977 00079.165 00059.041 00024.279 00045.531 00045.215 00047.051
-0001.000 -0001.000 00003.309 00015.197 00005.123 00004.828 00007.430 00002.881 00015.253 00016.493 00018.988 00002.357 00023.761 00020.779 00036.933 00033.935 00028.278 00028.868 00029.779 00030.771 00031.533 00031.972 00032.561 00032.103 00030.770 00032.325 00040.017 00042.633 00044.253 00047.473 00040.527 00042.189 00043.375 00046.954 00049.605 00053.917 00058.315 00068.102 00085.364 00101.762 00113.115 00082.796 00049.375 00054.291 00058.161 00061.123 00030.752 00121.588 00103.978 00085.336 00069.083 00061.143 00045.871 00067.294 00071.171 00064.526 00071.800 00023.049 00041.485 00043.732
-0001.000 -0001.000 -0001.000 -0001.000 -0001.000 -0001.000 -0001.000 -0001.000 -0001.000 -0001.000 -0001.000 -0001.000 -0001.000 -0001.000 00001.886 00032.359 00029.714 00027.583 00028.145 00030.271 00031.358 00032.002 00032.453 00028.078 00034.128 00035.417 00036.964 00038.944 00041.533 00044.820 00038.678 00040.896 00041.564 00044.511 00047.300 00051.806 00056.491 00069.619 00084.112 00098.978 00095.207 00070.560 00054.097 00057.303 00058.387 00058.064 00040.072 00080.680 00079.859 00101.011 00090.874 00077.948 00064.808 00040.293 00061.843 00075.096 00080.040 00084.478 00022.060 00036.999
-0001.000 -0001.000 -0001.000 -0001.000 -0001.000 -0001.000 -0001.000 -0001.000 -0001.000 -0001.000 -0001.000 -0001.000 -0001.000 -0001.000 -0001.000 00029.587 00026.620 00027.233 00028.109 00028.910 00029.770 00029.165 00027.713 00029.597 00031.317 00034.532 00035.497 00035.625 00037.997 00041.987 00036.614 00037.256 00039.413 00041.981 00045.178 00049.398 00055.601 00067.267 00082.686 00096.535 00082.534 00059.325 00053.602 00052.226 00050.571 00048.630 00057.724 00060.049 00122.512 00116.614 00109.816 00100.894 00085.512 00063.984 00046.448 00039.440 00036.136 00068.693 00077.798 00045.037
-0001.000 -0001.000 -0001.000 -0001.000 -0001.000 -0001.000 -0001.000 -0001.000 -0001.000 -0001.000 -0001.000 -0001.000 -0001.000 -0001.000 -0001.000 00026.902 00026.493 00027.008 00027.613 00028.678 00029.781 00029.741 00027.232 00029.213 00029.443 00029.587 00034.072 00034.726 00034.613 00037.250 00033.608 00033.581 00035.911 00038.498 00043.038 00047.029 00052.949 00065.077 00102.864 00122.652 00106.595 00107.632 00139.635 00138.332 00132.672 00119.872 00133.923 00139.801 00136.939 00133.493 00127.927 00120.221 00115.669 00111.328 00098.251 00076.705 00057.798 00048.236 00042.050 00042.689
-0001.000 -0001.000 -0001.000 -0001.000 -0001.000 -0001.000 -0001.000 -0001.000 -0001.000 -0001.000 -0001.000 -0001.000 -0001.000 -0001.000 -0001.000 -0001.000 -0001.000 00025.929 00026.548 00027.543 00029.412 00031.029 00027.222 00013.888 00005.635 00021.038 00016.089 00032.726 00032.821 00033.537 00031.299 00031.458 00033.079 00035.070 00039.526 00044.124 00049.245 00065.140 00164.887 00162.144 00155.286 00161.694 00159.525 00155.648 00157.612 00155.556 00152.657 00150.055 00147.567 00144.158 00139.170 00136.702 00132.232 00125.379 00118.135 00110.339 00100.248 00087.893 00074.841 00059.182
-0001.000 -0001.000 -0001.000 -0001.000 -0001.000 -0001.000 -0001.000 -0001.000 -0001.000 -0001.000 -0001.000 -0001.000 -0001.000 -0001.000 -0001.000 -0001.000 -0001.000 -0001.000 -0001.000 00004.888 00028.506 00005.251 -0001.000 -0001.000 -0001.000 -0001.000 -0001.000 00030.811 00031.139 00031.456 00031.968 00028.817 00029.527 00031.172 00034.741 00039.819 00044.474 00175.474 00175.027 00174.643 00175.063 00175.887 00173.908 00171.625 00169.083 00165.812 00162.748 00160.108 00157.495 00154.493 00157.276 00153.022 00147.726 00141.030 00133.818 00125.791 00119.002 00115.457 00094.002 00070.121
-0001.000 -0001.000 -0001.000 -0001.000 -0001.000 -0001.000 -0001.000 -0001.000 -0001.000 -0001.000 -0001.000 -0001.000 -0001.000 -0001.000 -0001.000 -0001.000 -0001.000 -0001.000 -0001.000 -0001.000 -0001.000 -0001.000 -0001.000 -0001.000 -0001.000 -0001.000 -0001.000 00030.587 00030.618 00030.712 00031.421 00026.745 00027.990 00028.022 00030.993 00034.540 00039.508 00185.910 00184.817 00183.482 00187.096 00185.899 00184.278 00182.682 00180.854 00178.899 00177.140 00175.309 00173.072 00175.710 00173.724 00170.244 00166.045 00162.441 00157.220 00151.924 00152.122 00141.714 00126.170 00088.809
-0001.000 -0001.000 -0001.000 -0001.000 -0001.000 -0001.000 -0001.000 -0001.000 -0001.000 -0001.000 -0001.000 -0001.000 -0001.000 -0001.000 -0001.000 -0001.000 -0001.000 -0001.000 -0001.000 -0001.000 -0001.000 -0001.000 -0001.000 -0001.000 -0001.000 -0001.000 -0001.000 00018.511 00030.629 00031.155 00031.560 00026.363 00026.572 00026.130 00026.306 00028.761 00196.999 00196.953 00197.058 00197.423 00197.176 00196.236 00195.349 00194.766 00193.885 00193.773 00193.471 00191.963 00190.238 00188.961 00188.231 00188.027 00185.645 00182.123 00176.950 00170.427 00166.086 00164.426 00150.798 00138.172
-0001.000 -0001.000 -0001.000 -0001.000 -0001.000 -0001.000 -0001.000 -0001.000 -0001.000 -0001.000 -0001.000 -0001.000 -0001.000 -0001.000 -0001.000 -0001.000 -0001.000 -0001.000 -0001.000 -0001.000 -0001.000 00030.555 00011.872 -0001.000 -0001.000 00011.579 00001.662 00031.368 00030.399 00030.659 00031.503 00030.173 00025.169 00024.899 00024.475 00024.669 00027.150 00191.665 00190.277 00188.612 00186.444 00184.119 00181.454 00178.757 00178.147 00179.978 00177.327 00174.336 00170.475 00165.755 00160.957 00155.478 00157.105 00155.990 00149.538 00140.957 00130.023 00116.842 00109.349 00102.341
-0001.000 -0001.000 -0001.000 -0001.000 -0001.000 -0001.000 -0001.000 -0001.000 -0001.000 -0001.000 -0001.000 -0001.000 -0001.000 -0001.000 -0001.000 -0001.000 00023.746 -0001.000 -0001.000 -0001.000 -0001.000 00029.223 00028.007 00005.123 00005.978 00023.127 00011.815 00030.428 00028.874 00029.112 00029.578 00030.425 00024.599 00024.091 00023.978 00023.640 00022.786 00182.334 00180.390 00178.143 00175.207 00171.733 00168.808 00166.215 00164.026 00164.641 00163.375 00159.228 00154.270 00149.035 00143.251 00138.201 00133.235 00130.922 00126.349 00119.240 00111.169 00101.797 00093.037 00084.992
-0001.000 -0001.000 -0001.000 -0001.000 -0001.000 -0001.000 -0001.000 -0001.000 -0001.000 -0001.000 -0001.000 -0001.000 -0001.000 -0001.000 -0001.000 00018.049 00017.541 00002.765 00016.594 00002.243 00005.263 00023.993 00028.699 00031.113 00025.216 00016.055 00021.191 00028.896 00028.597 00028.001 00028.165 00028.837 00028.919 00023.674 00022.945 00023.076 00022.542 00022.142 00171.290 00169.051 00166.590 00163.989 00161.514 00159.376 00157.253 00154.439 00151.429 00147.752 00143.443 00138.684 00133.243 00126.781 00121.075 00117.024 00110.066 00103.816 00096.947 00090.238 00083.888 00077.443
-0001.000 -0001.000 -0001.000 -0001.000 -0001.000 -0001.000 -0001.000 -0001.000 -0001.000 -0001.000 -0001.000 -0001.000 -0001.000 00017.777 00005.680 00024.766 00026.372 00022.753 00022.008 00017.508 00015.562 00021.934 00022.058 00031.163 00026.851 00026.102 00010.814 00029.048 00028.713 00028.494 00028.177 00027.760 00029.156 00026.548 00022.659 00022.230 00021.922 00021.404 00021.241 00160.238 00157.873 00155.317 00152.641 00149.924 00147.134 00144.132 00140.845 00137.220 00132.940 00127.573 00121.729 00115.480 00109.171 00103.630 00099.328 00094.029 00087.827 00081.037 00076.580 00072.947
-0001.000 -0001.000 -0001.000 -0001.000 -0001.000 -0001.000 -0001.000 -0001.000 -0001.000 -0001.000 -0001.000 -0001.000 -0001.000 00023.592 00017.525 00023.276 00023.780 00022.997 00023.667 00023.293 00022.028 00020.077 00004.324 00002.396 00016.777 -0001.000 -0001.000 00001.274 00029.037 00029.357 00029.251 00028.765 00028.588 00029.499 00022.519 00021.925 00021.415 00020.865 00020.616 00020.138 00148.963 00146.338 00143.580 00140.704 00137.738 00134.236 00130.032 00125.515 00120.653 00115.393 00110.151 00104.736 00099.091 00093.978 00089.622 00085.047 00080.390 00076.646 00072.958 00069.287
-0001.000 -0001.000 -0001.000 -0001.000 -0001.000 -0001.000 -0001.000 -0001.000 -0001.000 -0001.000 -0001.000 -0001.000 -0001.000 00017.884 00020.554 00022.636 00022.776 00022.670 00019.547 00024.289 00021.333 00020.156 00014.005 -0001.000 -0001.000 -0001.000 -0001.000 00007.795 00029.357 00030.061 00030.263 00030.128 00028.873 00029.340 00028.962 00022.336 00021.543 00021.236 00020.895 00020.401 00019.360 00137.793 00134.529 00130.972 00127.216 00123.195 00118.896 00114.612 00110.691 00106.379 00101.576 00095.907 00090.217 00086.881 00084.462 00080.925 00077.329 00072.885 00068.671 00064.431
-0001.000 -0001.000 -0001.000 -0001.000 -0001.000 -0001.000 -0001.000 -0001.000 -0001.000 -0001.000 -0001.000 -0001.000 -0001.000 00010.950 00018.705 00019.230 00023.069 00022.590 00022.756 00004.526 00027.214 00007.283 -0001.000 -0001.000 -0001.000 -0001.000 -0001.000 00032.930 00029.756 00029.541 00029.758 00029.445 00029.334 00029.031 00029.260 00028.687 00021.975 00021.509 00021.174 00020.666 00020.140 00019.478 00019.086 00121.276 00117.454 00114.028 00110.599 00106.992 00103.212 00098.524 00092.481 00086.274 00083.729 00081.406 00080.350 00078.594 00073.901 00069.030 00063.920 00061.562
-0001.000 -0001.000 -0001.000 -0001.000 -0001.000 -0001.000 -0001.000 -0001.000 -0001.000 -0001.000 -0001.000 -0001.000 -0001.000 -0001.000 00018.641 00011.256 00004.028 00017.234 00005.287 -0001.000 -0001.000 -0001.000 -0001.000 -0001.000 -0001.000 -0001.000 -0001.000 00014.560 00029.492 00029.000 00029.194 00028.836 00028.595 00028.759 00028.857 00028.989 00028.510 00022.070 00021.030 00020.879 00020.442 00020.029 00019.255 00019.088 00018.945 00103.643 00103.691 00099.642 00094.563 00089.294 00085.483 00082.877 00080.974 00079.790 00077.334 00073.590 00069.512 00065.127 00062.178 00060.579
-0001.000 -0001.000 -0001.000 -0001.000 -0001.000 -0001.000 -0001.000 -0001.000 -0001.000 -0001.000 -0001.000 -0001.000 -0001.000 -0001.000 -0001.000 -0001.000 -0001.000 -0001.000 -0001.000 -0001.000 -0001.000 -0001.000 -0001.000 -0001.000 -0001.000 -0001.000 -0001.000 00029.431 00028.619 00028.264 00028.429 00028.597 00028.326 00028.408 00028.548 00028.648 00028.877 00028.739 00025.288 00020.685 00020.798 00020.461 00020.255 00020.008 00019.750 00019.300 00019.093 00019.415 00019.762 00019.663 00059.620 00080.469 00078.820 00075.812 00072.650 00069.392 00066.207 00029.654 00019.962 00020.471
-0001.000 -0001.000 -0001.000 -0001.000 -0001.000 -0001.000 -0001.000 -0001.000 -0001.000 -0001.000 -0001.000 -0001.000 -0001.000 -0001.000 -0001.000 -0001.000 -0001.000 -0001.000 -0001.000 -0001.000 -0001.000 -0001.000 -0001.000 -0001.000 -0001.000 -0001.000 00013.336 00011.040 00027.889 00027.676 00027.618 00027.604 00027.877 00028.164 00028.420 00028.359 00028.721 00028.968 00029.028 00028.397 00024.761 00020.872 00020.647 00020.213 00019.752 00019.652 00019.575 00019.623 00019.684 00019.713 00019.720 00019.993 00020.343 00021.096 00021.885 00022.027 00021.254 00020.602 00020.616 00020.989
-0001.000 -0001.000 -0001.000 -0001.000 -0001.000 -0001.000 -0001.000 -0001.000 -0001.000 -0001.000 -0001.000 -0001.000 -0001.000 -0001.000 -0001.000 -0001.000 -0001.000 -0001.000 -0001.000 -0001.000 -0001.000 00034.127 00008.203 00029.740 00010.257 00001.608 00031.395 00027.713 00027.154 00027.095 00027.051 00027.082 00027.222 00027.833 00027.974 00028.097 00028.449 00028.817 00029.036 00029.360 00029.559 00028.814 00025.546 00020.506 00020.209 00020.094 00020.050 00020.093 00020.138 00020.136 00020.123 00020.119 00020.121 00020.716 00021.510 00022.324 00021.791 00021.521 00021.328 00021.483
-0001.000 -0001.000 -0001.000 -0001.000 -0001.000 -0001.000 -0001.000 -0001.000 -0001.000 -0001.000 -0001.000 -0001.000 -0001.000 -0001.000 -0001.000 -0001.000 -0001.000 -0001.000 -0001.000 -0001.000 00012.380 00027.081 00024.029 00022.198 00018.509 00010.271 00019.888 00026.837 00026.936 00026.576 00026.579 00026.705 00026.861 00027.171 00027.659 00027.609 00028.212 00028.606 00028.843 00029.081 00029.426 00029.799 00029.887 00029.811 00029.119 00025.851 00020.504 00020.543 00020.593 00020.608 00020.585 00020.570 00020.556 00020.279 00020.121 00021.334 00021.923 00022.207 00029.318 00030.189
-0001.000 -0001.000 -0001.000 -0001.000 -0001.000 -0001.000 -0001.000 -0001.000 -0001.000 -0001.000 -0001.000 -0001.000 -0001.000 -0001.000 -0001.000 -0001.000 -0001.000 -0001.000 -0001.000 00004.384 00023.496 00020.369 00025.019 00022.119 00026.125 00023.149 00022.161 00024.912 00026.141 00026.220 00026.320 00026.441 00026.385 00026.843 00027.029 00027.200 00027.228 00027.692 00028.568 00028.805 00028.917 00029.539 00029.735 00029.681 00029.804 00030.224 00030.321 00030.668 00030.646 00029.938 00028.905 00027.555 00025.747 00022.369 00019.901 00020.695 00021.351 00034.849 00048.609 00060.371
-0001.000 -0001.000 -0001.000 -0001.000 -0001.000 -0001.000 -0001.000 -0001.000 -0001.000 -0001.000 -0001.000 -0001.000 -0001.000 -0001.000 -0001.000 -0001.000 -0001.000 00006.164 00000.795 00021.744 00021.046 00022.236 00022.252 00021.770 00020.253 00021.202 00021.595 00021.269 00024.242 00025.905 00026.083 00026.157 00025.897 00025.826 00026.499 00026.237 00026.160 00027.276 00027.563 00027.796 00028.615 00028.651 00028.888 00029.433 00029.513 00029.765 00030.175 00030.780 00031.527 00032.123 00031.847 00031.562 00031.735 00031.913 00032.218 00033.047 00034.254 00038.629 00043.605 00050.596
-0001.000 -0001.000 -0001.000 -0001.000 -0001.000 -0001.000 -0001.000 -0001.000 -0001.000 -0001.000 -0001.000 -0001.000 -0001.000 -0001.000 -0001.000 00003.770 00023.501 00011.187 00005.936 00020.724 00020.502 00020.681 00021.262 00022.217 00019.431 00019.463 00020.082 00020.679 00021.027 00023.576 00025.855 00026.221 00026.222 00025.779 00025.676 00025.819 00026.075 00026.384 00026.226 00026.952 00027.606 00027.617 00028.179 00028.498 00028.701 00028.881 00028.975 00030.078 00030.943 00031.765 00031.823 00031.662 00031.634 00031.749 00032.406 00033.459 00034.294 00035.034 00036.790 00040.017
