data/trial10/ashley.fml
NCOLS 382
NROWS 266
XLLCORNER 157819.328125
YLLCORNER 384678.625000
CELLSIZE 30.000000
NODATA_VALUE -1
[rows 34 to 67 of 266, columns 154 to 230 of 382]
-1.00 -1.00 -1.00 -1.00 -1.00 -1.00 -1.00 -1.00 -1.00 -1.00 -1.00 -1.00 -1.00 -1.00 -1.00 -1.00 -1.00 -1.00 -1.00 -1.00 -1.00 -1.00 -1.00 -1.00 -1.00 -1.00 -1.00 -1.00 -1.00 -1.00 -1.00 -1.00 -1.00 -1.00 -1.00 -1.00 -1.00 -1.00 01.03 01.61 02.01 02.37 02.54 02.71 02.78 02.46 02.40 02.18 02.43 02.17 01.93 -1.00 -1.00 -1.00 -1.00 -1.00 -1.00 -1.00 -1.00 -1.00 -1.00 -1.00 -1.00 -1.00 -1.00 -1.00 -1.00 -1.00 -1.00 -1.00 -1.00 -1.00 -1.00 -1.00 -1.00 -1.00 -1.00
-1.00 -1.00 -1.00 -1.00 -1.00 -1.00 -1.00 -1.00 -1.00 -1.00 -1.00 -1.00 -1.00 -1.00 -1.00 -1.00 -1.00 -1.00 -1.00 -1.00 -1.00 -1.00 -1.00 -1.00 -1.00 -1.00 -1.00 -1.00 -1.00 -1.00 -1.00 -1.00 -1.00 -1.00 -1.00 -1.00 -1.00 01.85 02.17 02.33 02.35 02.46 02.65 02.82 02.89 02.80 02.52 02.32 02.25 01.96 01.85 -1.00 -1.00 -1.00 -1.00 -1.00 -1.00 -1.00 -1.00 -1.00 -1.00 -1.00 -1.00 -1.00 -1.00 -1.00 -1.00 -1.00 -1.00 -1.00 -1.00 -1.00 -1.00 -1.00 -1.00 -1.00 -1.00
-1.00 -1.00 -1.00 -1.00 -1.00 -1.00 -1.00 -1.00 -1.00 -1.00 -1.00 -1.00 -1.00 -1.00 -1.00 -1.00 -1.00 -1.00 -1.00 -1.00 -1.00 -1.00 -1.00 -1.00 -1.00 -1.00 -1.00 -1.00 -1.00 -1.00 -1.00 -1.00 -1.00 -1.00 -1.00 -1.00 01.95 02.49 02.80 02.81 02.68 02.64 02.62 02.73 02.90 02.75 02.54 02.23 02.06 01.82 01.90 -1.00 -1.00 -1.00 -1.00 -1.00 -1.00 -1.00 -1.00 -1.00 -1.00 -1.00 -1.00 -1.00 -1.00 -1.00 -1.00 -1.00 -1.00 -1.00 -1.00 -1.00 -1.00 -1.00 -1.00 -1.00 -1.00
-1.00 -1.00 -1.00 -1.00 -1.00 -1.00 -1.00 -1.00 -1.00 -1.00 -1.00 -1.00 -1.00 -1.00 -1.00 -1.00 -1.00 -1.00 -1.00 -1.00 -1.00 -1.00 -1.00 -1.00 -1.00 -1.00 -1.00 -1.00 -1.00 -1.00 -1.00 -1.00 -1.00 -1.00 -1.00 01.40 02.09 02.62 02.77 02.77 02.75 02.88 02.90 02.66 02.74 02.73 02.37 02.13 01.92 01.69 02.06 02.16 -1.00 -1.00 -1.00 -1.00 -1.00 -1.00 -1.00 -1.00 -1.00 -1.00 -1.00 -1.00 -1.00 -1.00 -1.00 -1.00 -1.00 -1.00 -1.00 -1.00 -1.00 -1.00 -1.00 -1.00 -1.00
-1.00 -1.00 -1.00 -1.00 -1.00 -1.00 -1.00 -1.00 -1.00 -1.00 -1.00 -1.00 -1.00 -1.00 -1.00 -1.00 -1.00 -1.00 -1.00 -1.00 -1.00 -1.00 -1.00 -1.00 -1.00 -1.00 -1.00 -1.00 -1.00 -1.00 -1.00 -1.00 -1.00 -1.00 01.03 01.89 02.28 02.49 02.54 02.73 02.94 03.12 03.06 02.85 02.71 02.60 02.44 02.06 01.77 02.10 02.15 02.11 02.11 02.18 02.21 -1.00 -1.00 -1.00 -1.00 -1.00 -1.00 -1.00 -1.00 -1.00 -1.00 -1.00 -1.00 -1.00 -1.00 -1.00 -1.00 -1.00 -1.00 -1.00 -1.00 -1.00 -1.00
-1.00 -1.00 -1.00 -1.00 -1.00 -1.00 -1.00 -1.00 -1.00 -1.00 -1.00 -1.00 -1.00 -1.00 -1.00 -1.00 -1.00 -1.00 -1.00 -1.00 -1.00 -1.00 -1.00 -1.00 -1.00 -1.00 -1.00 -1.00 -1.00 -1.00 -1.00 -1.00 -1.00 01.55 01.81 02.11 02.13 02.16 02.22 02.46 02.71 02.87 03.07 02.96 02.67 02.56 02.41 01.98 01.85 02.25 02.39 02.58 02.64 02.70 02.33 02.00 -1.00 -1.00 -1.00 -1.00 -1.00 -1.00 -1.00 -1.00 -1.00 -1.00 -1.00 -1.00 -1.00 -1.00 -1.00 -1.00 -1.00 -1.00 -1.00 -1.00 -1.00
-1.00 -1.00 -1.00 -1.00 -1.00 -1.00 -1.00 -1.00 -1.00 -1.00 -1.00 -1.00 -1.00 -1.00 -1.00 -1.00 -1.00 -1.00 -1.00 -1.00 -1.00 -1.00 -1.00 -1.00 -1.00 -1.00 -1.00 -1.00 -1.00 -1.00 -1.00 -1.00 01.23 01.96 02.04 02.07 02.09 02.15 02.25 02.37 02.44 02.73 03.01 02.88 02.72 02.39 02.25 02.08 02.74 02.41 02.56 02.72 02.97 02.87 02.60 02.01 -1.00 -1.00 -1.00 -1.00 -1.00 -1.00 -1.00 -1.00 -1.00 -1.00 -1.00 -1.00 -1.00 -1.00 -1.00 -1.00 -1.00 -1.00 -1.00 -1.00 -1.00
-1.00 -1.00 -1.00 -1.00 -1.00 -1.00 -1.00 -1.00 -1.00 -1.00 -1.00 -1.00 -1.00 -1.00 -1.00 -1.00 -1.00 -1.00 -1.00 -1.00 -1.00 -1.00 -1.00 -1.00 -1.00 -1.00 -1.00 -1.00 -1.00 -1.00 00.83 01.68 02.00 02.28 02.25 02.24 02.25 02.27 02.30 02.34 02.30 02.58 02.68 02.72 02.56 02.25 02.08 02.16 02.75 02.69 02.58 02.64 02.80 02.93 02.58 01.94 -1.00 -1.00 -1.00 -1.00 -1.00 -1.00 -1.00 -1.00 -1.00 -1.00 -1.00 -1.00 -1.00 -1.00 -1.00 -1.00 -1.00 -1.00 -1.00 -1.00 -1.00
-1.00 -1.00 -1.00 -1.00 -1.00 -1.00 -1.00 -1.00 -1.00 -1.00 -1.00 -1.00 -1.00 -1.00 -1.00 -1.00 -1.00 -1.00 -1.00 -1.00 -1.00 -1.00 -1.00 -1.00 -1.00 -1.00 -1.00 -1.00 -1.00 00.93 01.25 02.04 02.23 02.33 02.27 02.26 02.28 02.26 02.25 02.27 02.35 02.52 02.46 02.52 02.37 02.14 02.56 02.55 02.57 02.66 02.62 02.58 02.76 02.66 02.42 01.87 -1.00 -1.00 -1.00 -1.00 -1.00 -1.00 -1.00 -1.00 -1.00 -1.00 -1.00 -1.00 -1.00 -1.00 -1.00 -1.00 -1.00 -1.00 -1.00 -1.00 -1.00
-1.00 -1.00 -1.00 -1.00 -1.00 -1.00 -1.00 -1.00 -1.00 -1.00 -1.00 -1.00 -1.00 -1.00 -1.00 -1.00 -1.00 -1.00 -1.00 -1.00 -1.00 03.13 04.14 04.41 04.44 02.12 03.50 01.90 01.13 01.47 01.46 01.48 01.63 01.72 01.71 02.08 02.17 02.14 02.10 02.22 02.35 02.36 02.34 02.32 02.16 02.48 02.63 02.68 02.61 02.62 02.69 02.70 02.45 02.34 02.23 01.78 -1.00 -1.00 -1.00 -1.00 -1.00 -1.00 -1.00 -1.00 -1.00 -1.00 -1.00 -1.00 -1.00 -1.00 -1.00 -1.00 -1.00 -1.00 -1.00 -1.00 -1.00
-1.00 -1.00 -1.00 -1.00 -1.00 -1.00 -1.00 -1.00 -1.00 -1.00 -1.00 -1.00 -1.00 -1.00 -1.00 -1.00 -1.00 -1.00 -1.00 03.92 02.23 03.69 04.24 04.22 04.07 04.02 03.95 02.80 01.81 01.56 01.53 01.51 01.75 01.90 02.03 02.05 02.01 01.96 01.86 01.99 02.31 02.28 02.18 02.12 02.09 02.74 02.65 02.76 02.87 02.74 02.71 02.68 02.33 02.07 01.69 01.72 -1.00 -1.00 -1.00 -1.00 -1.00 -1.00 -1.00 -1.00 -1.00 -1.00 -1.00 -1.00 -1.00 -1.00 -1.00 -1.00 -1.00 -1.00 -1.00 -1.00 -1.00
-1.00 -1.00 -1.00 -1.00 -1.00 -1.00 -1.00 -1.00 -1.00 -1.00 -1.00 -1.00 -1.00 -1.00 -1.00 -1.00 -1.00 02.58 04.31 03.79 03.67 04.32 04.00 03.80 03.48 03.20 02.93 02.01 03.25 01.56 01.53 01.50 01.74 01.97 02.02 02.09 02.11 02.12 01.94 01.83 02.17 02.25 02.01 01.97 02.54 02.55 02.72 02.60 02.85 02.96 02.91 03.05 02.52 02.06 01.81 01.67 01.54 -1.00 -1.00 -1.00 -1.00 -1.00 -1.00 -1.00 -1.00 -1.00 -1.00 -1.00 -1.00 -1.00 -1.00 -1.00 -1.00 -1.00 -1.00 -1.00 -1.00
-1.00 -1.00 -1.00 -1.00 -1.00 -1.00 -1.00 -1.00 -1.00 -1.00 -1.00 -1.00 -1.00 -1.00 -1.00 02.62 03.58 03.64 03.64 03.57 03.70 03.59 03.46 03.23 02.96 02.83 02.53 04.19 03.53 02.08 01.58 01.70 01.74 01.87 02.05 02.11 02.19 02.24 01.93 01.59 01.99 02.14 01.98 02.33 02.30 02.36 02.48 02.48 02.51 02.80 02.98 02.95 02.66 02.17 01.95 01.87 01.91 01.79 -1.00 -1.00 -1.00 -1.00 -1.00 -1.00 -1.00 -1.00 -1.00 -1.00 -1.00 -1.00 -1.00 -1.00 -1.00 -1.00 -1.00 -1.00 -1.00
-1.00 -1.00 -1.00 -1.00 -1.00 -1.00 -1.00 -1.00 -1.00 -1.00 -1.00 -1.00 05.94 11.62 03.07 06.30 03.81 02.73 02.88 02.80 03.07 03.08 03.02 02.90 02.74 05.11 03.66 03.96 03.71 02.78 01.88 01.80 01.86 01.99 01.91 02.04 02.00 02.04 01.82 01.49 01.88 01.86 02.34 02.47 02.56 02.31 02.35 02.28 02.46 02.84 02.89 02.82 02.52 02.02 01.86 02.06 01.93 01.73 -1.00 -1.00 -1.00 -1.00 -1.00 -1.00 -1.00 -1.00 -1.00 -1.00 -1.00 -1.00 -1.00 -1.00 -1.00 -1.00 -1.00 -1.00 -1.00
-1.00 -1.00 -1.00 -1.00 -1.00 -1.00 -1.00 -1.00 -1.00 -1.00 -1.00 02.83 06.30 06.44 05.33 03.66 03.45 02.35 02.39 02.65 02.80 02.85 02.85 04.25 05.14 04.89 03.92 03.72 03.55 03.32 02.47 01.68 02.48 02.03 01.97 01.92 01.97 01.77 01.28 01.52 01.64 02.27 02.54 02.76 02.67 02.60 02.35 02.54 02.44 02.60 02.89 02.68 02.29 01.94 01.77 02.06 01.98 01.66 -1.00 -1.00 -1.00 -1.00 -1.00 -1.00 -1.00 -1.00 -1.00 -1.00 -1.00 -1.00 -1.00 -1.00 -1.00 -1.00 -1.00 -1.00 -1.00
-1.00 -1.00 -1.00 -1.00 -1.00 -1.00 -1.00 -1.00 -1.00 05.79 12.23 05.22 05.84 04.06 03.23 02.72 02.25 02.24 02.36 02.71 06.48 06.64 06.97 06.70 05.37 04.88 03.74 03.55 03.40 03.25 02.97 01.99 02.69 02.07 02.49 01.99 01.87 01.51 01.29 02.36 02.22 02.42 03.31 02.70 02.41 02.54 02.37 02.40 02.47 02.71 02.46 02.16 02.03 02.58 02.54 02.35 01.96 01.59 -1.00 -1.00 -1.00 -1.00 -1.00 -1.00 -1.00 -1.00 -1.00 -1.00 -1.00 -1.00 -1.00 -1.00 -1.00 -1.00 -1.00 -1.00 -1.00
-1.00 -1.00 -1.00 -1.00 -1.00 -1.00 -1.00 -1.00 04.05 12.12 06.11 05.29 04.40 02.65 02.24 02.21 02.52 02.95 04.36 04.62 06.12 10.81 11.87 06.88 05.73 04.54 03.56 03.38 03.32 03.16 03.04 02.45 02.57 02.31 02.16 02.00 01.75 01.18 00.71 01.42 03.81 04.58 04.08 02.82 03.53 02.58 02.05 02.52 02.38 02.35 02.07 01.81 02.32 02.49 02.44 02.38 01.90 01.52 -1.00 -1.00 -1.00 -1.00 -1.00 -1.00 -1.00 -1.00 -1.00 -1.00 -1.00 -1.00 -1.00 -1.00 -1.00 -1.00 -1.00 -1.00 -1.00
-1.00 -1.00 -1.00 -1.00 -1.00 -1.00 15.78 05.72 06.23 06.26 04.86 04.47 02.47 03.09 02.85 02.78 03.19 04.11 04.29 05.07 05.80 06.96 11.77 10.88 05.66 04.23 03.36 03.18 03.22 03.16 02.84 02.51 02.42 02.29 02.07 01.93 01.58 00.64 01.97 02.31 03.70 04.16 03.98 03.76 03.66 03.26 03.11 02.35 02.71 02.27 01.95 01.78 02.28 02.31 02.41 02.26 01.83 01.55 -1.00 -1.00 -1.00 -1.00 -1.00 -1.00 -1.00 -1.00 -1.00 -1.00 -1.00 -1.00 -1.00 -1.00 -1.00 -1.00 -1.00 -1.00 -1.00
-1.00 -1.00 -1.00 -1.00 -1.00 13.95 18.14 11.50 06.24 04.96 04.29 03.94 03.74 03.01 03.04 02.89 03.28 04.01 04.40 04.77 05.76 06.57 11.18 11.20 05.31 03.95 03.13 03.08 03.20 03.14 02.77 02.49 02.38 02.20 02.05 01.86 01.35 01.91 02.38 02.26 03.63 03.91 03.81 03.64 03.48 03.29 03.39 03.95 02.39 02.01 02.37 02.52 02.46 02.33 02.26 02.10 01.87 01.60 -1.00 -1.00 -1.00 -1.00 -1.00 -1.00 -1.00 -1.00 -1.00 -1.00 -1.00 -1.00 -1.00 -1.00 -1.00 -1.00 -1.00 -1.00 -1.00
-1.00 -1.00 -1.00 -1.00 06.97 18.24 14.08 06.45 05.20 04.19 04.04 02.82 03.54 02.95 02.89 02.82 03.73 03.93 04.31 04.83 05.50 06.24 06.97 11.14 05.03 03.65 03.06 03.02 03.15 03.16 02.75 02.52 02.34 02.09 01.99 01.77 01.23 02.35 02.50 03.66 03.41 03.71 03.44 03.42 03.28 03.23 03.57 02.27 02.07 02.16 02.29 02.37 02.43 02.39 02.17 02.05 01.89 01.69 -1.00 -1.00 -1.00 -1.00 -1.00 -1.00 -1.00 -1.00 -1.00 -1.00 -1.00 -1.00 -1.00 -1.00 -1.00 -1.00 -1.00 -1.00 -1.00
-1.00 -1.00 -1.00 11.49 15.75 15.02 06.55 05.28 04.50 03.96 03.80 11.77 06.92 02.82 02.77 03.37 03.61 03.92 04.20 04.69 05.18 06.13 06.64 06.41 04.70 03.50 02.94 02.99 03.15 03.10 02.71 02.55 02.16 02.03 01.99 01.70 01.10 02.92 02.86 03.32 03.06 03.03 03.06 03.24 03.02 03.17 03.76 03.03 01.96 02.06 02.28 02.30 02.31 02.18 02.06 01.96 01.86 01.98 -1.00 -1.00 -1.00 -1.00 -1.00 -1.00 -1.00 -1.00 -1.00 -1.00 -1.00 -1.00 -1.00 -1.00 -1.00 -1.00 -1.00 -1.00 -1.00
-1.00 -1.00 06.59 13.47 16.33 11.25 05.59 04.55 03.91 03.72 12.02 12.64 11.60 02.68 03.12 03.36 03.49 03.94 04.20 04.42 05.05 05.78 06.00 05.49 04.39 03.35 02.91 02.95 03.06 02.83 02.66 02.45 02.13 01.98 01.89 01.62 00.99 02.68 02.68 02.85 02.56 02.55 03.02 03.19 03.03 03.05 03.85 03.79 02.27 01.95 02.18 02.18 02.10 01.96 02.22 02.00 02.25 02.60 02.74 -1.00 -1.00 -1.00 -1.00 -1.00 -1.00 -1.00 -1.00 -1.00 -1.00 -1.00 -1.00 -1.00 -1.00 -1.00 -1.00 -1.00 -1.00
-1.00 05.86 11.76 15.25 13.30 05.81 04.48 03.95 03.63 11.07 12.71 13.49 10.69 02.81 03.45 03.25 03.45 03.94 04.07 04.35 04.83 05.24 05.27 04.91 03.90 03.41 02.92 02.88 03.00 02.67 02.53 02.35 02.08 01.92 01.84 01.57 00.90 01.49 02.42 02.59 02.65 02.71 03.03 02.95 02.95 03.13 03.51 03.16 03.26 02.07 02.91 02.07 01.88 01.83 02.47 02.48 02.77 02.93 02.90 -1.00 -1.00 -1.00 -1.00 -1.00 -1.00 -1.00 -1.00 -1.00 -1.00 -1.00 -1.00 -1.00 -1.00 -1.00 -1.00 -1.00 -1.00
04.44 06.29 13.51 15.40 06.63 04.67 03.86 03.53 06.50 12.04 13.48 14.67 11.07 03.04 03.36 03.11 03.21 03.72 03.94 04.21 04.54 04.76 04.74 04.45 03.70 03.12 02.89 02.87 03.01 02.60 02.45 02.27 02.02 01.99 01.91 01.64 01.09 01.09 02.35 02.33 02.52 02.88 02.87 02.88 02.74 03.13 03.14 03.16 02.83 03.14 03.24 02.77 01.84 02.04 02.69 02.78 03.07 03.28 03.10 -1.00 -1.00 -1.00 -1.00 -1.00 -1.00 -1.00 -1.00 -1.00 -1.00 -1.00 -1.00 -1.00 -1.00 -1.00 -1.00 -1.00 -1.00
04.94 06.97 12.65 12.78 05.37 03.92 03.29 04.86 06.43 12.12 13.69 15.67 16.47 03.42 03.28 02.97 02.99 03.16 03.82 04.00 04.09 04.29 04.23 04.22 03.90 02.93 02.87 02.94 02.88 02.49 02.36 02.27 02.05 02.13 01.95 01.50 01.00 02.19 02.23 02.39 02.68 02.71 02.73 02.55 02.79 02.90 02.97 02.90 03.01 02.97 02.42 02.10 02.43 02.74 03.04 02.98 03.01 03.08 03.03 03.02 02.98 -1.00 -1.00 -1.00 -1.00 -1.00 -1.00 -1.00 -1.00 -1.00 -1.00 -1.00 -1.00 -1.00 -1.00 -1.00 -1.00
05.63 06.56 12.51 06.39 03.59 05.10 06.91 06.61 05.10 11.02 12.47 15.94 15.13 03.63 03.26 02.90 02.89 03.05 03.71 03.79 03.87 04.01 04.03 04.09 03.67 03.14 03.00 03.00 02.59 02.46 02.31 02.16 02.02 01.87 01.20 00.93 01.96 02.12 02.24 02.38 02.44 02.55 02.60 02.61 02.66 02.65 02.79 02.73 02.24 02.31 02.44 03.08 03.41 03.20 03.33 03.35 03.19 03.16 03.32 03.35 03.11 -1.00 -1.00 -1.00 -1.00 -1.00 -1.00 -1.00 -1.00 -1.00 -1.00 -1.00 -1.00 -1.00 -1.00 -1.00 01.73
05.24 04.73 06.04 04.10 04.37 03.92 04.50 05.26 04.73 05.11 06.28 13.66 13.81 04.72 03.47 02.87 02.82 02.94 03.59 03.65 03.71 03.67 04.04 03.92 03.33 03.04 02.95 02.96 02.57 02.41 02.19 02.05 02.08 01.09 00.97 01.28 01.90 02.01 02.02 02.16 02.20 02.17 02.31 02.36 02.03 02.12 01.89 01.86 02.16 02.48 02.81 03.27 03.91 03.56 03.48 03.50 03.39 03.35 03.55 03.67 03.47 03.20 -1.00 -1.00 -1.00 -1.00 -1.00 -1.00 -1.00 -1.00 -1.00 -1.00 -1.00 -1.00 01.73 01.82 01.81
05.24 04.45 03.84 03.20 04.09 04.13 04.28 04.44 04.54 04.99 05.35 06.74 11.96 05.72 03.37 02.79 02.69 02.82 03.49 03.54 03.51 03.61 03.61 03.55 03.22 02.93 02.94 02.62 02.44 02.30 02.08 01.93 01.18 01.04 01.24 01.20 01.54 01.77 01.67 01.65 01.75 01.81 01.87 01.97 02.13 02.22 02.26 02.43 02.59 02.90 03.24 03.52 03.73 03.78 03.79 03.64 03.55 03.54 03.71 03.76 03.64 03.41 -1.00 -1.00 -1.00 -1.00 -1.00 -1.00 -1.00 -1.00 -1.00 -1.00 -1.00 01.80 01.81 01.80 01.73
05.34 04.54 03.90 03.56 03.94 04.07 04.27 04.57 04.37 04.97 05.12 05.78 06.98 13.75 06.06 02.72 02.56 02.67 03.40 03.44 03.45 03.48 03.52 03.18 02.88 02.80 02.65 02.42 02.27 02.07 01.89 01.83 01.06 01.09 01.25 01.45 01.57 01.83 01.85 01.87 01.95 02.04 02.17 02.32 02.50 02.67 02.75 02.79 02.78 02.93 03.09 03.72 03.75 03.77 03.77 03.80 03.71 03.85 03.91 03.97 03.85 03.64 03.72 -1.00 -1.00 -1.00 -1.00 -1.00 -1.00 -1.00 -1.00 01.68 01.77 01.78 01.78 03.18 04.50
05.09 12.77 06.83 03.72 03.88 04.11 04.01 04.37 04.21 04.67 05.03 06.09 06.54 11.83 06.29 02.62 02.46 02.78 03.28 03.39 03.31 03.26 03.01 02.80 02.65 02.54 02.32 02.24 02.03 01.84 01.88 01.01 00.99 01.18 01.34 01.39 02.00 02.01 02.13 02.15 02.35 02.36 02.41 02.49 02.67 02.86 02.99 03.03 03.14 03.22 03.08 03.43 03.72 03.78 03.87 03.90 03.84 04.04 04.12 04.20 04.11 03.91 03.94 -1.00 -1.00 -1.00 -1.00 -1.00 -1.00 -1.00 01.69 01.73 01.74 01.70 03.37 04.17 04.78
06.40 06.84 06.89 03.88 03.89 04.07 03.82 03.90 04.01 04.13 04.90 05.33 05.75 06.09 03.68 02.52 02.39 02.96 03.23 03.19 03.13 03.11 02.66 02.65 02.42 02.19 02.10 01.93 01.38 01.73 00.96 00.99 01.14 01.32 01.39 02.54 02.38 02.16 02.25 02.44 02.62 02.60 02.65 02.82 02.98 03.21 03.41 03.57 03.55 03.47 03.21 03.12 03.30 03.48 03.67 03.74 04.05 04.13 04.18 04.31 04.35 04.17 04.12 -1.00 -1.00 -1.00 -1.00 -1.00 -1.00 01.70 01.70 01.62 02.26 03.38 04.12 04.84 05.11
05.20 05.10 04.97 04.27 04.08 03.99 03.89 03.72 03.76 03.93 04.75 05.04 05.18 04.78 03.06 02.46 02.34 02.98 03.07 03.02 03.05 02.60 02.48 02.39 02.13 01.52 01.08 01.07 00.96 00.89 01.10 01.24 01.31 01.50 02.51 02.53 02.53 02.23 02.36 02.48 02.85 02.94 02.64 02.89 03.27 03.61 03.94 04.08 04.20 03.77 03.36 02.94 02.92 03.04 03.22 03.52 03.78 04.10 04.15 03.87 04.15 04.20 04.40 -1.00 -1.00 -1.00 -1.00 -1.00 01.66 01.63 01.61 03.76 04.73 05.06 04.88 04.95 04.96
04.99 04.98 04.72 04.48 04.17 03.97 03.84 03.81 03.64 03.85 04.16 04.57 04.48 03.58 03.05 02.39 02.23 02.79 02.95 02.96 02.55 02.03 02.28 01.54 01.03 00.94 00.96 00.96 01.10 01.16 01.26 01.35 01.52 02.35 02.48 02.57 02.54 02.43 02.08 02.49 02.95 03.27 03.49 02.80 03.26 03.61 03.98 04.34 04.46 04.09 03.60 03.31 02.63 02.60 02.74 03.04 03.39 03.62 03.37 03.68 03.78 03.84 04.01 -1.00 -1.00 -1.00 -1.00 -1.00 01.63 01.65 04.53 04.90 05.02 05.11 04.95 04.81 04.76
04.65 04.70 04.50 04.35 04.13 03.94 03.76 03.73 03.64 03.85 03.95 03.73 03.68 02.96 03.07 02.16 02.58 02.73 02.85 02.76 01.55 01.12 01.04 00.92 00.89 01.08 01.08 01.17 01.28 01.32 01.48 01.49 02.37 02.51 02.50 02.43 02.61 02.48 -1.00 02.68 03.23 03.47 03.38 02.74 03.01 03.46 03.79 04.05 04.15 04.24 03.95 03.38 03.31 02.73 02.82 02.86 02.91 02.97 03.15 03.21 03.30 -1.00 -1.00 -1.00 -1.00 -1.00 -1.00 01.53 01.08 02.92 04.24 04.73 04.84 04.91 04.84 04.68 04.59
