data/trial10/ashley.hpa
NCOLS 382
NROWS 266
XLLCORNER 157819.328125
YLLCORNER 384678.625000
CELLSIZE 30.000000
NODATA_VALUE -1
[rows 234 to 259 of 266, columns 180 to 239 of 382]
-0001.000 -0001.000 -0001.000 00468.956 00469.078 00469.095 00469.823 00474.964 00090.401 00090.802 00091.156 00091.464 00091.679 00091.983 00092.151 00092.808 00092.911 00092.899 00093.239 00093.489 00093.588 00093.624 00093.649 00093.887 00094.064 00094.248 00094.271 00094.282 00094.249 00094.727 00095.056 00095.463 00095.755 00096.202 00096.595 00096.936 00096.735 00096.539 00096.679 00096.644 00096.665 00096.711 00096.857 00097.013 00096.789 00096.534 00096.639 00096.738 00096.737 00096.732 00097.052 00097.616 00097.144 00096.706 00096.684 00096.661 00096.637 00096.609 00096.574 00096.538
-0001.000 -0001.000 -0001.000 -0001.000 -0001.000 -0001.000 00330.311 00212.982 00136.845 00090.412 00090.746 00091.059 00091.317 00091.481 00091.733 00092.087 00092.368 00092.771 00092.880 00093.030 00093.155 00093.237 00093.209 00093.572 00093.723 00093.836 00093.854 00093.864 00093.835 00094.173 00094.564 00094.914 00095.264 00095.683 00095.852 00096.234 00096.173 00096.275 00096.374 00096.462 00096.572 00096.674 00096.675 00096.724 00096.804 00096.504 00096.427 00096.543 00096.698 00096.930 00097.138 00097.249 00097.188 00096.798 00096.575 00096.557 00096.538 00096.512 00096.474 00096.425
-0001.000 -0001.000 -0001.000 -0001.000 -0001.000 -0001.000 00169.520 00098.180 00112.598 00090.118 00090.371 00090.655 00090.931 00091.093 00091.285 00091.530 00091.863 00092.144 00092.385 00092.772 00092.853 00092.921 00093.015 00093.127 00093.279 00093.409 00093.492 00093.532 00093.570 00093.748 00094.079 00094.410 00094.701 00095.052 00095.305 00095.628 00095.769 00095.868 00096.264 00096.060 00096.083 00096.285 00096.473 00096.449 00096.326 00096.281 00096.364 00096.416 00096.473 00096.533 00096.577 00096.583 00096.499 00096.460 00096.448 00096.430 00096.359 00096.251 00096.142 00096.000
-0001.000 -0001.000 -0001.000 -0001.000 -0001.000 -0001.000 00087.728 00088.744 00091.146 00089.805 00090.056 00090.318 00090.541 00090.795 00091.029 00091.154 00091.403 00091.683 00091.917 00092.079 00092.323 00092.646 00092.778 00092.848 00092.930 00092.992 00093.083 00093.135 00093.181 00093.256 00093.640 00093.937 00094.230 00094.419 00094.690 00094.885 00095.135 00095.316 00095.386 00095.590 00095.918 00095.672 00095.784 00095.936 00095.976 00096.017 00096.050 00096.078 00096.096 00096.113 00096.082 00096.051 00096.030 00096.019 00095.974 00095.925 00095.833 00095.731 00095.621 00095.508
-0001.000 -0001.000 -0001.000 -0001.000 -0001.000 -0001.000 00087.348 00088.429 00089.177 00089.460 00089.752 00089.970 00090.169 00090.401 00090.673 00090.839 00091.028 00091.287 00091.507 00091.686 00091.867 00092.004 00092.207 00092.361 00092.561 00092.807 00092.844 00092.877 00092.899 00092.921 00093.163 00093.519 00093.741 00094.010 00094.214 00094.291 00094.485 00094.743 00094.892 00094.963 00095.345 00095.587 00095.359 00095.319 00095.345 00095.385 00095.425 00095.460 00095.483 00095.502 00095.502 00095.469 00095.436 00095.421 00095.399 00095.352 00095.306 00095.218 00095.134 00095.065
-0001.000 -0001.000 -0001.000 -0001.000 -0001.000 -0001.000 00086.968 00088.044 00088.768 00089.102 00089.390 00089.644 00089.879 00090.068 00090.351 00090.451 00090.612 00090.914 00091.145 00091.220 00091.512 00091.613 00091.721 00091.914 00092.044 00092.148 00092.254 00092.322 00092.398 00092.482 00092.897 00093.029 00093.259 00093.545 00093.806 00093.925 00094.044 00094.161 00094.386 00094.566 00094.763 00095.085 00095.068 00094.955 00094.888 00094.920 00094.953 00094.976 00094.995 00095.007 00095.018 00095.007 00094.987 00094.970 00094.962 00094.939 00094.902 00094.852 00094.776 00094.775
-0001.000 -0001.000 -0001.000 -0001.000 -0001.000 -0001.000 00086.739 00087.639 00088.292 00088.713 00089.037 00089.307 00089.574 00089.817 00090.029 00090.117 00090.262 00090.486 00090.723 00090.909 00091.102 00091.317 00091.428 00091.553 00091.663 00091.679 00091.691 00091.932 00092.036 00092.063 00092.160 00092.672 00092.920 00093.053 00093.290 00093.521 00093.640 00093.721 00093.915 00094.183 00094.425 00094.550 00094.719 00094.787 00094.623 00094.608 00094.674 00094.751 00094.749 00094.777 00094.820 00094.845 00094.744 00094.611 00094.533 00094.524 00094.523 00094.575 00094.726 00094.809
-0001.000 -0001.000 -0001.000 -0001.000 -0001.000 -0001.000 -0001.000 00087.163 00087.803 00088.293 00088.688 00088.978 00089.247 00089.551 00089.750 00089.924 00090.026 00090.067 00090.318 00090.556 00090.701 00090.817 00091.036 00091.220 00091.245 00091.254 00091.339 00091.437 00091.621 00091.734 00091.734 00091.983 00092.329 00092.804 00092.891 00093.038 00093.181 00093.372 00093.531 00093.643 00093.983 00094.176 00094.294 00094.272 00094.273 00094.356 00094.355 00094.338 00094.348 00094.375 00094.498 00094.611 00094.588 00094.394 00094.186 00094.223 00094.294 00094.283 00094.259 00094.273
-0001.000 -0001.000 -0001.000 -0001.000 -0001.000 -0001.000 -0001.000 00086.755 00087.211 00087.857 00088.305 00088.660 00088.936 00089.220 00089.439 00089.622 00089.788 00089.938 00090.052 00090.082 00090.299 00090.499 00090.633 00090.753 00090.883 00090.930 00090.990 00091.066 00091.249 00091.353 00091.413 00091.546 00091.808 00092.072 00092.369 00092.732 00092.910 00092.949 00093.142 00093.290 00093.522 00093.716 00093.853 00093.923 00093.938 00093.906 00093.879 00093.870 00093.873 00093.900 00093.998 00094.213 00094.415 00094.305 00094.139 00094.026 00094.021 00094.016 00094.010 00094.004
-0001.000 -0001.000 -0001.000 -0001.000 -0001.000 -0001.000 -0001.000 -0001.000 00086.845 00087.250 00087.842 00088.247 00088.606 00088.886 00089.097 00089.288 00089.452 00089.631 00089.817 00089.955 00090.004 00090.094 00090.347 00090.461 00090.565 00090.587 00090.616 00090.764 00090.848 00091.071 00091.123 00091.131 00091.445 00091.689 00091.924 00092.139 00092.394 00092.732 00092.822 00092.972 00093.125 00093.287 00093.335 00093.464 00093.550 00093.530 00093.584 00093.559 00093.516 00093.493 00093.513 00093.562 00093.641 00093.728 00093.762 00093.835 00093.810 00093.665 00093.552 00093.461
-0001.000 -0001.000 -0001.000 -0001.000 -0001.000 -0001.000 -0001.000 -0001.000 -0001.000 00086.795 00087.197 00087.776 00088.133 00088.480 00088.727 00088.944 00089.171 00089.345 00089.505 00089.695 00089.795 00089.870 00090.028 00090.118 00090.256 00090.217 00090.315 00090.494 00090.710 00090.766 00090.797 00090.848 00091.072 00091.302 00091.517 00091.728 00091.929 00092.150 00092.344 00092.710 00092.857 00092.934 00093.022 00093.030 00093.205 00093.290 00093.132 00093.176 00093.253 00093.303 00093.421 00093.533 00093.406 00093.281 00093.272 00093.353 00093.410 00093.282 00093.158 00093.134
-0001.000 -0001.000 -0001.000 -0001.000 -0001.000 -0001.000 -0001.000 -0001.000 -0001.000 -0001.000 00086.775 00087.146 00087.675 00087.992 00088.281 00088.546 00088.767 00089.010 00089.224 00089.405 00089.512 00089.640 00089.762 00089.859 00089.984 00089.985 00090.094 00090.193 00090.329 00090.455 00090.481 00090.522 00090.715 00090.899 00091.105 00091.285 00091.528 00091.711 00091.856 00092.069 00092.233 00092.524 00092.803 00092.893 00092.993 00093.102 00092.919 00092.794 00092.842 00092.991 00093.173 00093.199 00093.224 00093.232 00093.218 00093.123 00092.986 00092.847 00092.838 00092.821
-0001.000 -0001.000 -0001.000 -0001.000 -0001.000 -0001.000 -0001.000 -0001.000 -0001.000 -0001.000 -0001.000 00086.724 00087.082 00087.526 00087.790 00088.148 00088.419 00088.661 00088.824 00089.022 00089.221 00089.303 00089.478 00089.657 00089.782 00089.809 00089.859 00090.017 00090.103 00090.164 00090.205 00090.231 00090.374 00090.504 00090.733 00090.891 00091.082 00091.329 00091.471 00091.667 00091.832 00092.009 00092.245 00092.433 00092.563 00092.804 00092.826 00092.626 00092.742 00092.922 00092.923 00092.807 00092.634 00092.798 00092.974 00093.065 00092.882 00092.701 00092.612 00092.609
-0001.000 -0001.000 -0001.000 -0001.000 -0001.000 -0001.000 -0001.000 -0001.000 -0001.000 -0001.000 -0001.000 -0001.000 -0001.000 -0001.000 00087.280 00087.617 00088.011 00088.244 00088.535 00088.649 00088.840 00088.997 00089.192 00089.390 00089.482 00089.573 00089.563 00089.711 00089.876 00089.958 00090.016 00090.034 00090.074 00090.190 00090.356 00090.536 00090.716 00090.946 00091.091 00091.239 00091.482 00091.699 00091.843 00091.989 00092.136 00092.222 00092.178 00092.253 00092.456 00092.553 00092.587 00092.570 00092.508 00092.506 00092.699 00092.874 00092.838 00092.632 00092.431 00092.377
-0001.000 -0001.000 -0001.000 -0001.000 -0001.000 -0001.000 -0001.000 -0001.000 -0001.000 -0001.000 -0001.000 -0001.000 -0001.000 -0001.000 00086.839 00087.083 00087.478 00087.823 00088.109 00088.290 00088.466 00088.698 00088.869 00089.088 00089.266 00089.267 00089.343 00089.413 00089.601 00089.716 00089.793 00089.824 00089.809 00089.867 00089.998 00090.161 00090.343 00090.525 00090.741 00090.892 00091.070 00091.287 00091.452 00091.590 00091.744 00091.830 00091.888 00091.968 00091.961 00091.970 00091.986 00091.886 00091.868 00091.949 00092.020 00092.101 00092.190 00092.156 00092.058 00091.978
-0001.000 -0001.000 -0001.000 -0001.000 -0001.000 -0001.000 -0001.000 -0001.000 -0001.000 -0001.000 -0001.000 -0001.000 -0001.000 -0001.000 -0001.000 00086.717 00086.923 00087.292 00087.623 00087.826 00088.089 00088.326 00088.587 00088.743 00088.937 00089.005 00089.042 00089.202 00089.341 00089.453 00089.498 00089.570 00089.597 00089.621 00089.709 00089.848 00090.027 00090.161 00090.375 00090.583 00090.766 00090.939 00091.050 00091.099 00091.347 00091.447 00091.511 00091.649 00091.651 00091.702 00091.624 00091.527 00091.572 00091.582 00091.595 00091.704 00091.819 00091.886 00091.862 00091.787
-0001.000 -0001.000 -0001.000 -0001.000 -0001.000 -0001.000 -0001.000 -0001.000 -0001.000 -0001.000 -0001.000 -0001.000 -0001.000 -0001.000 -0001.000 -0001.000 -0001.000 -0001.000 -0001.000 00087.414 00087.662 00087.976 00088.230 00088.394 00088.518 00088.659 00088.714 00088.870 00089.015 00089.149 00089.225 00089.270 00089.328 00089.338 00089.415 00089.537 00089.763 00089.925 00090.112 00090.178 00090.371 00090.545 00090.716 00090.861 00090.961 00091.042 00091.247 00091.271 00091.365 00091.467 00091.520 00091.393 00091.288 00091.365 00091.343 00091.236 00091.443 00091.665 00091.723 00091.674
-0001.000 -0001.000 -0001.000 -0001.000 -0001.000 -0001.000 -0001.000 -0001.000 -0001.000 -0001.000 -0001.000 -0001.000 -0001.000 -0001.000 -0001.000 -0001.000 -0001.000 -0001.000 -0001.000 -0001.000 -0001.000 -0001.000 -0001.000 -0001.000 00088.134 00088.219 00088.406 00088.518 00088.696 00088.798 00088.878 00088.933 00088.977 00089.014 00089.095 00089.275 00089.459 00089.715 00089.832 00089.976 00090.086 00090.179 00090.196 00090.413 00090.532 00090.715 00090.891 00090.966 00090.931 00090.960 00091.050 00091.183 00091.145 00091.066 00090.945 00091.066 00091.265 00091.355 00091.359 00091.236
-0001.000 -0001.000 -0001.000 -0001.000 -0001.000 -0001.000 -0001.000 -0001.000 -0001.000 -0001.000 -0001.000 -0001.000 -0001.000 -0001.000 -0001.000 -0001.000 -0001.000 -0001.000 -0001.000 -0001.000 -0001.000 -0001.000 -0001.000 -0001.000 -0001.000 -0001.000 00088.018 00088.199 00088.336 00088.444 00088.542 00088.624 00088.684 00088.727 00088.756 00088.955 00089.206 00089.361 00089.555 00089.692 00089.813 00089.918 00089.980 00090.059 00090.179 00090.374 00090.432 00090.504 00090.681 00090.685 00090.686 00090.716 00090.779 00090.855 00090.858 00090.807 00090.955 00091.123 00090.995 00090.927
-0001.000 -0001.000 -0001.000 -0001.000 -0001.000 -0001.000 -0001.000 -0001.000 -0001.000 -0001.000 -0001.000 -0001.000 -0001.000 -0001.000 -0001.000 -0001.000 -0001.000 -0001.000 -0001.000 -0001.000 -0001.000 -0001.000 -0001.000 -0001.000 -0001.000 -0001.000 -0001.000 -0001.000 -0001.000 -0001.000 -0001.000 -0001.000 00088.382 00088.440 00088.468 00088.545 00088.845 00089.029 00089.201 00089.369 00089.475 00089.615 00089.717 00089.795 00089.885 00089.978 00090.100 00090.133 00145.353 00346.958 00480.783 00406.862 00453.309 00238.775 00103.804 00090.704 00090.630 00090.643 00090.655 00090.665
-0001.000 -0001.000 -0001.000 -0001.000 -0001.000 -0001.000 -0001.000 -0001.000 -0001.000 -0001.000 -0001.000 -0001.000 -0001.000 -0001.000 -0001.000 -0001.000 -0001.000 -0001.000 -0001.000 -0001.000 -0001.000 -0001.000 -0001.000 -0001.000 -0001.000 -0001.000 -0001.000 -0001.000 -0001.000 -0001.000 -0001.000 -0001.000 -0001.000 -0001.000 00088.163 00088.155 00088.390 00088.646 00088.860 00089.007 00089.165 00089.284 00089.377 00089.489 00089.637 00089.785 00089.892 00090.035 00089.995 00215.522 00465.781 00479.261 00479.624 00300.034 00198.271 00093.228 00090.472 00090.511 00090.442 00090.395
-0001.000 -0001.000 -0001.000 -0001.000 -0001.000 -0001.000 -0001.000 -0001.000 -0001.000 -0001.000 -0001.000 -0001.000 -0001.000 -0001.000 -0001.000 -0001.000 -0001.000 -0001.000 -0001.000 -0001.000 -0001.000 -0001.000 -0001.000 -0001.000 -0001.000 -0001.000 -0001.000 -0001.000 -0001.000 -0001.000 -0001.000 -0001.000 -0001.000 -0001.000 -0001.000 -0001.000 -0001.000 -0001.000 -0001.000 00088.657 00088.810 00088.945 00089.083 00089.177 00089.252 00089.376 00089.599 00276.253 00273.161 00475.777 00478.237 00477.811 00478.071 00478.330 00479.407 00119.728 00090.315 00090.376 00090.321 00090.111
-0001.000 -0001.000 -0001.000 -0001.000 -0001.000 -0001.000 -0001.000 -0001.000 -0001.000 -0001.000 -0001.000 -0001.000 -0001.000 -0001.000 -0001.000 -0001.000 -0001.000 -0001.000 -0001.000 -0001.000 -0001.000 -0001.000 -0001.000 -0001.000 -0001.000 -0001.000 -0001.000 -0001.000 -0001.000 -0001.000 -0001.000 -0001.000 -0001.000 -0001.000 -0001.000 -0001.000 -0001.000 -0001.000 -0001.000 -0001.000 -0001.000 00088.603 00088.751 00088.855 00088.945 00088.998 00089.014 00172.316 00453.124 00476.747 00476.970 00476.506 00476.829 00477.764 00290.846 00134.861 00413.064 00142.386 00093.737 00089.730
-0001.000 -0001.000 -0001.000 -0001.000 -0001.000 -0001.000 -0001.000 -0001.000 -0001.000 -0001.000 -0001.000 -0001.000 -0001.000 -0001.000 -0001.000 -0001.000 -0001.000 -0001.000 -0001.000 -0001.000 -0001.000 -0001.000 -0001.000 -0001.000 -0001.000 -0001.000 -0001.000 -0001.000 -0001.000 -0001.000 -0001.000 -0001.000 -0001.000 -0001.000 -0001.000 -0001.000 -0001.000 -0001.000 -0001.000 -0001.000 -0001.000 -0001.000 -0001.000 -0001.000 -0001.000 -0001.000 -0001.000 -0001.000 -0001.000 -0001.000 -0001.000 00474.775 00475.281 00475.532 00475.886 00213.966 00237.438 00476.838 00477.221 00430.131
-0001.000 -0001.000 -0001.000 -0001.000 -0001.000 -0001.000 -0001.000 -0001.000 -0001.000 -0001.000 -0001.000 -0001.000 -0001.000 -0001.000 -0001.000 -0001.000 -0001.000 -0001.000 -0001.000 -0001.000 -0001.000 -0001.000 -0001.000 -0001.000 -0001.000 -0001.000 -0001.000 -0001.000 -0001.000 -0001.000 -0001.000 -0001.000 -0001.000 -0001.000 -0001.000 -0001.000 -0001.000 -0001.000 -0001.000 -0001.000 -0001.000 -0001.000 -0001.000 -0001.000 -0001.000 -0001.000 -0001.000 -0001.000 -0001.000 -0001.000 -0001.000 -0001.000 -0001.000 00474.211 00474.375 00474.888 00475.394 00475.684 00475.827 00476.149
-0001.000 -0001.000 -0001.000 -0001.000 -0001.000 -0001.000 -0001.000 -0001.000 -0001.000 -0001.000 -0001.000 -0001.000 -0001.000 -0001.000 -0001.000 -0001.000 -0001.000 -0001.000 -0001.000 -0001.000 -0001.000 -0001.000 -0001.000 -0001.000 -0001.000 -0001.000 -0001.000 -0001.000 -0001.000 -0001.000 -0001.000 -0001.000 -0001.000 -0001.000 -0001.000 -0001.000 -0001.000 -0001.000 -0001.000 -0001.000 -0001.000 -0001.000 -0001.000 -0001.000 -0001.000 -0001.000 -0001.000 -0001.000 -0001.000 -0001.000 -0001.000 -0001.000 -0001.000 -0001.000 -0001.000 -0001.000 00474.049 00474.349 00474.665 00474.969
