data/trial10/ashley.ros
NCOLS 382
NROWS 266
XLLCORNER 157819.328125
YLLCORNER 384678.625000
CELLSIZE 30.000000
NODATA_VALUE -1
[rows 136 to 169 of 266, columns 231 to 307 of 382]
15.12 13.51 11.45 09.08 10.93 16.97 23.33 09.16 10.98 11.28 14.03 15.90 17.95 12.38 10.01 07.40 11.31 10.18 11.14 13.02 14.09 14.11 12.63 11.27 11.14 11.85 12.55 12.72 13.02 02.78 02.08 00.56 00.33 00.35 -1.00 -1.00 -1.00 -1.00 -1.00 00.24 00.32 00.41 02.08 08.02 16.12 13.30 09.68 08.12 07.18 07.89 08.63 08.68 10.96 14.03 11.75 07.95 07.62 07.60 10.23 13.61 14.06 08.85 08.05 06.35 01.77 02.42 02.67 04.40 05.07 05.72 04.30 04.13 04.36 -1.00 -1.00 -1.00 -1.00
12.78 12.89 11.43 08.51 09.83 13.43 14.71 09.60 10.93 12.51 16.45 20.27 20.46 13.21 09.48 07.24 11.41 10.82 09.97 12.73 12.73 12.47 11.46 10.76 11.53 12.27 12.27 11.91 11.58 02.33 01.26 00.29 00.30 -1.00 -1.00 00.37 00.54 00.58 00.47 00.35 00.42 12.46 11.87 08.82 13.60 12.54 09.43 09.22 06.85 06.45 07.10 08.69 09.79 11.02 08.59 07.97 07.58 08.32 10.45 12.46 09.51 07.70 01.79 02.09 02.18 03.57 04.42 04.55 04.45 04.21 04.25 03.71 -1.00 -1.00 -1.00 01.48 01.67
12.57 11.71 10.15 07.35 09.09 10.92 07.48 09.34 10.59 14.91 18.43 20.48 17.22 14.14 08.71 10.45 11.94 10.72 10.55 09.41 10.52 10.70 10.50 11.59 12.88 12.98 11.56 11.23 09.78 00.99 00.27 00.34 -1.00 00.34 00.43 00.54 00.54 00.53 00.50 00.48 05.12 17.45 11.73 11.32 11.17 10.71 09.39 09.24 06.36 06.03 05.89 06.28 08.28 07.79 07.55 07.25 07.35 08.77 09.76 08.45 06.94 01.75 02.48 03.14 05.07 05.15 05.41 05.33 04.07 03.81 -1.00 -1.00 -1.00 -1.00 01.63 02.32 06.07
11.28 11.27 09.31 09.76 07.79 10.25 07.33 08.88 12.76 16.82 19.93 21.31 16.98 11.85 07.78 19.04 15.24 10.68 09.40 10.33 10.42 11.02 11.93 13.26 13.68 13.01 12.07 10.19 08.25 00.22 00.32 00.39 -1.00 00.35 00.43 00.52 00.53 00.55 00.65 17.22 05.35 15.32 12.03 10.23 09.38 09.22 09.31 07.15 06.34 05.32 04.07 05.66 06.32 06.49 05.67 05.71 06.51 07.06 07.31 06.68 01.95 02.61 03.89 05.27 06.31 06.79 06.67 05.15 -1.00 -1.00 -1.00 -1.00 01.40 01.84 02.27 03.32 04.97
11.25 10.52 09.27 09.35 07.88 08.57 07.42 10.11 13.21 15.45 19.26 19.14 17.41 09.41 07.01 16.15 14.32 11.39 09.20 08.23 08.27 09.63 11.12 11.61 12.75 13.78 11.03 09.11 07.48 00.23 00.35 00.47 00.27 04.07 02.50 01.58 02.84 06.59 10.67 15.01 09.01 12.58 10.04 08.94 08.10 07.85 07.57 06.36 05.31 03.38 02.02 04.11 04.64 03.19 04.61 04.99 04.63 05.95 06.49 02.80 03.09 06.04 06.77 06.22 06.07 06.10 06.21 -1.00 -1.00 -1.00 01.21 01.54 01.93 02.03 08.11 15.56 05.75
11.61 09.97 09.64 09.13 09.31 07.65 09.41 10.41 12.32 16.15 20.23 16.22 15.18 08.74 08.61 12.18 11.38 09.78 10.02 10.85 11.51 14.96 17.12 16.85 17.77 12.16 09.78 08.30 07.33 00.27 00.38 00.58 00.26 02.50 03.63 03.68 04.94 07.85 09.44 11.76 11.20 10.23 08.59 07.55 06.61 06.09 06.04 05.63 04.38 00.99 01.30 01.25 01.26 01.37 01.64 01.96 02.22 02.85 04.07 05.18 05.21 06.40 06.66 05.76 05.83 05.45 04.00 -1.00 -1.00 01.23 01.58 01.73 02.61 05.18 11.76 18.60 14.44
13.78 13.01 09.25 09.24 07.63 08.82 09.43 10.24 12.82 15.21 17.68 19.97 16.85 07.66 06.89 08.70 09.19 08.05 08.34 10.28 11.96 13.75 16.37 18.53 20.05 10.76 08.58 07.79 03.77 00.38 00.44 00.66 00.51 01.46 03.20 03.23 05.23 08.50 09.68 09.00 09.15 08.33 07.16 05.89 05.91 05.19 04.54 04.45 01.03 01.41 01.66 01.57 01.50 01.81 02.30 02.86 03.36 03.79 04.69 05.87 06.92 05.66 06.06 05.34 05.36 04.48 -1.00 00.98 01.45 01.45 02.07 25.51 25.87 09.43 17.79 17.89 13.82
21.81 14.83 10.80 06.94 07.80 08.52 09.18 10.26 11.80 12.54 13.86 15.88 14.81 08.10 04.42 07.43 08.22 08.74 08.36 07.41 09.18 12.74 15.05 18.04 16.27 09.20 08.61 07.73 00.41 00.32 00.44 00.35 00.30 01.10 02.16 04.46 06.98 08.65 09.23 07.93 07.10 07.01 05.80 04.62 04.79 04.27 03.72 01.14 01.52 01.69 01.94 02.20 01.66 01.24 02.02 02.44 02.74 03.18 03.61 03.67 04.44 05.26 04.81 03.49 02.60 01.14 01.31 01.36 02.44 05.16 21.24 31.94 24.82 15.44 21.19 17.64 13.46
27.30 17.50 14.81 08.00 08.36 08.49 09.54 10.75 11.54 12.05 12.57 13.53 12.76 09.44 11.81 16.77 19.97 09.29 09.93 11.00 08.08 10.30 13.19 14.46 11.58 09.87 09.02 07.73 01.41 00.28 00.30 00.31 00.33 00.32 00.58 02.06 04.75 08.44 07.66 07.27 06.14 05.61 04.66 04.14 03.76 03.36 01.32 01.46 01.63 01.22 01.33 01.27 01.34 01.54 01.75 01.68 01.73 01.69 01.72 01.80 01.68 01.59 01.52 01.47 01.42 01.41 01.67 03.65 03.68 06.18 13.61 25.06 21.07 19.28 17.27 16.16 14.08
26.74 20.52 15.44 13.96 13.32 21.00 38.83 28.62 15.91 14.07 12.27 12.68 13.33 07.98 15.27 22.04 37.77 22.91 10.37 10.68 11.70 09.15 11.24 10.85 09.13 09.42 09.35 07.53 05.44 04.22 03.17 05.33 06.46 06.69 05.05 01.15 05.58 06.41 08.18 06.43 05.73 04.60 04.38 04.18 04.09 03.92 02.45 02.66 02.20 01.36 01.48 01.56 01.59 01.61 01.68 01.71 01.74 01.88 02.09 02.23 02.08 02.01 02.06 02.34 02.35 02.83 06.51 11.52 21.30 07.62 16.71 18.98 16.55 16.85 15.84 15.14 13.74
24.90 13.03 15.66 25.95 30.91 61.05 106.14 172.13 190.41 99.14 36.61 12.08 10.31 06.84 17.50 20.34 43.05 83.62 52.07 10.67 11.64 12.57 08.96 08.34 08.22 08.90 08.58 07.46 07.67 06.84 07.51 08.13 05.97 04.97 01.99 04.43 05.96 06.30 07.47 05.34 04.97 04.40 04.23 04.27 04.47 04.55 04.40 04.36 05.36 07.91 10.57 04.98 06.13 04.70 03.49 02.24 02.25 02.11 01.96 02.23 02.54 02.92 03.31 03.65 04.14 04.92 09.41 14.66 19.53 11.51 15.31 14.35 13.73 14.71 14.96 14.31 11.87
11.53 25.04 138.73 184.17 88.35 101.51 167.42 165.16 139.36 101.33 32.46 09.73 07.43 06.73 08.46 21.40 68.59 97.47 103.58 14.40 11.45 12.20 09.29 08.43 08.57 08.49 08.18 07.65 08.27 09.20 07.10 07.18 04.56 03.04 01.96 04.55 06.22 06.20 05.84 04.58 04.38 04.39 04.35 04.46 04.69 04.87 04.79 04.39 04.59 06.76 06.71 08.86 13.46 11.76 10.93 11.67 13.00 10.15 13.96 20.72 19.37 18.75 16.11 06.63 17.58 07.09 12.77 19.62 14.72 12.79 13.02 11.58 12.51 13.87 14.71 14.28 12.10
38.07 109.47 159.64 163.69 129.77 147.15 135.26 113.15 50.79 24.66 06.13 06.57 06.86 09.01 11.04 67.38 100.22 104.79 113.47 72.93 10.98 12.18 10.94 08.20 08.70 08.65 08.81 08.19 09.24 09.57 07.84 06.23 04.12 03.12 02.09 05.02 05.56 05.55 04.97 04.25 04.16 04.63 04.54 04.80 04.92 05.11 04.86 04.22 04.45 03.68 09.95 15.62 18.80 20.06 16.83 19.01 18.52 18.52 19.71 22.29 23.78 22.53 21.25 17.23 17.15 13.83 17.85 16.59 13.30 11.41 11.08 11.14 11.80 13.45 15.04 15.15 10.53
82.22 103.88 134.52 141.63 128.63 114.66 147.74 18.52 13.03 16.72 12.24 12.75 09.33 15.94 53.10 107.87 108.02 112.35 106.82 33.02 10.86 12.06 12.71 09.01 09.27 09.00 09.23 06.89 06.70 05.81 05.38 04.93 04.02 02.87 01.89 04.97 04.49 04.30 03.95 03.88 04.67 04.84 04.74 04.76 04.85 05.13 04.61 04.24 04.37 06.33 13.19 25.65 33.60 40.37 33.00 27.99 27.50 21.68 22.28 21.74 25.82 22.22 18.78 14.95 14.64 15.28 14.99 13.05 12.45 11.25 11.28 11.02 11.69 13.46 14.59 13.80 09.71
12.95 35.98 102.62 80.75 120.00 132.40 62.88 28.29 23.75 20.42 13.97 09.37 40.83 61.68 102.74 109.32 109.30 104.81 98.54 90.83 10.56 13.07 15.04 10.80 10.29 09.04 08.06 04.94 04.72 04.62 04.55 04.34 03.10 01.83 04.49 04.07 04.21 03.78 03.41 04.20 04.81 05.22 05.00 04.72 04.95 05.07 04.39 03.95 03.93 05.85 10.90 19.15 28.41 41.84 49.72 38.36 36.78 22.91 22.82 22.71 23.81 18.75 15.52 13.04 14.24 12.60 12.32 11.78 11.18 11.20 10.94 10.71 11.50 12.65 13.31 12.48 09.74
12.99 13.48 33.71 86.64 67.00 36.01 24.86 27.16 26.13 24.78 16.12 74.27 111.39 86.54 105.70 104.91 104.29 99.17 81.55 19.05 11.14 14.97 14.85 11.00 09.28 06.69 04.92 04.52 04.14 04.14 03.84 02.80 01.64 03.67 03.55 03.77 03.52 03.20 03.67 04.02 05.80 05.19 04.67 04.91 05.25 05.49 04.64 04.36 03.48 04.86 07.17 17.02 24.01 35.50 42.30 39.26 30.17 22.23 22.17 20.79 16.51 14.87 12.66 12.68 12.84 11.63 11.22 10.72 10.73 11.00 10.73 10.74 11.37 11.92 11.83 11.29 09.63
12.91 13.28 15.08 52.24 131.33 161.83 19.91 25.27 23.39 25.98 71.20 104.21 108.88 101.13 101.38 101.94 98.95 65.02 48.23 08.16 10.88 14.51 10.64 08.26 04.98 04.25 04.12 03.74 03.66 03.18 02.34 01.40 02.96 02.47 03.21 03.53 03.35 03.38 03.66 06.27 05.59 05.19 04.92 05.16 05.91 05.00 03.43 02.20 07.11 08.13 06.11 08.20 14.80 24.06 29.74 29.37 23.85 19.72 17.99 16.30 14.25 12.78 11.83 12.78 12.18 12.24 09.86 10.15 10.56 10.38 10.04 10.42 11.16 10.83 10.47 10.40 09.09
13.14 13.00 53.49 123.99 140.33 133.43 34.84 21.73 28.77 25.81 55.53 106.77 108.65 97.32 94.99 86.62 41.94 34.54 05.84 08.62 11.82 10.36 09.16 04.21 03.77 03.62 03.42 03.15 02.61 01.84 01.09 02.38 02.58 03.10 03.39 03.23 03.17 03.82 05.54 05.68 05.86 05.15 05.23 05.33 05.44 04.79 03.71 07.66 08.11 07.97 07.45 04.92 10.07 13.22 21.19 20.01 16.92 15.05 14.15 13.32 12.17 10.84 11.05 12.35 12.19 10.19 09.97 09.72 09.79 09.76 09.92 10.11 10.56 10.34 10.03 08.96 09.66
12.59 12.55 33.48 102.98 78.82 70.33 42.50 90.07 27.08 20.34 27.09 91.45 98.01 94.74 75.71 13.20 18.82 04.78 06.29 06.85 06.31 05.75 04.11 03.41 03.27 03.10 02.68 01.82 00.96 01.73 02.09 03.28 03.42 03.62 03.28 03.34 04.38 04.89 05.76 05.76 05.35 05.27 05.09 04.94 02.39 02.72 08.46 11.04 11.40 08.88 06.98 04.78 05.28 08.11 13.40 13.64 12.59 12.79 12.68 11.70 10.29 10.06 10.13 10.93 11.08 10.36 09.22 09.11 09.03 09.01 08.97 09.48 09.77 09.66 09.36 09.66 12.04
12.40 13.14 13.51 36.48 21.68 112.84 143.41 143.85 56.43 15.34 21.48 43.65 77.51 59.89 05.47 05.02 04.70 03.72 03.94 04.28 04.17 03.58 03.09 02.89 02.83 02.29 01.75 00.98 01.91 03.50 03.71 04.07 03.84 03.65 03.62 04.02 04.21 04.71 04.84 05.44 05.42 04.77 04.63 02.45 09.22 09.26 10.51 12.73 16.69 23.67 11.62 05.91 05.12 06.34 09.63 09.34 11.09 12.01 11.49 10.12 09.53 09.11 09.14 09.33 09.49 09.27 08.92 07.31 06.87 06.86 07.00 07.62 10.43 11.02 08.76 05.74 01.58
11.68 12.85 13.42 13.52 53.90 114.20 106.36 81.62 54.79 31.29 32.25 51.63 34.78 05.68 07.56 08.64 06.71 05.26 04.33 03.13 02.58 02.56 02.54 02.27 02.23 01.62 00.97 02.06 03.38 03.85 04.22 03.66 03.74 03.73 03.91 04.03 03.90 03.91 04.30 04.57 04.74 02.65 03.79 08.46 09.33 15.49 24.21 24.63 26.63 31.81 24.25 06.43 05.10 04.98 06.56 09.27 10.83 10.50 09.45 09.01 08.36 07.61 07.65 07.76 07.92 07.38 06.12 05.21 05.78 06.70 07.47 13.97 01.25 01.46 01.68 01.63 -1.00
49.62 14.08 12.23 12.85 55.33 51.34 47.46 40.27 31.78 29.16 24.19 25.43 15.32 06.01 08.40 09.80 06.96 06.06 04.69 04.44 03.12 01.82 01.67 01.40 00.90 01.41 02.23 03.60 04.16 04.12 03.83 03.78 04.10 04.16 04.18 04.03 03.99 04.06 03.73 02.34 07.78 08.00 08.12 07.46 17.31 29.47 53.00 36.61 37.95 32.66 25.11 15.28 05.38 04.05 05.10 07.09 07.62 08.16 08.51 07.88 07.17 07.05 06.97 06.97 06.13 05.90 05.98 06.00 06.22 00.89 00.96 01.29 01.44 01.37 -1.00 -1.00 -1.00
47.52 16.83 23.27 12.41 13.62 10.61 08.95 15.07 18.41 19.86 21.00 24.21 10.67 11.57 08.77 09.78 06.20 05.26 04.20 03.74 02.83 02.03 00.92 01.76 02.14 03.17 03.80 04.29 04.47 03.87 04.06 08.27 05.17 03.34 03.25 03.23 02.67 02.57 02.72 02.35 09.07 10.26 09.36 30.26 18.22 33.52 49.64 42.29 38.28 31.04 26.03 07.86 05.74 03.99 04.04 05.87 07.05 07.77 07.16 06.32 06.34 06.56 07.08 06.65 06.96 02.11 00.48 00.50 -1.00 -1.00 -1.00 -1.00 -1.00 -1.00 -1.00 -1.00 -1.00
38.82 44.08 11.25 11.12 12.20 11.73 06.78 43.19 09.70 15.61 17.50 19.85 23.10 08.89 11.82 07.38 05.30 04.50 03.95 03.52 02.58 01.61 02.20 03.73 04.45 05.00 03.95 03.80 03.89 05.09 14.37 08.34 04.41 03.82 03.20 03.12 03.12 05.61 02.07 02.75 11.34 16.35 31.58 43.84 32.88 42.78 41.72 36.18 34.25 29.43 28.09 05.87 05.89 04.27 04.29 05.14 05.52 06.26 06.70 07.33 08.09 08.23 10.12 09.90 00.57 -1.00 -1.00 -1.00 -1.00 -1.00 -1.00 -1.00 -1.00 -1.00 -1.00 -1.00 -1.00
33.89 37.59 43.05 17.68 11.57 08.71 09.17 55.02 53.21 43.51 34.68 20.79 21.64 24.16 12.98 05.60 04.73 03.84 03.42 02.62 01.96 01.17 02.66 04.54 05.50 06.10 07.22 05.78 06.39 05.47 08.38 09.94 16.50 19.75 23.28 05.77 04.32 03.09 09.01 09.05 13.55 20.71 30.47 33.54 37.09 39.33 33.30 29.45 28.27 25.79 05.48 05.43 05.43 04.49 04.67 04.47 05.65 06.79 08.19 09.60 10.79 10.09 10.38 10.70 00.69 -1.00 -1.00 -1.00 -1.00 -1.00 -1.00 -1.00 -1.00 -1.00 -1.00 -1.00 -1.00
30.60 32.42 27.09 15.75 20.98 10.30 09.05 29.15 21.40 15.78 32.10 32.28 33.62 33.87 07.69 05.62 04.05 05.23 04.39 03.47 02.78 01.56 02.25 04.42 05.03 06.31 07.31 07.32 03.80 04.24 09.54 17.49 19.04 21.37 20.29 07.87 07.23 04.91 05.17 12.49 09.19 20.50 30.63 32.54 32.53 29.35 25.94 24.34 22.46 08.89 05.03 05.56 05.57 06.10 05.93 06.10 08.21 09.05 10.34 09.79 08.30 07.13 07.21 04.57 00.80 -1.00 -1.00 -1.00 -1.00 -1.00 -1.00 -1.00 -1.00 -1.00 -1.00 -1.00 -1.00
27.77 29.70 31.49 18.29 18.83 07.79 08.00 07.46 26.35 34.32 39.33 35.09 32.04 17.96 05.60 05.66 05.88 04.95 04.47 04.06 03.25 02.14 01.82 03.78 04.90 05.98 05.44 06.59 18.47 19.05 19.48 19.84 21.01 23.98 29.15 32.68 14.48 08.11 16.29 18.14 15.52 25.80 30.75 29.08 27.48 23.88 20.20 17.67 16.85 08.84 05.76 05.61 05.97 06.09 06.02 07.05 10.89 13.22 14.98 12.51 11.94 09.79 09.15 08.81 00.66 -1.00 -1.00 -1.00 -1.00 -1.00 -1.00 -1.00 -1.00 -1.00 -1.00 -1.00 -1.00
25.93 25.76 28.69 33.46 12.11 11.82 06.97 06.92 13.82 16.82 25.16 20.80 12.12 09.66 08.99 09.02 04.69 04.69 04.39 04.49 03.79 02.48 01.43 03.30 05.01 07.56 12.49 19.94 20.71 21.21 20.42 21.35 22.67 25.36 29.18 33.52 21.37 20.50 25.85 19.29 24.51 29.94 27.85 24.65 22.28 17.45 15.06 14.21 15.40 06.34 05.79 05.69 05.91 06.10 05.90 08.43 11.55 15.04 17.82 16.59 15.77 13.61 11.98 06.56 00.59 -1.00 00.30 -1.00 -1.00 -1.00 -1.00 -1.00 -1.00 00.64 00.61 00.60 -1.00
24.03 22.20 21.03 21.77 24.12 24.56 05.99 06.79 04.81 04.47 07.89 09.71 10.44 10.70 11.10 07.29 05.47 03.99 04.29 04.91 03.76 01.95 02.12 04.19 05.10 19.88 23.35 26.34 28.36 29.63 29.35 27.43 27.17 26.59 28.28 25.63 25.93 25.52 21.21 21.11 23.78 26.28 22.36 20.88 16.37 13.89 07.38 14.78 12.96 04.56 04.81 04.71 04.72 04.53 07.44 09.23 13.27 17.05 19.53 22.26 14.09 04.63 04.25 03.55 02.48 06.97 03.69 01.05 01.02 00.62 00.81 01.08 01.39 01.50 01.64 01.62 01.09
18.10 17.67 16.90 17.37 18.62 19.56 05.12 06.19 03.62 12.26 07.46 07.57 07.63 07.80 08.00 03.57 03.61 04.38 05.53 05.13 02.99 01.74 04.47 05.59 08.61 10.88 22.07 28.01 30.21 32.38 32.65 32.93 33.28 27.59 21.92 19.84 22.92 20.39 18.93 19.90 23.70 21.09 17.58 13.67 11.76 03.33 06.93 07.96 03.16 03.58 03.58 03.65 03.46 05.83 08.42 12.01 14.34 16.63 21.40 05.85 06.37 09.94 15.74 24.91 24.24 09.34 21.15 04.19 14.04 01.68 01.84 01.96 07.73 28.96 40.77 42.83 33.35
16.82 16.33 15.61 15.94 17.18 14.05 12.64 05.82 03.29 08.15 07.08 07.18 06.90 05.54 04.62 03.91 05.22 05.53 05.25 03.51 01.56 01.84 07.28 07.60 15.38 22.27 24.85 30.30 32.95 34.58 35.06 34.20 29.86 19.16 15.91 17.34 18.03 16.99 16.65 20.85 18.56 14.79 11.61 09.38 02.99 02.81 02.71 02.72 02.73 02.93 03.43 03.35 04.85 06.76 09.26 11.77 14.00 07.34 06.25 24.57 51.32 81.32 55.89 38.43 41.09 21.55 18.36 10.16 23.43 10.79 22.24 08.66 10.10 17.84 34.37 38.55 38.38
15.28 16.19 16.63 07.82 03.61 04.53 07.14 11.13 03.61 03.50 03.99 04.43 04.67 05.46 04.80 07.24 06.89 04.15 02.26 01.71 03.66 08.07 16.38 18.01 22.46 26.12 28.22 28.76 29.48 30.31 30.43 27.23 18.92 14.49 13.83 14.06 13.97 14.06 16.93 15.69 13.54 04.65 02.95 03.40 03.24 02.87 09.17 06.42 04.56 04.57 06.06 04.75 06.08 06.62 07.40 07.61 07.67 13.16 71.32 75.97 73.44 69.08 54.02 52.65 56.26 14.20 13.66 15.46 18.64 18.06 19.81 12.90 21.49 30.23 33.31 32.59 30.25
14.41 16.82 05.56 03.65 04.77 17.38 09.02 06.35 06.34 06.44 09.42 05.14 05.09 04.07 01.25 04.13 30.74 37.80 42.73 08.94 10.88 13.40 14.81 16.27 17.86 20.00 21.33 22.38 23.71 25.41 25.72 21.90 13.12 12.03 11.54 12.04 12.86 12.22 11.80 15.23 09.02 05.09 06.26 02.78 05.94 04.74 07.89 12.11 09.38 04.21 05.20 05.85 07.33 09.81 11.47 12.51 14.93 33.49 63.68 79.38 63.30 56.44 52.98 51.15 17.05 12.46 12.60 13.64 12.57 15.25 17.03 21.20 23.86 26.14 28.04 27.14 28.91
15.98 09.94 04.50 06.64 12.92 15.95 15.58 14.36 14.17 14.97 07.86 02.92 02.26 06.20 09.61 11.65 20.77 34.96 42.26 29.85 26.23 27.79 11.73 15.49 15.31 16.86 18.26 19.41 20.86 21.85 21.49 11.87 11.33 10.70 10.95 12.86 14.15 14.41 16.35 21.94 21.05 16.09 11.59 16.13 08.79 13.56 14.69 12.80 13.32 08.39 12.56 07.23 26.47 20.90 37.38 54.64 63.00 66.63 71.17 53.60 49.35 46.18 43.17 44.35 12.03 11.77 11.75 11.32 12.34 14.23 16.28 18.08 19.63 21.87 23.60 25.62 25.65
