data/trial10/ashley.toa
NCOLS 382
NROWS 266
XLLCORNER 157819.328125
YLLCORNER 384678.625000
CELLSIZE 30.000000
NODATA_VALUE -1
[rows 78 to 103 of 266, columns 120 to 179 of 382]
-0001.000 -0001.000 -0001.000 -0001.000 -0001.000 -0001.000 -0001.000 -0001.000 -0001.000 -0001.000 -0001.000 -0001.000 -0001.000 -0001.000 -0001.000 -0001.000 -0001.000 -0001.000 -0001.000 -0001.000 -0001.000 -0001.000 -0001.000 -0001.000 -0001.000 -0001.000 -0001.000 -0001.000 -0001.000 -0001.000 -0001.000 -0001.000 -0001.000 00013.630 00013.588 00013.591 00013.603 00013.616 00013.627 00013.638 00013.656 00013.675 00013.696 00013.726 00013.827 00013.995 00014.150 00014.506 00015.048 00015.663 00016.379 00017.152 00017.683 00018.273 00018.974 00020.138 00021.558 00023.243 00032.087 00033.763
00017.521 00017.452 -0001.000 -0001.000 -0001.000 00015.786 -0001.000 -0001.000 -0001.000 -0001.000 -0001.000 -0001.000 -0001.000 00014.145 -0001.000 -0001.000 -0001.000 -0001.000 -0001.000 -0001.000 -0001.000 -0001.000 -0001.000 -0001.000 -0001.000 -0001.000 -0001.000 -0001.000 -0001.000 -0001.000 -0001.000 -0001.000 00013.718 00013.584 00013.543 00013.555 00013.567 00013.578 00013.588 00013.601 00013.620 00013.639 00013.662 00013.687 00013.712 00013.902 00014.188 00014.539 00015.092 00015.689 00016.374 00017.147 00017.604 00018.194 00019.019 00020.394 00021.678 00023.173 00024.685 00032.458
00017.189 00017.064 00016.624 00016.341 00015.880 00015.696 00015.444 00015.196 00014.714 00014.467 00014.333 00014.228 00014.141 00014.072 -0001.000 -0001.000 00013.800 00013.801 -0001.000 -0001.000 -0001.000 -0001.000 00013.546 00013.553 -0001.000 -0001.000 -0001.000 -0001.000 -0001.000 -0001.000 -0001.000 -0001.000 00013.597 00013.526 00013.509 00013.520 00013.532 00013.542 00013.551 00013.566 00013.585 00013.604 00013.628 00013.654 00013.679 00014.030 00014.230 00014.569 00015.088 00015.674 00016.245 00016.877 00017.395 00018.034 00018.796 00019.775 00020.769 00021.954 00023.250 00022.534
00016.924 00016.598 00016.303 00016.020 00015.816 00015.658 00015.389 00014.995 00014.659 00014.418 00014.309 00014.197 00014.109 00014.030 00013.895 00013.806 00013.724 00013.647 00013.582 00013.539 00013.525 00013.511 00013.497 00013.495 00013.502 -0001.000 -0001.000 00013.447 00013.444 00013.443 00013.446 -0001.000 00013.474 00013.471 00013.475 00013.486 00013.497 00013.506 00013.516 00013.533 00013.551 00013.570 00013.593 00013.619 00013.709 00014.085 00014.250 00014.544 00015.068 00015.467 00015.911 00016.527 00017.163 00017.726 00018.372 00019.123 00020.107 00020.393 00020.227 00020.366
00016.664 00016.310 00016.194 00015.984 00015.794 00015.597 00015.332 00014.987 00014.623 00014.410 00014.290 00014.180 00014.079 00013.960 00013.853 00013.760 00013.669 00013.597 00013.530 00013.488 00013.476 00013.463 00013.451 00013.445 00013.439 00013.425 00013.414 00013.408 00013.404 00013.404 00013.407 00013.415 00013.424 00013.433 00013.443 00013.453 00013.463 00013.473 00013.484 00013.502 00013.519 00013.538 00013.558 00013.595 00013.796 00014.104 00014.257 00014.546 00014.847 00015.120 00015.519 00016.042 00016.689 00017.321 00017.908 00018.161 00018.234 00018.307 00018.444 00018.355
00016.577 00016.357 00016.129 00015.972 00015.809 00015.499 00015.230 00014.966 00014.629 00014.409 00014.280 00014.164 00014.047 00013.914 00013.812 00013.717 00013.625 00013.549 00013.478 00013.438 00013.426 00013.415 00013.405 00013.400 00013.392 00013.383 00013.375 00013.371 00013.366 00013.367 00013.372 00013.382 00013.391 00013.399 00013.410 00013.420 00013.430 00013.440 00013.453 00013.470 00013.488 00013.506 00013.525 00013.620 00013.912 00014.167 00014.349 00014.580 00014.749 00014.890 00015.035 00015.448 00016.003 00016.303 00016.443 00016.519 00016.594 00016.719 00016.804 00016.543
00016.625 00016.412 00016.198 00015.984 00015.826 00015.521 00015.128 00014.861 00014.618 00014.411 00014.283 00014.154 00014.035 00013.900 00013.770 00013.676 00013.582 00013.501 00013.428 00013.387 00013.377 00013.366 00013.360 00013.357 00013.349 00013.343 00013.338 00013.333 00013.330 00013.332 00013.340 00013.349 00013.357 00013.365 00013.376 00013.386 00013.395 00013.405 00013.421 00013.437 00013.454 00013.473 00013.506 00013.728 00014.080 00014.269 00014.440 00014.567 00014.685 00014.795 00014.901 00015.018 00015.224 00015.405 00015.527 00015.652 00015.797 00015.935 00015.867 00015.924
00016.711 00016.491 00016.281 00016.079 00015.865 00015.548 00015.165 00014.777 00014.588 00014.423 00014.286 00014.158 00014.024 00013.886 00013.745 00013.634 00013.539 00013.452 00013.377 00013.336 00013.327 00013.317 00013.314 00013.311 00013.307 00013.302 00013.299 00013.297 00013.296 00013.297 00013.306 00013.314 00013.321 00013.330 00013.340 00013.350 00013.359 00013.370 00013.386 00013.402 00013.419 00013.437 00013.513 00013.891 00014.113 00014.242 00014.372 00014.483 00014.589 00014.695 00014.807 00014.927 00015.070 00015.242 00015.407 00015.474 00015.578 00015.486 00015.533 00015.580
00016.818 00016.621 00016.479 00016.265 00015.957 00015.597 00015.202 00014.807 00014.588 00014.442 00014.303 00014.163 00014.030 00013.874 00013.733 00013.591 00013.496 00013.405 00013.325 00013.285 00013.277 00013.270 00013.268 00013.266 00013.262 00013.260 00013.260 00013.259 00013.260 00013.264 00013.272 00013.278 00013.285 00013.293 00013.303 00013.312 00013.320 00013.334 00013.349 00013.366 00013.383 00013.415 00013.539 00013.893 00014.101 00014.223 00014.344 00014.453 00014.565 00014.678 00014.785 00014.867 00014.946 00015.032 00015.129 00015.258 00015.091 00015.133 00015.174 00015.311
00017.000 00016.926 00016.858 00016.722 00016.187 00015.700 00015.271 00014.846 00014.620 00014.471 00014.325 00014.183 00014.038 00013.878 00013.722 00013.576 00013.452 00013.360 00013.271 00013.235 00013.228 00013.223 00013.222 00013.219 00013.217 00013.217 00013.218 00013.219 00013.222 00013.228 00013.234 00013.240 00013.246 00013.255 00013.264 00013.272 00013.281 00013.297 00013.312 00013.329 00013.346 00013.402 00013.570 00013.905 00014.105 00014.222 00014.332 00014.423 00014.521 00014.589 00014.638 00014.695 00014.773 00014.856 00014.949 00014.824 00014.882 00014.930 00015.043 00015.098
00017.215 00017.153 00017.095 00017.079 00016.434 00015.889 00015.449 00015.022 00014.662 00014.505 00014.355 00014.205 00014.054 00013.882 00013.720 00013.568 00013.414 00013.315 00013.221 00013.184 00013.179 00013.176 00013.175 00013.173 00013.172 00013.173 00013.174 00013.177 00013.182 00013.187 00013.193 00013.199 00013.206 00013.215 00013.223 00013.232 00013.243 00013.259 00013.275 00013.292 00013.315 00013.385 00013.609 00013.919 00014.080 00014.170 00014.264 00014.342 00014.406 00014.464 00014.518 00014.576 00014.645 00014.729 00014.672 00014.718 00014.779 00014.903 00014.967 00015.019
00017.405 00017.322 00017.286 00017.211 00016.687 00016.101 00015.638 00015.202 00014.776 00014.542 00014.387 00014.230 00014.082 00013.903 00013.718 00013.561 00013.409 00013.270 00013.170 00013.133 00013.130 00013.128 00013.127 00013.126 00013.126 00013.127 00013.129 00013.134 00013.139 00013.144 00013.150 00013.156 00013.164 00013.173 00013.182 00013.190 00013.205 00013.221 00013.237 00013.254 00013.270 00013.334 00013.595 00013.811 00013.979 00014.089 00014.154 00014.221 00014.291 00014.356 00014.413 00014.465 00014.531 00014.525 00014.565 00014.628 00014.766 00014.849 00014.917 00014.977
00017.582 00017.499 00017.462 00017.296 00016.918 00016.321 00015.802 00015.363 00014.928 00014.653 00014.504 00014.363 00014.229 00014.097 00013.900 00013.601 00013.404 00013.238 00013.116 00013.080 00013.080 00013.078 00013.077 00013.077 00013.077 00013.079 00013.082 00013.088 00013.093 00013.099 00013.105 00013.112 00013.121 00013.130 00013.139 00013.149 00013.166 00013.182 00013.199 00013.216 00013.232 00013.258 00013.473 00013.695 00013.830 00013.927 00014.007 00014.078 00014.154 00014.235 00014.302 00014.349 00014.369 00014.415 00014.478 00014.618 00014.716 00014.801 00014.875 00014.938
00017.760 00017.678 00017.654 00017.468 00017.118 00016.525 00015.953 00015.511 00015.080 00014.794 00014.626 00014.495 00014.364 00014.239 00014.164 00013.893 00013.452 00013.217 00013.055 00013.026 00013.023 00013.020 00013.019 00013.020 00013.020 00013.021 00013.027 00013.034 00013.043 00013.050 00013.057 00013.065 00013.075 00013.085 00013.095 00013.108 00013.126 00013.143 00013.161 00013.178 00013.194 00013.230 00013.365 00013.572 00013.702 00013.797 00013.863 00013.926 00014.013 00014.101 00014.161 00014.208 00014.268 00014.324 00014.461 00014.565 00014.665 00014.755 00014.833 00014.900
00017.953 00017.858 00017.805 00017.781 00017.356 00016.830 00016.253 00015.760 00015.329 00014.941 00014.757 00014.702 00014.629 00014.576 00014.344 00014.199 00013.595 00013.171 00012.988 00012.956 00012.950 00012.946 00012.942 00012.943 00012.944 00012.946 00012.949 00012.959 00012.969 00012.981 00012.992 00013.006 00013.018 00013.031 00013.045 00013.064 00013.084 00013.102 00013.121 00013.139 00013.157 00013.185 00013.270 00013.481 00013.607 00013.684 00013.740 00013.796 00013.865 00013.962 00014.067 00014.148 00014.208 00014.289 00014.485 00014.508 00014.613 00014.707 00014.789 00014.858
00018.197 00018.174 00018.120 00018.201 00017.647 00017.151 00016.585 00016.033 00015.594 00015.150 00015.057 00014.882 00014.725 00014.463 00014.224 00014.009 00013.727 00013.231 00012.910 00012.886 00012.874 00012.867 00012.864 00012.862 00012.862 00012.864 00012.866 00012.870 00012.881 00012.892 00012.903 00012.915 00012.932 00012.950 00012.966 00013.004 00013.032 00013.057 00013.078 00013.098 00013.118 00013.139 00013.188 00013.397 00013.528 00013.611 00013.657 00013.703 00013.784 00013.896 00014.013 00014.097 00014.188 00014.308 00014.337 00014.450 00014.558 00014.656 00014.744 00014.746
00018.602 00018.632 00018.680 00018.570 00017.942 00017.551 00017.084 00016.461 00015.884 00015.566 00015.121 00014.880 00014.614 00014.346 00014.103 00013.769 00013.483 00013.190 00012.908 00012.809 00012.799 00012.792 00012.786 00012.784 00012.781 00012.781 00012.784 00012.787 00012.792 00012.803 00012.814 00012.826 00012.838 00012.855 00012.873 00012.900 00012.944 00012.991 00013.025 00013.052 00013.077 00013.099 00013.144 00013.323 00013.446 00013.517 00013.574 00013.652 00013.742 00013.846 00013.953 00014.090 00014.207 00014.289 00014.284 00014.392 00014.501 00014.602 00014.632 00014.646
00019.302 00019.323 00019.087 00018.524 00017.994 00017.506 00016.977 00016.443 00015.926 00015.540 00015.240 00014.878 00014.562 00014.228 00013.951 00013.572 00013.241 00012.966 00012.792 00012.743 00012.725 00012.718 00012.713 00012.708 00012.704 00012.702 00012.701 00012.705 00012.708 00012.713 00012.724 00012.736 00012.749 00012.762 00012.779 00012.796 00012.836 00012.882 00012.932 00012.983 00013.024 00013.059 00013.096 00013.212 00013.336 00013.434 00013.530 00013.618 00013.707 00013.810 00013.983 00014.117 00014.260 00014.212 00014.247 00014.337 00014.444 00014.499 00014.522 00014.565
00020.278 00019.697 00018.913 00018.372 00017.866 00017.421 00016.980 00016.408 00015.899 00015.513 00015.139 00014.827 00014.513 00014.175 00013.767 00013.386 00013.000 00012.825 00012.707 00012.681 00012.666 00012.652 00012.639 00012.635 00012.630 00012.626 00012.623 00012.621 00012.625 00012.629 00012.635 00012.646 00012.658 00012.671 00012.686 00012.703 00012.726 00012.773 00012.822 00012.877 00012.930 00013.005 00013.054 00013.091 00013.245 00013.367 00013.475 00013.575 00013.698 00013.858 00014.033 00014.181 00014.184 00014.143 00014.204 00014.289 00014.360 00014.390 00014.428 00014.478
00020.247 00019.514 00018.765 00018.226 00017.742 00017.295 00016.844 00016.422 00015.893 00015.484 00015.104 00014.751 00014.445 00014.129 00013.663 00013.198 00012.909 00012.719 00012.650 00012.623 00012.607 00012.593 00012.579 00012.566 00012.556 00012.552 00012.547 00012.544 00012.542 00012.545 00012.550 00012.556 00012.568 00012.579 00012.594 00012.610 00012.627 00012.665 00012.713 00012.767 00012.821 00012.902 00012.996 00013.059 00013.157 00013.292 00013.434 00013.573 00013.723 00013.924 00014.119 00014.147 00014.086 00014.090 00014.151 00014.230 00014.256 00014.285 00014.333 00014.383
00020.204 00019.449 00018.710 00018.102 00017.619 00017.177 00016.717 00016.247 00015.895 00015.474 00015.070 00014.708 00014.369 00014.060 00013.603 00013.083 00012.837 00012.633 00012.587 00012.569 00012.552 00012.536 00012.521 00012.507 00012.493 00012.479 00012.473 00012.468 00012.465 00012.463 00012.466 00012.471 00012.477 00012.489 00012.501 00012.518 00012.535 00012.555 00012.605 00012.658 00012.713 00012.796 00012.894 00013.024 00013.112 00013.285 00013.427 00013.575 00013.765 00014.025 00014.025 00014.044 00013.944 00014.011 00014.077 00014.112 00014.138 00014.184 00014.233 00014.282
00020.171 00019.385 00018.667 00018.063 00017.542 00017.063 00016.597 00016.134 00015.753 00015.465 00015.044 00014.662 00014.315 00013.955 00013.495 00013.023 00012.816 00012.615 00012.546 00012.519 00012.498 00012.481 00012.466 00012.450 00012.435 00012.421 00012.407 00012.393 00012.389 00012.386 00012.385 00012.386 00012.391 00012.397 00012.410 00012.423 00012.441 00012.459 00012.497 00012.549 00012.604 00012.689 00012.797 00012.934 00013.094 00013.279 00013.419 00013.600 00013.838 00013.827 00013.923 00013.887 00013.808 00013.861 00013.919 00013.958 00014.022 00014.081 00014.132 00014.184
00020.162 00019.354 00018.632 00018.025 00017.511 00017.013 00016.484 00016.024 00015.676 00015.350 00015.088 00014.614 00014.256 00013.847 00013.365 00012.953 00012.760 00012.561 00012.501 00012.473 00012.452 00012.432 00012.412 00012.395 00012.380 00012.364 00012.349 00012.334 00012.319 00012.308 00012.307 00012.306 00012.306 00012.311 00012.317 00012.331 00012.347 00012.365 00012.386 00012.440 00012.494 00012.582 00012.696 00012.813 00013.080 00013.301 00013.472 00013.640 00013.636 00013.652 00013.816 00013.728 00013.655 00013.680 00013.712 00013.754 00013.851 00013.940 00014.025 00014.085
00020.161 00019.338 00018.617 00018.003 00017.485 00016.976 00016.443 00015.949 00015.603 00015.254 00014.955 00014.696 00014.272 00013.726 00013.225 00012.888 00012.687 00012.507 00012.461 00012.433 00012.408 00012.385 00012.364 00012.345 00012.327 00012.309 00012.293 00012.278 00012.263 00012.247 00012.232 00012.227 00012.227 00012.226 00012.231 00012.239 00012.254 00012.271 00012.289 00012.330 00012.384 00012.475 00012.589 00012.767 00013.106 00013.348 00013.538 00013.458 00013.446 00013.550 00013.679 00013.555 00013.502 00013.501 00013.500 00013.576 00013.680 00013.778 00013.866 00013.960
00020.169 00019.344 00018.607 00017.988 00017.468 00016.949 00016.404 00015.918 00015.544 00015.192 00014.834 00014.572 00014.308 00014.124 00013.416 00012.931 00012.752 00012.572 00012.459 00012.415 00012.374 00012.341 00012.315 00012.297 00012.278 00012.260 00012.241 00012.223 00012.207 00012.191 00012.175 00012.160 00012.146 00012.147 00012.147 00012.153 00012.161 00012.178 00012.195 00012.217 00012.275 00012.356 00012.497 00012.751 00013.154 00013.428 00013.304 00013.259 00013.236 00013.423 00013.490 00013.384 00013.342 00013.306 00013.287 00013.402 00013.512 00013.620 00013.717 00013.811
00020.237 00019.384 00018.604 00017.972 00017.450 00016.922 00016.369 00015.888 00015.511 00015.139 00014.783 00014.454 00014.189 00013.891 00013.579 00013.239 00012.890 00012.711 00012.528 00012.412 00012.338 00012.304 00012.281 00012.257 00012.234 00012.211 00012.192 00012.173 00012.155 00012.137 00012.120 00012.104 00012.088 00012.072 00012.064 00012.068 00012.074 00012.084 00012.101 00012.118 00012.163 00012.225 00012.350 00012.706 00013.175 00013.154 00013.078 00013.014 00013.083 00013.269 00013.269 00013.186 00013.129 00013.061 00013.124 00013.240 00013.353 00013.463 00013.565 00013.668
