data/trial10/ashley.hpa
NCOLS 382
NROWS 266
XLLCORNER 157819.328125
YLLCORNER 384678.625000
CELLSIZE 30.000000
NODATA_VALUE -1
[rows 130 to 155 of 266, columns 240 to 299 of 382]
00380.529 00368.972 00365.459 00370.723 00374.521 00377.511 00363.676 00340.647 00310.218 00312.710 00312.651 00306.071 00304.026 00263.686 00229.605 00228.578 00228.909 00228.985 00226.008 00218.317 00208.733 00160.523 00419.768 00170.934 00182.125 00179.106 -0001.000 -0001.000 -0001.000 -0001.000 -0001.000 -0001.000 -0001.000 00189.573 00466.339 00466.813 00467.417 00467.882 00468.734 00469.281 00470.741 00471.271 00471.851 00472.398 00474.416 00475.702 00477.219 00477.458 00477.812 00479.466 00480.856 00482.017 00481.127 00482.473 00482.795 00481.738 00479.091 00477.070 00476.646 00476.993
00393.913 00374.174 00384.386 00390.468 00393.448 00393.131 00372.365 00356.234 00340.688 00355.809 00349.346 00321.565 00324.112 00320.207 00286.004 00268.671 00269.772 00271.020 00267.229 00255.118 00223.604 00204.352 00425.601 00167.317 00180.767 00179.125 -0001.000 -0001.000 -0001.000 -0001.000 -0001.000 -0001.000 -0001.000 00190.096 00462.409 00465.744 00466.498 00467.066 00467.844 00469.080 00470.579 00471.316 00471.941 00472.954 00474.829 00475.303 00476.673 00477.250 00477.213 00480.161 00481.200 00482.289 00482.898 00484.408 00482.172 00481.545 00478.682 00477.591 00477.195 00582.519
00404.114 00397.007 00400.304 00402.079 00402.464 00401.408 00383.016 00364.417 00396.718 00386.560 00376.992 00340.051 00343.632 00360.962 00326.122 00300.133 00296.450 00291.213 00287.715 00281.295 00267.664 00221.257 00432.656 00165.340 00183.550 00176.836 -0001.000 -0001.000 -0001.000 -0001.000 -0001.000 -0001.000 -0001.000 00186.402 00454.957 00462.665 00465.915 00466.409 00467.133 00468.386 00470.137 00471.232 00471.774 00473.503 00474.378 00474.683 00475.823 00476.500 00476.885 00480.268 00482.229 00482.929 00483.978 00484.760 00482.168 00478.596 00477.248 00476.957 00478.948 00630.557
00414.251 00423.854 00414.986 00413.521 00412.448 00406.674 00398.624 00371.215 00402.532 00400.077 00399.024 00380.238 00364.239 00375.572 00374.127 00352.198 00319.779 00307.020 00303.787 00299.877 00292.438 00223.195 00440.429 00167.680 00185.296 00170.934 -0001.000 -0001.000 -0001.000 -0001.000 -0001.000 -0001.000 00180.710 00180.030 00463.021 00463.385 00464.331 00465.832 00466.298 00467.461 00469.463 00470.962 00471.610 00473.120 00473.774 00474.127 00475.522 00477.747 00477.118 00480.373 00482.392 00482.797 00483.579 00483.968 00483.587 00479.203 00477.381 00480.000 01277.250 01234.183
00437.803 00440.359 00441.469 00432.611 00421.979 00412.948 00405.721 00404.447 00405.199 00404.389 00402.172 00400.762 00389.804 00389.518 00388.529 00387.439 00373.305 00336.710 00324.147 00321.939 00299.994 00223.075 00214.853 00170.393 00185.884 -0001.000 -0001.000 -0001.000 -0001.000 -0001.000 -0001.000 -0001.000 00189.685 00452.168 00461.491 00461.902 00463.143 00464.527 00465.702 00466.520 00468.986 00470.541 00471.774 00472.895 00473.467 00474.289 00476.507 00477.130 00477.638 00480.821 00482.143 00482.546 00482.955 00483.479 00480.430 00479.177 00478.711 00481.813 01263.805 01257.822
00445.631 00448.417 00448.119 00447.179 00441.502 00427.724 00414.372 00422.538 00411.729 00408.912 00405.236 00403.468 00400.981 00399.964 00399.268 00398.280 00384.795 00370.792 00356.057 00338.604 00308.526 00221.228 00433.388 00178.206 00178.056 -0001.000 -0001.000 -0001.000 -0001.000 -0001.000 -0001.000 00172.453 00186.532 00447.090 00458.547 00459.096 00461.939 00464.086 00465.182 00465.821 00468.592 00470.916 00471.975 00472.888 00473.540 00474.713 00477.306 00476.988 00479.134 00481.255 00482.006 00482.536 00482.989 00482.071 00479.423 00480.114 00613.249 01270.681 01272.848 01272.227
00450.551 00452.288 00451.559 00450.995 00446.762 00441.142 00421.396 00428.133 00421.626 00413.914 00409.439 00407.497 00405.890 00405.619 00405.317 00404.848 00404.348 00402.845 00375.178 00354.210 00313.244 00220.770 00338.767 00185.266 00168.171 -0001.000 -0001.000 -0001.000 -0001.000 -0001.000 00170.083 00187.485 00173.702 00386.539 00447.026 00457.989 00460.740 00463.187 00465.158 00465.266 00468.194 00471.241 00472.487 00472.945 00474.019 00475.527 00476.952 00478.114 00479.829 00481.567 00482.439 00482.732 00481.345 00488.012 00525.410 01276.716 01266.620 01256.190 01266.990 01256.205
00454.204 00455.712 00454.209 00452.250 00448.703 00444.418 00431.375 00432.055 00428.684 00422.237 00414.197 00412.861 00411.919 00411.657 00411.378 00411.074 00410.808 00398.431 00378.554 00364.238 00301.699 00187.922 00174.331 00178.879 -0001.000 -0001.000 00170.604 00183.788 00183.477 00181.884 00187.747 00174.629 00445.920 00451.083 00449.975 00457.460 00459.815 00462.756 00464.607 00465.769 00467.901 00471.331 00472.219 00473.670 00475.308 00477.301 00478.830 00479.728 00480.900 00482.271 00482.515 00482.635 00481.512 01250.331 01270.866 01253.046 01250.468 01255.680 01255.824 01235.204
00457.756 00457.263 00455.647 00453.195 00448.998 00444.981 00438.174 00435.809 00432.749 00429.095 00423.730 00417.232 00417.296 00419.347 00420.331 00420.182 00418.664 00413.751 00377.818 00379.178 00262.743 00165.767 00185.874 -0001.000 00183.908 00191.939 00191.115 00188.145 00187.453 00186.005 00175.374 00410.769 00446.679 00450.729 00453.966 00456.995 00459.557 00462.659 00464.490 00466.006 00468.348 00471.344 00473.524 00475.403 00477.463 00479.133 00480.048 00480.533 00481.672 00482.481 00482.188 00481.557 01272.148 01271.879 01255.621 01246.749 01240.850 01230.903 01221.460 01207.608
00459.537 00457.498 00456.336 00454.490 00450.268 00445.188 00442.629 00439.733 00436.990 00433.905 00429.612 00425.414 00427.498 00428.908 00428.631 00428.150 00427.407 00425.321 00395.551 00396.824 00157.912 00175.428 00184.342 -0001.000 00187.235 00176.554 00170.964 00168.876 00169.992 00167.044 00441.144 00412.768 00446.279 00449.435 00453.623 00456.790 00459.660 00462.589 00466.345 00468.761 00469.080 00510.090 00490.485 00477.630 00479.537 00479.491 00480.618 00481.852 00482.364 00482.458 00483.018 01278.044 01269.155 01259.029 01253.627 01241.828 01240.785 01217.045 01192.883 -0001.000
00460.095 00459.653 00457.872 00455.775 00451.335 00445.421 00444.766 00444.203 00441.856 00439.526 00436.422 00434.905 00436.271 00437.386 00436.298 00434.042 00432.993 00427.934 00412.697 00407.584 00157.191 00178.684 00187.002 00184.961 00454.116 00414.833 00363.252 00364.157 00390.140 00424.134 00439.410 00434.735 00446.462 00449.513 00453.803 00456.292 00460.550 00464.857 00469.598 00471.804 00545.713 00760.751 00477.638 00479.170 00587.952 00479.166 00480.525 00637.230 00532.227 00481.152 01268.063 01278.008 01260.449 01258.138 01253.010 01240.561 01232.512 01208.687 -0001.000 -0001.000
00463.560 00463.955 00459.704 00457.143 00452.507 00444.515 00446.614 00447.566 00445.846 00445.231 00444.997 00445.102 00446.493 00445.971 00443.279 00440.946 00436.413 00429.301 00416.791 00406.464 00155.588 00182.167 00190.499 00196.374 00433.622 00403.076 00363.607 00383.508 00401.333 00421.233 00439.927 00439.049 00447.127 00452.247 00455.716 00459.362 00461.868 00470.021 00472.040 00521.577 01276.441 01285.827 01269.941 01262.269 01263.052 01262.793 01262.731 01267.223 01268.683 01265.798 01265.748 01261.746 01257.516 01253.148 01244.450 01238.740 01223.621 01196.152 -0001.000 -0001.000
00465.496 00464.132 00462.908 00460.626 00452.543 00448.851 00449.995 00451.642 00449.999 00449.287 00449.946 00449.561 00448.522 00448.041 00446.975 00445.311 00436.086 00429.587 00414.766 00388.931 00163.565 00187.445 00190.592 00192.469 00386.538 00362.406 00345.199 00376.265 00406.450 00426.700 00435.526 00440.765 00448.607 00456.256 00458.036 00464.000 00468.286 00471.370 00472.406 01274.246 01287.570 01281.182 01255.127 01246.972 01254.162 01259.845 01257.652 01255.633 01254.379 01256.066 01257.987 01258.955 01256.063 01247.055 01241.065 01236.567 01209.347 -0001.000 01192.863 01225.042
00469.377 00465.614 00464.291 00461.672 00455.810 00450.977 00452.437 00454.661 00453.015 00454.783 00454.916 00452.583 00451.741 00450.637 00450.330 00444.901 00435.074 00425.819 00413.888 00159.017 00160.167 00175.566 00171.167 00166.137 00283.210 00255.441 00344.144 00387.011 00410.621 00432.763 00436.813 00443.724 00450.916 00455.653 00462.099 00466.413 00470.270 00473.049 01270.464 01287.239 01298.449 01268.748 01256.508 01230.841 01229.576 01239.645 01240.526 01242.754 01248.626 01253.821 01255.916 01254.254 01251.796 01245.292 01237.947 01209.692 01222.403 01231.476 01245.267 01262.048
00470.508 00468.203 00466.033 00463.876 00459.252 00259.413 00134.128 00164.600 00458.406 00457.579 00459.298 00457.553 00455.158 00453.184 00450.680 00443.589 00433.612 00426.812 00412.838 00326.071 00156.585 00156.866 00156.911 00156.667 00155.148 00178.346 00232.008 00364.460 00438.735 00434.386 00454.313 00445.146 00449.880 00455.909 00462.541 00468.540 00472.421 01147.888 01276.318 01300.193 01294.502 01286.873 01280.148 01274.660 01269.159 01263.494 01259.213 01252.207 01246.813 01250.743 01256.218 01261.405 01264.268 01264.032 01258.265 01252.300 01256.700 01267.296 00989.370 01268.464
00432.593 00470.806 00468.981 00466.981 00458.998 00118.889 00129.604 00087.311 00185.228 00460.718 00459.411 00459.215 00457.675 00455.978 00450.339 00441.371 00432.737 00426.959 00409.744 00394.989 00351.382 00322.641 00305.246 00288.746 00278.776 00271.786 00236.672 00429.195 00432.197 00461.205 00471.597 00465.762 00449.828 00460.517 00467.572 00472.405 00475.510 00714.344 00706.773 00899.035 01275.548 01284.346 01284.732 01272.162 01260.561 01268.082 01274.526 01280.914 01283.266 01283.445 01283.174 01281.445 01279.104 01278.144 01278.034 01274.360 01271.983 00811.864 00611.683 00497.481
00121.515 00175.799 00470.490 00466.587 00458.521 00085.861 00152.868 00083.768 00082.953 00121.076 00461.679 00460.900 00458.888 00456.767 00450.320 00441.534 00432.274 00424.061 00406.767 00401.489 00387.085 00357.277 00342.541 00318.980 00292.177 00194.498 00425.525 00447.625 00447.769 00469.564 00462.858 00467.377 00458.964 00466.398 00472.353 00477.010 00478.102 00497.491 00498.404 00494.602 00496.874 00497.163 00493.371 00490.058 00633.782 00854.680 01258.991 01262.082 01263.458 01265.548 01264.695 01264.557 01266.299 01267.469 01268.031 01264.371 01230.589 00836.731 00606.098 00494.007
00100.661 00153.634 00470.039 00465.668 00457.214 00458.093 00212.424 00100.723 00083.831 00084.490 00360.619 00462.276 00459.981 00458.442 00453.039 00445.243 00432.382 00422.071 00407.487 00400.358 00390.471 00383.537 00363.252 00343.859 00296.548 00186.980 00413.935 00445.179 00460.225 00468.674 00461.156 00460.977 00463.773 00469.855 00473.695 00476.981 00479.112 00481.950 00486.637 00494.288 00497.443 00500.265 00495.451 00496.673 00492.524 00490.149 00494.454 00500.437 00512.511 00503.581 00506.137 00505.025 00517.213 00539.057 00867.167 00519.219 00884.646 00639.078 00498.343 00494.674
00226.334 00470.647 00467.499 00460.567 00460.322 00460.393 00105.305 00083.084 00084.240 00085.317 00108.382 00462.898 00461.258 00459.602 00455.571 00450.675 00434.818 00425.233 00414.792 00400.378 00391.747 00384.872 00366.411 00326.745 00288.364 00183.529 00415.842 00446.658 00463.367 00470.199 00467.086 00462.904 00463.753 00468.909 00472.939 00476.715 00479.777 00482.243 00487.282 00493.450 00496.218 00498.272 00496.945 00497.049 00497.816 00493.308 00499.633 00504.143 00505.528 00506.031 00505.222 00503.936 00502.626 00501.115 00501.020 00498.571 00564.826 00500.933 00498.556 00496.118
00472.148 00467.959 00464.224 00464.109 00368.075 00134.698 00082.883 00083.729 00084.567 00085.202 00185.401 00463.969 00462.363 00461.045 00457.305 00452.762 00438.149 00427.785 00418.977 00407.297 00391.915 00379.122 00357.064 00317.178 00261.859 00165.712 00436.485 00453.425 00465.913 00467.580 00459.405 00458.802 00463.044 00468.429 00473.273 00476.825 00479.640 00483.273 00488.683 00492.242 00493.939 00496.975 00504.256 00506.463 00505.583 00502.977 00502.693 00503.141 00503.856 00505.717 00503.832 00502.340 00502.344 00500.696 00498.650 00498.668 00501.145 00501.432 00499.061 00497.041
00472.580 00468.554 00466.606 00177.996 00090.205 00087.587 00083.754 00084.562 00085.266 00085.863 00086.129 00464.524 00463.766 00462.981 00459.585 00454.220 00445.572 00431.510 00420.186 00410.136 00387.066 00364.005 00323.849 00289.386 00183.517 00427.408 00435.400 00455.331 00465.401 00459.444 00457.201 00458.811 00464.945 00469.676 00474.868 00477.380 00479.661 00484.373 00490.887 00492.549 00486.822 00496.411 00501.776 00504.343 00504.414 00502.649 00503.142 00502.868 00503.412 00505.758 00502.666 00502.106 00503.196 00500.660 00499.208 00499.685 00498.649 00501.652 00498.612 00494.458
00472.876 00338.412 00119.350 00085.906 00092.660 00084.221 00084.767 00085.154 00085.948 00086.619 00202.999 00464.959 00465.805 00463.748 00459.556 00453.734 00439.278 00427.499 00414.578 00395.200 00369.775 00332.520 00292.468 00184.759 00399.447 00423.892 00443.908 00461.846 00459.756 00456.304 00460.976 00460.393 00465.539 00472.768 00475.858 00478.088 00480.543 00485.684 00491.368 00485.755 00481.882 00484.953 00498.843 00503.583 00504.108 00501.656 00502.401 00500.880 00502.510 00505.279 00502.439 00504.622 00503.934 00499.440 00500.648 00500.709 00501.325 00500.083 00497.011 00493.882
00474.208 00124.579 00087.760 00085.390 00084.305 00085.005 00085.531 00086.004 00086.600 00086.704 00465.452 00463.353 00464.405 00462.160 00456.126 00447.839 00434.397 00417.772 00402.382 00372.841 00334.058 00288.301 00176.560 00380.354 00416.908 00445.987 00455.138 00458.315 00455.634 00461.848 00456.869 00462.281 00469.502 00474.272 00476.889 00478.288 00482.516 00488.483 00484.123 00200.753 00357.874 00479.598 00490.090 00502.412 00503.067 00500.253 00499.667 00497.890 00501.576 00502.023 00508.764 00508.265 00505.179 00502.233 00501.452 00503.301 00505.609 00497.656 00493.591 00493.440
00481.206 00145.909 00088.486 00086.477 00085.176 00085.560 00088.992 00086.277 00086.783 00465.385 00463.577 00464.428 00463.089 00459.964 00450.163 00437.073 00419.975 00403.953 00372.266 00326.237 00276.832 00159.149 00377.508 00402.396 00435.262 00451.692 00450.222 00456.148 00461.314 00457.775 00462.475 00466.661 00472.454 00475.153 00477.817 00480.550 00485.319 00312.317 00133.492 00304.048 00458.752 00479.262 00481.725 00498.203 00502.693 00497.198 00495.797 00496.271 00500.906 00503.958 00509.525 00508.085 00501.906 00500.023 00507.041 00507.350 00502.019 00497.506 00493.520 00492.006
00479.538 00341.100 00088.970 00088.205 00087.605 00086.267 00207.908 00116.659 00464.393 00462.602 00461.857 00459.422 00454.463 00446.991 00435.515 00418.256 00402.344 00368.291 00314.743 00187.023 00315.619 00387.772 00419.271 00438.497 00447.397 00453.542 00458.952 00462.927 00460.520 00463.104 00467.317 00469.774 00474.146 00476.972 00479.859 00482.858 00480.662 00193.512 00135.132 00153.124 00305.223 00478.412 00481.039 00484.972 00493.471 00497.815 00495.091 00499.201 00499.987 00503.138 00510.981 00503.644 00500.304 00503.351 00507.490 00502.548 00499.523 00494.616 00492.029 00494.087
00478.533 00355.785 00166.962 00089.054 00086.582 00470.732 00464.561 00460.003 00457.952 00454.962 00452.059 00447.305 00440.503 00431.239 00415.051 00394.852 00356.244 00299.099 00171.423 00312.082 00405.946 00427.070 00439.417 00448.354 00454.696 00460.352 00464.961 00468.307 00469.015 00470.762 00471.374 00473.333 00476.943 00480.443 00479.634 00098.325 00097.053 00097.574 00098.604 00098.495 00098.210 00291.527 00480.990 00483.217 00487.654 00493.643 00495.946 00499.721 00505.890 00510.756 00505.554 00501.723 00501.502 00505.412 00504.116 00503.327 00501.179 00497.943 00497.806 00493.322
