data/trial10/ashley.toa
NCOLS 382
NROWS 266
XLLCORNER 157819.328125
YLLCORNER 384678.625000
CELLSIZE 30.000000
NODATA_VALUE -1
[rows 104 to 129 of 266, columns 120 to 179 of 382]
00020.425 00019.696 00018.831 00018.169 00017.590 00017.051 00016.436 00015.876 00015.475 00015.095 00014.732 00014.380 00014.073 00013.675 00013.338 00013.014 00012.879 00012.706 00012.517 00012.334 00012.296 00012.271 00012.247 00012.224 00012.200 00012.177 00012.153 00012.129 00012.105 00012.087 00012.069 00012.051 00012.034 00012.017 00012.000 00011.990 00011.993 00011.997 00012.007 00012.024 00012.048 00012.112 00012.178 00012.425 00012.907 00012.823 00012.746 00012.672 00012.794 00013.094 00013.034 00012.946 00012.847 00012.733 00012.869 00013.075 00013.195 00013.306 00013.414 00013.530
00020.643 00020.008 00019.077 00018.392 00017.788 00017.260 00016.675 00016.079 00015.610 00015.150 00014.684 00014.326 00013.949 00013.516 00013.100 00012.880 00012.703 00012.524 00012.349 00012.298 00012.272 00012.246 00012.221 00012.195 00012.169 00012.144 00012.119 00012.095 00012.071 00012.047 00012.024 00012.000 00011.989 00011.979 00011.969 00011.959 00011.948 00011.939 00011.946 00011.953 00011.964 00011.999 00012.063 00012.201 00012.607 00012.444 00012.390 00012.347 00012.421 00012.824 00012.756 00012.643 00012.520 00012.388 00012.516 00012.737 00013.009 00013.146 00013.255 00013.368
00020.893 00020.256 00019.521 00018.749 00018.082 00017.469 00016.928 00016.356 00015.814 00015.353 00014.910 00014.323 00013.846 00013.344 00012.944 00012.756 00012.570 00012.386 00012.303 00012.276 00012.249 00012.223 00012.197 00012.171 00012.145 00012.119 00012.092 00012.066 00012.040 00012.014 00011.994 00011.981 00011.967 00011.953 00011.939 00011.927 00011.916 00011.905 00011.894 00011.891 00011.902 00011.913 00011.962 00012.075 00012.389 00012.162 00012.016 00012.001 00012.035 00012.426 00012.468 00012.292 00012.153 00012.006 00012.164 00012.365 00012.609 00012.871 00013.078 00013.198
00023.395 00021.900 00020.922 00019.295 00018.506 00017.864 00017.381 00016.818 00016.118 00015.623 00015.275 00014.465 00013.711 00013.102 00012.822 00012.630 00012.432 00012.308 00012.281 00012.254 00012.227 00012.200 00012.173 00012.146 00012.119 00012.092 00012.065 00012.038 00012.010 00011.991 00011.975 00011.961 00011.947 00011.933 00011.919 00011.904 00011.889 00011.875 00011.863 00011.853 00011.842 00011.849 00011.865 00011.923 00012.149 00011.944 00011.806 00011.811 00011.848 00012.012 00012.441 00012.060 00011.818 00011.774 00011.823 00012.039 00012.264 00012.459 00012.696 00012.949
00035.817 00034.887 00033.360 00021.859 00019.182 00018.521 00017.924 00017.376 00016.661 00016.525 00016.434 00016.140 00015.514 00014.910 00014.269 00012.950 00012.557 00012.317 00012.290 00012.263 00012.236 00012.209 00012.183 00012.156 00012.129 00012.102 00012.075 00012.048 00012.022 00011.997 00011.979 00011.961 00011.943 00011.924 00011.906 00011.887 00011.867 00011.847 00011.833 00011.821 00011.809 00011.797 00011.789 00011.789 00011.791 00011.746 00011.740 00011.741 00011.759 00011.816 00012.070 00012.014 00011.764 00011.676 00011.707 00011.768 00011.955 00012.081 00012.254 00012.490
00038.926 00038.313 00037.236 00033.546 00021.215 00019.302 00018.693 00018.174 00017.397 00017.914 00019.822 00020.368 00019.583 00018.714 00017.933 00016.120 00013.005 00012.423 00012.300 00012.274 00012.247 00012.221 00012.195 00012.169 00012.142 00012.116 00012.089 00012.063 00012.036 00012.010 00011.989 00011.972 00011.955 00011.937 00011.919 00011.901 00011.883 00011.864 00011.846 00011.825 00011.801 00011.769 00011.744 00011.728 00011.715 00011.703 00011.692 00011.692 00011.693 00011.698 00011.752 00011.829 00011.712 00011.610 00011.616 00011.628 00011.678 00011.770 00011.878 00012.031
00042.124 00041.152 00039.741 00036.863 00032.012 00020.326 00019.970 00019.936 00019.834 00021.569 00024.198 00033.545 00032.490 00024.482 00020.725 00017.842 00015.686 00012.504 00012.312 00012.286 00012.260 00012.234 00012.208 00012.181 00012.156 00012.131 00012.106 00012.081 00012.055 00012.030 00012.004 00011.985 00011.968 00011.950 00011.932 00011.914 00011.900 00011.886 00011.872 00011.857 00011.831 00011.796 00011.730 00011.705 00011.691 00011.677 00011.663 00011.651 00011.642 00011.640 00011.637 00011.618 00011.574 00011.567 00011.561 00011.556 00011.551 00011.563 00011.611 00011.721
-0001.000 -0001.000 00042.421 00039.042 00035.533 00022.911 00021.473 00021.201 00022.368 00033.143 00035.255 00036.797 00037.344 00023.604 00018.548 00016.129 00014.464 00012.609 00012.327 00012.302 00012.277 00012.253 00012.228 00012.203 00012.178 00012.153 00012.127 00012.102 00012.076 00012.050 00012.024 00012.008 00011.997 00011.987 00011.977 00011.968 00011.976 00011.995 00012.075 00012.057 00012.037 00011.927 00011.814 00011.709 00011.691 00011.671 00011.650 00011.628 00011.601 00011.584 00011.567 00011.554 00011.541 00011.530 00011.519 00011.514 00011.510 00011.506 00011.519 00011.545
-0001.000 -0001.000 -0001.000 00041.295 00037.987 00035.886 00034.242 00032.408 00033.555 00036.031 00037.860 00039.173 00037.148 00023.559 00018.009 00014.844 00012.953 00012.393 00012.350 00012.324 00012.299 00012.275 00012.251 00012.226 00012.201 00012.175 00012.149 00012.124 00012.109 00012.094 00012.080 00012.066 00012.056 00012.045 00012.045 00012.074 00012.213 00012.407 00012.508 00012.493 00012.412 00012.253 00011.989 00011.777 00011.718 00011.698 00011.684 00011.682 00011.677 00011.660 00011.575 00011.538 00011.510 00011.491 00011.483 00011.474 00011.467 00011.463 00011.460 00011.470
-0001.000 -0001.000 -0001.000 -0001.000 00040.216 00039.123 00038.142 00037.377 00036.521 00038.321 00039.800 00041.188 00036.984 00023.544 00018.092 00014.526 00012.425 00012.398 00012.372 00012.348 00012.323 00012.299 00012.275 00012.250 00012.227 00012.210 00012.193 00012.178 00012.163 00012.149 00012.138 00012.128 00012.118 00012.139 00012.182 00012.328 00012.523 00012.681 00012.691 00012.640 00012.548 00012.316 00012.037 00011.834 00011.773 00011.760 00011.754 00011.783 00011.856 00011.955 00011.748 00011.552 00011.505 00011.472 00011.455 00011.438 00011.427 00011.420 00011.415 00011.413
-0001.000 -0001.000 -0001.000 -0001.000 -0001.000 00042.288 00041.059 00040.421 00039.868 00040.332 00041.880 -0001.000 00037.226 00024.017 00018.350 00014.772 00012.471 00012.423 00012.397 00012.372 00012.348 00012.327 00012.310 00012.293 00012.276 00012.260 00012.245 00012.231 00012.221 00012.211 00012.201 00012.191 00012.216 00012.244 00012.335 00012.480 00012.654 00012.680 00012.642 00012.598 00012.549 00012.443 00012.306 00012.179 00012.069 00011.964 00011.974 00012.029 00012.469 00012.101 00011.856 00011.643 00011.479 00011.453 00011.436 00011.419 00011.403 00011.387 00011.372 00011.367
-0001.000 -0001.000 -0001.000 -0001.000 -0001.000 -0001.000 -0001.000 -0001.000 -0001.000 00042.586 -0001.000 00042.046 00037.532 00024.596 00018.706 00015.000 00012.479 00012.447 00012.427 00012.409 00012.392 00012.374 00012.357 00012.341 00012.327 00012.312 00012.301 00012.293 00012.285 00012.277 00012.269 00012.293 00012.320 00012.357 00012.460 00012.580 00012.718 00012.702 00012.690 00012.692 00012.713 00012.709 00012.629 00012.540 00012.444 00012.415 00012.449 00012.572 00012.607 00012.262 00011.994 00011.818 00011.640 00011.466 00011.430 00011.404 00011.387 00011.371 00011.356 00011.340
00041.152 00042.723 -0001.000 -0001.000 -0001.000 -0001.000 -0001.000 -0001.000 -0001.000 -0001.000 -0001.000 00042.502 00037.972 00032.356 00019.222 00015.310 00012.534 00012.493 00012.473 00012.455 00012.438 00012.422 00012.408 00012.393 00012.381 00012.373 00012.364 00012.358 00012.352 00012.352 00012.371 00012.394 00012.426 00012.485 00012.582 00012.680 00012.779 00012.759 00012.784 00012.823 00013.048 00013.086 00013.004 00012.913 00012.839 00012.881 00012.924 00013.127 00012.775 00012.564 00012.329 00012.074 00011.866 00011.679 00011.478 00011.387 00011.371 00011.355 00011.340 00011.323
00039.019 00039.947 00041.096 00041.843 00042.342 -0001.000 -0001.000 -0001.000 -0001.000 -0001.000 -0001.000 -0001.000 00038.730 00033.450 00020.017 00015.730 00012.733 00012.539 00012.518 00012.503 00012.489 00012.474 00012.462 00012.453 00012.444 00012.438 00012.432 00012.427 00012.432 00012.449 00012.470 00012.502 00012.534 00012.610 00012.701 00012.801 00012.837 00012.858 00012.878 00012.997 00013.262 00013.633 00013.917 00013.696 00013.569 00013.627 00013.711 00013.777 00013.309 00012.924 00012.703 00012.425 00012.073 00011.818 00011.590 00011.391 00011.367 00011.349 00011.331 00011.312
00037.373 00037.328 00037.444 00038.012 00038.536 00040.198 00041.718 -0001.000 -0001.000 -0001.000 -0001.000 00042.522 00037.631 00032.275 00020.467 00016.344 00012.960 00012.589 00012.571 00012.556 00012.543 00012.534 00012.525 00012.517 00012.512 00012.507 00012.502 00012.508 00012.526 00012.546 00012.578 00012.611 00012.646 00012.731 00012.819 00012.913 00012.932 00012.953 00013.006 00013.159 00013.374 00013.533 00013.670 00013.846 00013.818 00013.830 00013.885 00013.866 00013.778 00013.378 00012.885 00012.559 00012.204 00011.904 00011.681 00011.462 00011.369 00011.351 00011.332 00011.314
00036.073 00035.435 00034.690 00034.395 00034.874 00036.906 00038.874 00040.325 00040.684 00041.247 00039.343 00039.087 00037.533 00022.423 00018.237 00015.878 00013.283 00012.654 00012.625 00012.615 00012.606 00012.597 00012.591 00012.587 00012.582 00012.577 00012.585 00012.600 00012.621 00012.651 00012.685 00012.717 00012.773 00012.849 00012.938 00013.035 00013.068 00013.130 00013.198 00013.286 00013.410 00013.588 00013.845 00013.777 00013.775 00013.779 00013.783 00013.714 00013.617 00013.375 00013.018 00012.689 00012.341 00011.991 00011.787 00011.600 00011.421 00011.358 00011.334 00011.316
00035.237 00034.499 00033.884 00032.043 00023.835 00033.280 00035.139 00035.831 00036.469 00037.017 00034.608 00034.311 00034.566 00022.615 00017.450 00014.599 00012.778 00012.709 00012.692 00012.679 00012.670 00012.666 00012.661 00012.657 00012.652 00012.662 00012.673 00012.694 00012.720 00012.757 00012.791 00012.827 00012.897 00012.964 00013.061 00013.176 00013.292 00013.364 00013.427 00013.525 00013.626 00013.735 00013.739 00013.731 00013.733 00013.736 00013.716 00013.654 00013.601 00013.378 00013.135 00012.850 00012.565 00012.266 00011.985 00011.795 00011.612 00011.440 00011.337 00011.318
00034.898 00033.813 00032.785 00023.326 00021.779 00022.340 00023.250 00024.101 00024.914 00032.137 00022.524 00022.270 00022.359 00021.019 00017.717 00014.080 00012.786 00012.765 00012.750 00012.744 00012.740 00012.736 00012.732 00012.729 00012.739 00012.747 00012.766 00012.787 00012.824 00012.861 00012.899 00012.948 00013.024 00013.121 00013.219 00013.318 00013.417 00013.533 00013.658 00013.719 00013.726 00013.703 00013.694 00013.689 00013.691 00013.694 00013.669 00013.604 00013.547 00013.492 00013.392 00013.164 00012.848 00012.555 00012.269 00011.989 00011.778 00011.577 00011.381 00011.326
00034.575 00033.478 00032.141 00022.594 00020.965 00020.773 00020.617 00020.197 00020.536 00020.558 00019.274 00019.218 00019.278 00018.640 00016.380 00014.234 00012.836 00012.827 00012.819 00012.813 00012.810 00012.807 00012.807 00012.815 00012.824 00012.840 00012.859 00012.890 00012.929 00012.969 00013.022 00013.104 00013.200 00013.296 00013.390 00013.488 00013.585 00013.683 00013.732 00013.704 00013.678 00013.658 00013.649 00013.646 00013.648 00013.650 00013.622 00013.553 00013.495 00013.445 00013.441 00013.438 00013.259 00012.818 00012.475 00012.149 00011.887 00011.684 00011.486 00011.336
00034.263 00033.151 00024.112 00022.168 00020.869 00020.374 00019.972 00018.655 00018.610 00018.195 00017.231 00017.303 00017.366 00016.548 00015.271 00012.997 00012.930 00012.895 00012.888 00012.884 00012.880 00012.883 00012.891 00012.901 00012.917 00012.934 00012.957 00012.995 00013.072 00013.155 00013.238 00013.316 00013.392 00013.479 00013.571 00013.663 00013.751 00013.734 00013.684 00013.656 00013.629 00013.612 00013.603 00013.602 00013.603 00013.644 00013.575 00013.503 00013.443 00013.398 00013.396 00013.396 00013.405 00012.987 00012.646 00012.313 00011.990 00011.777 00011.570 00011.366
00034.215 00033.053 00023.767 00021.876 00020.799 00020.181 00019.426 00018.522 00018.007 00017.610 00016.472 00016.174 00015.940 00015.041 00014.377 00012.995 00012.979 00012.966 00012.959 00012.954 00012.959 00012.966 00012.978 00012.992 00013.021 00013.066 00013.132 00013.212 00013.294 00013.376 00013.459 00013.541 00013.613 00013.684 00013.760 00013.809 00013.747 00013.686 00013.635 00013.607 00013.580 00013.566 00013.558 00013.557 00013.556 00013.647 00013.529 00013.453 00013.390 00013.353 00013.352 00013.352 00013.353 00013.210 00012.775 00012.422 00012.080 00011.835 00011.629 00011.432
00034.167 00033.002 00023.710 00021.853 00020.787 00020.188 00019.292 00018.528 00017.741 00017.273 00016.541 00015.794 00015.439 00014.676 00014.234 00013.569 00013.218 00013.126 00013.108 00013.106 00013.125 00013.149 00013.186 00013.226 00013.273 00013.322 00013.370 00013.439 00013.519 00013.598 00013.676 00013.757 00013.837 00013.905 00013.838 00013.764 00013.699 00013.637 00013.586 00013.558 00013.531 00013.520 00013.513 00013.509 00013.546 00013.565 00013.481 00013.402 00013.336 00013.308 00013.308 00013.309 00013.327 00013.318 00012.933 00012.586 00012.227 00011.935 00011.728 00011.530
00034.169 00033.044 00023.827 00021.931 00020.827 00020.195 00019.335 00018.561 00017.868 00017.224 00016.564 00015.931 00015.370 00014.879 00014.390 00013.850 00013.468 00013.412 00013.388 00013.372 00013.387 00013.401 00013.435 00013.474 00013.520 00013.573 00013.622 00013.669 00013.737 00013.813 00013.888 00013.963 00013.968 00013.871 00013.793 00013.718 00013.652 00013.588 00013.536 00013.509 00013.483 00013.474 00013.466 00013.466 00013.546 00013.518 00013.433 00013.351 00013.281 00013.262 00013.264 00013.265 00013.298 00013.373 00013.257 00012.816 00012.404 00012.059 00011.831 00011.656
00034.396 00033.281 00024.658 00022.291 00020.993 00020.338 00019.511 00018.672 00017.982 00017.393 00016.766 00016.112 00015.566 00015.063 00014.595 00014.129 00013.837 00013.722 00013.680 00013.654 00013.661 00013.670 00013.689 00013.726 00013.761 00013.812 00013.862 00013.906 00013.948 00014.013 00014.065 00014.025 00013.930 00013.833 00013.747 00013.673 00013.604 00013.539 00013.486 00013.460 00013.437 00013.428 00013.417 00013.469 00013.545 00013.487 00013.384 00013.302 00013.221 00013.217 00013.220 00013.225 00013.249 00013.336 00013.540 00013.129 00012.702 00012.331 00012.053 00011.855
00034.619 00033.510 00032.266 00022.701 00021.288 00020.504 00019.767 00018.861 00018.162 00017.550 00017.000 00016.363 00015.795 00015.308 00014.839 00014.394 00014.194 00014.033 00013.962 00013.938 00013.933 00013.937 00013.942 00013.971 00014.001 00014.031 00014.065 00014.097 00014.123 00014.153 00014.096 00013.990 00013.893 00013.795 00013.702 00013.627 00013.556 00013.490 00013.436 00013.411 00013.390 00013.378 00013.370 00013.472 00013.615 00013.477 00013.334 00013.253 00013.169 00013.173 00013.177 00013.181 00013.186 00013.224 00013.430 00013.626 00013.078 00012.684 00012.371 00012.108
00034.901 00033.784 00032.619 00023.206 00021.602 00020.730 00020.064 00019.169 00018.471 00017.856 00017.325 00016.751 00016.120 00015.605 00015.120 00014.663 00014.360 00014.227 00014.169 00014.149 00014.135 00014.137 00014.139 00014.144 00014.159 00014.175 00014.191 00014.222 00014.257 00014.175 00014.071 00013.959 00013.854 00013.756 00013.655 00013.580 00013.508 00013.440 00013.386 00013.361 00013.342 00013.328 00013.378 00013.546 00013.742 00013.468 00013.304 00013.202 00013.123 00013.128 00013.133 00013.138 00013.143 00013.175 00013.316 00013.516 00013.600 00012.910 00012.606 00012.307
