data/trial10/ashley.hpa
NCOLS 382
NROWS 266
XLLCORNER 157819.328125
YLLCORNER 384678.625000
CELLSIZE 30.000000
NODATA_VALUE -1
[rows 130 to 155 of 266, columns 120 to 179 of 382]
00474.967 00465.843 00447.302 00268.516 00369.858 00421.155 00440.302 00456.064 00464.680 00470.223 00474.983 00480.498 00489.721 00496.280 00498.237 00500.391 00198.162 00100.933 00099.425 00099.550 00099.681 00099.938 00100.242 00100.056 00099.762 00099.232 00099.258 00099.535 00100.042 00100.474 00100.735 00100.385 00100.042 00099.682 00099.449 00099.179 00098.957 00098.736 00098.601 00098.527 00098.472 00098.408 00333.401 00431.361 00226.572 00107.378 00098.518 00098.013 00097.736 00097.761 00097.774 00097.759 00097.816 00097.948 00254.869 00494.451 00495.186 00488.084 00484.088 00480.514
00477.128 00470.142 00459.828 00429.813 00293.569 00397.442 00432.934 00448.473 00461.853 00468.276 00473.836 00478.842 00487.376 00495.359 00497.762 00302.513 00105.825 00098.581 00098.816 00099.089 00099.316 00099.529 00099.580 00099.613 00099.612 00099.303 00098.870 00099.311 00099.990 00100.400 00100.723 00100.416 00099.955 00099.378 00099.200 00098.998 00098.604 00098.561 00098.398 00098.346 00098.260 00098.278 00492.390 00496.387 00500.927 00495.011 00124.102 00114.624 00097.573 00097.591 00097.602 00097.606 00097.724 00097.867 00126.398 00493.522 00495.256 00488.096 00484.163 00480.738
00484.311 00474.195 00467.322 00452.160 00197.204 00363.861 00422.128 00441.322 00457.938 00466.516 00471.824 00476.822 00484.494 00494.296 00496.622 00499.531 00109.718 00098.211 00098.226 00098.419 00098.620 00098.824 00098.939 00099.003 00098.886 00098.774 00098.761 00099.252 00100.034 00100.023 00100.713 00100.460 00099.852 00099.210 00098.988 00098.325 00098.396 00098.356 00098.180 00098.121 00098.055 00103.340 00491.956 00496.308 00498.254 00497.816 00297.482 00170.649 00109.747 00097.415 00097.408 00097.399 00101.350 00116.533 00158.893 00495.273 00495.334 00488.016 00483.800 00480.165
-0001.000 -0001.000 00473.968 00464.296 00454.929 00288.844 00377.430 00424.748 00451.472 00460.441 00463.409 00470.039 00481.632 00490.363 00470.275 00463.301 00097.679 00097.883 00097.821 00097.887 00098.056 00098.337 00098.596 00098.536 00098.479 00098.644 00098.616 00099.152 00100.195 00099.781 00100.650 00100.401 00099.783 00099.163 00098.787 00097.447 00098.239 00098.141 00097.966 00097.916 00099.772 00152.658 00491.854 00496.400 00495.442 00495.445 00492.477 00097.242 00097.209 00097.185 00097.176 00097.193 00130.055 00173.605 00357.992 00495.368 00495.705 00491.225 00485.865 00481.825
-0001.000 -0001.000 -0001.000 -0001.000 -0001.000 -0001.000 -0001.000 -0001.000 -0001.000 -0001.000 -0001.000 -0001.000 -0001.000 -0001.000 00494.618 00233.835 00150.386 00097.009 00097.218 00097.334 00097.424 00097.614 00097.819 00098.139 00098.550 00098.629 00098.137 00098.919 00100.374 00100.555 00100.140 00100.125 00099.783 00099.155 00098.672 00097.991 00098.113 00097.947 00097.779 00097.716 00110.999 00200.154 00491.773 00492.104 00491.850 00491.833 00492.608 00158.251 00133.759 00098.194 00096.915 00096.927 00096.939 00253.213 00490.781 00492.229 00493.039 00493.832 00490.678 00486.053
-0001.000 -0001.000 -0001.000 -0001.000 -0001.000 -0001.000 -0001.000 -0001.000 -0001.000 -0001.000 -0001.000 -0001.000 -0001.000 -0001.000 -0001.000 00138.071 00096.878 00096.793 00096.615 00096.659 00096.718 00096.998 00097.450 00098.085 00098.586 00098.494 00098.195 00098.606 00100.282 00100.923 00099.620 00099.611 00099.660 00099.182 00098.630 00098.059 00097.966 00097.783 00097.630 00097.473 00123.079 00263.225 00488.374 00488.177 00488.087 00488.004 00487.751 00415.218 00096.885 00096.820 00096.746 00096.690 00101.030 00107.050 00195.527 00488.333 00264.484 00490.585 00491.574 00487.988
-0001.000 -0001.000 -0001.000 -0001.000 -0001.000 -0001.000 -0001.000 -0001.000 -0001.000 -0001.000 -0001.000 -0001.000 -0001.000 -0001.000 -0001.000 00095.982 00096.226 00096.425 00096.493 00096.377 00096.212 00096.172 00095.998 00097.868 00098.776 00098.932 00098.254 00098.760 00100.050 00100.749 00099.418 00099.366 00099.395 00099.066 00098.592 00098.164 00097.883 00097.643 00097.388 00097.363 00114.990 00113.189 00097.083 00097.033 00097.581 00109.082 00099.661 00096.834 00096.781 00096.731 00096.651 00096.600 00096.549 00097.168 00097.807 00097.741 00129.113 00232.922 00487.910 00489.246
-0001.000 -0001.000 -0001.000 -0001.000 -0001.000 -0001.000 -0001.000 -0001.000 -0001.000 -0001.000 -0001.000 -0001.000 -0001.000 -0001.000 -0001.000 -0001.000 -0001.000 00096.056 00096.169 00096.047 00095.934 00095.976 00096.151 00096.321 00097.766 00098.302 00098.416 00098.947 00100.117 00100.458 00100.045 00099.338 00099.184 00098.939 00098.520 00098.128 00097.753 00097.454 00097.283 00098.417 00099.059 00097.100 00097.037 00096.987 00096.938 00096.891 00096.807 00096.759 00096.715 00096.625 00096.565 00096.501 00096.803 00096.944 00097.107 00097.338 00097.456 00097.410 00097.363 00175.868
-0001.000 -0001.000 -0001.000 -0001.000 -0001.000 -0001.000 -0001.000 -0001.000 -0001.000 -0001.000 -0001.000 -0001.000 -0001.000 -0001.000 -0001.000 -0001.000 -0001.000 -0001.000 -0001.000 00095.639 00095.858 00095.661 -0001.000 -0001.000 -0001.000 -0001.000 -0001.000 00098.996 00099.745 00100.223 00100.456 00099.621 00099.392 00098.822 00098.328 00097.966 00097.601 00097.198 00097.229 00097.218 00097.122 00097.047 00096.977 00096.914 00096.886 00096.816 00096.735 00096.718 00096.646 00096.574 00096.482 00096.419 00096.332 00096.273 00096.374 00096.483 00096.697 00097.035 00108.941 00144.263
-0001.000 -0001.000 -0001.000 -0001.000 -0001.000 -0001.000 -0001.000 -0001.000 -0001.000 -0001.000 -0001.000 -0001.000 -0001.000 -0001.000 -0001.000 -0001.000 -0001.000 -0001.000 -0001.000 -0001.000 -0001.000 -0001.000 -0001.000 -0001.000 -0001.000 -0001.000 -0001.000 00098.882 00099.515 00100.021 00100.393 00099.922 00099.242 00099.011 00098.321 00097.780 00097.452 00097.167 00097.181 00097.142 00097.065 00097.005 00096.901 00096.848 00096.810 00096.734 00096.688 00096.637 00096.572 00096.487 00096.419 00096.329 00096.249 00096.182 00096.106 00096.076 00096.332 00096.445 00097.025 00126.173
-0001.000 -0001.000 -0001.000 -0001.000 -0001.000 -0001.000 -0001.000 -0001.000 -0001.000 -0001.000 -0001.000 -0001.000 -0001.000 -0001.000 -0001.000 -0001.000 -0001.000 -0001.000 -0001.000 -0001.000 -0001.000 -0001.000 -0001.000 -0001.000 -0001.000 -0001.000 -0001.000 00098.422 00099.249 00099.814 00100.217 00100.260 00099.610 00099.229 00098.564 00097.865 00097.152 00097.121 00097.117 00097.101 00097.028 00096.918 00096.826 00096.793 00096.746 00096.664 00096.626 00096.558 00096.497 00096.431 00096.343 00096.248 00096.171 00096.115 00096.050 00096.002 00095.978 00097.067 00096.763 00096.609
-0001.000 -0001.000 -0001.000 -0001.000 -0001.000 -0001.000 -0001.000 -0001.000 -0001.000 -0001.000 -0001.000 -0001.000 -0001.000 -0001.000 -0001.000 -0001.000 -0001.000 -0001.000 -0001.000 -0001.000 -0001.000 00094.311 00094.518 -0001.000 -0001.000 00096.711 00097.460 00098.219 00099.016 00099.587 00100.062 00100.604 00100.089 00099.487 00098.826 00098.136 00097.479 00097.142 00097.120 00097.127 00097.043 00096.967 00096.868 00096.821 00096.773 00096.709 00096.648 00096.591 00096.518 00096.460 00096.392 00096.310 00096.236 00096.176 00096.128 00096.084 00096.035 00095.975 00096.328 00096.890
-0001.000 -0001.000 -0001.000 -0001.000 -0001.000 -0001.000 -0001.000 -0001.000 -0001.000 -0001.000 -0001.000 -0001.000 -0001.000 -0001.000 -0001.000 -0001.000 00089.681 -0001.000 -0001.000 -0001.000 -0001.000 00094.228 00095.294 00095.456 00095.734 00097.050 00097.414 00097.982 00098.626 00099.306 00099.796 00100.298 00100.333 00099.821 00099.129 00098.462 00097.820 00097.173 00097.167 00097.146 00097.073 00096.992 00096.911 00096.860 00096.801 00096.737 00096.686 00096.624 00096.547 00096.476 00096.424 00096.689 00096.665 00096.231 00096.174 00096.154 00096.144 00096.116 00096.605 00097.008
-0001.000 -0001.000 -0001.000 -0001.000 -0001.000 -0001.000 -0001.000 -0001.000 -0001.000 -0001.000 -0001.000 -0001.000 -0001.000 -0001.000 -0001.000 00089.409 00090.067 00090.617 00091.102 00091.107 00092.421 00093.999 00095.243 00095.507 00095.792 00096.550 00097.275 00097.761 00098.307 00098.950 00099.530 00100.047 00100.562 00100.157 00099.493 00098.817 00098.189 00097.557 00097.187 00097.170 00097.111 00097.037 00096.961 00096.906 00096.848 00096.763 00096.721 00096.676 00096.609 00096.546 00096.484 00096.407 00096.711 00097.785 00096.756 00096.265 00096.264 00096.591 00097.156 00097.461
-0001.000 -0001.000 -0001.000 -0001.000 -0001.000 -0001.000 -0001.000 -0001.000 -0001.000 -0001.000 -0001.000 -0001.000 -0001.000 00087.430 00088.293 00089.422 00090.152 00090.732 00091.508 00091.895 00092.679 00093.690 00095.048 00095.414 00095.668 00096.289 00096.504 00097.537 00097.921 00098.516 00099.211 00099.799 00100.249 00100.714 00100.025 00099.321 00098.660 00097.995 00097.414 00097.185 00097.139 00097.086 00097.026 00096.964 00096.898 00096.838 00096.791 00096.747 00096.680 00096.613 00096.565 00096.506 00096.443 00096.390 00096.348 00096.836 00096.914 00096.542 00096.606 00096.925
-0001.000 -0001.000 -0001.000 -0001.000 -0001.000 -0001.000 -0001.000 -0001.000 -0001.000 -0001.000 -0001.000 -0001.000 -0001.000 00087.610 00088.615 00089.294 00089.951 00090.538 00090.999 00091.465 00091.917 00092.530 00092.987 00095.228 00095.384 -0001.000 -0001.000 00096.248 00097.865 00098.363 00098.976 00099.458 00100.002 00100.358 00100.353 00099.830 00099.157 00098.516 00097.930 00097.418 00097.178 00097.147 00097.102 00097.043 00096.981 00096.907 00096.840 00096.808 00096.760 00096.709 00096.669 00096.606 00096.542 00096.498 00096.479 00096.457 00096.452 00096.469 00096.472 00096.477
-0001.000 -0001.000 -0001.000 -0001.000 -0001.000 -0001.000 -0001.000 -0001.000 -0001.000 -0001.000 -0001.000 -0001.000 -0001.000 00087.214 00088.287 00089.072 00089.703 00090.257 00090.800 00091.070 00091.337 00091.660 00091.872 -0001.000 -0001.000 -0001.000 -0001.000 00096.255 00097.620 00098.200 00098.629 00099.122 00099.627 00099.913 00100.375 00100.233 00099.775 00099.099 00098.516 00098.050 00097.495 00097.164 00097.148 00097.125 00097.059 00096.999 00096.937 00096.889 00096.877 00096.832 00096.791 00096.753 00096.705 00096.668 00096.637 00096.624 00096.626 00096.645 00096.686 00096.721
-0001.000 -0001.000 -0001.000 -0001.000 -0001.000 -0001.000 -0001.000 -0001.000 -0001.000 -0001.000 -0001.000 -0001.000 -0001.000 00086.714 00087.890 00088.771 00089.330 00090.008 00090.217 00090.548 00090.979 00090.876 -0001.000 -0001.000 -0001.000 -0001.000 -0001.000 00096.203 00096.861 00098.175 00098.323 00098.702 00099.198 00099.575 00099.853 00100.375 00100.275 00099.787 00099.113 00098.654 00098.163 00097.745 00097.366 00097.159 00097.130 00097.107 00097.056 00097.015 00096.979 00096.943 00096.915 00096.891 00096.869 00096.841 00096.826 00096.811 00096.796 00096.798 00096.866 00097.160
-0001.000 -0001.000 -0001.000 -0001.000 -0001.000 -0001.000 -0001.000 -0001.000 -0001.000 -0001.000 -0001.000 -0001.000 -0001.000 -0001.000 00087.264 00087.952 00088.644 00089.425 00089.211 -0001.000 -0001.000 -0001.000 -0001.000 -0001.000 -0001.000 -0001.000 -0001.000 00096.101 00096.344 00097.284 00098.084 00098.388 00098.782 00099.178 00099.522 00099.927 00100.370 00100.371 00099.891 00099.241 00098.884 00098.530 00098.160 00097.759 00097.444 00097.150 00097.133 00097.128 00097.122 00097.104 00097.069 00097.015 00096.995 00097.005 00096.996 00096.978 00096.981 00097.034 00097.076 00097.100
-0001.000 -0001.000 -0001.000 -0001.000 -0001.000 -0001.000 -0001.000 -0001.000 -0001.000 -0001.000 -0001.000 -0001.000 -0001.000 -0001.000 -0001.000 -0001.000 -0001.000 -0001.000 -0001.000 -0001.000 -0001.000 -0001.000 -0001.000 -0001.000 -0001.000 -0001.000 -0001.000 00096.058 00096.256 00097.412 00097.746 00098.025 00098.322 00098.628 00099.124 00099.470 00099.868 00100.181 00100.536 00100.038 00099.671 00099.326 00098.910 00098.571 00098.272 00097.963 00097.664 00097.533 00097.413 00097.307 00097.172 00097.155 00097.150 00097.131 00097.113 00097.115 00097.146 00097.218 00097.361 00097.484
-0001.000 -0001.000 -0001.000 -0001.000 -0001.000 -0001.000 -0001.000 -0001.000 -0001.000 -0001.000 -0001.000 -0001.000 -0001.000 -0001.000 -0001.000 -0001.000 -0001.000 -0001.000 -0001.000 -0001.000 -0001.000 -0001.000 -0001.000 -0001.000 -0001.000 -0001.000 00095.267 00095.965 00096.272 00096.721 00097.264 00097.624 00097.920 00098.190 00098.482 00099.034 00099.292 00099.685 00100.000 00100.253 00100.597 00100.100 00099.722 00099.417 00099.093 00098.803 00098.557 00098.405 00098.256 00098.145 00098.043 00097.965 00097.894 00097.826 00097.761 00097.775 00097.926 00098.098 00098.249 00098.380
-0001.000 -0001.000 -0001.000 -0001.000 -0001.000 -0001.000 -0001.000 -0001.000 -0001.000 -0001.000 -0001.000 -0001.000 -0001.000 -0001.000 -0001.000 -0001.000 -0001.000 -0001.000 -0001.000 -0001.000 -0001.000 00090.928 00091.121 00092.227 00092.394 00093.344 00095.296 00095.774 00096.076 00096.394 00096.782 00097.088 00097.483 00097.847 00098.162 00098.595 00098.869 00099.122 00099.437 00099.750 00100.004 00100.260 00100.553 00100.169 00099.976 00099.694 00099.462 00099.282 00099.111 00098.973 00098.878 00098.808 00098.742 00098.638 00098.529 00098.427 00098.646 00098.847 00099.107 00099.280
-0001.000 -0001.000 -0001.000 -0001.000 -0001.000 -0001.000 -0001.000 -0001.000 -0001.000 -0001.000 -0001.000 -0001.000 -0001.000 -0001.000 -0001.000 -0001.000 -0001.000 -0001.000 -0001.000 -0001.000 00090.302 00090.830 00091.335 00092.007 00092.921 00093.700 00095.218 00095.420 00095.766 00096.103 00096.471 00096.841 00097.147 00097.314 00097.795 00098.161 00098.458 00098.672 00098.926 00099.208 00099.488 00099.714 00099.927 00100.137 00100.335 00100.553 00100.197 00100.110 00099.988 00099.905 00099.773 00099.694 00099.636 00099.570 00099.496 00099.399 00099.481 00099.640 00345.880 00439.150
-0001.000 -0001.000 -0001.000 -0001.000 -0001.000 -0001.000 -0001.000 -0001.000 -0001.000 -0001.000 -0001.000 -0001.000 -0001.000 -0001.000 -0001.000 -0001.000 -0001.000 -0001.000 -0001.000 00089.368 00090.420 00090.813 00091.209 00091.819 00092.642 00093.570 00094.451 00095.311 00095.493 00095.767 00096.128 00096.471 00096.818 00096.966 00097.185 00097.679 00098.074 00098.251 00098.512 00098.770 00098.977 00099.207 00099.406 00099.599 00099.768 00099.960 00100.093 00100.209 00100.282 00100.379 00100.498 00100.574 00100.612 00100.435 00100.265 00100.212 00100.149 00153.037 00224.842 00294.883
-0001.000 -0001.000 -0001.000 -0001.000 -0001.000 -0001.000 -0001.000 -0001.000 -0001.000 -0001.000 -0001.000 -0001.000 -0001.000 -0001.000 -0001.000 -0001.000 -0001.000 00085.079 00087.755 00089.540 00090.172 00090.651 00091.075 00091.571 00092.259 00093.000 00093.623 00094.374 00095.374 00095.548 00095.779 00096.059 00096.391 00096.706 00096.857 00097.253 00097.627 00097.831 00098.031 00098.305 00098.548 00098.732 00098.906 00099.055 00099.215 00099.416 00099.574 00099.672 00099.736 00099.799 00099.869 00099.944 00099.989 00100.033 00100.017 00100.044 00100.065 00100.099 00100.644 00107.268
-0001.000 -0001.000 -0001.000 -0001.000 -0001.000 -0001.000 -0001.000 -0001.000 -0001.000 -0001.000 -0001.000 -0001.000 -0001.000 -0001.000 -0001.000 00080.491 00085.498 00086.446 00087.994 00089.377 00089.937 00090.492 00090.934 00091.297 00091.835 00092.410 00093.153 00093.603 00094.347 00095.416 00095.535 00095.580 00095.805 00096.265 00096.613 00096.876 00097.051 00097.245 00097.565 00097.802 00098.053 00098.226 00098.423 00098.527 00098.705 00098.910 00099.036 00099.113 00099.210 00099.280 00099.331 00099.383 00099.444 00099.504 00099.491 00099.419 00099.448 00099.485 00100.766 00101.624
