data/trial10/ashley.fml
NCOLS 382
NROWS 266
XLLCORNER 157819.328125
YLLCORNER 384678.625000
CELLSIZE 30.000000
NODATA_VALUE -1
[rows 170 to 203 of 266, columns 154 to 230 of 382]
-1.00 -1.00 -1.00 -1.00 -1.00 01.65 02.04 02.07 01.71 00.64 02.07 02.09 02.10 02.11 02.12 02.14 02.16 02.18 02.20 02.21 02.23 02.24 02.26 02.24 02.23 02.22 02.22 02.22 02.23 02.26 02.30 02.34 02.37 02.42 02.47 02.55 02.66 02.74 02.80 02.88 02.99 03.04 03.05 03.07 03.11 03.14 03.15 03.18 03.14 03.09 03.07 03.05 03.02 03.01 02.98 02.93 02.90 02.89 02.91 02.87 02.57 02.46 02.43 02.40 02.35 02.34 02.34 02.35 02.36 02.35 02.34 02.35 02.30 02.28 02.18 01.74 01.53
-1.00 -1.00 -1.00 -1.00 -1.00 -1.00 -1.00 02.06 02.30 01.98 -1.00 01.27 02.07 02.10 02.11 02.12 02.14 02.16 02.18 02.20 02.22 02.24 02.26 02.28 02.26 02.26 02.27 02.29 02.31 02.33 02.36 02.38 02.41 02.44 02.47 02.51 02.54 02.57 02.61 02.67 02.75 02.83 02.88 02.86 02.90 02.97 02.87 02.86 02.87 02.85 02.84 02.84 02.82 02.79 02.76 02.76 02.78 02.71 02.46 02.38 02.37 02.37 02.37 02.35 02.34 02.35 02.35 02.34 02.33 02.30 02.29 02.27 02.16 02.12 01.47 01.48 02.08
-1.00 -1.00 -1.00 -1.00 -1.00 -1.00 -1.00 -1.00 -1.00 -1.00 -1.00 -1.00 01.97 02.04 02.09 02.10 02.12 02.14 02.16 02.17 02.19 02.21 02.23 02.25 02.27 02.24 02.25 02.27 02.29 02.30 02.32 02.35 02.37 02.40 02.43 02.45 02.48 02.51 02.54 02.58 02.62 02.65 02.68 02.71 02.73 02.76 02.76 02.73 02.69 02.71 02.73 02.70 02.69 02.68 02.68 02.51 02.33 02.31 02.31 02.30 02.27 02.28 02.29 02.29 02.30 02.31 02.28 02.24 02.20 02.18 02.17 02.15 01.46 01.46 01.53 01.67 01.89
-1.00 -1.00 -1.00 -1.00 -1.00 -1.00 -1.00 -1.00 -1.00 -1.00 -1.00 -1.00 01.91 01.98 02.05 02.08 02.10 02.12 02.14 02.15 02.17 02.19 02.21 02.22 02.24 02.25 02.23 02.24 02.26 02.27 02.29 02.30 02.32 02.36 02.39 02.41 02.44 02.46 02.48 02.51 02.53 02.57 02.61 02.64 02.67 02.66 02.64 02.69 02.69 02.71 02.73 02.73 02.66 02.36 02.33 02.20 02.21 02.21 02.23 02.21 02.22 02.20 02.22 02.23 02.22 02.19 02.13 02.11 02.09 02.01 01.47 01.46 01.54 01.54 01.63 02.23 02.43
-1.00 -1.00 -1.00 -1.00 -1.00 -1.00 -1.00 -1.00 -1.00 -1.00 -1.00 -1.00 00.71 01.84 01.96 02.05 02.07 02.09 02.11 02.13 02.15 02.16 02.17 02.19 02.22 02.23 02.23 02.22 02.23 02.24 02.27 02.28 02.30 02.31 02.34 02.38 02.39 02.42 02.44 02.46 02.48 02.50 02.52 02.55 02.57 02.64 02.70 02.70 02.67 02.65 02.66 02.42 02.35 02.37 02.36 02.32 02.31 02.07 02.08 02.10 02.14 02.12 02.11 02.08 02.04 02.01 02.01 01.76 01.47 01.44 01.43 01.43 01.47 01.49 01.54 01.68 01.52
-1.00 -1.00 -1.00 -1.00 -1.00 -1.00 -1.00 -1.00 -1.00 -1.00 -1.00 -1.00 -1.00 01.78 01.84 01.88 01.90 01.94 02.05 02.11 02.12 02.13 02.14 02.17 02.19 02.22 02.23 02.21 02.21 02.22 02.23 02.25 02.27 02.28 02.30 02.32 02.34 02.37 02.40 02.42 02.45 02.46 02.47 02.48 02.51 02.55 02.60 02.64 02.60 02.39 02.31 02.33 02.32 02.31 02.29 02.26 02.23 02.21 02.16 02.12 02.10 02.07 02.03 02.01 01.96 01.48 01.46 01.44 01.42 01.39 01.37 01.36 01.39 01.41 01.42 01.36 01.18
-1.00 -1.00 -1.00 -1.00 -1.00 -1.00 -1.00 -1.00 -1.00 -1.00 -1.00 -1.00 -1.00 -1.00 01.80 01.85 01.87 01.89 01.91 01.92 01.93 01.95 01.96 02.04 02.13 02.18 02.21 02.21 02.19 02.20 02.20 02.22 02.24 02.26 02.27 02.28 02.30 02.32 02.35 02.37 02.39 02.39 02.40 02.43 02.41 02.37 02.29 02.27 02.30 02.26 02.25 02.26 02.27 02.26 02.24 02.23 02.20 02.16 02.16 02.14 02.11 02.06 01.75 01.49 01.46 01.45 01.43 01.39 01.35 01.33 01.37 01.34 01.27 01.20 01.11 01.07 00.94
-1.00 -1.00 -1.00 -1.00 -1.00 -1.00 -1.00 -1.00 -1.00 -1.00 -1.00 -1.00 -1.00 -1.00 -1.00 01.80 01.84 01.86 01.88 01.90 01.91 01.92 01.93 01.94 01.96 01.98 01.99 02.00 02.00 01.99 02.00 02.01 02.02 02.03 02.06 02.07 02.08 02.10 02.11 02.11 02.12 02.13 02.14 02.14 02.15 02.16 02.19 02.24 02.24 02.26 02.24 02.24 02.21 02.22 02.22 02.22 02.21 02.20 02.22 02.22 01.63 01.53 01.48 01.44 01.42 01.39 01.35 01.30 01.28 01.25 01.22 01.20 01.15 01.04 00.88 00.63 00.72
-1.00 -1.00 -1.00 -1.00 -1.00 -1.00 -1.00 -1.00 -1.00 -1.00 -1.00 -1.00 -1.00 -1.00 -1.00 -1.00 00.93 01.83 01.85 01.87 01.88 01.89 01.90 01.91 01.93 01.95 01.96 01.98 01.98 01.97 01.97 01.98 01.99 02.00 02.01 02.02 02.03 02.04 02.05 02.07 02.08 02.09 02.10 02.12 02.14 02.14 02.13 02.16 02.20 02.23 02.22 02.23 02.26 02.28 02.30 02.31 02.31 02.30 01.97 01.63 01.59 01.57 01.55 01.48 01.39 01.31 01.26 01.18 01.13 01.11 01.07 01.04 00.98 00.80 00.61 01.15 01.32
-1.00 -1.00 -1.00 -1.00 -1.00 -1.00 -1.00 -1.00 -1.00 -1.00 -1.00 -1.00 -1.00 -1.00 -1.00 -1.00 -1.00 01.56 01.80 01.83 01.85 01.86 01.88 01.89 01.90 01.92 01.93 01.94 01.95 01.96 01.94 01.95 01.96 01.97 01.98 01.99 02.00 02.01 02.02 02.03 02.05 02.06 02.07 02.09 02.09 02.09 02.10 02.11 02.14 02.18 02.22 02.25 02.24 02.25 02.26 02.30 02.19 01.65 01.62 01.60 01.59 01.58 01.55 01.50 01.44 01.33 01.25 01.06 01.00 00.89 00.80 00.69 00.28 01.01 01.11 01.24 01.58
-1.00 -1.00 -1.00 -1.00 -1.00 -1.00 -1.00 -1.00 -1.00 -1.00 -1.00 -1.00 -1.00 -1.00 -1.00 -1.00 -1.00 -1.00 01.12 01.63 01.81 01.83 01.84 01.85 01.86 01.88 01.89 01.91 01.92 01.93 01.93 01.92 01.93 01.94 01.95 01.96 01.97 01.98 01.99 02.00 02.01 02.03 02.04 02.06 02.08 02.09 02.10 02.11 02.12 02.12 02.11 02.12 02.14 02.16 02.07 01.59 01.54 01.54 01.53 01.52 01.49 01.46 01.44 01.38 01.32 01.27 01.20 00.97 00.76 00.78 00.91 01.00 01.09 01.13 01.91 01.92 01.79
-1.00 -1.00 -1.00 -1.00 -1.00 -1.00 -1.00 -1.00 -1.00 -1.00 -1.00 -1.00 -1.00 -1.00 -1.00 -1.00 -1.00 -1.00 00.98 01.34 01.38 01.43 01.44 01.45 01.62 01.77 01.85 01.87 01.88 01.89 01.90 01.89 01.90 01.90 01.91 01.93 01.94 01.94 01.96 01.97 01.98 01.99 01.99 02.01 02.02 02.03 02.05 02.06 02.07 02.08 02.09 02.00 01.75 01.60 01.56 01.51 01.50 01.48 01.45 01.41 01.38 01.35 01.27 01.24 01.19 01.11 00.97 00.81 00.89 01.17 01.24 02.03 01.79 01.89 01.95 01.96 01.99
-1.00 -1.00 -1.00 -1.00 -1.00 -1.00 -1.00 -1.00 -1.00 -1.00 -1.00 -1.00 -1.00 -1.00 -1.00 -1.00 -1.00 -1.00 -1.00 00.87 01.31 01.35 01.38 01.39 01.40 01.42 01.43 01.44 01.45 01.46 01.47 01.47 01.47 01.56 01.66 01.72 01.78 01.82 01.87 01.89 01.91 01.91 01.90 01.89 01.82 01.74 01.65 01.55 01.55 01.55 01.54 01.53 01.53 01.53 01.55 01.51 01.46 01.46 01.38 01.31 01.23 01.20 01.17 01.12 01.03 00.88 00.66 01.11 01.19 01.24 02.14 02.20 02.23 02.07 02.10 02.14 02.02
-1.00 -1.00 -1.00 -1.00 -1.00 -1.00 -1.00 -1.00 -1.00 -1.00 -1.00 -1.00 -1.00 -1.00 -1.00 -1.00 -1.00 -1.00 -1.00 -1.00 -1.00 00.74 01.27 01.29 01.32 01.34 01.35 01.37 01.39 01.40 01.41 01.41 01.41 01.42 01.43 01.44 01.44 01.45 01.45 01.46 01.47 01.48 01.48 01.48 01.48 01.48 01.49 01.49 01.49 01.49 01.48 01.47 01.46 01.45 01.44 01.44 01.46 01.41 01.38 01.34 01.25 01.13 01.02 00.89 00.73 00.73 01.14 01.20 01.46 02.17 02.25 02.26 02.29 02.33 02.37 02.06 02.03
-1.00 -1.00 -1.00 -1.00 -1.00 -1.00 -1.00 -1.00 -1.00 -1.00 -1.00 -1.00 -1.00 -1.00 -1.00 -1.00 -1.00 -1.00 -1.00 -1.00 -1.00 -1.00 01.31 01.34 01.35 01.36 01.36 01.32 01.30 01.29 01.31 01.32 01.31 01.33 01.34 01.35 01.36 01.37 01.38 01.39 01.39 01.40 01.40 01.40 01.40 01.41 01.41 01.40 01.39 01.39 01.38 01.37 01.40 01.41 01.41 01.40 01.36 01.34 01.30 01.25 01.16 00.98 00.69 00.85 01.10 01.14 01.22 01.99 02.21 02.28 02.28 02.31 02.32 02.33 02.38 02.41 02.27
-1.00 -1.00 -1.00 -1.00 -1.00 -1.00 -1.00 -1.00 -1.00 -1.00 -1.00 -1.00 -1.00 -1.00 -1.00 -1.00 -1.00 -1.00 -1.00 -1.00 -1.00 -1.00 -1.00 -1.00 -1.00 01.14 01.24 01.27 01.29 01.31 01.32 01.34 01.34 01.35 01.36 01.37 01.37 01.37 01.38 01.37 01.37 01.37 01.37 01.37 01.38 01.39 01.39 01.39 01.38 01.38 01.37 01.35 01.32 01.29 01.27 01.25 01.23 01.21 01.18 01.14 00.95 00.71 01.06 01.14 01.20 02.00 02.16 02.21 02.23 02.27 02.31 02.33 02.33 02.37 02.39 02.39 02.32
-1.00 -1.00 -1.00 -1.00 -1.00 -1.00 -1.00 -1.00 -1.00 -1.00 -1.00 -1.00 -1.00 -1.00 -1.00 -1.00 -1.00 -1.00 -1.00 -1.00 -1.00 -1.00 -1.00 -1.00 -1.00 -1.00 -1.00 01.04 01.16 01.17 01.18 01.19 01.19 01.21 01.22 01.23 01.24 01.24 01.25 01.26 01.26 01.26 01.27 01.26 01.26 01.26 01.26 01.25 01.24 01.23 01.22 01.21 01.20 01.17 01.13 01.09 01.03 00.98 00.93 00.86 00.46 01.10 01.17 01.58 02.25 02.21 02.23 02.24 02.25 02.27 02.30 02.33 02.35 02.38 02.38 02.36 01.83
-1.00 -1.00 -1.00 -1.00 -1.00 -1.00 -1.00 -1.00 -1.00 -1.00 -1.00 -1.00 -1.00 -1.00 -1.00 -1.00 -1.00 -1.00 -1.00 -1.00 -1.00 -1.00 -1.00 -1.00 -1.00 -1.00 -1.00 -1.00 00.18 00.67 00.95 00.99 01.01 00.69 00.28 -1.00 00.50 01.03 01.12 01.13 01.14 01.14 01.14 01.14 01.14 01.14 01.13 01.12 01.10 01.07 01.05 01.03 00.99 00.93 00.87 00.80 00.69 00.31 00.94 01.07 01.10 01.18 01.82 02.24 02.31 02.36 02.40 02.26 02.27 02.29 02.28 02.30 02.33 02.36 02.39 01.89 01.90
-1.00 -1.00 -1.00 -1.00 -1.00 -1.00 -1.00 -1.00 -1.00 -1.00 -1.00 -1.00 -1.00 -1.00 -1.00 -1.00 -1.00 -1.00 -1.00 -1.00 -1.00 -1.00 -1.00 -1.00 -1.00 -1.00 -1.00 -1.00 -1.00 00.86 00.69 00.56 00.63 00.56 -1.00 -1.00 -1.00 00.21 00.80 00.83 00.85 00.86 00.86 00.86 00.86 00.86 00.85 00.83 00.80 00.77 00.72 00.66 00.56 00.45 01.01 01.07 01.09 01.12 01.24 01.26 01.72 02.06 02.16 02.23 02.30 02.35 02.38 02.41 02.45 02.32 02.32 02.31 02.33 02.09 01.86 01.89 01.93
-1.00 -1.00 -1.00 -1.00 -1.00 -1.00 -1.00 -1.00 -1.00 -1.00 -1.00 -1.00 -1.00 -1.00 -1.00 -1.00 -1.00 -1.00 -1.00 -1.00 -1.00 -1.00 -1.00 -1.00 -1.00 -1.00 -1.00 -1.00 -1.00 -1.00 -1.00 -1.00 00.58 01.05 -1.00 -1.00 -1.00 00.91 00.94 00.96 00.98 00.98 00.99 00.98 00.97 00.97 00.97 01.01 01.05 01.04 01.04 01.07 01.09 01.11 01.13 01.16 01.62 01.93 01.99 02.03 02.08 02.12 02.16 02.21 02.26 02.32 02.35 02.39 02.37 02.37 02.36 02.15 01.83 01.82 01.84 01.86 01.88
-1.00 -1.00 -1.00 -1.00 -1.00 -1.00 -1.00 -1.00 -1.00 -1.00 -1.00 -1.00 -1.00 -1.00 -1.00 -1.00 -1.00 -1.00 -1.00 -1.00 -1.00 -1.00 -1.00 -1.00 -1.00 -1.00 -1.00 -1.00 -1.00 -1.00 -1.00 -1.00 -1.00 -1.00 -1.00 -1.00 00.78 01.51 01.44 01.30 01.09 01.08 01.09 01.10 01.10 01.10 01.12 01.21 01.34 01.51 01.72 01.86 01.89 01.93 01.97 02.01 02.04 02.04 02.04 02.05 02.06 02.10 02.15 02.20 02.24 02.28 02.32 02.36 02.39 02.39 01.87 01.86 01.84 01.84 01.84 01.84 01.85
-1.00 -1.00 -1.00 -1.00 -1.00 -1.00 -1.00 -1.00 -1.00 -1.00 -1.00 -1.00 -1.00 -1.00 -1.00 -1.00 -1.00 -1.00 -1.00 -1.00 -1.00 -1.00 -1.00 -1.00 -1.00 -1.00 -1.00 -1.00 -1.00 -1.00 -1.00 -1.00 -1.00 -1.00 -1.00 01.35 01.31 01.27 01.63 01.73 01.82 01.85 01.87 01.88 01.89 01.91 01.92 01.92 01.93 01.95 01.96 01.98 01.99 01.99 02.01 02.03 02.06 02.08 02.06 02.05 02.08 02.09 02.11 02.16 02.21 02.25 02.30 02.34 02.25 01.87 01.87 01.89 01.88 01.87 01.86 01.86 01.94
-1.00 -1.00 -1.00 -1.00 -1.00 -1.00 -1.00 -1.00 -1.00 -1.00 -1.00 -1.00 -1.00 -1.00 -1.00 -1.00 -1.00 -1.00 -1.00 -1.00 -1.00 -1.00 -1.00 -1.00 -1.00 -1.00 -1.00 -1.00 -1.00 -1.00 -1.00 -1.00 -1.00 -1.00 -1.00 -1.00 01.30 01.51 01.60 01.71 01.80 01.86 01.91 01.92 01.93 01.94 01.95 01.96 01.96 01.97 01.99 02.00 02.01 02.01 02.01 02.04 02.07 02.09 02.11 02.09 02.08 02.10 02.12 02.13 02.17 02.21 02.18 01.79 01.82 01.83 01.84 01.86 01.88 01.90 01.91 02.19 02.24
-1.00 -1.00 -1.00 -1.00 -1.00 -1.00 -1.00 -1.00 -1.00 -1.00 -1.00 -1.00 -1.00 -1.00 -1.00 -1.00 -1.00 -1.00 -1.00 -1.00 -1.00 -1.00 -1.00 01.39 00.87 01.74 01.06 01.78 01.64 01.18 -1.00 -1.00 -1.00 -1.00 -1.00 -1.00 01.32 01.52 01.64 01.76 01.83 01.86 01.91 01.94 01.95 01.97 01.97 01.97 01.98 01.99 02.01 02.02 02.03 02.03 02.03 02.04 02.07 02.10 02.12 02.14 02.12 02.11 02.05 01.80 01.63 01.66 01.69 01.73 01.76 01.79 01.81 01.82 01.87 02.00 02.24 02.27 02.27
-1.00 -1.00 -1.00 -1.00 -1.00 -1.00 -1.00 -1.00 -1.00 -1.00 -1.00 -1.00 -1.00 -1.00 -1.00 -1.00 -1.00 -1.00 -1.00 -1.00 -1.00 01.60 01.62 01.65 01.26 01.69 01.71 01.60 01.63 01.36 01.71 01.15 -1.00 -1.00 -1.00 -1.00 -1.00 01.19 01.37 01.53 01.82 01.87 01.90 01.94 01.96 01.97 01.99 01.99 01.99 02.00 02.02 02.03 02.04 02.05 02.06 02.06 02.07 02.10 02.09 01.80 01.64 01.64 01.66 01.67 01.76 01.84 01.84 01.83 01.77 01.62 01.70 01.76 02.08 02.22 02.26 02.28 02.29
-1.00 -1.00 -1.00 -1.00 -1.00 -1.00 -1.00 -1.00 -1.00 -1.00 -1.00 -1.00 -1.00 -1.00 -1.00 -1.00 -1.00 -1.00 -1.00 -1.00 01.90 01.46 01.63 01.62 01.63 01.65 01.57 01.60 01.62 01.65 01.62 01.26 01.71 01.15 -1.00 -1.00 -1.00 -1.00 -1.00 00.69 01.44 01.46 01.49 01.51 01.66 01.69 01.73 01.75 01.69 01.64 01.64 01.60 01.58 01.58 01.59 01.60 01.60 01.61 01.63 01.65 01.68 01.73 01.76 01.91 02.09 02.17 02.13 02.08 02.04 02.02 02.04 02.09 02.15 02.18 02.22 02.27 02.29
-1.00 -1.00 -1.00 -1.00 -1.00 -1.00 -1.00 -1.00 -1.00 -1.00 -1.00 -1.00 -1.00 -1.00 -1.00 -1.00 -1.00 -1.00 -1.00 -1.00 01.82 01.63 01.59 01.62 01.62 01.65 01.59 01.61 01.64 01.62 01.60 01.60 01.65 01.24 01.68 -1.00 -1.00 -1.00 00.85 01.24 01.42 01.46 01.50 01.51 01.53 01.54 01.55 01.56 01.56 01.57 01.57 01.58 01.58 01.59 01.60 01.61 01.61 01.62 01.63 01.65 01.66 01.69 01.87 02.20 02.26 02.23 02.20 02.21 02.16 01.99 01.93 01.88 02.01 02.09 02.18 02.23 02.28
-1.00 -1.00 -1.00 -1.00 -1.00 -1.00 -1.00 -1.00 -1.00 -1.00 -1.00 -1.00 -1.00 -1.00 -1.00 -1.00 -1.00 -1.00 -1.00 01.94 01.64 01.64 01.59 01.61 01.61 01.61 01.60 01.63 01.66 01.59 01.60 01.62 01.63 01.63 01.65 01.41 00.88 -1.00 01.40 01.57 01.64 01.76 01.81 01.85 01.86 01.88 01.88 01.82 01.59 01.58 01.58 01.59 01.59 01.60 01.61 01.62 01.62 01.63 01.63 01.64 01.69 01.89 02.19 02.29 02.32 02.32 02.30 02.26 02.16 01.97 01.95 01.87 01.88 02.04 02.15 02.20 02.25
-1.00 -1.00 -1.00 -1.00 -1.00 -1.00 -1.00 -1.00 -1.00 -1.00 -1.00 -1.00 -1.00 -1.00 -1.00 -1.00 -1.00 -1.00 -1.00 01.90 01.86 01.67 01.59 01.59 01.63 01.60 01.62 01.65 01.61 01.61 01.60 01.61 01.64 01.65 01.67 01.44 01.06 00.82 01.48 01.53 01.82 02.03 02.19 02.28 02.26 02.25 02.16 02.09 01.91 02.06 01.90 01.83 01.84 01.87 01.93 01.99 02.00 02.01 02.03 02.06 02.12 02.18 02.24 02.29 02.32 02.30 02.29 02.36 02.29 01.85 01.74 01.77 01.83 01.96 02.10 02.18 02.23
-1.00 -1.00 -1.00 -1.00 -1.00 -1.00 -1.00 -1.00 -1.00 -1.00 -1.00 -1.00 -1.00 -1.00 -1.00 -1.00 -1.00 -1.00 -1.00 01.84 02.01 01.58 01.60 01.60 01.64 01.61 01.64 01.67 01.61 01.61 01.62 01.65 01.66 01.67 01.60 01.47 01.50 01.04 01.49 01.67 01.82 02.06 02.32 02.36 02.35 02.32 02.25 02.09 01.97 01.85 01.91 01.96 01.99 02.02 02.03 02.04 02.05 02.06 02.06 02.07 02.09 02.13 02.23 02.33 02.27 02.26 01.95 01.87 01.86 01.80 01.71 01.81 01.93 02.01 02.07 02.14 02.29
-1.00 -1.00 -1.00 -1.00 -1.00 -1.00 -1.00 -1.00 -1.00 -1.00 -1.00 -1.00 -1.00 -1.00 -1.00 -1.00 -1.00 -1.00 -1.00 01.75 02.06 01.79 01.76 01.61 01.61 01.63 01.66 01.68 01.62 01.60 01.63 01.67 01.69 01.70 01.53 01.52 01.58 01.64 01.72 01.92 02.15 02.30 02.50 02.51 02.47 02.45 02.44 02.23 02.17 02.09 01.92 01.94 01.99 02.02 02.04 02.05 02.06 02.07 02.07 02.08 02.09 02.14 02.22 02.38 02.36 02.15 02.00 01.89 01.85 01.74 01.71 01.81 01.94 02.03 02.12 02.21 02.29
-1.00 -1.00 -1.00 -1.00 -1.00 -1.00 -1.00 -1.00 -1.00 -1.00 -1.00 -1.00 -1.00 -1.00 -1.00 -1.00 -1.00 -1.00 -1.00 -1.00 02.04 01.99 01.87 01.62 01.62 01.64 01.68 01.67 01.62 01.62 01.65 01.70 01.71 01.74 01.60 01.59 01.68 01.63 01.95 02.04 02.31 02.47 02.53 02.55 02.51 02.49 02.48 02.24 02.23 02.22 02.24 02.18 02.18 02.15 02.09 02.05 02.07 02.08 02.09 02.09 02.15 02.21 02.28 02.34 02.40 02.38 02.15 01.93 01.94 01.94 01.71 01.83 01.93 02.01 02.10 02.18 02.26
-1.00 -1.00 -1.00 -1.00 -1.00 -1.00 -1.00 -1.00 -1.00 -1.00 -1.00 -1.00 -1.00 -1.00 -1.00 -1.00 -1.00 -1.00 -1.00 -1.00 01.98 01.95 01.88 01.62 01.63 01.66 01.69 01.63 01.62 01.65 01.68 01.72 01.74 01.78 01.67 01.70 01.79 01.82 02.07 02.19 02.40 02.51 02.55 02.60 02.61 02.58 02.59 02.35 02.28 02.23 02.29 02.29 02.21 02.08 02.08 02.00 02.04 02.07 02.10 02.10 02.13 02.19 02.25 02.34 02.42 02.41 02.44 02.23 02.10 02.11 01.97 01.84 01.96 02.02 02.08 02.16 02.23
-1.00 -1.00 -1.00 -1.00 -1.00 -1.00 -1.00 -1.00 -1.00 -1.00 -1.00 -1.00 -1.00 -1.00 -1.00 -1.00 -1.00 -1.00 -1.00 01.94 01.82 01.72 01.74 01.63 01.64 01.67 01.71 01.63 01.64 01.66 01.74 01.76 01.81 01.81 01.73 01.79 01.86 01.95 02.29 02.46 02.54 02.58 02.61 02.63 02.66 02.60 02.56 02.51 02.37 02.37 02.36 02.34 02.16 02.09 01.98 02.07 02.10 02.15 02.19 02.22 02.23 02.27 02.32 02.37 02.38 02.41 02.42 02.36 02.31 02.29 02.22 01.91 01.97 02.04 02.09 02.15 02.23
